REGULAR_VEHICLE
-1.96875 -0.484375 -0.06270599365234375
-1.90625 -0.703125 -0.06417083740234375
-1.84375 -0.9296875 -0.06417083740234375
-1.96875 0.0390625 0.29203033447265625
-1.90625 -0.1875 0.29276275634765625
-1.96875 0.2890625 0.29080963134765625
-1.65625 -0.8359375 0.28861236572265625
-1.65625 -0.34375 -0.46456146240234375
-1.90625 0.75 -0.07442474365234375
-1.84375 0.53125 0.28641510009765625
-1.59375 -0.0859375 -0.46944427490234375
-1.59375 0.140625 -0.47042083740234375
-1.71875 0.796875 0.28202056884765625
-1.28125 -0.7734375 -0.5016708374023438
-1.21875 -0.734375 -0.47725677490234375
-0.96875 -0.9375 0.27127838134765625
-1.34375 0.9375 -0.48897552490234375
-1.21875 0.734375 -0.49190521240234375
-1.21875 0.9375 -0.5182723999023438
-1.03125 0.765625 -0.5251083374023438
0.15625 -0.6484375 0.6403427124023438
1.96875 0.734375 -0.6403427124023438
