REGULAR_VEHICLE
-0.765625 -1.984375 -0.095306396484375
-0.953125 -1.765625 -0.152435302734375
-0.859375 -1.796875 -0.097747802734375
-0.984375 -1.484375 0.605072021484375
-1.015625 -1.390625 0.248687744140625
-0.765625 -1.671875 -0.460540771484375
-1.015625 -1.359375 -0.105560302734375
-0.890625 -1.484375 -0.462493896484375
-0.921875 -1.421875 -0.162200927734375
-0.859375 -1.484375 -0.105560302734375
-0.734375 -1.546875 0.540191650390625
-1.015625 -1.234375 0.600677490234375
-0.703125 -1.515625 0.599822998046875
-1.015625 -0.921875 0.594818115234375
-0.421875 -1.546875 0.534210205078125
-0.984375 -0.890625 -0.175384521484375
-0.390625 -1.515625 0.593414306640625
-0.109375 -1.546875 0.527740478515625
-0.078125 -1.546875 0.587249755859375
-0.921875 -0.546875 0.525054931640625
-0.953125 -0.484375 0.225494384765625
-0.828125 -0.609375 0.225738525390625
-0.984375 -0.421875 -0.131927490234375
-0.828125 -0.578125 -0.131439208984375
0.171875 -1.578125 0.521514892578125
-0.984375 -0.296875 -0.191986083984375
-0.953125 -0.296875 0.521270751953125
0.203125 -1.546875 0.580841064453125
-0.984375 -0.015625 0.515777587890625
-0.765625 -0.234375 -0.505462646484375
0.484375 -1.578125 0.515289306640625
0.515625 -1.546875 0.574371337890625
-0.890625 0.078125 -0.203704833984375
-0.953125 0.328125 -0.209564208984375
0.796875 -1.578125 0.508819580078125
0.859375 -1.546875 0.567047119140625
-0.671875 0.171875 -0.156829833984375
-0.953125 0.609375 -0.217376708984375
-0.953125 0.921875 -0.226165771484375
0.328125 0.046875 -0.239349365234375
-0.796875 1.890625 -0.573822021484375
1.078125 0.765625 0.458526611328125
1.078125 0.859375 0.142974853515625
1.078125 1.078125 0.452545166015625
