REGULAR_VEHICLE
0.015625 0.372314453125 0.2581787109375
1.109375 0.082275390625 0.2103271484375
-0.828125 -0.188018798828125 0.6795654296875
-0.828125 0.017578125 0.6805419921875
0.203125 0.233642578125 0.2679443359375
-0.375 -0.707763671875 0.4637451171875
1.078125 0.639892578125 0.1016845703125
0.828125 -0.801025390625 0.1922607421875
-1.0 0.18896484375 0.4403076171875
0.015625 0.505615234375 0.2586669921875
0.921875 0.705810546875 -0.7047119140625
1.1796875 -0.4979248046875 -0.6761474609375
1.421875 -0.4208984375 -0.3940582275390625
1.2578125 0.442626953125 0.1141357421875
1.21875 -0.1212158203125 0.0064697265625
-0.3125 -0.55322265625 0.5804443359375
-0.890625 -0.861083984375 0.3255615234375
1.4296875 -0.422607421875 -0.186279296875
1.1015625 -0.4149169921875 0.2093505859375
1.140625 -0.3231201171875 -0.268798828125
-0.03125 -0.828369140625 0.2542724609375
-0.9375 0.2294921875 0.6776123046875
1.4296875 0.315185546875 -0.39308929443359375
0.078125 0.436279296875 0.2620849609375
1.1015625 -0.0372314453125 0.2103271484375
1.25 0.253662109375 0.0089111328125
1.3828125 -0.0540771484375 -0.1895751953125
-0.28125 0.922607421875 0.2425537109375
1.3984375 -0.4896240234375 0.1219482421875
-0.8125 -0.1148681640625 0.6805419921875
1.046875 -0.2616729736328125 -0.27691650390625
-1.359375 0.422119140625 0.7010498046875
0.078125 0.436279296875 0.2620849609375
-0.109375 0.716064453125 0.2523193359375
1.1640625 -0.37249755859375 -0.6771240234375
1.03125 0.765380859375 0.0994873046875
1.375 0.374267578125 0.0179443359375
0.921875 0.705810546875 -0.7047119140625
1.2265625 -0.862548828125 -0.2044677734375
0.921875 0.705810546875 -0.7047119140625
1.015625 -0.875244140625 0.0955810546875
0.203125 -0.03125 0.2684326171875
-1.0625 0.188232421875 0.3201904296875
0.25 0.0341796875 0.2703857421875
1.3046875 -0.55322265625 0.1156005859375
1.4453125 -0.546142578125 -0.1851806640625
1.0 -0.811767578125 0.0958251953125
1.1796875 -0.4979248046875 -0.6761474609375
1.3984375 -0.4896240234375 0.1219482421875
-0.609375 -0.626708984375 0.5697021484375
1.46875 -0.607421875 -0.1837158203125
1.3828125 0.503173828125 -0.397857666015625
0.84375 0.840576171875 0.0867919921875
1.25 0.701416015625 -0.2008056640625
-1.0 0.18896484375 0.4403076171875
-1.21875 0.049560546875 0.3123779296875
0.078125 0.436279296875 0.2620849609375
1.0 0.06689453125 -0.6944580078125
1.03125 -0.1236572265625 -0.6907958984375
1.296875 0.314697265625 0.0125732421875
0.109375 -0.69140625 0.2615966796875
0.953125 0.322021484375 -0.6995849609375
-1.109375 0.274658203125 0.7069091796875
1.03125 -0.1236572265625 -0.6907958984375
-0.359375 0.859130859375 0.2386474609375
1.03125 0.698974609375 0.0992431640625
0.015625 0.505615234375 0.2586669921875
1.2109375 0.205810546875 0.2166748046875
1.3046875 -0.303955078125 0.1160888671875
-1.21875 0.049560546875 0.3123779296875
1.28125 -0.796142578125 -0.4086456298828125
-1.34375 -0.0201416015625 0.3070068359375
1.09375 -0.07666015625 -0.27294921875
0.0625 -0.759521484375 0.2586669921875
-0.125 -0.770751953125 0.3612060546875
1.4296875 -0.422607421875 -0.186279296875
-1.109375 0.134033203125 0.5540771484375
1.2734375 -0.297698974609375 -0.4078826904296875
1.1015625 -0.16314697265625 0.2098388671875
1.078125 0.637451171875 -0.0028076171875
0.828125 -0.733642578125 0.1927490234375
-1.109375 0.274658203125 0.7069091796875
1.078125 -0.684814453125 -0.0047607421875
0.21875 0.100830078125 0.2689208984375
-0.046875 -0.299530029296875 0.3665771484375
-0.875 -0.32763671875 0.6776123046875
1.078125 -0.748046875 -0.0050048828125
1.3203125 -0.23537445068359375 -0.4032745361328125
1.046875 -0.2616729736328125 -0.27691650390625
1.1015625 -0.4779052734375 0.2093505859375
1.3671875 -0.36114501953125 -0.191650390625
1.46875 -0.607421875 -0.1837158203125
1.21875 -0.49365234375 0.0059814453125
-0.34375 0.104736328125 0.3529052734375
0.15625 -0.6240234375 0.2645263671875
1.1015625 -0.16314697265625 0.2098388671875
1.4453125 -0.3590087890625 -0.39168548583984375
1.4453125 -0.3590087890625 -0.39168548583984375
1.09375 -0.0118408203125 -0.27325439453125
0.1875 -0.557373046875 0.2659912109375
0.15625 0.301025390625 0.2664794921875
1.2109375 0.205810546875 0.2166748046875
1.2109375 0.205810546875 0.2166748046875
-0.484375 0.533935546875 0.5760498046875
1.109375 0.271240234375 0.2108154296875
-1.0 0.18896484375 0.4403076171875
1.390625 0.564697265625 -0.39734649658203125
-0.109375 0.645263671875 0.2523193359375
-0.828125 -0.188018798828125 0.6795654296875
1.15625 -0.6865234375 -0.6793212890625
-0.34375 0.104736328125 0.3529052734375
1.2265625 0.066650390625 0.0072021484375
0.25 -0.42431640625 0.2694091796875
0.921875 0.641357421875 -0.7034912109375
1.125 -0.309844970703125 -0.6812744140625
1.2734375 -0.3056640625 0.0101318359375
1.09375 0.0498046875 -0.27325439453125
0.9375 0.577392578125 -0.7022705078125
-0.3125 -0.55322265625 0.5804443359375
1.3203125 -0.73486328125 -0.196044921875
0.953125 0.322021484375 -0.6995849609375
1.390625 -0.545166015625 -0.39731597900390625
1.2734375 -0.297698974609375 -0.4078826904296875
1.296875 0.314697265625 0.0125732421875
1.125 -0.557861328125 -0.0006103515625
-0.484375 0.533935546875 0.5760498046875
1.09375 -0.07666015625 -0.27294921875
0.90625 -0.607666015625 0.1971435546875
1.3671875 -0.67626953125 0.1195068359375
-1.109375 0.274658203125 0.7069091796875
1.234375 0.505126953125 0.0076904296875
0.234375 -0.16033935546875 0.2698974609375
1.4140625 0.503173828125 -0.1873779296875
1.078125 0.11181640625 -0.27386474609375
1.09375 -0.0118408203125 -0.27325439453125
1.375 0.374267578125 0.0179443359375
1.0625 0.762451171875 -0.0042724609375
1.203125 -0.058349609375 0.0057373046875
1.015625 -0.875244140625 0.0955810546875
1.078125 -0.748046875 -0.0050048828125
1.1015625 -0.4149169921875 0.2093505859375
1.4609375 0.377685546875 -0.18310546875
1.21875 -0.17755126953125 0.0067138671875
-1.4375 0.491455078125 0.6990966796875
1.2734375 -0.3056640625 0.0101318359375
-0.921875 0.158935546875 0.6776123046875
1.109375 0.082275390625 0.2103271484375
1.2109375 0.205810546875 0.2166748046875
1.015625 0.464111328125 0.2054443359375
0.953125 0.322021484375 -0.6995849609375
0.25 -0.42431640625 0.2694091796875
0.265625 -0.22637939453125 0.2713623046875
1.140625 -0.620361328125 0.0001220703125
0.171875 0.22802734375 0.3768310546875
-0.21875 0.509033203125 0.3592529296875
1.390625 -0.545166015625 -0.39731597900390625
-0.046875 -0.299530029296875 0.3665771484375
0.828125 -0.673095703125 0.1927490234375
1.2734375 -0.3056640625 0.0101318359375
-0.203125 0.843505859375 0.3597412109375
-1.1875 0.377685546875 0.6707763671875
-0.546875 0.604736328125 0.5745849609375
0.953125 0.385498046875 -0.6993408203125
1.3828125 0.503173828125 -0.397857666015625
0.25 -0.29229736328125 0.2703857421875
1.34375 0.195068359375 -0.192626953125
-0.359375 0.583740234375 0.4671630859375
-0.359375 0.583740234375 0.4671630859375
-0.203125 0.788818359375 0.2474365234375
1.3046875 -0.55322265625 0.1156005859375
0.25 -0.42431640625 0.2694091796875
1.1171875 -0.809814453125 -0.0023193359375
-0.34375 0.104736328125 0.3529052734375
0.015625 0.505615234375 0.2586669921875
-0.375 -0.707763671875 0.4637451171875
-0.109375 0.645263671875 0.2523193359375
-1.4375 0.491455078125 0.6990966796875
1.109375 0.082275390625 0.2103271484375
1.140625 -0.3231201171875 -0.268798828125
1.421875 0.255126953125 -0.1866455078125
-0.234375 0.912841796875 0.3587646484375
-1.078125 0.066162109375 0.7078857421875
0.9375 0.577392578125 -0.7022705078125
1.203125 0.00439453125 0.0057373046875
-1.078125 -0.5400390625 0.6717529296875
-1.0625 0.188232421875 0.3201904296875
1.40625 0.440185546875 -0.3957672119140625
-1.046875 0.203369140625 0.5565185546875
1.3671875 -0.67626953125 0.1195068359375
-0.609375 -0.626708984375 0.5697021484375
1.2734375 -0.3056640625 0.0101318359375
-0.359375 0.859130859375 0.2386474609375
1.1015625 -0.16314697265625 0.2098388671875
1.3828125 0.132080078125 -0.1898193359375
-0.828125 0.017578125 0.6805419921875
1.1171875 -0.809814453125 -0.0023193359375
1.09375 -0.0118408203125 -0.27325439453125
1.140625 -0.620361328125 0.0001220703125
1.1484375 -0.28900146484375 0.2122802734375
-0.828125 0.017578125 0.6805419921875
