REGULAR_VEHICLE
-0.796875 -0.5546875 -0.4576416015625
-0.703125 -0.6640625 -0.4586181640625
-0.640625 -0.6171875 -0.2017822265625
-0.546875 -0.7265625 -0.4644775390625
-0.828125 -0.3515625 -0.4664306640625
-0.796875 -0.3671875 0.0023193359375
-0.703125 -0.4765625 0.0023193359375
-0.578125 -0.6015625 0.0555419921875
-0.765625 -0.3515625 0.0555419921875
-0.484375 -0.6796875 -0.2066650390625
-0.765625 -0.3046875 -0.2086181640625
-0.546875 -0.5546875 -0.0015869140625
-0.828125 -0.1796875 -0.0045166015625
-0.359375 -0.7734375 -0.4722900390625
-0.828125 -0.1640625 -0.4732666015625
-0.796875 -0.1796875 0.0501708984375
-0.390625 -0.6484375 0.0501708984375
-0.796875 -0.1328125 -0.2135009765625
-0.296875 -0.7421875 -0.2135009765625
-0.359375 -0.6015625 -0.0093994140625
-0.828125 0.0078125 0.0438232421875
-0.828125 0.0078125 -0.0103759765625
-0.203125 -0.6953125 0.0428466796875
-0.796875 0.0703125 -0.4859619140625
-0.796875 0.0859375 -0.2232666015625
-0.828125 0.2265625 -0.0181884765625
-0.796875 0.2421875 0.0340576171875
0.015625 -0.7265625 0.0340576171875
-0.796875 0.2734375 -0.4957275390625
-0.765625 0.3046875 -0.2330322265625
-0.796875 0.4609375 -0.0289306640625
0.234375 -0.7578125 0.0257568359375
-0.765625 0.4765625 0.0238037109375
-0.765625 0.7109375 -0.0406494140625
-0.703125 0.7421875 0.0106201171875
-0.734375 0.7578125 -0.5201416015625
0.328125 -0.4765625 0.2786865234375
-0.703125 0.7734375 -0.2554931640625
0.453125 -0.5703125 0.2762451171875
0.828125 -0.2421875 0.5201416015625
0.828125 -0.0390625 0.5152587890625
