REGULAR_VEHICLE
1.5703125 -0.6953125 -0.4404296875
1.3984375 -0.8984375 -0.646484375
1.6484375 -0.5859375 -0.4404296875
1.3515625 -0.9765625 -0.4404296875
1.4921875 -0.7890625 -0.4404296875
1.6171875 -0.6328125 -0.3486328125
1.4609375 -0.8359375 -0.34765625
1.5390625 -0.7265625 -0.34765625
1.3671875 -0.9296875 -0.34765625
1.2890625 -1.0078125 -0.5546875
1.4453125 -0.7890625 -0.646484375
1.6953125 -0.4765625 -0.4404296875
1.6640625 -0.5234375 -0.3486328125
1.5234375 -0.6796875 -0.646484375
1.2890625 -0.9765625 -0.646484375
1.8046875 -0.3203125 -0.3486328125
1.5859375 -0.5703125 -0.646484375
1.2734375 -1.0078125 -0.3466796875
1.2265625 -1.0546875 -0.439453125
1.6484375 -0.4765625 -0.646484375
1.7421875 -0.3671875 -0.4404296875
1.7109375 -0.4140625 -0.3486328125
1.5078125 -0.6953125 -0.1396484375
1.3359375 -0.8828125 -0.5556640625
1.4296875 -0.7890625 -0.1396484375
1.5546875 -0.5859375 -0.5556640625
1.8046875 -0.2578125 -0.4404296875
1.8515625 -0.1953125 -0.3486328125
1.6171875 -0.4765625 -0.5556640625
1.3515625 -0.8359375 -0.2314453125
1.1640625 -1.0703125 -0.3466796875
1.5546875 -0.5703125 -0.1396484375
1.3671875 -0.7578125 -0.5556640625
1.1484375 -1.0234375 -0.6455078125
1.4296875 -0.6484375 -0.5556640625
1.6015625 -0.4609375 -0.1396484375
1.3828125 -0.7265625 -0.2314453125
1.8046875 -0.1484375 -0.556640625
1.8359375 -0.1171875 -0.4404296875
1.4609375 -0.6171875 -0.2314453125
1.7265625 -0.2421875 -0.556640625
1.6484375 -0.3359375 -0.5556640625
1.2265625 -0.9140625 -0.2314453125
1.6015625 -0.4140625 -0.2314453125
1.5234375 -0.5078125 -0.2314453125
1.6328125 -0.3203125 -0.646484375
1.7109375 -0.2109375 -0.646484375
1.0546875 -1.0859375 -0.4384765625
1.6484375 -0.3046875 -0.2314453125
1.1171875 -0.9921875 -0.2314453125
1.8359375 -0.0234375 -0.3486328125
1.6796875 -0.2265625 -0.1396484375
1.6015625 -0.3203125 -0.1376953125
1.7421875 -0.0859375 -0.646484375
0.9765625 -1.1015625 -0.3447265625
0.9765625 -1.0546875 -0.6455078125
1.6796875 -0.1640625 -0.2314453125
1.8203125 0.0546875 -0.439453125
0.8671875 -1.1328125 -0.6455078125
1.7265625 -0.0390625 -0.2314453125
0.8359375 -1.1484375 -0.5537109375
1.8203125 0.1328125 -0.34765625
1.7421875 0.0703125 -0.646484375
1.8046875 0.1796875 -0.646484375
1.6640625 -0.0390625 -0.1376953125
1.7109375 0.0703125 -0.556640625
0.9140625 -0.9921875 -0.2275390625
0.9609375 -0.9140625 -0.1337890625
1.7578125 0.1953125 -0.556640625
0.7734375 -1.1015625 -0.1337890625
1.7578125 0.2421875 -0.4384765625
0.9921875 -0.7734375 0.0693359375
0.7421875 -1.0234375 -0.4365234375
1.1171875 -0.5703125 0.0693359375
1.3359375 -0.2734375 0.0693359375
1.2734375 -0.3515625 0.0693359375
1.0234375 -0.6640625 0.0693359375
1.1796875 -0.4453125 0.0693359375
0.8515625 -0.8515625 0.0712890625
0.7109375 -1.0078125 -0.2255859375
1.6796875 0.3203125 -0.2275390625
1.6484375 0.2734375 -0.1357421875
1.4921875 0.0859375 0.0693359375
1.0703125 -0.3828125 -0.0263671875
1.3046875 -0.0859375 0.0712890625
1.3828125 0.0234375 0.0712890625
0.6640625 -0.8671875 0.0732421875
0.5234375 -0.9453125 -0.765625
1.6640625 0.5703125 -0.7685546875
0.6953125 -0.7421875 -0.0244140625
0.7734375 -0.6171875 -0.0244140625
1.4609375 0.2734375 0.0712890625
1.5546875 0.4765625 -0.7685546875
0.5546875 -0.8203125 -0.765625
1.2109375 -0.0078125 -0.0244140625
1.0390625 -0.2109375 -0.0244140625
1.4609375 0.3984375 -0.7685546875
0.8828125 -0.3984375 -0.0224609375
0.8046875 -0.4921875 -0.0224609375
1.3359375 0.2109375 -0.0244140625
1.3515625 0.3203125 -0.7685546875
1.0859375 -0.0703125 -0.0224609375
1.2421875 0.1328125 -0.0224609375
0.4296875 -0.8828125 -0.3408203125
1.2421875 0.2421875 -0.7685546875
1.1640625 0.1484375 -0.767578125
1.3515625 0.3359375 -0.0224609375
1.0703125 0.0546875 -0.767578125
0.9765625 -0.0390625 -0.767578125
0.8828125 -0.1171875 -0.767578125
0.3828125 -0.8203125 -0.0185546875
0.4609375 -0.7109375 -0.0185546875
0.7890625 -0.1953125 -0.767578125
0.6953125 -0.3046875 -0.767578125
0.3671875 -0.8046875 0.0791015625
0.5703125 -0.3828125 -0.767578125
0.4921875 -0.4609375 -0.767578125
0.3828125 -0.5546875 -0.767578125
-0.0390625 -0.5859375 0.2041015625
0.2890625 0.0234375 0.3056640625
-0.0546875 -0.3515625 0.3076171875
0.8203125 0.8515625 0.2080078125
-0.3203125 -0.4453125 -0.42578125
-0.2421875 -0.3828125 0.3115234375
0.1328125 0.1171875 0.5283203125
0.2109375 0.2421875 0.5283203125
0.5703125 0.7890625 0.4287109375
0.5546875 0.7890625 0.3095703125
0.5546875 0.8828125 0.2138671875
-0.2109375 -0.1015625 0.5322265625
-0.5234375 -0.3828125 0.0986328125
0.0390625 0.3671875 0.7548828125
0.1796875 0.5859375 0.7529296875
-0.6484375 -0.2734375 0.0048828125
-0.1328125 0.3359375 0.7587890625
-0.3515625 0.1640625 0.7626953125
-0.2734375 0.2734375 0.7607421875
-0.0546875 0.6015625 0.7607421875
0.1015625 0.9453125 0.5419921875
-0.5390625 0.1484375 0.7685546875
-0.1015625 0.7734375 0.5439453125
-0.2265625 0.7265625 0.3251953125
-0.0859375 0.9296875 0.3251953125
-0.4140625 0.6171875 0.2294921875
-0.6328125 0.3515625 0.3291015625
-0.2578125 0.8984375 0.3291015625
-0.1328125 1.1484375 0.3291015625
-0.7109375 0.3671875 0.6748046875
-1.3203125 0.1796875 0.3427734375
-1.6953125 0.3984375 -0.5478515625
-1.7734375 0.4453125 -0.3193359375
-1.8515625 0.3984375 -0.6376953125
-1.7734375 0.5078125 -0.6376953125
