REGULAR_VEHICLE
-0.703125 -0.609375 -0.3759765625
-0.765625 -0.46875 -0.3779296875
-0.546875 -0.671875 -0.380859375
-0.578125 -0.5 -0.115234375
-0.640625 -0.390625 0.1533203125
-0.359375 -0.734375 -0.3876953125
-0.515625 -0.5 0.15234375
-0.703125 -0.234375 0.1494140625
-0.390625 -0.578125 0.1494140625
-0.765625 -0.078125 0.091796875
-0.765625 -0.046875 0.14453125
-0.203125 -0.671875 0.1455078125
-0.421875 -0.421875 0.0908203125
-0.546875 -0.265625 0.0888671875
-0.640625 -0.15625 0.0888671875
-0.046875 -0.703125 -0.130859375
-0.671875 0.046875 -0.1337890625
-0.765625 0.171875 0.13671875
-0.203125 -0.421875 0.0810546875
-0.734375 0.203125 0.0791015625
-0.078125 -0.515625 0.0791015625
0.046875 -0.640625 0.1328125
-0.765625 0.390625 0.126953125
0.171875 -0.5 0.068359375
-0.765625 0.640625 0.0625
0.203125 -0.265625 0.3876953125
-0.578125 0.609375 -0.162109375
-0.640625 0.734375 0.1083984375
0.421875 -0.328125 0.38232421875
0.546875 -0.453125 0.38134765625
0.265625 -0.03125 0.37744140625
0.765625 -0.4375 0.3720703125
0.296875 0.234375 0.3671875
0.296875 0.453125 0.35888671875
