REGULAR_VEHICLE
-0.671875 -1.828125 -0.1005859375
-0.765625 -1.609375 -0.10546875
-0.734375 -1.484375 0.20166015625
-0.734375 -1.265625 0.25146484375
-0.703125 -1.171875 -0.1220703125
-0.609375 -0.796875 -0.1376953125
-0.765625 -0.640625 -0.509765625
-0.546875 -0.703125 0.22998046875
-0.734375 -0.484375 0.171875
-0.640625 -0.484375 0.2265625
-0.640625 -0.453125 -0.1484375
-0.734375 -0.265625 -0.5244140625
-0.671875 -0.171875 0.2177734375
-0.703125 -0.109375 0.16064453125
-0.609375 -0.109375 -0.1611328125
-0.765625 0.046875 -0.537109375
-0.640625 0.203125 0.20556640625
-0.703125 0.265625 0.14892578125
-0.578125 0.296875 -0.17578125
-0.609375 0.578125 0.193359375
-0.640625 0.640625 0.13671875
-0.546875 0.640625 -0.189453125
-0.609375 1.015625 0.1240234375
-0.546875 0.984375 0.17919921875
-0.578125 1.421875 0.1103515625
0.671875 0.609375 0.537109375
-0.515625 1.828125 0.09765625
0.671875 0.953125 0.5283203125
0.765625 1.390625 0.51416015625
0.765625 1.734375 0.50537109375
