REGULAR_VEHICLE
-1.90625 -0.3828125 -0.245361328125
-1.9375 -0.2578125 0.0465087890625
-1.90625 -0.203125 -0.247314453125
-1.8125 -0.53125 -0.2470703125
-1.53125 -0.6484375 -0.257080078125
-1.46875 -0.4375 0.27410888671875
-1.46875 -0.2578125 0.27264404296875
-1.5 -0.09375 0.2718505859375
-1.34375 -0.5859375 0.27239990234375
-1.40625 0.1171875 0.26715087890625
-1.1875 -0.53125 -0.3212890625
-1.0 -0.671875 0.26361083984375
-0.90625 -0.640625 -0.281494140625
-0.84375 -0.6171875 -0.333984375
-0.875 -0.390625 0.3116455078125
-0.875 -0.2734375 -0.33642578125
-0.8125 -0.0546875 -0.34228515625
-0.65625 -0.5078125 0.3062744140625
-0.6875 -0.3671875 0.552001953125
-0.5 -0.5703125 0.6044921875
-0.5 -0.390625 0.60400390625
-0.59375 -0.0078125 -0.603515625
-0.53125 -0.171875 -0.6044921875
-0.375 -0.703125 -0.301025390625
-0.65625 0.5078125 0.60107421875
-0.625 0.703125 0.5986328125
-0.21875 -0.6484375 0.24188232421875
-0.375 0.234375 -0.3623046875
0.0 -0.5234375 0.288330078125
0.0 -0.375 0.537109375
0.0625 -0.609375 0.592529296875
0.5625 -0.6875 -0.032470703125
0.71875 -0.3671875 0.521484375
0.78125 -0.546875 0.214141845703125
0.875 -0.4765625 0.26361083984375
1.125 -0.46875 -0.36328125
1.59375 -0.3359375 -0.43115234375
1.65625 -0.5234375 -0.38330078125
1.71875 -0.5078125 -0.4326171875
1.75 -0.484375 0.1876983642578125
1.9375 -0.5078125 -0.08056640625
