REGULAR_VEHICLE
-0.8203125 -0.484375 -0.467529296875
-0.9296875 -0.390625 -0.467529296875
-0.7734375 -0.453125 -0.222412109375
-0.8984375 -0.359375 -0.223388671875
-0.6640625 -0.515625 -0.471435546875
-0.8515625 -0.328125 0.024658203125
-0.6328125 -0.484375 -0.226318359375
-0.7265625 -0.390625 0.022705078125
-0.9453125 -0.203125 0.021728515625
-0.4921875 -0.515625 -0.477294921875
-0.4609375 -0.515625 -0.231201171875
-0.5546875 -0.421875 0.019287109375
-0.3359375 -0.578125 -0.481201171875
-0.3046875 -0.546875 -0.235107421875
-0.3984375 -0.453125 0.014892578125
-0.9765625 0.015625 0.010986328125
-0.2421875 -0.484375 0.010986328125
-0.9609375 0.328125 -0.003662109375
-0.8359375 0.265625 -0.258544921875
-0.1796875 -0.140625 0.245849609375
0.1015625 -0.265625 0.241943359375
0.2421875 -0.328125 0.240478515625
-0.9609375 0.578125 -0.015869140625
0.3828125 -0.109375 0.480712890625
0.5078125 -0.203125 0.481201171875
0.6484375 -0.296875 0.480224609375
0.1796875 0.078125 0.224853515625
0.8046875 -0.328125 0.476806640625
0.3203125 0.078125 0.4755859375
0.9765625 -0.328125 0.47265625
-0.1015625 0.484375 0.215576171875
0.3203125 0.296875 0.466552734375
0.2890625 0.546875 0.4580078125
