REGULAR_VEHICLE
-1.7734375 -0.1484375 0.0660400390625
-1.5546875 -0.4453125 -0.470947265625
-1.6015625 -0.3359375 -0.0683746337890625
-1.5078125 -0.4140625 -0.0705718994140625
-1.4921875 -0.4296875 -0.2725830078125
-1.4921875 -0.3984375 -0.5390625
-1.5390625 -0.2890625 0.0611572265625
-1.5703125 -0.1796875 0.1297607421875
-1.3828125 -0.4765625 -0.0744171142578125
-1.3828125 -0.4765625 -0.6806640625
-1.3203125 -0.4765625 -0.278564453125
-1.3828125 -0.3515625 0.0570068359375
-1.3203125 -0.4609375 -0.482421875
-1.3203125 -0.3203125 0.123291015625
-1.1953125 -0.5234375 -0.0801239013671875
-1.1953125 -0.4921875 -0.68994140625
-1.1640625 -0.5234375 -0.284423828125
-1.2265625 -0.3984375 0.052978515625
-1.2265625 -0.3984375 -0.5517578125
-1.1640625 -0.5078125 -0.489990234375
-1.1640625 -0.3828125 0.119384765625
-1.1015625 -0.4609375 -0.556884765625
-1.0390625 -0.5703125 -0.08583831787109375
-0.9765625 -0.5546875 -0.2923583984375
-0.9765625 -0.5390625 -0.49853515625
-1.0078125 -0.4140625 0.114013671875
-1.0703125 -0.2109375 0.316162109375
-0.8515625 -0.6171875 -0.09228897094726562
-0.9140625 -0.4921875 0.043701171875
-1.1640625 0.0234375 0.314453125
-0.8203125 -0.6015625 -0.2989501953125
-0.8203125 -0.5703125 -0.70849609375
-1.0703125 -0.0546875 0.31298828125
-0.7890625 -0.5859375 -0.505859375
-0.7578125 -0.5546875 0.039306640625
-0.7578125 -0.5546875 -0.5712890625
-0.6953125 -0.6640625 -0.09818148612976074
-0.8203125 -0.3515625 0.31103515625
-0.6640625 -0.6328125 -0.716796875
-0.7578125 -0.4296875 0.105712890625
-0.6328125 -0.6484375 -0.3055419921875
-1.0703125 0.2265625 0.308349609375
-1.1015625 0.3359375 0.30712890625
-0.6015625 -0.6171875 -0.51416015625
-0.5703125 -0.5859375 -0.579345703125
-0.5078125 -0.6953125 -0.10482025146484375
-0.5390625 -0.6015625 0.101806640625
-0.4765625 -0.6640625 -0.7255859375
-0.4453125 -0.6953125 -0.3134765625
-0.4453125 -0.6640625 -0.52197265625
-0.4765625 -0.5390625 0.029541015625
-0.4140625 -0.6328125 -0.586181640625
-0.3203125 -0.7421875 -0.11126708984375
-0.3828125 -0.6171875 0.0274658203125
-0.9765625 0.5546875 0.29931640625
-0.2578125 -0.7265625 -0.3209228515625
-0.1640625 -0.7890625 -0.59423828125
-0.1328125 -0.7890625 -0.1180877685546875
-0.2265625 -0.5703125 0.0897216796875
-0.0703125 -0.8671875 -0.7431640625
-0.8828125 0.7890625 0.42578125
-0.1640625 -0.5546875 0.2939453125
-0.9140625 0.9140625 0.42431640625
-0.1328125 -0.3984375 0.290283203125
-0.8515625 0.9609375 0.63037109375
0.0859375 -0.8203125 -0.1254730224609375
-0.7578125 0.8203125 0.70654296875
-0.7890625 0.8984375 0.4970703125
0.1171875 -0.8046875 -0.546142578125
-0.7578125 1.0234375 0.8349609375
-0.6953125 0.9140625 0.83544921875
-0.8203125 1.1484375 0.626953125
0.1796875 -0.7421875 -0.6123046875
-0.6640625 0.9296875 0.626953125
0.3046875 -0.8515625 -0.344482421875
0.3046875 -0.8203125 -0.76513671875
-0.5390625 0.8515625 0.41650390625
-0.4765625 0.7421875 0.4169921875
0.3359375 -0.8359375 -0.556396484375
0.3671875 -0.7890625 -0.6201171875
0.5234375 -0.8984375 -0.353271484375
0.5234375 -0.8828125 -0.565673828125
0.5234375 -0.8671875 -0.7763671875
0.4296875 -0.6328125 0.0672607421875
0.4921875 -0.7109375 -0.00079345703125
0.5546875 -0.8359375 -0.62890625
0.5234375 -0.7421875 0.0662841796875
0.7109375 -0.9296875 -0.361572265625
0.7109375 -0.8984375 -0.78515625
0.7421875 -0.9140625 -0.5751953125
0.7421875 -0.8671875 -0.63818359375
0.8984375 -0.9921875 -0.369873046875
0.8984375 -0.9453125 -0.79443359375
0.9296875 -0.9609375 -0.584228515625
0.9296875 -0.9296875 -0.6455078125
1.5546875 -1.1015625 -0.396484375
1.5546875 -1.0390625 -0.6748046875
1.5859375 -1.0703125 -0.6162109375
1.6796875 -1.1328125 -0.83544921875
1.7421875 -1.1484375 -0.40478515625
1.7421875 -1.0859375 -0.6826171875
1.7734375 -1.1171875 -0.62353515625
