REGULAR_VEHICLE
-0.9140625 -0.5859375 -0.0701904296875
-0.8203125 -0.6484375 -0.0711669921875
-0.6640625 -0.6796875 -0.0755615234375
-0.5390625 -0.7265625 -0.0780029296875
-0.6328125 -0.6171875 0.1298828125
-0.6796875 -0.4921875 0.1268310546875
-0.4921875 -0.6640625 0.126739501953125
-0.6953125 -0.3046875 0.121002197265625
-0.3203125 -0.6484375 0.121002197265625
-0.6796875 -0.1171875 0.113861083984375
0.1640625 -0.7265625 -0.103515625
-0.6484375 0.1015625 0.10577392578125
0.1640625 -0.6953125 0.107177734375
0.2890625 -0.7578125 0.10498046875
0.3046875 -0.7578125 -0.107421875
-0.6328125 0.3046875 0.097900390625
-0.6015625 0.5234375 0.08905029296875
-0.6328125 0.6640625 -0.12939453125
-0.7265625 0.7578125 -0.1298828125
0.8984375 -0.6640625 0.0821533203125
0.8515625 0.1953125 0.05450439453125
0.9140625 0.4609375 0.0435791015625
