REGULAR_VEHICLE
-1.9375 -0.49609375 -0.32232666015625
-1.96875 0.287109375 -0.0068359375
-1.90625 0.1015625 -0.0078125
-1.90625 0.48046875 -0.0087890625
-1.9375 1.013671875 -0.3274383544921875
-1.875 0.673828125 -0.010009765625
-1.71875 -1.013671875 -0.60986328125
-1.71875 -0.078125 -0.010986328125
-1.6875 -0.265625 -0.01123046875
-1.71875 0.869140625 -0.014404296875
-1.53125 0.08203125 -0.2979736328125
-1.5 -0.302734375 -0.29779052734375
-1.53125 0.2734375 -0.298187255859375
-1.5 -0.1171875 -0.298675537109375
-1.40625 -0.8046875 -0.62158203125
-1.46875 0.4609375 -0.30047607421875
-1.375 -0.48828125 -0.300811767578125
-1.40625 0.171875 0.0205078125
-1.375 -0.009765625 0.020263671875
-1.34375 -0.201171875 0.020263671875
-1.28125 -0.380859375 0.01904296875
-1.25 0.38671875 0.0166015625
-1.25 0.580078125 0.0166015625
-1.15625 -0.568359375 0.0166015625
-1.1875 0.861328125 -0.309814453125
-0.96875 -0.591796875 -0.63623046875
-0.9375 -0.4140625 -0.027587890625
-0.96875 0.966796875 -0.64111328125
0.0 0.607421875 0.2763671875
0.5 -0.021484375 0.64111328125
1.03125 0.28125 0.26025390625
1.3125 0.501953125 0.2548828125
1.46875 -0.482421875 -0.080810546875
