REGULAR_VEHICLE
-0.5546875 -1.796875 -0.51416015625
-0.4140625 -1.765625 -0.12451171875
-0.515625 -1.703125 -0.12646484375
-0.6171875 -1.640625 -0.12939453125
-0.6171875 -1.625 -0.23681640625
-0.671875 -1.421875 -0.14404296875
-0.6484375 -1.359375 -0.25732421875
-0.609375 -1.265625 -0.56005859375
-0.7109375 -1.203125 -0.16064453125
-0.65625 -1.015625 -0.28271484375
-0.7109375 -0.859375 -0.18701171875
-0.6875 -0.734375 -0.30615234375
-0.4765625 -0.546875 0.19384765625
-0.6640625 -0.296875 0.181640625
-0.6640625 -0.296875 -0.34130859375
0.3984375 -0.671875 0.1796875
-0.4921875 -0.234375 0.1728515625
-0.4296875 -0.078125 0.3681640625
-0.3359375 -0.015625 0.458984375
0.015625 -0.140625 0.45947265625
-0.65625 0.140625 -0.37548828125
-0.4296875 0.078125 0.455078125
-0.1875 -0.015625 0.455078125
-0.0625 -0.015625 0.45361328125
-0.2109375 0.140625 0.56005859375
0.0234375 0.046875 0.56005859375
-0.09375 0.109375 0.56005859375
-0.5703125 0.328125 0.1376953125
0.28125 0.015625 0.556396484375
-0.4609375 0.328125 0.44091796875
0.1640625 0.078125 0.55615234375
0.3984375 -0.015625 0.55615234375
0.5078125 -0.046875 0.55615234375
-0.28125 0.328125 0.5517578125
0.6875 0.015625 0.54833984375
-0.6484375 0.546875 -0.40771484375
-0.328125 0.578125 0.539306640625
0.0390625 0.484375 0.1123046875
-0.3828125 0.796875 0.528564453125
0.5859375 0.515625 0.09765625
0.7109375 0.484375 0.095703125
0.484375 0.609375 0.09375
-0.59375 1.078125 -0.45166015625
-0.65625 1.203125 -0.34716796875
-0.625 1.421875 -0.47705078125
-0.640625 1.796875 -0.50732421875
