REGULAR_VEHICLE
-0.4375 -1.734375 -0.2513427734375
-0.53125 -1.609375 -0.2532958984375
-0.625 -1.484375 -0.2542724609375
-0.28125 -1.828125 -0.2542724609375
-0.6875 -1.296875 -0.2572021484375
-0.09375 -1.890625 -0.2576904296875
-0.75 -1.109375 -0.2625732421875
0.125 -1.921875 -0.2635498046875
-0.78125 -0.921875 -0.2674560546875
-0.75 -0.890625 -0.0736083984375
-0.625 -1.015625 -0.0733642578125
-0.46875 -1.078125 -0.0762939453125
-0.78125 -0.703125 -0.0794677734375
-0.3125 -1.171875 -0.0780029296875
-0.84375 -0.515625 -0.0828857421875
-0.125 -1.234375 -0.0814208984375
0.0625 -1.296875 -0.0841064453125
-0.875 -0.265625 0.0001220703125
-0.75 -0.390625 -0.0001220703125
0.25 -1.328125 -0.0892333984375
-0.5625 -0.453125 -0.0037841796875
0.5 -1.328125 -0.0960693359375
-0.28125 -0.421875 -0.0120849609375
-0.09375 -0.484375 -0.0159912109375
0.03125 -0.609375 -0.0159912109375
-0.5 0.046875 0.2674560546875
0.25 -0.609375 -0.0223388671875
-0.3125 0.015625 0.2633056640625
-0.625 0.421875 0.26043701171875
-0.0625 -0.015625 0.25872802734375
-0.65625 0.609375 0.25604248046875
0.21875 0.015625 0.250244140625
-0.5625 0.953125 0.246337890625
0.75 -0.390625 -0.0426025390625
0.40625 -0.015625 0.246826171875
0.875 -0.484375 -0.0438232421875
-0.5625 1.203125 0.23931884765625
-0.59375 1.453125 0.23388671875
-0.625 1.671875 0.2283935546875
-0.65625 1.921875 -0.0718994140625
