REGULAR_VEHICLE
-0.015625 -1.71875 0.00341796875
-0.09375 -1.5625 -0.47900390625
-0.078125 -1.5 -0.00634765625
0.328125 -1.6875 0.22802734375
0.09375 -1.53125 0.466796875
-0.015625 -1.4375 0.46484375
0.09375 -1.5 0.22607421875
0.234375 -1.5625 0.4638671875
-0.140625 -1.34375 -0.49072265625
-0.140625 -1.3125 -0.01708984375
-0.09375 -1.28125 0.35205078125
0.515625 -1.625 0.2197265625
-0.09375 -1.25 0.216796875
-0.203125 -1.15625 -0.50244140625
-0.15625 -1.09375 0.34423828125
0.0 -1.125 0.44775390625
-0.15625 -1.03125 0.20654296875
-0.234375 -0.9375 -0.51904296875
-0.09375 -0.90625 -0.04345703125
-0.203125 -0.84375 -0.04443359375
-0.171875 -0.78125 0.19189453125
-0.625 -0.5 -0.63916015625
-0.265625 -0.65625 -0.53759765625
-0.21875 -0.5625 0.18115234375
-0.203125 -0.5 -0.06494140625
0.46875 -0.8125 -0.55517578125
0.59375 -0.875 -0.55322265625
-0.25 -0.28125 -0.07861328125
-0.203125 -0.1875 -0.57373046875
-0.15625 -0.125 0.15380859375
0.171875 -0.1875 0.63916015625
0.328125 -0.1875 0.63623046875
-0.171875 0.09375 0.38916015625
0.46875 -0.25 0.634765625
0.078125 -0.03125 0.38916015625
-0.1875 0.125 0.14111328125
-0.203125 0.125 -0.59716796875
0.109375 0.0 0.63134765625
-0.171875 0.15625 0.2783203125
-0.1875 0.15625 -0.10595703125
0.625 -0.25 0.63037109375
-0.234375 0.375 0.12841796875
-0.21875 0.4375 -0.12451171875
0.109375 0.34375 0.615234375
-0.125 0.5625 -0.63232421875
-0.203125 0.75 0.10400390625
-0.203125 0.78125 -0.14501953125
-0.234375 1.03125 0.2314453125
-0.234375 1.03125 -0.16064453125
-0.21875 1.0625 0.08837890625
-0.15625 1.15625 0.3330078125
-0.28125 1.3125 -0.17626953125
-0.265625 1.3125 0.07373046875
-0.234375 1.71875 -0.20361328125
