REGULAR_VEHICLE
-0.90625 -1.859375 -0.1119384765625
-0.65625 -1.796875 -0.0152587890625
-0.875 -1.484375 -0.1265869140625
-0.71875 -1.578125 -0.0201416015625
-0.40625 -1.796875 -0.0206298828125
-0.875 -1.453125 -0.0216064453125
0.1875 -1.953125 -0.0289306640625
-0.71875 -1.265625 0.2962646484375
-0.84375 -1.078125 -0.1412353515625
0.65625 -1.984375 -0.0396728515625
-0.375 -1.109375 0.5015869140625
-0.53125 -0.953125 0.5003662109375
-0.1875 -1.171875 0.5001220703125
0.90625 -1.984375 -0.0455322265625
-0.8125 -0.671875 -0.1563720703125
0.03125 -1.203125 0.4984130859375
-0.5625 -0.671875 0.4935302734375
-0.53125 -0.671875 0.2760009765625
0.25 -1.234375 0.4951171875
-0.6875 -0.484375 -0.0577392578125
-0.625 -0.484375 0.2720947265625
0.46875 -1.265625 0.4923095703125
-0.78125 -0.265625 -0.1710205078125
-0.78125 -0.234375 -0.0650634765625
0.6875 -1.265625 0.4888916015625
-0.5625 -0.328125 0.484619140625
-0.625 -0.109375 0.2615966796875
-0.75 0.109375 -0.1856689453125
-0.5 0.109375 0.4720458984375
-0.625 0.328125 -0.0880126953125
-0.53125 0.359375 0.2452392578125
0.46875 -0.234375 0.2430419921875
-0.625 0.609375 -0.2056884765625
-0.65625 0.671875 -0.0982666015625
-0.53125 0.765625 0.2330322265625
-0.625 1.015625 -0.2203369140625
-0.40625 0.984375 0.4482421875
-0.5625 1.109375 -0.1148681640625
-0.5 1.203125 0.2198486328125
-0.4375 1.359375 -0.4664306640625
-0.5625 1.484375 -0.2388916015625
-0.375 1.421875 0.4368896484375
-0.53125 1.546875 -0.1314697265625
-0.4375 1.671875 0.2056884765625
-0.375 1.796875 -0.4859619140625
-0.5 1.953125 -0.2559814453125
-0.3125 1.859375 0.4239501953125
