REGULAR_VEHICLE
-1.23046875 -0.453125 -0.029541015625
-1.24609375 -0.453125 -0.289794921875
-1.08984375 -0.484375 -0.289794921875
-1.06640625 -0.484375 -0.031005859375
-1.09765625 -0.484375 -0.547607421875
-0.94140625 -0.515625 -0.291748046875
-0.86328125 -0.515625 -0.194091796875
-0.92578125 -0.484375 -0.032470703125
-1.01171875 -0.453125 -0.195068359375
-0.71484375 -0.546875 -0.195068359375
-0.75390625 -0.515625 -0.033935546875
-0.61328125 -0.546875 -0.035400390625
-0.63671875 -0.546875 -0.554443359375
-0.55078125 -0.546875 -0.197998046875
-0.45703125 -0.484375 -0.561279296875
-0.69921875 -0.359375 0.213623046875
-0.55078125 -0.390625 0.213623046875
-0.39453125 -0.421875 0.211669921875
-0.37890625 -0.359375 0.466796875
-0.22265625 -0.390625 0.4658203125
-0.06640625 -0.421875 0.464599609375
-0.80078125 -0.140625 0.205322265625
-0.16015625 -0.328125 0.561279296875
-0.30078125 -0.265625 0.56103515625
0.04296875 -0.234375 0.55517578125
0.62109375 -0.390625 0.192626953125
0.94921875 -0.484375 0.554931640625
-0.34765625 0.078125 0.547607421875
-0.36328125 0.171875 0.443359375
1.24609375 -0.453125 0.4453125
1.15234375 -0.390625 0.548583984375
-0.78515625 0.390625 0.177978515625
-0.36328125 0.546875 0.528076171875
