REGULAR_VEHICLE
-1.46875 -0.58984375 -0.200439453125
-1.40625 -0.72265625 -0.199951171875
-1.46875 -0.44921875 -0.20263671875
-1.4375 -0.51171875 0.19441795349121094
-1.46875 -0.37890625 0.19347572326660156
-1.46875 -0.30859375 -0.20458984375
-1.46875 -0.23828125 0.19109344482421875
-1.40625 -0.41015625 0.253021240234375
-1.34375 -0.54296875 0.252716064453125
-1.3125 -0.61328125 0.19119644165039062
-1.46875 -0.09765625 0.18918991088867188
-1.40625 -0.26953125 0.021240234375
-1.375 -0.25390625 0.2501220703125
-1.40625 -0.12890625 0.019287109375
-1.40625 -0.11328125 0.24884033203125
-1.40625 0.01171875 0.2470703125
-1.4375 0.16015625 0.24578857421875
-1.15625 -0.62109375 0.2471923828125
-0.9375 -0.70703125 -0.223388671875
-0.90625 -0.61328125 0.1770477294921875
-0.75 -0.71484375 -0.51708984375
-0.75 -0.63671875 0.23223876953125
-0.625 -0.73046875 -0.005859375
-0.625 -0.51953125 -0.52880859375
-0.71875 -0.20703125 0.455810546875
-0.59375 -0.58984375 -0.47607421875
-0.625 0.12890625 0.448486328125
-0.5625 -0.00390625 0.44873046875
-0.28125 -0.62890625 0.214202880859375
-0.28125 -0.50390625 0.4456787109375
-0.46875 0.12109375 0.61328125
-0.21875 -0.61328125 -0.260009765625
-0.53125 0.45703125 0.4412841796875
-0.25 -0.33984375 0.4422607421875
-0.375 0.35546875 0.43798828125
-0.25 0.05859375 0.608154296875
-0.15625 -0.20703125 0.609130859375
0.0 -0.67578125 -0.0330810546875
-0.09375 -0.33984375 0.609130859375
0.0 -0.55859375 0.4368896484375
0.09375 -0.42578125 0.60546875
-0.21875 0.51953125 0.60107421875
-0.15625 0.38671875 0.6015625
-0.1875 0.73046875 0.4273681640625
-0.0625 0.71484375 0.59521484375
0.46875 -0.51953125 0.1845703125
0.53125 -0.41796875 0.593994140625
0.59375 -0.51171875 0.417724609375
1.21875 -0.45703125 0.3961181640625
1.34375 0.21484375 -0.59716796875
1.3125 0.36328125 -0.5986328125
1.40625 0.55859375 -0.6083984375
1.46875 0.72265625 -0.61328125
