REGULAR_VEHICLE
-1.609375 -0.24609375 -0.55859375
-1.546875 -0.30859375 -0.1903076171875
-1.546875 -0.30859375 -0.481201171875
-1.578125 -0.23046875 -0.0462646484375
-1.53125 -0.29296875 -0.56005859375
-1.453125 -0.33984375 -0.193359375
-1.5 -0.27734375 -0.0479736328125
-1.453125 -0.33984375 -0.484619140625
-1.546875 -0.18359375 0.0111083984375
-1.4375 -0.32421875 -0.5634765625
-1.359375 -0.38671875 -0.196044921875
-1.359375 -0.38671875 -0.48828125
-1.40625 -0.30859375 -0.051239013671875
-1.359375 -0.37109375 -0.565185546875
-1.46875 -0.21484375 0.009033203125
-1.28125 -0.43359375 -0.489990234375
-1.546875 -0.08984375 0.092041015625
-1.28125 -0.41796875 -0.1990966796875
-1.421875 -0.23046875 0.0921630859375
-1.328125 -0.33984375 -0.053741455078125
-1.375 -0.24609375 0.00665283203125
-1.578125 0.00390625 0.0897216796875
-1.25 -0.40234375 -0.78857421875
-1.1875 -0.44921875 -0.20233154296875
-1.234375 -0.38671875 -0.056488037109375
-1.1875 -0.44921875 -0.571533203125
-1.328125 -0.26171875 0.0894775390625
-1.1875 -0.44921875 -0.78955078125
-1.28125 -0.29296875 0.00433349609375
-1.078125 -0.48046875 -0.20648193359375
-1.125 -0.41796875 -0.060272216796875
-1.234375 -0.27734375 0.0858154296875
-1.171875 -0.30859375 0.0006103515625
-1.21875 -0.26171875 -0.79833984375
-1.140625 -0.32421875 0.083984375
-0.984375 -0.51171875 -0.21002197265625
-1.03125 -0.44921875 -0.063751220703125
-1.03125 -0.43359375 -0.582275390625
-1.09375 -0.33984375 -0.00152587890625
-1.0625 -0.35546875 0.081298828125
-0.953125 -0.49609375 -0.802734375
-0.9375 -0.48046875 -0.0670166015625
-0.875 -0.54296875 -0.2138671875
-0.9375 -0.44921875 -0.58642578125
-0.984375 -0.37109375 -0.0042724609375
-0.953125 -0.40234375 0.078369140625
-0.859375 -0.52734375 -0.80712890625
-0.90625 -0.44921875 -0.512939453125
-0.828125 -0.51171875 -0.0707855224609375
-0.9375 -0.37109375 -0.515625
-0.765625 -0.55859375 -0.2191162109375
-0.765625 -0.54296875 -0.592041015625
-0.8125 -0.46484375 -0.59375
-0.671875 -0.60546875 -0.22265625
-1.046875 -0.12109375 0.2197265625
-0.71875 -0.52734375 -0.0753173828125
-0.96875 -0.18359375 0.21875
-0.78125 -0.41796875 -0.01153564453125
-0.796875 -0.38671875 0.0711669921875
-0.84375 -0.30859375 0.218505859375
-0.6875 -0.51171875 -0.522705078125
-0.625 -0.55859375 -0.0785675048828125
-0.71875 -0.43359375 0.0694580078125
-0.625 -0.55859375 -0.5244140625
-0.6875 -0.46484375 -0.01385498046875
-0.5625 -0.62109375 -0.227294921875
-0.625 -0.54296875 -0.599609375
-0.671875 -0.48046875 -0.82470703125
-0.65625 -0.48046875 0.068359375
-0.75 -0.35546875 0.216064453125
-0.546875 -0.57421875 -0.60302734375
-0.671875 -0.38671875 0.214111328125
-0.5625 -0.52734375 0.0657958984375
-0.515625 -0.58984375 -0.529296875
-0.5 -0.58984375 -0.08309173583984375
-0.453125 -0.65234375 -0.2322998046875
-0.5625 -0.48046875 -0.0185546875
-0.78125 -0.19921875 0.42041015625
-0.75 -0.23046875 0.360595703125
-0.5 -0.52734375 -0.01947021484375
-0.71875 -0.24609375 0.42041015625
-0.4375 -0.60546875 -0.60888671875
-0.953125 0.06640625 0.209228515625
-1.0 0.12890625 0.208984375
-1.0625 0.20703125 0.208984375
-0.515625 -0.48046875 -0.83447265625
-0.40625 -0.60546875 -0.08686065673828125
-0.828125 -0.05859375 0.35791015625
-0.390625 -0.62109375 -0.535888671875
-0.34375 -0.66796875 -0.2366943359375
-0.625 -0.29296875 0.4189453125
-0.59375 -0.32421875 0.3583984375
-0.75 -0.10546875 0.35693359375
-0.53125 -0.38671875 0.357666015625
-0.328125 -0.63671875 -0.61376953125
-0.296875 -0.65234375 -0.540283203125
-0.296875 -0.63671875 -0.09087944030761719
-0.25 -0.69921875 -0.2408447265625
-1.046875 0.33203125 0.20361328125
-0.796875 0.01953125 0.4150390625
-0.515625 -0.32421875 0.4169921875
-0.8125 0.08203125 0.35302734375
-0.421875 -0.41796875 0.3544921875
-0.828125 0.11328125 0.41259765625
-0.328125 -0.51171875 -0.02691650390625
-0.421875 -0.37109375 0.41552734375
-0.1875 -0.66796875 -0.09489631652832031
-0.84375 0.22265625 0.41015625
-0.234375 -0.54296875 -0.03021240234375
-0.796875 0.20703125 0.348388671875
-0.328125 -0.38671875 0.41259765625
-0.078125 -0.69921875 -0.09942245483398438
-1.0 0.48828125 0.196044921875
-0.28125 -0.41796875 0.0499267578125
-0.09375 -0.66796875 -0.62646484375
-0.125 -0.57421875 -0.033447265625
-0.09375 -0.60546875 0.0474853515625
0.125 -0.87890625 -0.555908203125
0.03125 -0.73046875 -0.556884765625
0.109375 -0.83984375 -0.62890625
0.03125 -0.71484375 -0.104461669921875
0.015625 -0.69921875 -0.63134765625
-0.78125 0.34765625 0.343505859375
0.09375 -0.77734375 -0.255615234375
-0.796875 0.37890625 0.404541015625
0.03125 -0.63671875 0.1943359375
0.1875 -0.82421875 -0.2589111328125
0.140625 -0.76171875 -0.561767578125
0.140625 -0.74609375 -0.1084747314453125
-0.09375 -0.43359375 0.4072265625
0.015625 -0.55859375 -0.03997802734375
0.125 -0.71484375 -0.63720703125
-0.046875 -0.46484375 0.19189453125
-0.921875 0.69140625 0.185791015625
-0.03125 -0.43359375 0.34130859375
0.296875 -0.87109375 -0.1108856201171875
0.046875 -0.49609375 0.18896484375
0.28125 -0.81640625 -0.64111328125
0.015625 -0.44921875 0.404296875
0.265625 -0.77734375 -0.113250732421875
0.0625 -0.48046875 0.339111328125
0.15625 -0.57421875 -0.045562744140625
0.140625 -0.52734375 0.337646484375
0.359375 -0.80859375 -0.573974609375
-0.703125 0.58203125 0.395751953125
0.421875 -0.87109375 -0.2696533203125
-0.65625 0.56640625 0.332763671875
0.21875 -0.51171875 0.400634765625
0.265625 -0.54296875 0.334228515625
0.453125 -0.79296875 -0.65380859375
0.546875 -0.88671875 -0.2762451171875
0.5 -0.82421875 -0.581298828125
0.328125 -0.52734375 0.3974609375
0.578125 -0.81640625 -0.65966796875
0.65625 -0.91796875 -0.2808837890625
0.609375 -0.85546875 -0.58740234375
0.421875 -0.57421875 0.395751953125
0.46875 -0.62109375 0.328857421875
-0.578125 0.75390625 0.4775390625
0.75 -0.98828125 0.02374267578125
-0.625 0.84765625 0.4765625
0.6875 -0.83984375 -0.666015625
0.78125 -0.94140625 -0.286376953125
0.734375 -0.87890625 -0.59375
0.65625 -0.72265625 0.171630859375
-0.59375 0.92578125 0.685546875
-0.609375 0.97265625 0.47216796875
-0.546875 0.89453125 0.62646484375
-0.4375 0.76953125 0.47314453125
0.8125 -0.86328125 -0.67236328125
0.84375 -0.90234375 -0.6005859375
-0.65625 1.05078125 0.62548828125
0.59375 -0.54296875 0.16845703125
0.90625 -0.96484375 -0.2918701171875
-0.546875 0.95703125 0.3798828125
-0.609375 1.05078125 0.378662109375
-0.515625 0.94140625 0.316162109375
-0.5625 1.03515625 0.314453125
-0.421875 0.86328125 0.68359375
0.921875 -0.90234375 -0.6767578125
-0.296875 0.75390625 0.46923828125
-0.390625 0.86328125 0.77734375
-0.578125 1.12890625 0.31201171875
-0.21875 0.72265625 0.4677734375
-0.5 1.05078125 0.83447265625
-0.34375 0.94140625 0.6201171875
-0.234375 0.92578125 0.61767578125
1.203125 -0.98046875 -0.61962890625
1.265625 -1.04296875 -0.3087158203125
1.25 -0.99609375 -0.6923828125
1.46875 -1.12890625 -0.3165283203125
1.484375 -1.01171875 -0.1661376953125
1.609375 -1.02734375 -0.17138671875
0.890625 0.53515625 0.12109375
