REGULAR_VEHICLE
-1.9140625 0.5625 -0.2900390625
-0.7578125 -0.515625 0.10791015625
-0.6640625 -0.59375 0.1068115234375
-1.7890625 0.828125 -0.3045654296875
-0.3671875 -0.53125 0.2998046875
-0.4296875 -0.421875 0.299072265625
-0.4609375 -0.296875 0.297119140625
-0.5234375 -0.1875 0.296142578125
-0.0703125 -0.578125 0.088134765625
-0.5078125 -0.015625 0.291748046875
-0.1171875 -0.484375 0.2919921875
-0.5390625 0.125 0.2890625
0.0078125 -0.546875 0.2900390625
-0.5078125 0.296875 0.284423828125
0.0546875 -0.328125 0.07763671875
0.2265625 -0.53125 0.283935546875
-0.4921875 0.484375 0.27978515625
0.0859375 -0.078125 0.387939453125
0.2421875 -0.265625 0.388427734375
0.1640625 -0.15625 0.387939453125
0.0546875 0.078125 0.385009765625
0.3671875 -0.3125 0.386962890625
-0.4140625 0.71875 0.272216796875
0.5078125 -0.359375 0.385009765625
0.0703125 0.234375 0.381103515625
0.8671875 -0.703125 -0.02923583984375
0.0703125 0.390625 0.3779296875
0.6796875 -0.375 0.381591796875
0.0234375 0.515625 0.376220703125
1.0703125 -0.703125 -0.035400390625
0.8984375 -0.46875 0.2646484375
0.9765625 -0.5625 0.264892578125
0.8671875 -0.40625 0.378173828125
1.2109375 -0.828125 -0.156341552734375
0.1953125 0.59375 0.0487060546875
1.2734375 -0.703125 -0.0416259765625
1.0703125 -0.390625 0.37353515625
0.1796875 0.765625 0.0445556640625
1.4609375 -0.796875 -0.1658935546875
1.4921875 -0.78125 -0.379150390625
1.5078125 -0.6875 -0.04931640625
1.6640625 -0.796875 -0.173583984375
1.7109375 -0.78125 -0.388427734375
1.7421875 -0.65625 -0.05731201171875
1.9140625 -0.78125 -0.183135986328125
