REGULAR_VEHICLE
-0.140625 -0.671875 0.674072265625
-0.15625 -0.640625 0.75
-0.0546875 -0.640625 0.90234375
-0.125 -0.609375 0.9775390625
-0.2421875 -0.515625 0.97607421875
0.28125 -0.703125 0.671142578125
-0.140625 -0.515625 0.89990234375
-0.3515625 -0.421875 0.97509765625
0.109375 -0.609375 0.900390625
0.265625 -0.671875 0.74853515625
-0.265625 -0.453125 0.8994140625
-0.4375 -0.390625 -0.9453125
0.3671875 -0.703125 0.89990234375
0.0390625 -0.546875 0.9755859375
0.3046875 -0.640625 0.97607421875
-0.40625 -0.328125 -0.7197265625
0.5703125 -0.703125 0.97607421875
-0.6640625 -0.171875 -0.955078125
-0.5625 -0.203125 -0.64111328125
-0.6796875 -0.140625 -0.64306640625
-0.3671875 -0.234375 -0.49267578125
-0.4921875 -0.171875 -0.4931640625
0.234375 -0.421875 0.97216796875
-0.6015625 -0.078125 -0.49658203125
0.4921875 -0.515625 0.97314453125
-0.6015625 -0.046875 -0.73193359375
0.625 -0.453125 0.89208984375
-0.6875 0.171875 -0.9775390625
-0.6875 0.265625 -0.66650390625
0.5546875 -0.203125 -0.280029296875
0.6875 -0.234375 -0.280029296875
-0.6015625 0.359375 -0.7578125
-0.59375 0.390625 -0.52197265625
-0.6328125 0.703125 -0.77783203125
0.4453125 0.296875 -0.30224609375
0.40625 0.609375 -0.31640625
