REGULAR_VEHICLE
-2.0 -0.66015625 0.065673828125
-1.96875 -0.64453125 -0.388916015625
-1.9375 -0.62109375 0.190673828125
-1.90625 -0.62890625 0.258056640625
-1.84375 -0.73046875 -0.332275390625
-1.8125 -0.70703125 0.255126953125
-1.875 -0.51171875 0.44970703125
-1.78125 -0.58984375 0.447998046875
-1.6875 -0.78515625 -0.14312744140625
-1.6875 -0.77734375 -0.3408203125
-1.8125 -0.43359375 -0.5380859375
-1.84375 -0.32421875 -0.53857421875
-1.875 -0.19921875 -0.541015625
-1.875 -0.08984375 -0.54296875
-1.625 -0.64453125 0.443359375
-1.53125 -0.84765625 0.0494384765625
-1.65625 -0.51171875 0.568359375
-1.65625 -0.50390625 -0.544921875
-1.5625 -0.73046875 0.246337890625
-1.875 0.05078125 -0.546875
-1.90625 0.15234375 0.5654296875
-1.6875 -0.37890625 0.56689453125
-1.5 -0.83984375 -0.15087890625
-1.59375 -0.59765625 -0.546875
-1.71875 -0.25390625 0.63916015625
-1.53125 -0.69921875 -0.5478515625
-1.875 0.18359375 -0.55126953125
-1.75 -0.12109375 0.6376953125
-1.65625 -0.33203125 0.63818359375
-1.6875 -0.24609375 0.56494140625
-1.46875 -0.80078125 -0.74755859375
-1.53125 -0.58203125 0.56591796875
-1.71875 -0.12109375 0.7607421875
-1.75 -0.01171875 0.759765625
-1.75 0.01171875 0.63623046875
-1.65625 -0.22265625 0.7607421875
-1.375 -0.90234375 0.04290771484375
-1.5625 -0.42578125 0.63671875
-1.84375 0.32421875 -0.55712890625
-1.75 0.12109375 0.75830078125
-1.5625 -0.32421875 0.76025390625
-1.375 -0.76171875 0.172607421875
-1.40625 -0.64453125 -0.755859375
-1.34375 -0.77734375 0.239013671875
-1.71875 0.14453125 0.63427734375
-1.96875 0.76953125 0.035888671875
-1.96875 0.76953125 0.235107421875
-1.71875 0.24609375 0.75634765625
-1.71875 0.28515625 0.63232421875
-1.4375 -0.39453125 0.7587890625
-1.96875 0.89453125 -0.166015625
-1.96875 0.89453125 -0.365966796875
-1.96875 0.90234375 -0.43115234375
-1.78125 0.48046875 -0.564453125
-1.375 -0.48046875 0.63330078125
-1.71875 0.37890625 0.7548828125
-1.71875 0.41015625 0.630859375
-1.71875 0.54296875 0.62890625
-1.15625 -0.80859375 0.1661376953125
-1.875 0.93359375 0.158447265625
-1.875 0.94140625 0.22900390625
-1.25 -0.54296875 0.6298828125
-1.75 0.71484375 0.427490234375
-1.78125 0.83203125 0.426513671875
-1.25 -0.44140625 0.75537109375
-1.0625 -0.79296875 0.22900390625
-1.65625 0.67578125 -0.57763671875
-1.59375 0.72265625 0.62353515625
-1.0625 -0.48046875 0.751953125
-1.0 -0.58203125 0.6240234375
-0.84375 -0.83203125 -0.1826171875
-0.84375 -0.80859375 0.1551513671875
-0.78125 -0.93359375 0.019195556640625
-0.8125 -0.80859375 0.219970703125
-0.84375 -0.70703125 -0.18505859375
-1.0 -0.25390625 0.822265625
-0.90625 -0.48828125 0.82275390625
-1.46875 0.89453125 -0.59423828125
-1.03125 -0.13671875 0.82177734375
-1.09375 0.08984375 0.8212890625
-0.90625 -0.36328125 0.82177734375
-1.03125 -0.01953125 0.82080078125
-0.8125 -0.51171875 0.74755859375
-0.65625 -0.88671875 -0.190185546875
-1.4375 1.03515625 -0.60009765625
-1.09375 0.22265625 0.81982421875
-1.28125 0.83984375 -0.8056640625
-0.59375 -0.83203125 0.1458740234375
-0.6875 -0.58203125 0.6162109375
-0.6875 -0.52734375 0.81884765625
-1.1875 0.76171875 -0.81103515625
-1.28125 0.98046875 -0.81103515625
-0.53125 -0.83203125 0.2099609375
-0.46875 -0.94140625 0.0060272216796875
-0.90625 0.43359375 0.81396484375
-0.5 -0.51953125 0.74169921875
-0.34375 -0.90234375 -0.2042236328125
-0.46875 -0.57421875 0.814453125
-0.96875 0.72265625 -0.82275390625
-0.3125 -0.84765625 0.136474609375
-0.875 0.58203125 0.8115234375
-0.28125 -0.86328125 0.201171875
-0.21875 -0.97265625 -0.004913330078125
-0.875 0.75390625 0.5302734375
-0.25 -0.69140625 0.53564453125
-0.28125 -0.55859375 0.73779296875
-0.25 -0.60546875 0.81005859375
-0.1875 -0.64453125 0.603515625
-0.03125 -0.91015625 -0.2198486328125
-0.03125 -0.87109375 0.12646484375
-0.03125 -0.80078125 0.39599609375
0.0625 -0.86328125 0.1884765625
0.125 -0.97265625 -0.01880645751953125
0.0625 -0.69921875 0.52734375
0.0625 -0.62109375 0.80419921875
0.0625 -0.55078125 0.73046875
0.15625 -0.65234375 0.5947265625
0.25 -0.88671875 0.116455078125
0.28125 -0.91796875 -0.234130859375
0.34375 -0.88671875 0.178466796875
0.40625 -0.54296875 0.7236328125
0.5625 -0.94140625 -0.2479248046875
0.5 -0.64453125 0.58544921875
0.59375 -0.88671875 0.1041259765625
0.65625 -0.90234375 0.1669921875
0.71875 -1.01171875 -0.0434417724609375
0.625 -0.74609375 0.51416015625
0.90625 -0.95703125 -0.2633056640625
0.90625 -0.91015625 0.09344482421875
1.0 -1.03515625 -0.05584716796875
1.0 -0.94921875 0.364990234375
1.0 -0.91796875 0.155029296875
0.96875 -0.81640625 0.364013671875
1.28125 -0.94140625 0.14404296875
1.28125 -0.90234375 0.07977294921875
1.3125 -0.94921875 -0.28271484375
1.375 -1.03515625 -0.071746826171875
1.5625 -0.93359375 0.0699462890625
1.625 -0.94921875 -0.29931640625
1.625 -0.94140625 0.1309814453125
1.78125 -1.02734375 -0.0887451171875
1.78125 -0.98046875 0.0631103515625
1.875 -0.99609375 -0.310546875
