REGULAR_VEHICLE
-0.5078125 1.875 -0.05474853515625
-0.3203125 1.71875 -0.2066650390625
-0.3984375 1.75 -0.0565185546875
-0.6484375 1.9375 -0.317138671875
-0.4140625 1.75 -0.3193359375
-0.6640625 1.9375 -0.5791015625
-0.3046875 1.625 -0.0584716796875
-0.3203125 1.625 -0.58349609375
-0.4453125 1.71875 -0.58251953125
-0.5703125 1.8125 -0.58154296875
-0.8203125 2.0 -0.3193359375
-0.8671875 1.96875 -0.583984375
-0.3828125 1.5 -0.3271484375
-0.4296875 1.53125 0.1942138671875
-0.5546875 1.625 0.1954345703125
-0.3359375 1.40625 0.1923828125
0.1015625 0.625 -0.0853271484375
0.0703125 0.625 0.1759033203125
0.1484375 0.53125 -0.233154296875
0.0390625 0.53125 -0.355224609375
-0.0078125 0.53125 -0.6220703125
0.1953125 0.34375 -0.2379150390625
-0.1171875 0.5 0.434814453125
0.2734375 0.1875 -0.240966796875
0.1796875 0.21875 -0.365234375
0.2890625 0.125 0.1641845703125
0.3046875 0.09375 -0.0997314453125
0.3671875 -0.03125 0.160400390625
0.2578125 0.03125 -0.3701171875
0.3671875 -0.0625 -0.10443115234375
0.4140625 -0.15625 -0.24951171875
0.1953125 0.0 -0.64013671875
-0.3359375 0.34375 0.69677734375
0.4765625 -0.34375 -0.253662109375
0.2109375 -0.25 0.68896484375
0.2265625 -0.5 0.68359375
0.2734375 -0.6875 0.68017578125
0.3515625 -0.84375 0.67724609375
0.6171875 -1.0625 -0.4052734375
0.7265625 -1.15625 0.1326904296875
0.3671875 -0.96875 0.4033203125
0.7109375 -1.21875 -0.13818359375
0.4140625 -1.03125 0.673828125
0.6796875 -1.25 -0.41162109375
0.8046875 -1.34375 0.12811279296875
-0.6953125 -0.3125 0.255615234375
0.4765625 -1.21875 0.67041015625
0.7578125 -1.4375 -0.4169921875
0.8671875 -1.53125 0.123046875
0.6796875 -1.4375 0.251220703125
0.7734375 -1.5625 -0.287109375
0.7421875 -1.5625 0.392333984375
0.5234375 -1.4375 0.66650390625
0.8046875 -1.625 -0.69677734375
0.7421875 -1.59375 0.2484130859375
0.5859375 -1.5 0.392578125
0.8203125 -1.65625 -0.42431640625
0.7734375 -1.625 0.52099609375
0.6171875 -1.5625 0.52099609375
-0.4140625 -1.28125 0.23828125
-0.3359375 -1.46875 0.5107421875
-0.5078125 -1.375 0.384033203125
-0.3046875 -2.0 0.501220703125
-0.4765625 -1.96875 0.500244140625
