REGULAR_VEHICLE
-1.125 -1.96875 -0.10828208923339844
-1.03125 -1.8125 -0.24793052673339844
-1.125 -1.5625 -0.12488365173339844
-0.40625 -1.71875 0.026727676391601562
-0.546875 -1.625 0.025751113891601562
-0.828125 -1.40625 0.021844863891601562
-0.984375 -1.3125 -0.26990318298339844
-0.96875 -1.3125 0.020868301391601562
-0.015625 -1.75 0.020135879516601562
-1.109375 -1.1875 0.018426895141601562
-1.078125 -1.03125 -0.14587974548339844
-0.5625 -1.25 0.011835098266601562
-1.015625 -1.0 0.30565834045410156
0.21875 -1.625 0.012079238891601562
-0.859375 -1.0625 0.30523109436035156
0.421875 -1.65625 0.009149551391601562
0.5625 -1.71875 0.008905410766601562
-0.8125 -0.84375 0.42712974548339844
-0.9375 -0.78125 -0.29285240173339844
-1.03125 -0.5 -0.16834068298339844
-0.828125 -0.46875 0.41634559631347656
0.65625 -1.0625 0.4174060821533203
-0.890625 -0.25 -0.019170761108398438
-0.859375 -0.25 0.27880287170410156
-0.875 -0.21875 -0.31873130798339844
-0.96875 -0.03125 -0.026739120483398438
-0.96875 0.09375 -0.19275474548339844
-0.796875 0.0625 0.40087318420410156
-0.84375 0.1875 0.26488685607910156
-0.8125 0.34375 -0.34363365173339844
0.234375 -0.03125 0.25560951232910156
-0.90625 0.5625 -0.05017662048339844
-0.875 0.6875 -0.21814537048339844
-0.734375 0.625 0.38329505920410156
-0.78125 0.78125 0.24486732482910156
-0.71875 1.0 -0.37390708923339844
-0.828125 1.1875 -0.07483482360839844
-0.8125 1.34375 -0.24548912048339844
-0.640625 1.28125 0.36388587951660156
-0.703125 1.40625 0.22350502014160156
-0.640625 1.625 -0.40125083923339844
-0.734375 1.84375 -0.10046958923339844
-0.71875 2.0 -0.27283287048339844
-0.546875 1.9375 0.34356117248535156
