REGULAR_VEHICLE
-1.8671875 -0.6953125 0.052581787109375
-1.8671875 -0.671875 0.0281982421875
-1.8984375 -0.5859375 0.028076171875
-1.8828125 -0.59375 0.051025390625
-1.9296875 -0.4921875 0.02685546875
-1.8515625 -0.65625 -0.11053466796875
-1.8984375 -0.484375 0.048828125
-1.8203125 -0.6328125 -0.2783203125
-1.7734375 -0.7265625 -0.2783203125
-1.8515625 -0.5546875 -0.27880859375
-1.8515625 -0.546875 -0.11346435546875
-1.9296875 -0.375 0.024566650390625
-1.7578125 -0.7265625 -0.11328125
-1.8828125 -0.453125 -0.11444091796875
-1.9140625 -0.3828125 0.046600341796875
-1.7421875 -0.734375 0.047149658203125
-1.9296875 -0.2734375 0.022064208984375
-1.8828125 -0.34375 -0.11761474609375
-1.9140625 -0.2734375 0.0439453125
-1.8359375 -0.4375 -0.283447265625
-1.9296875 -0.1640625 0.01910400390625
-1.9296875 -0.1640625 0.04193115234375
-1.8828125 -0.2421875 -0.1202392578125
-1.8359375 -0.328125 -0.28662109375
-1.6640625 -0.6796875 0.0189056396484375
-1.9453125 -0.0625 0.017669677734375
-1.6015625 -0.7578125 -0.28759765625
-1.8515625 -0.21875 -0.289306640625
-1.8828125 -0.125 -0.12371826171875
-1.9140625 -0.0546875 0.038818359375
-1.5703125 -0.7421875 -0.12322998046875
-1.8671875 -0.1171875 -0.291748046875
-1.9296875 0.046875 0.036376953125
-1.8828125 -0.015625 -0.12689208984375
-1.8984375 0.0859375 -0.12884521484375
-1.5078125 -0.7265625 0.035186767578125
-1.8515625 0.0078125 -0.29638671875
-1.9140625 0.1953125 -0.13134765625
-1.9453125 0.2734375 0.00925445556640625
-1.9453125 0.2734375 0.031494140625
-1.4765625 -0.6953125 0.01023101806640625
-1.8515625 0.1171875 -0.2998046875
-1.8046875 0.015625 -0.648193359375
-1.4140625 -0.7734375 -0.299072265625
-1.7421875 -0.0703125 -0.648681640625
-1.3828125 -0.7578125 -0.1341552734375
-1.8515625 0.2265625 -0.302490234375
-1.8046875 0.125 -0.651611328125
-1.8203125 0.2265625 -0.654541015625
-1.4921875 -0.3984375 0.1934814453125
-1.4453125 -0.484375 0.1932373046875
-1.3984375 -0.578125 0.193115234375
-1.3203125 -0.7421875 0.0257110595703125
-1.5078125 -0.296875 0.19189453125
-1.8203125 0.34375 -0.658935546875
-1.3203125 -0.640625 0.1912841796875
-1.5234375 -0.1953125 0.1904296875
-1.2578125 -0.6875 -0.001453399658203125
-1.5859375 0.0078125 0.1883544921875
-1.5390625 -0.0859375 0.1888427734375
-1.6015625 0.1015625 0.187255859375
-1.1640625 -0.7578125 -0.314697265625
-1.1484375 -0.7578125 -0.1473388671875
-1.1796875 -0.6875 0.1856689453125
-1.5703125 0.2421875 0.182373046875
-1.5859375 0.3359375 0.1807861328125
-1.0703125 -0.7421875 0.0135498046875
-1.5703125 0.453125 0.1776123046875
-1.0078125 -0.6875 -0.01337432861328125
-0.9609375 -0.6953125 0.1761474609375
-1.5546875 0.578125 0.174072265625
-0.8984375 -0.7421875 -0.33154296875
-1.5703125 0.6953125 0.17138671875
-0.8671875 -0.734375 -0.1629638671875
-1.0546875 -0.2734375 0.341064453125
-0.8359375 -0.7421875 0.001598358154296875
-0.9296875 -0.4453125 0.33935546875
-0.8359375 -0.6171875 0.338623046875
-0.8671875 -0.5234375 0.33837890625
-0.7890625 -0.6796875 -0.0248565673828125
-0.7421875 -0.6953125 0.165771484375
-0.8828125 -0.390625 0.476806640625
-0.7265625 -0.6796875 0.33544921875
-0.9765625 -0.1328125 0.3349609375
-0.8828125 -0.3046875 0.334716796875
-0.9296875 -0.109375 0.504638671875
-0.6328125 -0.7265625 -0.347900390625
-0.6953125 -0.5234375 0.472412109375
-0.9453125 0.015625 0.47265625
-0.5859375 -0.7421875 -0.011257171630859375
-0.8828125 -0.0703125 0.471923828125
-0.8984375 0.015625 0.3291015625
-0.6953125 -0.40625 0.470703125
-1.0234375 0.3046875 0.327880859375
-0.9296875 0.140625 0.4697265625
-0.5390625 -0.671875 -0.037200927734375
-0.7890625 -0.1328125 0.469482421875
-0.6484375 -0.421875 0.499755859375
-0.6015625 -0.515625 0.499267578125
-0.9453125 0.2265625 0.32666015625
-0.8984375 0.1328125 0.32666015625
-0.9921875 0.3359375 0.468505859375
-0.4921875 -0.6953125 0.154296875
-0.9296875 0.2578125 0.4677734375
-0.5390625 -0.5625 0.4677734375
-0.4765625 -0.671875 0.325439453125
-0.7265625 -0.125 0.497802734375
-0.4765625 -0.65625 -0.187255859375
-0.9765625 0.4375 0.323486328125
-0.9765625 0.453125 0.466552734375
-0.6171875 -0.296875 0.496337890625
-0.4140625 -0.7421875 -0.36083984375
-0.7734375 0.0859375 0.495361328125
-0.3828125 -0.7265625 -0.1907958984375
-0.3671875 -0.7421875 -0.0225982666015625
-0.4453125 -0.5546875 0.49462890625
-0.8515625 0.3828125 0.492919921875
-0.7578125 0.2109375 0.492919921875
-0.3203125 -0.7109375 0.319580078125
-0.3515625 -0.6171875 0.492431640625
-0.3046875 -0.671875 -0.048919677734375
-0.7578125 0.3203125 0.49072265625
-0.8828125 0.6015625 0.316650390625
-0.2578125 -0.703125 0.1441650390625
-0.8203125 0.5234375 0.4892578125
-0.4609375 -0.234375 0.658935546875
-0.4140625 -0.328125 0.658935546875
-0.3671875 -0.4296875 0.658935546875
-0.8984375 0.7109375 0.31494140625
-0.5234375 -0.0390625 0.657470703125
-0.1953125 -0.75 -0.373779296875
-0.4609375 -0.125 0.657470703125
-0.1640625 -0.75 -0.2020263671875
-0.5078125 0.078125 0.655517578125
-0.2265625 -0.5234375 0.45654296875
-0.8203125 0.7734375 0.45556640625
-0.1015625 -0.734375 -0.0363616943359375
-0.2265625 -0.46875 0.655029296875
-0.5234375 0.1953125 0.654541015625
-0.0703125 -0.671875 -0.060638427734375
-0.5078125 0.3125 0.652587890625
-0.6953125 0.7109375 0.4814453125
-0.6796875 0.734375 0.45166015625
0.0078125 -0.6875 0.1318359375
-0.0703125 -0.515625 0.651123046875
-0.4921875 0.4375 0.650146484375
0.1015625 -0.734375 -0.392822265625
0.1015625 -0.7265625 -0.2178955078125
-0.4765625 0.5625 0.647705078125
0.1484375 -0.7265625 -0.049652099609375
0.0546875 -0.5 0.4462890625
0.1015625 -0.59375 0.4462890625
0.0859375 -0.5390625 0.475830078125
0.1484375 -0.6171875 0.29931640625
0.2421875 -0.6953125 0.121337890625
0.1640625 -0.515625 0.643798828125
0.2421875 -0.6796875 0.296142578125
-0.3984375 0.7265625 0.642822265625
0.2421875 -0.5859375 0.47119140625
0.3515625 -0.7265625 -0.2320556640625
0.3671875 -0.7265625 -0.410400390625
0.4453125 -0.7109375 -0.06500244140625
0.4296875 -0.5078125 0.635986328125
0.5703125 -0.65625 0.28271484375
0.6015625 -0.5234375 0.45751953125
0.6796875 -0.5078125 0.628662109375
1.0546875 -0.6171875 -0.11822509765625
1.2421875 -0.6796875 -0.283935546875
1.3046875 -0.6796875 -0.10968017578125
1.3203125 -0.671875 0.07049560546875
1.3203125 -0.65625 0.251708984375
1.6484375 -0.640625 0.054962158203125
1.6640625 -0.625 0.237060546875
1.6796875 -0.59375 -0.4951171875
1.9453125 -0.6328125 0.040771484375
