REGULAR_VEHICLE
0.16015625 -0.17578125 0.442138671875
-1.00390625 -0.41015625 -0.0423583984375
0.04296875 0.63671875 0.518798828125
0.23046875 -0.19140625 0.441162109375
-1.08203125 -0.44140625 -0.49755859375
-0.66796875 0.18359375 0.332763671875
0.54296875 -0.81640625 -0.0643310546875
0.45703125 -0.83984375 -0.527587890625
0.52734375 -0.85546875 -0.0992431640625
-0.23046875 0.69921875 0.586181640625
0.64453125 -0.89453125 -0.53173828125
0.60546875 0.57421875 0.284423828125
-0.96484375 -0.45703125 -0.248199462890625
0.25390625 -0.56640625 0.308837890625
0.16796875 -0.44140625 0.1357421875
-0.64453125 0.40234375 0.321533203125
0.54296875 -0.81640625 -0.0643310546875
-0.44140625 -0.39453125 0.358154296875
0.45703125 -0.95703125 -0.26194190979003906
-0.70703125 -0.08203125 0.304443359375
-0.69140625 -0.34765625 0.259521484375
0.32421875 0.32421875 0.08447265625
-1.09765625 -0.42578125 -0.08056640625
-1.37890625 -0.30078125 -0.0823974609375
-0.49609375 -0.34765625 0.357666015625
1.08203125 0.52734375 0.23486328125
-0.59765625 0.68359375 0.304931640625
0.38671875 -0.16015625 0.436279296875
-0.61328125 -0.58203125 -0.2505645751953125
0.29296875 -0.62890625 0.353271484375
-0.98046875 -0.45703125 -0.0806884765625
0.16015625 -0.59765625 0.252197265625
-0.70703125 0.24609375 0.287841796875
0.29296875 -0.75390625 -0.06005859375
-1.24609375 0.49609375 0.114013671875
0.13671875 -0.76171875 -0.264617919921875
0.41796875 -0.78515625 -0.062255859375
-1.06640625 0.54296875 -0.911376953125
-0.36328125 -0.64453125 -0.2549896240234375
0.25390625 -0.56640625 0.308837890625
0.27734375 0.33984375 0.196044921875
-0.63671875 -0.06640625 0.345947265625
-0.66796875 0.18359375 0.332763671875
-0.35546875 -0.50390625 0.15478515625
0.52734375 -0.85546875 -0.0992431640625
0.46484375 -0.16015625 0.434326171875
1.08203125 0.52734375 0.23486328125
0.15234375 -0.77734375 -0.092529296875
-0.32421875 -0.64453125 -0.0872802734375
-0.03515625 0.77734375 0.736572265625
-0.66015625 -0.53515625 -0.855224609375
-0.46484375 -0.56640625 -0.51123046875
-0.64453125 -0.51953125 -0.507568359375
-0.16796875 0.80859375 0.737060546875
-0.41015625 -0.47265625 0.15478515625
-0.29296875 0.71484375 0.586669921875
-0.26953125 0.90234375 0.399658203125
0.46484375 -0.55078125 0.345458984375
0.06640625 0.82421875 0.624267578125
-0.00390625 -0.09765625 0.441650390625
-0.87890625 -0.45703125 -0.042724609375
-0.46484375 -0.56640625 -0.51123046875
0.33984375 -0.66015625 0.311279296875
-0.14453125 -0.69140625 -0.0892333984375
-0.73046875 -0.41015625 0.159423828125
-1.19140625 0.57421875 -0.909423828125
-0.70703125 -0.08203125 0.304443359375
0.76171875 -0.67578125 0.302490234375
-0.55078125 -0.59765625 -0.2519493103027344
-0.23828125 -0.69140625 0.163330078125
-0.03515625 0.83984375 0.911865234375
-0.58203125 -0.41015625 0.260498046875
-1.13671875 0.23046875 0.128662109375
0.33203125 -0.67578125 0.1455078125
-0.83984375 0.08984375 0.23779296875
0.03515625 -0.73828125 -0.0914306640625
0.07421875 -0.75390625 -0.517578125
-0.26171875 -0.44140625 0.357177734375
-0.05078125 -0.72265625 -0.26042747497558594
-1.05859375 -0.39453125 -0.0421142578125
-0.27734375 -0.62890625 -0.049072265625
0.40234375 -0.84765625 -0.0960693359375
0.04296875 0.63671875 0.518798828125
-0.12109375 -0.71484375 -0.2586789131164551
-1.42578125 -0.25390625 -0.083740234375
-1.24609375 0.49609375 0.114013671875
0.19921875 -0.78515625 -0.520263671875
0.33203125 -0.83203125 -0.0948486328125
-1.08203125 -0.41015625 -0.2484283447265625
0.32421875 -0.80859375 -0.26876068115234375
0.32421875 -0.81640625 -0.523681640625
-0.66796875 -0.58203125 -0.24918365478515625
-0.80078125 -0.53515625 -0.846923828125
-1.26171875 -0.36328125 -0.497802734375
-0.00390625 -0.09765625 0.441650390625
0.08203125 0.76171875 0.580322265625
-1.09765625 -0.42578125 -0.08056640625
0.57421875 -0.09765625 0.428955078125
-0.24609375 -0.56640625 0.15625
-0.93359375 -0.48828125 -0.801513671875
-1.48828125 -0.12890625 -0.048828125
-0.27734375 0.71484375 0.409423828125
-0.05078125 -0.72265625 -0.26042747497558594
0.64453125 -0.89453125 -0.53173828125
0.19921875 -0.77734375 -0.2660026550292969
0.13671875 -0.76171875 -0.264617919921875
-0.30859375 -0.42578125 0.314208984375
-0.11328125 0.60546875 0.522705078125
-0.73828125 -0.56640625 -0.2470703125
-0.60546875 -0.14453125 0.349365234375
-0.27734375 -0.47265625 -0.529052734375
-1.23046875 -0.31640625 -0.04296875
0.54296875 0.60546875 0.283935546875
0.65234375 -0.08203125 0.427001953125
-0.84765625 0.24609375 0.228515625
-1.12890625 0.54296875 -0.909912109375
-0.02734375 0.83984375 0.578857421875
-0.79296875 -0.53515625 -0.2475128173828125
0.15234375 -0.77734375 -0.092529296875
0.61328125 -0.83203125 0.146728515625
-0.39453125 -0.45703125 0.258544921875
-0.09765625 0.83984375 0.579833984375
-1.37890625 -0.30078125 -0.0823974609375
-0.16796875 0.16796875 0.432373046875
-1.29296875 -0.30078125 -0.0421142578125
0.52734375 -0.85546875 -0.0992431640625
-1.12109375 -0.36328125 -0.0421142578125
-1.51171875 -0.16015625 -0.5087890625
-0.41015625 -0.47265625 0.15478515625
-0.67578125 -0.44140625 0.15966796875
-0.69140625 -0.34765625 0.259521484375
0.52734375 0.62109375 0.243896484375
-0.14453125 -0.69140625 -0.0892333984375
-0.62890625 -0.56640625 -0.805908203125
-0.37890625 -0.61328125 -0.0870361328125
-0.78515625 -0.39453125 0.16015625
-0.97265625 -0.48828125 -0.498291015625
-0.27734375 -0.62890625 -0.049072265625
0.67578125 -0.83984375 -0.0679931640625
-0.47265625 -0.58203125 -0.858154296875
0.45703125 -0.95703125 -0.26194190979003906
-1.37890625 -0.30078125 -0.0823974609375
-1.24609375 0.49609375 0.114013671875
-1.17578125 -0.34765625 -0.0419921875
-0.36328125 -0.64453125 -0.2549896240234375
0.44140625 -0.86328125 -0.877197265625
-0.26953125 0.90234375 0.399658203125
1.39453125 0.46484375 0.15869140625
0.19921875 -0.50390625 0.139404296875
0.06640625 0.82421875 0.624267578125
-1.30859375 -0.34765625 -0.498291015625
0.04296875 0.63671875 0.518798828125
0.38671875 -0.85546875 -0.825439453125
-1.15234375 -0.39453125 -0.0810546875
-1.18359375 0.30859375 0.125244140625
-1.51171875 -0.17578125 -0.25441741943359375
-0.96484375 -0.17578125 0.150634765625
-0.64453125 -0.51953125 -0.507568359375
-0.05859375 -0.05078125 0.440185546875
-1.42578125 -0.25390625 -0.083740234375
0.04296875 -0.70703125 -0.054931640625
0.36328125 -0.61328125 0.350830078125
-1.30859375 -0.34765625 -0.498291015625
-0.45703125 -0.44140625 0.259521484375
0.01953125 -0.73046875 -0.262237548828125
-0.26171875 -0.44140625 0.357177734375
-0.66015625 -0.53515625 -0.855224609375
-0.48046875 -0.47265625 0.15625
0.36328125 -0.61328125 0.350830078125
-0.87890625 -0.45703125 -0.042724609375
-0.71484375 -0.51953125 -0.5059814453125
0.57421875 -0.09765625 0.428955078125
0.32421875 -0.80859375 -0.26876068115234375
0.21484375 -0.78515625 -0.0941162109375
-0.72265625 0.02734375 0.299072265625
-0.80078125 -0.12890625 0.250244140625
0.28515625 -0.64453125 0.251220703125
-1.04296875 -0.44140625 -0.080810546875
0.19921875 0.63671875 0.515869140625
0.06640625 0.82421875 0.624267578125
0.35546875 0.35546875 0.193115234375
0.08984375 -0.76171875 -0.0916748046875
0.01171875 0.79296875 0.848388671875
-0.36328125 -0.64453125 -0.2549896240234375
-0.98046875 -0.44140625 -0.804931640625
-1.01171875 -0.11328125 0.14794921875
-1.51171875 -0.16015625 -0.5087890625
-1.42578125 -0.25390625 -0.083740234375
0.58984375 0.68359375 0.168212890625
-1.51171875 -0.17578125 -0.25441741943359375
-0.83203125 0.44921875 0.21728515625
-0.91015625 -0.48828125 -0.2473602294921875
-0.18359375 -0.47265625 0.254150390625
-0.72265625 0.02734375 0.299072265625
-0.85546875 -0.53515625 -0.498046875
-0.80078125 -0.51953125 -0.081787109375
-0.31640625 0.94921875 0.625244140625
-1.08203125 -0.44140625 -0.49755859375
-0.24609375 -0.44140625 0.313232421875
-0.19140625 -0.45703125 0.356201171875
