REGULAR_VEHICLE
0.490234375 -1.953125 -0.17388916015625
0.599609375 -1.921875 -0.17340087890625
0.685546875 -1.796875 -0.17974853515625
0.240234375 -1.90625 0.01116943359375
0.357421875 -1.859375 0.01068115234375
0.130859375 -1.90625 0.00897216796875
0.013671875 -1.90625 0.00628662109375
0.216796875 -1.828125 -0.57525634765625
-0.119140625 -1.90625 0.00360107421875
0.443359375 -1.75 0.00579833984375
0.771484375 -1.65625 -0.62017822265625
0.755859375 -1.625 -0.19000244140625
0.091796875 -1.796875 -0.58111572265625
0.193359375 -1.75 -0.62896728515625
0.638671875 -1.625 -0.62603759765625
0.623046875 -1.59375 -0.00030517578125
0.521484375 -1.609375 -0.00103759765625
0.521484375 -1.625 -0.62994384765625
-0.041015625 -1.765625 -0.58599853515625
0.279296875 -1.65625 -0.63385009765625
0.736328125 -1.515625 -0.00274658203125
0.169921875 -1.65625 0.18719482421875
0.396484375 -1.59375 0.18743896484375
0.396484375 -1.609375 -0.63385009765625
0.044921875 -1.65625 0.18450927734375
0.271484375 -1.59375 0.18499755859375
0.255859375 -1.59375 0.14031982421875
0.052734375 -1.65625 -0.63970947265625
0.490234375 -1.5 0.18402099609375
0.005859375 -1.5625 0.13372802734375
0.693359375 -1.390625 -0.59674072265625
0.443359375 -1.421875 0.13543701171875
0.576171875 -1.375 0.17889404296875
-0.111328125 -1.5625 -0.65240478515625
-0.095703125 -1.53125 0.17547607421875
0.775390625 -1.265625 -0.21295166015625
0.646484375 -1.203125 0.17034912109375
-0.611328125 -1.546875 -0.66705322265625
0.755859375 -1.171875 -0.61236572265625
0.607421875 -1.171875 0.12493896484375
0.826171875 -1.046875 -0.22662353515625
-0.767578125 -1.453125 -0.67974853515625
0.716796875 -1.015625 0.16131591796875
0.693359375 -1.015625 0.11981201171875
0.693359375 -0.953125 -0.03814697265625
-0.923828125 -1.359375 -0.69146728515625
0.779296875 -0.828125 -0.04400634765625
0.759765625 -0.734375 0.14593505859375
0.716796875 -0.703125 0.10345458984375
0.798828125 -0.515625 -0.06304931640625
0.798828125 -0.421875 0.13006591796875
0.755859375 -0.421875 0.08905029296875
0.560546875 -0.453125 0.32720947265625
0.669921875 -0.421875 0.32733154296875
0.853515625 -0.265625 -0.27789306640625
0.599609375 -0.203125 0.517242431640625
0.814453125 -0.078125 -0.08795166015625
0.412109375 -0.140625 0.67425537109375
0.779296875 0.078125 0.10101318359375
0.873046875 0.109375 -0.30328369140625
0.716796875 0.109375 0.05926513671875
0.115234375 -0.015625 0.66583251953125
0.232421875 0.015625 0.66619873046875
0.474609375 0.078125 0.66778564453125
-0.126953125 -0.015625 0.66229248046875
-0.025390625 0.046875 0.66156005859375
-0.283203125 0.046875 0.65777587890625
0.818359375 0.328125 -0.11285400390625
-0.416015625 0.046875 0.65545654296875
-0.541015625 0.046875 0.65338134765625
0.767578125 0.390625 0.04534912109375
0.791015625 0.484375 0.07952880859375
-0.642578125 0.140625 0.4835853576660156
0.869140625 0.546875 -0.33306884765625
0.302734375 0.453125 0.69146728515625
0.037109375 0.421875 0.68841552734375
-0.072265625 0.421875 0.68756103515625
0.169921875 0.484375 0.68865966796875
-0.212890625 0.453125 0.68426513671875
0.388671875 0.609375 0.68646240234375
0.841796875 0.734375 -0.13677978515625
0.791015625 0.765625 0.02606201171875
-0.392578125 0.578125 0.26092529296875
-0.517578125 0.578125 0.25897216796875
0.892578125 0.984375 -0.36090087890625
-0.720703125 0.734375 0.4558563232421875
0.857421875 1.140625 -0.16168212890625
0.724609375 1.171875 0.45806884765625
0.814453125 1.328125 0.03240966796875
0.662109375 1.453125 0.23394775390625
0.869140625 1.546875 -0.39947509765625
0.814453125 1.609375 -0.01812744140625
0.732421875 1.640625 0.436798095703125
0.826171875 1.703125 -0.19635009765625
0.833984375 1.734375 0.00921630859375
0.716796875 1.734375 0.22064208984375
0.923828125 1.796875 -0.41412353515625
0.896484375 1.953125 -0.21051025390625
0.845703125 1.953125 -0.03619384765625
