REGULAR_VEHICLE
0.330078125 -1.953125 -0.30517578125
0.458984375 -1.921875 -0.3056640625
0.205078125 -1.953125 0.1328125
0.322265625 -1.921875 -0.0888671875
0.439453125 -1.859375 -0.091796875
0.568359375 -1.796875 -0.310546875
0.482421875 -1.796875 -0.125
0.041015625 -1.890625 0.12744140625
0.560546875 -1.765625 -0.09423828125
0.291015625 -1.765625 0.1240234375
0.583984375 -1.671875 -0.1298828125
0.400390625 -1.640625 0.119873046875
0.244140625 -1.671875 -0.55029296875
0.630859375 -1.578125 -0.32470703125
0.638671875 -1.546875 -0.10693359375
0.501953125 -1.578125 -0.55126953125
0.615234375 -1.546875 -0.55126953125
0.505859375 -1.546875 0.116455078125
0.361328125 -1.578125 -0.55517578125
0.501953125 -1.515625 0.3397216796875
0.353515625 -1.453125 0.3355712890625
0.603515625 -1.359375 0.107666015625
0.583984375 -1.328125 0.3328857421875
0.056640625 -1.421875 0.33056640625
0.623046875 -1.296875 -0.1494140625
-0.076171875 -1.421875 0.3280029296875
0.173828125 -1.296875 0.3260498046875
0.666015625 -1.046875 0.3212890625
0.658203125 -1.046875 -0.13330078125
0.646484375 -1.046875 -0.3564453125
0.654296875 -0.984375 0.08984375
0.755859375 -0.921875 -0.361328125
0.646484375 -0.796875 -0.17529296875
0.474609375 -0.671875 0.502227783203125
0.705078125 -0.609375 0.3028564453125
0.689453125 -0.578125 -0.16015625
0.685546875 -0.546875 0.067626953125
0.576171875 -0.546875 0.499481201171875
0.548828125 -0.546875 0.528961181640625
0.833984375 -0.421875 0.49798583984375
0.376953125 -0.453125 0.523529052734375
0.673828125 -0.390625 -0.19775390625
0.751953125 -0.234375 0.28564453125
0.345703125 -0.265625 0.74169921875
0.705078125 -0.109375 -0.41259765625
0.455078125 -0.140625 0.73828125
0.708984375 -0.078125 0.044189453125
0.048828125 -0.203125 0.737060546875
0.693359375 -0.015625 -0.19091796875
0.150390625 -0.046875 0.732421875
0.771484375 0.203125 -0.431640625
0.666015625 0.234375 -0.23046875
0.767578125 0.265625 0.2642822265625
-0.708984375 -0.046875 0.7244873046875
-0.865234375 -0.015625 0.7215576171875
0.716796875 0.484375 -0.2197265625
0.724609375 0.515625 0.015380859375
-0.544921875 0.421875 0.4496612548828125
0.798828125 0.765625 0.241455078125
0.681640625 0.765625 -0.2587890625
0.751953125 0.953125 -0.24560546875
0.736328125 1.078125 -0.01318359375
0.705078125 1.140625 -0.4892578125
0.798828125 1.296875 -0.73974609375
0.712890625 1.296875 -0.28759765625
0.814453125 1.328125 0.216796875
0.658203125 1.296875 -0.74169921875
0.798828125 1.453125 -0.03125
0.751953125 1.609375 -0.28271484375
-0.498046875 1.359375 0.41552734375
0.740234375 1.609375 -0.51904296875
0.486328125 1.578125 0.6807861328125
-0.521484375 1.390625 0.44195556640625
0.865234375 1.703125 -0.52197265625
-0.662109375 1.421875 0.4112548828125
0.728515625 1.796875 0.44012451171875
0.720703125 1.859375 0.4114990234375
0.556640625 1.890625 0.434539794921875
0.826171875 1.953125 0.188720703125
