REGULAR_VEHICLE
0.44140625 -0.7734375 0.038330078125
0.390625 0.75 0.579345703125
0.9453125 -0.6953125 -0.1190185546875
-0.19140625 -0.5078125 0.679443359375
-1.125 -0.75 0.692626953125
0.03125 -0.5 0.733154296875
-1.7578125 -0.9921875 -0.0445556640625
0.99609375 -0.5703125 0.347900390625
0.7421875 0.90625 0.465087890625
1.796875 -0.5078125 0.037109375
1.12109375 -0.5390625 0.247314453125
-0.96484375 -0.578125 0.649169921875
0.0625 -0.2578125 -0.691650390625
1.53125 -0.6171875 0.00537109375
-0.41796875 -0.65625 0.462158203125
-0.48046875 -0.890625 -0.0711669921875
0.5 -0.765625 0.0361328125
-0.91796875 -0.8203125 0.422607421875
0.75 -0.59375 0.258056640625
-1.62890625 -0.8125 0.425537109375
-0.8515625 -0.7265625 0.416748046875
-1.701171875 0.59375 -0.73681640625
0.8125 -0.578125 0.256103515625
-0.4453125 0.375 0.404541015625
1.53125 -0.6171875 -0.66455078125
1.46875 -0.640625 0.008056640625
-0.20703125 -0.5234375 0.736083984375
-0.95703125 -0.7109375 0.416748046875
0.28125 -0.21875 -0.673828125
-0.75390625 -0.65625 0.651611328125
-0.2265625 -0.796875 0.286376953125
-0.76171875 -0.6875 0.467041015625
-1.607421875 0.609375 -0.765869140625
-1.1796875 -0.84375 0.392333984375
0.6796875 -0.734375 0.03125
-1.0078125 -0.8203125 0.389404296875
1.30859375 -0.6796875 -0.36090087890625
0.94140625 0.9375 0.257080078125
1.23828125 -0.5546875 0.246826171875
-1.556640625 -1.0390625 -0.55908203125
-1.736328125 -0.84375 0.304931640625
-0.5390625 -0.890625 -0.0701904296875
-1.58203125 -0.890625 -0.275177001953125
1.96484375 -0.5546875 -0.15948486328125
-0.2421875 -0.859375 0.1064453125
-1.15234375 -0.9921875 0.075439453125
-0.859375 -0.875 0.299560546875
-0.6171875 -0.578125 0.740966796875
1.9296875 -0.4765625 0.03125
0.953125 -0.6875 -0.34930419921875
-0.984375 -0.9375 0.122802734375
-0.31640625 -0.4609375 0.824951171875
-0.0625 -0.609375 0.550048828125
-1.744140625 -0.171875 0.730224609375
-0.140625 -0.703125 0.372802734375
1.08984375 -0.6484375 0.064697265625
1.52734375 -0.5859375 0.049560546875
-1.58203125 -0.890625 -0.275177001953125
1.3046875 -0.5234375 0.243408203125
0.30078125 0.1875 0.844482421875
-1.5390625 -0.984375 0.133056640625
-1.84765625 -0.046875 0.534423828125
0.640625 -0.578125 0.354736328125
-1.83984375 -0.796875 0.302490234375
-1.68359375 -0.875 0.306884765625
0.09765625 -0.2578125 -0.6650390625
0.34765625 -0.1953125 -0.678466796875
0.90625 -0.21875 -0.72265625
-1.265625 -0.953125 -0.5751953125
-1.765625 0.59375 0.348388671875
-0.16015625 -0.5390625 0.362548828125
-1.9765625 -0.59375 0.289794921875
0.6171875 -0.7578125 0.03369140625
-1.23046875 -0.8046875 0.478271484375
0.2734375 0.578125 0.636474609375
1.17578125 -0.546875 0.247314453125
-0.1875 -0.8515625 -0.303497314453125
-0.58984375 -0.90625 -0.2893829345703125
-1.08984375 -0.8984375 0.303466796875
-0.671875 -0.515625 0.827880859375
-0.53515625 -0.890625 0.0615234375
-0.70703125 -0.9140625 0.065185546875
-1.509765625 -0.8515625 0.395263671875
-1.01953125 -0.609375 0.744873046875
-0.51171875 -0.4296875 0.677978515625
1.3359375 -0.671875 -0.651123046875
1.08984375 -0.6484375 0.064697265625
-1.7265625 -0.828125 0.395263671875
-0.34375 0.828125 0.480224609375
-1.68359375 -0.875 0.306884765625
-0.80859375 -0.65625 0.652099609375
-1.34375 -0.8203125 0.479736328125
-0.84765625 -0.7890625 -0.2967071533203125
1.23046875 -0.546875 -0.693359375
-0.47265625 -0.8671875 -0.2955169677734375
-1.341796875 -0.8515625 0.393798828125
-1.9921875 -0.734375 0.06103515625
-0.55078125 -0.4921875 0.826904296875
-0.9609375 -0.6171875 0.744873046875
-1.078125 -0.6171875 0.744873046875
1.50390625 -0.6328125 -0.69384765625
-0.921875 -0.6484375 0.652587890625
-0.37109375 -0.8828125 -0.0743408203125
0.68359375 -0.6171875 0.260986328125
-0.0625 -0.8203125 0.100341796875
-1.373046875 -0.9765625 -0.552734375
1.27734375 -0.625 0.05810546875
-1.689453125 -0.40625 0.680419921875
0.20703125 -0.8125 0.044677734375
-1.546875 -1.0234375 -0.0440673828125
1.5390625 -0.3671875 0.228271484375
0.9453125 -0.6953125 -0.1190185546875
1.43359375 -0.6640625 -0.3662109375
1.22265625 -0.6640625 -0.6484375
-0.7734375 -0.7578125 0.383056640625
-0.97265625 -0.8828125 0.301025390625
-0.64453125 -0.8984375 0.114990234375
-0.23046875 -0.5859375 0.550537109375
-1.15234375 -0.96875 -0.55712890625
-1.5078125 -0.5078125 0.742919921875
0.2734375 -0.4921875 0.675537109375
1.1328125 -0.671875 -0.356201171875
0.95703125 -0.6875 0.070068359375
-1.1875 -0.78125 0.422119140625
0.73828125 0.90625 0.261962890625
-0.58203125 -0.5546875 -0.63916015625
-1.587890625 -0.9765625 0.133056640625
-0.78125 -0.71875 -0.305511474609375
-0.37109375 -0.8828125 0.05859375
-1.04296875 0.265625 0.803466796875
-1.58203125 -0.9140625 0.308837890625
0.82421875 -0.7109375 -0.3436279296875
-0.19921875 -0.8671875 -0.0787353515625
-0.7578125 -0.90625 0.11767578125
0.5 -0.765625 0.0361328125
-0.3359375 -0.1796875 -0.69091796875
0.22265625 -0.21875 -0.67236328125
0.61328125 -0.4765625 0.632080078125
-1.408203125 -0.796875 0.424072265625
1.50390625 -0.6328125 -0.69384765625
-0.33984375 -0.5234375 0.454345703125
-0.41796875 -0.875 0.1103515625
-1.935546875 -0.671875 0.294677734375
-0.8671875 -0.6484375 0.652099609375
-0.703125 -0.59375 -0.63134765625
1.9296875 -0.4765625 0.03125
1.58203125 -0.578125 -0.146240234375
-0.59765625 -0.8984375 -0.0684814453125
-1.787109375 -0.046875 0.724853515625
0.61328125 -0.4765625 0.632080078125
-1.1015625 -0.9765625 -0.556884765625
0.7265625 0.921875 0.313232421875
-0.40625 -0.609375 0.553466796875
-0.3125 -0.875 -0.0760498046875
-0.4921875 -0.484375 0.825927734375
0.81640625 -0.6328125 0.395751953125
0.03515625 -0.828125 0.048583984375
-1.37890625 -0.7109375 0.565673828125
1.50390625 -0.6328125 -0.69384765625
1.88671875 -0.5859375 -0.3897705078125
0.03515625 -0.828125 0.048583984375
-0.0078125 -0.8203125 0.09912109375
0.73828125 -0.4765625 0.388427734375
-0.82421875 -0.9453125 -0.0611572265625
1.92578125 -0.5078125 -0.011474609375
0.796875 -0.71875 0.027587890625
-0.140625 -0.703125 0.372802734375
-0.0625 -0.8203125 0.100341796875
1.2890625 -0.640625 0.01220703125
-1.5546875 -0.671875 0.690185546875
0.70703125 -0.7265625 -0.33837890625
1.3359375 -0.6171875 0.056396484375
-1.14453125 -0.625 0.559814453125
-1.91015625 -0.4296875 -0.630615234375
1.5078125 -0.6328125 -0.37249755859375
1.59765625 -0.5703125 0.046875
-0.8515625 -0.828125 0.476318359375
-0.84765625 -0.7890625 -0.2967071533203125
-1.916015625 -0.9296875 -0.26648712158203125
-0.80859375 -0.65625 0.652099609375
0.66015625 0.90625 0.314697265625
-0.32421875 -0.5390625 0.738037109375
-0.51953125 -0.515625 -0.6455078125
-1.5078125 -0.5078125 0.742919921875
-1.919921875 -0.609375 0.382568359375
-1.451171875 -0.8125 0.479736328125
-0.5703125 -0.8359375 0.293701171875
0.7265625 0.921875 0.313232421875
-0.30859375 -0.4296875 0.357666015625
-1.787109375 0.015625 0.626220703125
-0.2421875 0.71875 0.633544921875
-1.5546875 -0.671875 0.690185546875
-0.52734375 -0.890625 0.113037109375
1.88671875 -0.5859375 -0.3897705078125
-0.51953125 -0.515625 -0.6455078125
0.37109375 -0.5 0.635498046875
-1.625 -0.515625 0.650146484375
0.5546875 -0.484375 0.633056640625
-1.2109375 -0.953125 0.127197265625
-1.400390625 -0.859375 0.394775390625
