REGULAR_VEHICLE
1.546875 -0.1739501953125 -0.31829833984375
1.546875 -0.0411376953125 -0.31854248046875
1.546875 0.0906982421875 -0.31805419921875
1.546875 0.5662841796875 -0.53631591796875
1.515625 0.2244873046875 -0.31854248046875
1.515625 0.1610107421875 -0.09857177734375
1.515625 0.4891357421875 -0.31829833984375
1.484375 -0.2276611328125 -0.10052490234375
1.484375 -0.0655517578125 0.11920166015625
1.484375 0.0740966796875 0.11968994140625
1.453125 -0.3155517578125 0.11822509765625
1.453125 -0.1837158203125 0.11871337890625
1.484375 0.7088623046875 -0.53875732421875
1.453125 0.2889404296875 -0.09954833984375
1.453125 0.2069091796875 0.11968994140625
1.421875 -0.5797119140625 0.11627197265625
1.421875 -0.3585205078125 -0.10247802734375
1.421875 -0.4610595703125 0.11724853515625
1.453125 0.5604248046875 -0.09906005859375
1.421875 0.1512451171875 -0.7648468017578125
1.421875 0.1756591796875 -0.54217529296875
1.421875 0.3416748046875 0.11920166015625
1.421875 0.6268310546875 -0.32049560546875
1.359375 0.2860107421875 -0.7670841217041016
1.328125 -0.7169189453125 0.11431884765625
1.359375 0.4705810546875 0.11822509765625
1.328125 0.6112060546875 0.11822509765625
1.296875 0.6951904296875 -0.10247802734375
1.296875 0.8358154296875 -0.10296630859375
1.234375 0.7694091796875 -0.32586669921875
1.171875 0.1112060546875 -0.37933349609375
1.171875 0.2440185546875 -0.37982177734375
1.171875 0.3748779296875 -0.37957763671875
1.171875 0.4276123046875 -0.7741279602050781
1.171875 0.5076904296875 -0.37982177734375
1.109375 0.3641357421875 0.05767822265625
1.046875 -0.9713134765625 0.10748291015625
1.078125 0.4940185546875 -0.16204833984375
1.046875 0.2186279296875 -0.16302490234375
1.046875 0.3651123046875 -0.16351318359375
1.046875 0.6307373046875 -0.16351318359375
0.953125 -0.6729736328125 0.33160400390625
0.984375 0.4959716796875 0.05523681640625
0.984375 0.7049560546875 -0.7820205688476562
0.921875 0.7557373046875 -0.16644287109375
0.921875 0.7674560546875 0.11090087890625
0.890625 0.8416748046875 -1.01031494140625
0.859375 -0.0001220703125 0.33258056640625
0.859375 0.1356201171875 0.33258056640625
0.828125 -0.7974853515625 0.32965087890625
0.859375 0.2703857421875 0.33355712890625
0.828125 -0.4014892578125 0.33062744140625
0.828125 -0.2677001953125 0.33160400390625
0.828125 -0.1329345703125 0.33160400390625
0.796875 -0.5460205078125 0.05133056640625
0.828125 0.6815185546875 0.33453369140625
0.765625 -0.9312744140625 0.32769775390625
0.796875 0.5740966796875 -0.7901153564453125
0.796875 0.8123779296875 0.33355712890625
0.765625 0.6483154296875 0.05084228515625
0.765625 0.7811279296875 0.05133056640625
0.671875 -1.1014404296875 0.10015869140625
0.671875 -0.8038330078125 0.04937744140625
0.671875 -1.0648193359375 0.32672119140625
0.578125 0.9237060546875 -0.17474365234375
0.453125 0.1551513671875 0.55328369140625
0.421875 -0.7872314453125 0.55035400390625
0.484375 1.1014404296875 0.33062744140625
0.453125 0.9608154296875 0.32965087890625
0.328125 -0.8233642578125 0.26617431640625
0.328125 -0.5445556640625 0.77593994140625
0.296875 -0.9278564453125 0.54840087890625
0.265625 -1.0570068359375 0.54742431640625
0.265625 -0.6866455078125 0.77593994140625
0.203125 0.6834716796875 0.78082275390625
0.109375 -0.8062744140625 0.77496337890625
0.171875 0.8280029296875 0.78082275390625
0.078125 -0.9429931640625 0.77398681640625
0.046875 0.9510498046875 0.49273681640625
-0.046875 -0.8135986328125 0.49078369140625
-0.140625 -0.1085205078125 1.00543212890625
-0.203125 -0.8292236328125 0.71636962890625
-0.140625 0.7947998046875 0.71734619140625
-0.171875 0.0155029296875 1.00640869140625
-0.171875 0.2996826171875 1.00738525390625
-0.203125 -0.3966064453125 1.00445556640625
-0.203125 -0.2452392578125 1.00543212890625
-0.203125 0.1619873046875 1.00738525390625
-0.265625 -0.5191650390625 1.00445556640625
-0.234375 0.4403076171875 1.00836181640625
-0.328125 -0.6632080078125 1.00445556640625
-0.296875 0.5760498046875 1.00933837890625
-0.390625 -0.1290283203125 0.94390869140625
-0.359375 0.7244873046875 1.01031494140625
-0.421875 -0.8072509765625 1.00445556640625
-0.421875 -0.4034423828125 0.94390869140625
-0.421875 -0.2657470703125 0.94390869140625
-0.390625 0.8260498046875 0.94488525390625
-0.453125 -0.5391845703125 0.94390869140625
-0.484375 -0.6832275390625 0.94390869140625
-0.515625 -0.9307861328125 1.00347900390625
-0.546875 -0.4976806640625 0.54254150390625
-0.546875 -0.8057861328125 0.94390869140625
-1.546875 0.0975341796875 0.53668212890625
