REGULAR_VEHICLE
1.953125 -0.06497955322265625 0.022705078125
-1.203125 -0.00201416015625 0.74169921875
1.546875 -0.867919921875 0.08544921875
0.5 0.622802734375 0.2275390625
0.6953125 -0.109405517578125 0.236328125
1.515625 -0.16162109375 0.185546875
0.796875 0.35302734375 -0.712646484375
0.5625 -0.414794921875 0.22802734375
-0.5625 0.0755615234375 0.38427734375
1.875 -0.516845703125 0.015380859375
1.765625 0.047607421875 0.10400390625
1.953125 -0.345947265625 0.021728515625
0.703125 -0.23046875 0.236328125
1.640625 -0.003173828125 -0.2315673828125
1.953125 -0.345947265625 0.021728515625
1.8984375 -0.2327880859375 0.1123046875
0.5703125 0.37548828125 0.23095703125
0.5703125 0.37548828125 0.23095703125
1.609375 0.052978515625 -0.23388671875
1.2265625 -0.811767578125 0.1650390625
1.859375 0.268798828125 0.01708984375
-1.296875 0.19677734375 0.74072265625
-0.484375 0.150146484375 0.71240234375
0.0859375 0.521240234375 0.51953125
1.484375 0.2373046875 0.1845703125
1.5859375 -0.808349609375 0.08837890625
-0.46875 0.0853271484375 0.71240234375
1.90625 0.163818359375 -0.16845703125
0.5703125 -0.655517578125 0.2275390625
0.7109375 0.01165771484375 0.23779296875
0.5625 -0.475830078125 0.22802734375
1.6328125 -0.864501953125 -0.004150390625
1.8203125 0.1112060546875 -0.175537109375
1.7578125 -0.633544921875 0.00634765625
1.2265625 -0.811767578125 0.1650390625
0.453125 -0.30029296875 0.32421875
1.53125 -0.752685546875 0.0849609375
1.828125 -0.678955078125 -0.178466796875
-0.46875 -0.04400634765625 0.71240234375
1.609375 0.052978515625 -0.23388671875
0.7890625 0.531005859375 -0.71337890625
1.5859375 -0.808349609375 0.08837890625
-0.125 -0.2679443359375 0.61474609375
1.5703125 -0.283935546875 -0.237060546875
0.4609375 0.30810546875 0.32666015625
0.71875 0.1326904296875 0.23828125
0.375 -0.844482421875 0.2158203125
1.328125 0.529541015625 0.17578125
0.09375 0.457763671875 0.52001953125
-0.546875 0.1419677734375 0.27734375
1.9296875 0.445068359375 -0.166015625
-0.328125 -0.651611328125 0.60693359375
1.703125 0.1651611328125 0.1005859375
0.1953125 0.0081787109375 0.31298828125
1.8515625 -0.171875 -0.174072265625
0.3671875 0.557373046875 0.32275390625
-0.640625 0.610595703125 0.49267578125
1.578125 -0.693115234375 0.08837890625
0.703125 -0.291015625 0.236328125
-0.75 0.510009765625 0.59716796875
1.015625 -0.836669921875 -0.693359375
1.6328125 -0.453857421875 -0.232177734375
1.953125 -0.1773681640625 0.022216796875
1.953125 -0.345947265625 0.021728515625
1.59375 -0.05902099609375 -0.235595703125
1.5 -0.456298828125 0.18310546875
1.28125 -0.750732421875 0.1689453125
0.6171875 -0.674560546875 -0.736083984375
1.3671875 0.411376953125 0.177734375
1.9296875 -0.458984375 0.01953125
-0.21875 0.365478515625 0.61376953125
1.328125 0.529541015625 0.17578125
1.6796875 0.561767578125 0.00390625
0.7890625 -0.00567626953125 -0.7138671875
0.6796875 -0.1700439453125 0.2353515625
1.921875 0.22265625 -0.166748046875
1.484375 0.2373046875 0.1845703125
-0.078125 -0.2042236328125 0.61669921875
1.875 -0.904052734375 -0.36456298828125
1.7265625 -0.402587890625 0.10009765625
1.3671875 0.411376953125 0.177734375
0.6484375 -0.237060546875 0.33447265625
-0.734375 -0.770751953125 0.26416015625
0.703125 -0.291015625 0.236328125
1.359375 -0.993408203125 0.072265625
-0.1875 0.30126953125 0.61474609375
-0.53125 -0.23828125 0.70947265625
1.875 -0.510498046875 -0.173095703125
1.875 -0.904052734375 -0.36456298828125
1.578125 -0.693115234375 0.08837890625
0.703125 -0.23046875 0.236328125
1.9140625 0.216796875 0.020751953125
0.6484375 -0.115692138671875 0.3349609375
-0.1875 0.30126953125 0.61474609375
0.3671875 0.557373046875 0.32275390625
1.578125 -0.2330322265625 -0.2366943359375
1.578125 -0.2330322265625 -0.2366943359375
1.5 -0.456298828125 0.18310546875
1.640625 0.683837890625 -0.190185546875
1.3671875 0.411376953125 0.177734375
0.7890625 -0.00567626953125 -0.7138671875
0.4609375 0.30810546875 0.32666015625
-0.546875 0.156005859375 0.49462890625
-0.78125 -0.4375 0.70263671875
1.484375 0.2373046875 0.1845703125
1.5234375 0.1787109375 0.18701171875
1.40625 -0.629638671875 0.1767578125
-0.15625 0.240234375 0.61474609375
1.6171875 0.511474609375 0.09521484375
1.6796875 0.561767578125 0.00390625
0.796875 0.35302734375 -0.712646484375
1.859375 -0.2283935546875 -0.173583984375
1.8515625 -0.23681640625 -0.597900390625
-0.59375 -0.3038330078125 0.70849609375
0.609375 -0.06572723388671875 -0.734375
0.1796875 -0.11810302734375 0.416015625
0.5703125 -0.734130859375 -0.74169921875
0.671875 -0.55126953125 -0.72900390625
1.265625 0.649169921875 0.17236328125
0.6484375 -0.115692138671875 0.3349609375
1.75 -0.17718505859375 0.1025390625
-0.5625 0.0755615234375 0.38427734375
-0.0625 0.112060546875 0.61767578125
0.1953125 0.0081787109375 0.31298828125
1.6953125 -0.345947265625 0.09814453125
1.828125 -0.678955078125 -0.178466796875
0.671875 -0.55126953125 -0.72900390625
0.609375 -0.06572723388671875 -0.734375
0.09375 0.457763671875 0.52001953125
-1.296875 0.19677734375 0.74072265625
-0.203125 -0.396240234375 0.61181640625
0.7734375 0.1151123046875 -0.71533203125
1.875 -0.516845703125 0.015380859375
1.8046875 -0.123016357421875 0.10595703125
1.875 -0.510498046875 -0.173095703125
-0.21875 0.365478515625 0.61376953125
1.7421875 0.335693359375 0.10302734375
0.53125 0.434814453125 0.33056640625
1.84375 0.673583984375 -0.363037109375
1.640625 -0.003173828125 -0.2315673828125
1.7578125 -0.633544921875 0.00634765625
1.984375 0.1644287109375 -0.34967041015625
0.5625 -0.414794921875 0.22802734375
-0.515625 0.215576171875 0.71142578125
1.859375 0.268798828125 0.01708984375
0.7734375 0.595458984375 -0.715087890625
-0.515625 0.215576171875 0.71142578125
-1.265625 -0.1405029296875 0.74072265625
-0.015625 -0.159912109375 0.513671875
0.5703125 -0.655517578125 0.2275390625
-1.984375 0.993408203125 -0.729736328125
1.921875 0.22265625 -0.166748046875
0.703125 -0.23046875 0.236328125
1.7421875 0.386962890625 0.10302734375
0.6484375 -0.115692138671875 0.3349609375
1.515625 -0.16162109375 0.185546875
-0.203125 -0.396240234375 0.61181640625
-0.546875 0.1419677734375 0.27734375
1.828125 -0.789306640625 -0.178955078125
1.5234375 0.00848388671875 0.1865234375
-0.671875 -0.0526275634765625 0.2705078125
1.9375 0.16015625 0.02197265625
0.703125 -0.291015625 0.236328125
-0.46875 0.0853271484375 0.71240234375
-1.265625 -0.1405029296875 0.74072265625
0.1484375 0.0709228515625 0.31103515625
-1.234375 -0.0678558349609375 0.74169921875
0.640625 0.31298828125 0.23486328125
1.3984375 0.745361328125 -0.646728515625
1.9375 0.16015625 0.02197265625
0.375 -0.844482421875 0.2158203125
1.53125 -0.752685546875 0.0849609375
1.7421875 0.386962890625 0.10302734375
1.9375 0.556396484375 -0.35394287109375
0.6484375 -0.115692138671875 0.3349609375
0.2421875 0.695556640625 0.21337890625
1.8203125 -0.285400390625 -0.177001953125
0.5078125 0.438720703125 0.2275390625
1.7421875 0.386962890625 0.10302734375
1.8203125 -0.285400390625 -0.177001953125
-0.578125 0.281494140625 0.71044921875
1.28125 -0.750732421875 0.1689453125
0.6953125 -0.109405517578125 0.236328125
0.1484375 0.0709228515625 0.31103515625
1.5234375 -0.392333984375 0.18505859375
0.6171875 -0.674560546875 -0.736083984375
1.84375 0.673583984375 -0.363037109375
1.484375 -0.283203125 0.18310546875
0.71875 0.1326904296875 0.23828125
0.2421875 0.695556640625 0.21337890625
1.5234375 0.00848388671875 0.1865234375
1.28125 -0.750732421875 0.1689453125
1.6328125 -0.864501953125 -0.004150390625
1.9296875 -0.732666015625 -0.358642578125
-0.1875 0.30126953125 0.61474609375
1.6953125 -0.345947265625 0.09814453125
1.6171875 0.511474609375 0.09521484375
1.8203125 -0.285400390625 -0.177001953125
1.484375 -0.283203125 0.18310546875
1.640625 -0.003173828125 -0.2315673828125
