REGULAR_VEHICLE
-0.6640625 -0.109375 0.481689453125
-0.1640625 -0.15625 0.01715087890625
-0.4140625 0.0625 0.471435546875
-0.0546875 -0.15625 -0.30615234375
-0.1328125 -0.09375 -0.630126953125
-0.0546875 -0.15625 -0.630126953125
-0.0390625 -0.15625 0.01251220703125
-0.2890625 0.0625 0.468994140625
-0.1015625 -0.078125 0.173583984375
0.0703125 -0.15625 0.0091552734375
0.0078125 -0.09375 0.1710205078125
0.0703125 -0.140625 -0.31201171875
0.0703125 -0.140625 -0.636962890625
0.0546875 -0.046875 0.33056640625
0.1328125 -0.09375 0.1671142578125
0.1953125 -0.140625 -0.3162841796875
0.2109375 -0.140625 0.00335693359375
0.2109375 -0.140625 -0.643798828125
0.1640625 -0.046875 0.327392578125
0.2734375 -0.09375 0.1629638671875
0.3359375 -0.125 -0.00146484375
0.2890625 -0.0625 0.32470703125
0.3515625 -0.109375 -0.32421875
0.3828125 -0.09375 0.1591796875
0.1015625 0.15625 0.643798828125
0.1953125 0.09375 0.457275390625
0.1796875 0.109375 0.486083984375
0.2734375 0.0625 0.485107421875
0.1953125 0.140625 -0.16748046875
0.4140625 -0.046875 0.32080078125
0.2890625 0.0625 0.456298828125
0.2109375 0.15625 0.641845703125
0.5078125 -0.078125 -0.00927734375
0.5234375 -0.078125 0.154296875
0.3046875 0.140625 -0.171142578125
0.5390625 -0.0625 0.318115234375
0.4140625 0.0625 0.453857421875
0.3984375 0.078125 0.481689453125
0.3359375 0.15625 0.639404296875
0.6015625 -0.015625 -0.035491943359375
0.6640625 -0.0625 0.1492919921875
0.5703125 0.09375 0.448974609375
0.5546875 0.109375 0.477294921875
