REGULAR_VEHICLE
-0.73828125 -1.984375 -0.3594970703125
-0.70703125 -1.9375 0.13232421875
-0.79296875 -1.875 -0.20330810546875
-0.60546875 -1.9375 0.596435546875
-0.55078125 -1.953125 0.625732421875
-0.41015625 -1.984375 0.595947265625
-0.41796875 -1.890625 0.623291015625
-0.20703125 -1.984375 0.760498046875
-0.71484375 -1.671875 -0.37841796875
-0.28515625 -1.84375 0.620361328125
-0.10546875 -1.921875 0.620849609375
-0.69140625 -1.625 0.11865234375
-0.01171875 -1.953125 0.620849609375
-0.07421875 -1.921875 0.758544921875
-0.24609375 -1.8125 0.757568359375
-0.33203125 -1.75 0.756591796875
0.20703125 -1.984375 0.619384765625
0.03515625 -1.890625 0.757080078125
-0.74609375 -1.5 -0.3883056640625
-0.74609375 -1.5 0.114013671875
-0.40234375 -1.65625 0.755126953125
0.12890625 -1.90625 0.618408203125
-0.83203125 -1.4375 -0.22645807266235352
0.14453125 -1.90625 0.756591796875
-0.48828125 -1.546875 0.614501953125
-0.33984375 -1.609375 0.784423828125
0.12890625 -1.78125 0.784423828125
0.23046875 -1.8125 0.784423828125
0.32421875 -1.859375 0.785400390625
0.05078125 -1.71875 0.784423828125
-0.02734375 -1.65625 0.783447265625
-0.41796875 -1.453125 0.751708984375
0.48046875 -1.890625 0.754638671875
0.42578125 -1.859375 0.784423828125
0.74609375 -2.0 0.614501953125
-0.09765625 -1.5625 0.781494140625
-0.51171875 -1.3125 0.609130859375
0.61328125 -1.84375 0.752685546875
0.56640625 -1.796875 0.781494140625
-0.16015625 -1.4375 0.779541015625
-0.69140625 -1.078125 0.095947265625
-0.68359375 -1.046875 -0.4156494140625
0.71484375 -1.734375 0.779541015625
-0.75390625 -0.953125 -0.253692626953125
-0.41015625 -1.125 0.745361328125
-0.82421875 -0.84375 -0.4248046875
-0.48828125 -1.0 0.600341796875
-0.72265625 -0.875 0.232177734375
-0.71484375 -0.859375 -0.0860595703125
-0.71484375 -0.859375 0.086669921875
-0.51953125 -0.890625 0.570068359375
-0.40234375 -0.84375 0.739990234375
-0.66015625 -0.6875 -0.4376220703125
-0.73828125 -0.640625 -0.0960693359375
-0.73046875 -0.640625 0.07763671875
-0.62890625 -0.6875 0.419189453125
-0.46484375 -0.6875 0.592041015625
-0.49609375 -0.46875 0.586181640625
-0.37890625 -0.5 0.733154296875
-0.46484375 -0.453125 0.558837890625
-0.68359375 -0.1875 -0.4666748046875
-0.64453125 -0.140625 0.0546875
-0.49609375 -0.1875 0.578857421875
-0.44921875 -0.109375 0.550048828125
-0.60546875 0.03125 0.198974609375
-0.34765625 -0.09375 0.725341796875
-0.69140625 0.109375 -0.48388671875
-0.56640625 0.0625 0.394775390625
-0.65234375 0.1875 0.041015625
-0.63671875 0.1875 0.219482421875
-0.65234375 0.21875 -0.670654296875
-0.45703125 0.15625 0.543701171875
-0.63671875 0.265625 0.190673828125
-0.70703125 0.3125 -0.142578125
-0.64453125 0.5 -0.50830078125
-0.58203125 0.671875 0.01953125
-0.76953125 0.84375 0.17138671875
-0.56640625 0.765625 -0.707275390625
-0.62890625 0.859375 -0.529296875
-0.63671875 0.90625 0.16796875
-0.47265625 0.921875 0.365966796875
-0.57421875 1.0 0.0048828125
-0.62890625 1.171875 -0.54833984375
-0.54296875 1.140625 -0.732666015625
-0.55078125 1.421875 -0.750732421875
-0.60546875 1.578125 -0.572998046875
-0.59765625 1.578125 -0.205657958984375
-0.48828125 1.9375 -0.785400390625
