REGULAR_VEHICLE
-0.416015625 -0.3046875 0.303192138671875
-0.70703125 -0.2734375 0.3012237548828125
-0.607421875 -0.2734375 0.3016510009765625
-0.46875 -0.2734375 0.2688446044921875
-0.8046875 -0.2421875 0.299774169921875
-0.90234375 -0.2265625 0.2982025146484375
-1.0078125 -0.2109375 0.13720703125
-0.6640625 -0.2265625 0.265899658203125
-1.0009765625 -0.1953125 0.2964019775390625
-0.763671875 -0.2109375 0.264984130859375
-0.56640625 -0.2265625 0.2663726806640625
-0.86328125 -0.1953125 0.26361083984375
-0.955078125 -0.1640625 0.2615966796875
-0.10546875 -0.2109375 0.4637451171875
-1.099609375 -0.1171875 0.2922515869140625
-1.0595703125 -0.0859375 0.257568359375
-1.197265625 -0.0390625 0.2874565124511719
-1.1591796875 0.0078125 0.252197265625
-0.0078125 -0.0859375 0.625
-0.291015625 -0.0078125 0.453857421875
-0.615234375 0.0078125 -0.71435546875
0.66015625 -0.1171875 -0.7060546875
0.27734375 0.0390625 -0.71923828125
0.48046875 0.0234375 -0.71826171875
0.583984375 0.0703125 -0.72314453125
0.787109375 0.0859375 -0.72509765625
0.544921875 0.1484375 0.74658203125
-0.091796875 0.2421875 0.609619140625
0.44140625 0.1953125 0.7451171875
0.642578125 0.1796875 0.74560546875
0.34375 0.2578125 0.742919921875
0.8984375 0.2265625 -0.73876953125
1.0 0.2265625 -0.73974609375
0.75 0.3046875 0.7412109375
1.103515625 0.2421875 -0.74169921875
1.197265625 0.2890625 -0.74658203125
