REGULAR_VEHICLE
-0.1142578125 -1.8125 0.1287841796875
0.0859375 -1.796875 0.1304931640625
0.5791015625 -1.765625 -0.177978515625
-0.0087890625 -1.796875 0.1295166015625
-0.0341796875 -1.796875 0.16461181640625
0.19921875 -1.78125 0.130126953125
0.1708984375 -1.78125 0.16595458984375
0.2734375 -1.78125 -0.531494140625
-0.3271484375 -1.8125 0.12646484375
-0.1396484375 -1.796875 0.1644287109375
0.0595703125 -1.78125 0.1650390625
-0.0478515625 -1.796875 -0.534423828125
0.162109375 -1.78125 -0.533447265625
-0.2236328125 -1.796875 0.126708984375
-0.2509765625 -1.796875 0.16259765625
0.0576171875 -1.78125 -0.533935546875
0.3837890625 -1.75 0.1656494140625
0.37109375 -1.75 -0.004150390625
0.681640625 -1.734375 -0.179443359375
0.3662109375 -1.75 -0.181640625
0.2724609375 -1.75 0.16455078125
0.056640625 -1.765625 -0.18310546875
0.2607421875 -1.75 -0.18212890625
-0.1552734375 -1.78125 -0.536865234375
0.4697265625 -1.734375 -0.181640625
0.4052734375 -1.734375 0.12939453125
0.1611328125 -1.75 -0.1826171875
0.30078125 -1.734375 0.129150390625
0.486328125 -1.71875 0.1649169921875
0.4775390625 -1.71875 -0.005615234375
0.0625 -1.734375 -0.0078125
-0.2568359375 -1.765625 -0.538818359375
-0.1552734375 -1.75 -0.185546875
-0.4404296875 -1.765625 0.122802734375
-0.0439453125 -1.734375 -0.0087890625
-0.0517578125 -1.734375 -0.185791015625
0.5771484375 -1.703125 -0.534423828125
-0.2685546875 -1.734375 -0.18798828125
-0.1455078125 -1.71875 0.33624267578125
-0.3583984375 -1.734375 0.15869140625
-0.3603515625 -1.734375 -0.011962890625
0.5791015625 -1.671875 -0.00732421875
0.5048828125 -1.671875 0.127197265625
-0.4677734375 -1.734375 -0.013671875
-0.3662109375 -1.734375 -0.542724609375
-0.6865234375 -1.75 -0.191650390625
-0.5517578125 -1.734375 0.119873046875
0.57421875 -1.65625 0.16131591796875
-0.4716796875 -1.734375 -0.543701171875
-0.4736328125 -1.71875 0.15618896484375
0.67578125 -1.640625 -0.00927734375
-0.3740234375 -1.703125 -0.19140625
-0.5712890625 -1.703125 0.1544189453125
0.2763671875 -1.640625 0.3358154296875
-0.5888671875 -1.703125 -0.194091796875
-0.4833984375 -1.6875 -0.194091796875
-0.3583984375 -1.671875 0.3319091796875
-0.2529296875 -1.65625 0.33209228515625
-0.6611328125 -1.6875 0.115966796875
-0.5849609375 -1.6875 -0.549072265625
0.5927734375 -1.59375 0.1241455078125
-0.5830078125 -1.671875 -0.01904296875
-0.4658203125 -1.65625 0.33026123046875
0.37109375 -1.59375 0.333740234375
-0.6904296875 -1.671875 -0.019775390625
-0.0517578125 -1.609375 0.33123779296875
0.6650390625 -1.578125 -0.544677734375
-0.8095703125 -1.671875 -0.1982421875
-0.6826171875 -1.65625 0.15118408203125
0.580078125 -1.5625 0.33355712890625
-0.7744140625 -1.640625 0.112548828125
0.47265625 -1.546875 0.33203125
0.767578125 -1.53125 -0.19287109375
0.673828125 -1.53125 0.1552734375
-0.3720703125 -1.59375 0.5054931640625
0.4560546875 -1.546875 -0.548583984375
-0.7060546875 -1.625 -0.555419921875
-0.8037109375 -1.609375 -0.0244140625
0.478515625 -1.5 0.646484375
0.7724609375 -1.484375 -0.018310546875
0.5693359375 -1.484375 0.50732421875
-0.2783203125 -1.53125 0.5032958984375
0.0419921875 -1.5 0.50390625
-0.5888671875 -1.546875 0.3236083984375
0.263671875 -1.484375 0.64453125
0.068359375 -1.5 -0.594482421875
0.162109375 -1.484375 0.6435546875
-0.5947265625 -1.53125 0.5006103515625
0.173828125 -1.484375 -0.593994140625
0.458984375 -1.453125 0.505126953125
-0.0654296875 -1.484375 0.5028076171875
-0.4892578125 -1.515625 0.5008544921875
0.681640625 -1.4375 0.1162109375
0.3515625 -1.453125 0.50390625
-0.3720703125 -1.5 0.640380859375
-0.0419921875 -1.484375 -0.597412109375
0.697265625 -1.4375 -0.591552734375
-0.2666015625 -1.484375 0.640625
-0.1533203125 -1.484375 -0.598388671875
0.5908203125 -1.4375 -0.593017578125
-0.2548828125 -1.484375 -0.599853515625
0.2705078125 -1.4375 -0.596435546875
-0.9306640625 -1.515625 0.14019775390625
-0.4833984375 -1.46875 0.638427734375
-0.1767578125 -1.4375 0.5
-0.7119140625 -1.46875 0.3182373046875
0.3603515625 -1.390625 0.641845703125
-0.9052734375 -1.484375 0.1024169921875
-0.8134765625 -1.46875 0.317535400390625
-0.8173828125 -1.46875 0.13922119140625
0.33203125 -1.390625 -0.563232421875
0.6640625 -1.359375 0.502197265625
-0.1748046875 -1.40625 0.63818359375
-0.9326171875 -1.46875 -0.03515625
-0.0654296875 -1.390625 0.638427734375
-0.8310546875 -1.453125 -0.571044921875
-0.6005859375 -1.40625 0.634521484375
-0.4970703125 -1.390625 0.67431640625
0.0380859375 -1.34375 0.6376953125
0.03515625 -1.34375 0.676513671875
0.2412109375 -1.328125 0.6767578125
-0.2861328125 -1.359375 0.6748046875
0.140625 -1.328125 0.676513671875
0.341796875 -1.3125 0.677001953125
-0.6064453125 -1.375 0.6728515625
0.4521484375 -1.296875 0.677001953125
-0.0732421875 -1.328125 0.67529296875
-0.9521484375 -1.40625 -0.576416015625
-0.1826171875 -1.3125 0.673828125
-0.3974609375 -1.328125 0.672607421875
0.3583984375 -1.28125 -0.608154296875
0.7490234375 -1.25 0.1392822265625
-0.7275390625 -1.34375 0.4912109375
0.6474609375 -1.203125 0.315673828125
0.55078125 -1.1875 0.63525390625
-0.7314453125 -1.25 0.6279296875
0.736328125 -1.140625 -0.578857421875
0.4501953125 -1.140625 -0.617919921875
0.7744140625 -1.09375 -0.617431640625
0.5361328125 -1.0625 0.66796875
0.7353515625 -0.96875 0.48486328125
0.818359375 -0.890625 -0.236328125
-0.5595703125 -0.9375 0.830322265625
0.416015625 -0.84375 0.833251953125
0.6123046875 -0.78125 0.657470703125
0.8203125 -0.765625 0.112548828125
0.8447265625 -0.765625 -0.642333984375
0.8115234375 -0.765625 -0.608154296875
0.611328125 -0.734375 0.61865234375
0.703125 -0.5625 0.2831268310546875
0.486328125 -0.5625 0.823486328125
-0.4912109375 -0.578125 0.818603515625
0.6884765625 -0.375 0.605224609375
0.7822265625 -0.265625 0.452880859375
0.5517578125 -0.03125 0.805908203125
0.7626953125 0.0 0.2540931701660156
-0.3330078125 -0.046875 0.801513671875
-0.4521484375 -0.046875 0.801025390625
0.0947265625 0.078125 0.800048828125
-0.0185546875 0.078125 0.799072265625
-0.1357421875 0.078125 0.798583984375
0.208984375 0.109375 0.799560546875
0.8427734375 0.265625 0.0533447265625
0.837890625 0.265625 0.0230712890625
0.6328125 0.265625 0.61572265625
0.8330078125 0.4375 0.4210205078125
0.703125 0.53125 0.571044921875
0.03125 0.53125 0.4110107421875
0.91796875 0.6875 -0.153564453125
0.9150390625 0.78125 0.0247802734375
0.791015625 1.0 0.20245361328125
0.8984375 1.03125 0.3936767578125
0.896484375 1.125 0.19708251953125
0.857421875 1.375 -0.781494140625
0.740234375 1.40625 -0.784423828125
0.951171875 1.59375 -0.798095703125
0.9521484375 1.65625 -0.831298828125
0.833984375 1.65625 -0.833251953125
0.92578125 1.8125 -0.06201171875
