REGULAR_VEHICLE
1.0546875 1.1328125 0.2183837890625
0.0390625 0.4921875 0.5128173828125
-0.4609375 0.1484375 -0.8179931640625
0.2890625 -0.890625 -0.4810791015625
0.2734375 -1.0078125 0.1842041015625
0.7265625 -0.3203125 -0.6054229736328125
1.8671875 1.578125 -0.0316162109375
0.7421875 1.9140625 -0.552398681640625
0.1953125 -0.2578125 0.5303955078125
1.8359375 1.671875 -0.1829833984375
1.0703125 0.3671875 0.7100830078125
-0.1953125 -1.4453125 0.8477783203125
1.9609375 1.3203125 -0.3406982421875
0.4609375 -0.625 0.6729736328125
0.0859375 -1.15625 0.1632080078125
1.5390625 0.6796875 -0.0643310546875
0.2734375 -0.8984375 -0.3140869140625
1.4921875 1.40625 0.2593994140625
1.4609375 0.6171875 -0.6964111328125
1.5546875 1.328125 0.2593994140625
0.1953125 1.0703125 0.5479736328125
1.2890625 0.828125 0.2193603515625
-0.3984375 -1.3046875 -0.6937255859375
-0.4921875 -0.546875 -0.8443603515625
0.7578125 -0.28125 -0.2777099609375
0.3984375 -0.203125 0.8331298828125
0.2734375 -0.2734375 0.3643798828125
0.8984375 -0.1015625 -0.1053466796875
0.6640625 -0.3046875 0.7003173828125
0.5078125 0.6328125 0.8673095703125
0.9296875 0.1015625 0.8643798828125
1.6796875 0.984375 0.2559814453125
-0.3671875 -1.703125 0.6602783203125
1.3515625 0.46875 -0.0755615234375
0.6015625 -0.484375 -0.2899169921875
0.2734375 -0.9375 0.1705322265625
-0.1796875 -1.3203125 0.8487548828125
-0.1796875 -1.3359375 0.8282470703125
1.7265625 0.8984375 -0.2076416015625
-1.6796875 -0.9921875 0.6739501953125
-0.0390625 -1.3046875 -0.3375244140625
0.2265625 0.859375 0.5460205078125
0.0859375 -1.1640625 -0.66961669921875
0.1171875 -1.1015625 -0.3258056640625
1.1015625 0.0703125 0.3638916015625
0.2734375 -0.2734375 0.3643798828125
-0.1484375 -1.53125 -0.1824951171875
-0.1796875 0.6015625 0.3702392578125
1.0234375 1.2109375 0.2183837890625
1.6640625 1.1484375 -0.0687255859375
1.2734375 0.40625 0.2130126953125
1.1484375 0.1640625 0.2276611328125
1.6640625 1.1484375 -0.0687255859375
0.4140625 -0.421875 0.8321533203125
0.5703125 -0.5 0.5323486328125
1.9296875 1.4140625 -0.3388671875
0.5703125 -0.5390625 -0.62738037109375
0.4140625 0.703125 0.8673095703125
0.6640625 -0.3046875 0.7003173828125
1.5390625 0.6640625 -0.533233642578125
1.5546875 0.6640625 -0.0819091796875
1.2109375 0.2421875 0.3677978515625
0.4609375 -0.609375 0.5089111328125
1.5546875 1.328125 0.2593994140625
1.6328125 1.875 -0.1861572265625
0.5078125 -0.6953125 -0.1434326171875
0.0703125 0.40625 0.3717041015625
1.4296875 0.4921875 -0.556884765625
1.1953125 0.8828125 0.2178955078125
0.6171875 -0.5859375 0.5313720703125
1.4296875 0.4921875 -0.556884765625
1.9140625 1.3046875 -0.1893310546875
0.1484375 0.890625 0.8682861328125
1.5234375 0.6484375 -0.547760009765625
1.2265625 1.6875 0.2579345703125
-0.5078125 -1.8984375 0.6583251953125
1.5546875 1.328125 0.2593994140625
0.2734375 -0.9375 -0.65374755859375
1.8359375 1.671875 -0.1829833984375
0.2734375 -0.8984375 -0.3140869140625
0.1953125 0.6875 0.3785400390625
-0.0078125 -1.1171875 0.8292236328125
-0.2734375 -1.609375 0.1480712890625
1.8359375 1.046875 -0.3541259765625
-1.7734375 -0.9609375 0.4942626953125
1.2265625 1.5390625 -0.677734375
0.0078125 0.5703125 0.7042236328125
-0.4140625 0.4765625 0.6993408203125
0.3359375 0.7734375 0.8673095703125
1.2890625 0.4453125 0.5548095703125
0.4296875 -0.296875 0.8331298828125
0.7890625 -0.2734375 -0.440185546875
1.3671875 1.5 -0.0716552734375
1.7421875 1.6171875 0.1187744140625
0.3671875 -0.8515625 0.0260009765625
0.7890625 1.9296875 -0.0838623046875
0.1953125 1.0703125 0.5479736328125
1.4296875 1.65625 -0.5068359375
1.0234375 -0.03125 0.0631103515625
1.4296875 1.4296875 -0.0711669921875
1.6796875 0.8515625 -0.52044677734375
1.0859375 0.125 -0.2540283203125
1.6484375 1.875 -0.0321044921875
-0.2578125 0.0 0.5050048828125
0.1953125 -0.2578125 0.5303955078125
0.9765625 -0.0546875 -0.425537109375
0.4609375 -0.625 0.6729736328125
0.1640625 0.9453125 0.5460205078125
0.5859375 -0.53125 0.1832275390625
1.2734375 0.3359375 0.2340087890625
-0.4453125 -1.1015625 -0.8619384765625
1.1484375 0.96875 0.2178955078125
0.8984375 0.1953125 0.8643798828125
0.3984375 -0.75 0.1759033203125
1.6640625 0.84375 -0.0560302734375
1.7421875 1.0 -0.0491943359375
0.3046875 0.078125 0.8341064453125
0.7890625 1.9296875 -0.0838623046875
0.2734375 -0.8984375 -0.3140869140625
0.2421875 -1.09375 0.3350830078125
-0.0234375 -1.3125 -0.50799560546875
-0.1015625 -1.5234375 0.3238525390625
1.5390625 0.6953125 0.2471923828125
0.9765625 -0.0546875 -0.425537109375
1.7421875 1.0 -0.0491943359375
0.6328125 -0.46875 -0.45263671875
0.6640625 -0.3828125 0.1876220703125
1.4296875 0.5234375 0.0870361328125
1.6640625 1.5703125 -0.498046875
-0.3671875 -1.65625 0.8458251953125
0.3671875 -0.0078125 0.8341064453125
1.0546875 1.1328125 0.2183837890625
-1.3671875 -0.5859375 0.6807861328125
0.0859375 -1.1640625 -0.66961669921875
0.1484375 0.328125 0.3717041015625
1.9609375 1.5234375 -0.3345947265625
0.2265625 0.859375 0.5460205078125
-0.1015625 -1.5234375 0.3238525390625
1.2109375 1.3203125 -0.54498291015625
1.2265625 1.6875 0.2579345703125
-0.5078125 -1.8984375 0.6583251953125
0.3046875 -0.9375 0.5040283203125
1.1328125 0.109375 -0.5819778442382812
-1.7265625 -0.8203125 0.4971923828125
0.5859375 -0.53125 0.1832275390625
0.8671875 -0.2578125 -0.1231689453125
1.7734375 1.0078125 -0.51025390625
1.6484375 1.0390625 -0.6710205078125
1.0546875 0.0859375 -0.5760345458984375
1.4296875 0.5234375 0.0870361328125
0.1015625 -1.1171875 -0.496337890625
1.3203125 0.53125 0.2159423828125
0.2890625 -0.9375 0.6700439453125
0.0859375 -1.1640625 -0.66961669921875
0.4296875 1.65625 0.2100830078125
0.9296875 0.1015625 0.8643798828125
-1.9609375 -1.3984375 0.4708251953125
-0.5546875 -1.796875 0.8253173828125
0.9453125 -0.1015625 -0.596954345703125
-0.1015625 0.09375 0.3634033203125
-0.0546875 0.4296875 0.8341064453125
-0.5078125 -1.8671875 0.8438720703125
0.2890625 -0.890625 -0.4810791015625
0.4765625 -0.6640625 -0.4659423828125
1.8984375 1.3828125 -0.0345458984375
-0.1796875 -1.3203125 0.8487548828125
1.1328125 0.109375 -0.5819778442382812
-0.1015625 -1.5234375 0.3238525390625
1.8984375 1.59375 -0.1827392578125
0.0234375 -1.3125 -0.1727294921875
1.2890625 0.828125 0.2193603515625
1.4296875 1.328125 -0.0731201171875
0.4765625 -0.6640625 -0.4659423828125
0.7109375 -0.453125 -0.1322021484375
1.0390625 0.046875 0.5225830078125
-0.0078125 -1.1171875 0.8292236328125
1.4921875 1.40625 0.2593994140625
1.1640625 0.3125 0.7110595703125
-0.1484375 -1.53125 -0.1824951171875
0.6953125 -0.328125 -0.1175537109375
1.8203125 1.140625 -0.0433349609375
1.6171875 1.15625 0.2574462890625
0.2265625 0.859375 0.5460205078125
0.5859375 -0.609375 0.0372314453125
1.0390625 0.0859375 -0.0953369140625
-0.5546875 -1.796875 0.8253173828125
1.0390625 0.046875 0.5225830078125
0.2421875 -1.09375 0.3350830078125
0.0703125 0.40625 0.3717041015625
0.5546875 -0.5234375 -0.1273193359375
1.8984375 1.3828125 -0.0345458984375
0.3984375 -0.7265625 -0.1378173828125
1.4296875 1.328125 -0.0731201171875
1.2890625 0.3359375 -0.399169921875
1.1484375 0.1640625 0.2276611328125
0.5078125 -0.6953125 -0.1434326171875
1.6640625 1.1484375 -0.0687255859375
1.7265625 1.8125 -0.3370361328125
0.0859375 -0.703125 0.5030517578125
1.8828125 1.484375 -0.0330810546875
