REGULAR_VEHICLE
0.9375 -0.734375 -0.43182373046875
1.0 -0.59375 -0.43182373046875
0.9375 -0.703125 -0.497314453125
1.0625 -0.4375 -0.43206787109375
1.0 -0.5625 -0.4971923828125
1.0625 -0.421875 -0.4970703125
1.125 -0.28125 -0.43243408203125
0.84375 -0.859375 -0.49761962890625
0.75 -1.0 -0.43341064453125
0.75 -0.984375 -0.4986572265625
0.90625 -0.640625 -0.22393798828125
0.90625 -0.578125 -0.16119384765625
0.8125 -0.703125 -0.16168212890625
0.65625 -1.0 -0.16168212890625
0.90625 -0.46875 -0.22564697265625
0.78125 -0.671875 0.04949951171875
1.0 -0.203125 -0.50262451171875
0.84375 -0.53125 0.04998779296875
0.6875 -0.828125 -0.16314697265625
0.90625 -0.375 0.04949951171875
1.125 0.078125 -0.43731689453125
0.65625 -0.875 -0.22784423828125
0.6875 -0.8125 0.04852294921875
0.71875 -0.71875 -0.22784423828125
0.53125 -1.078125 -0.43853759765625
0.59375 -0.953125 0.04852294921875
1.0 -0.0625 0.04852294921875
1.125 0.265625 -0.44012451171875
0.9375 -0.109375 -0.22979736328125
0.5 -0.984375 -0.23028564453125
0.875 -0.203125 -0.16558837890625
0.46875 -1.03125 -0.50677490234375
1.0 0.0625 -0.23004150390625
0.9375 -0.046875 -0.16583251953125
0.4375 -1.0625 0.04656982421875
0.40625 -1.0625 -0.16632080078125
0.90625 0.03125 -0.5079345703125
0.28125 -1.25 -0.23272705078125
0.9375 0.125 -0.16778564453125
0.3125 -1.15625 -0.44268798828125
0.28125 -1.1875 -0.16827392578125
0.96875 0.234375 -0.23272705078125
0.90625 0.171875 0.04412841796875
0.75 -0.125 0.04412841796875
0.21875 -1.109375 -0.51287841796875
0.125 -1.296875 -0.17047119140625
0.1875 -1.125 0.04217529296875
0.75 0.28125 -0.51666259765625
0.75 0.421875 0.03875732421875
-0.03125 -1.171875 -0.520294189453125
-0.15625 -0.578125 0.31121826171875
-0.03125 -0.265625 0.31072998046875
-0.28125 -0.6875 0.30975341796875
0.0625 0.0625 0.31024169921875
-0.1875 -0.375 0.30926513671875
-0.40625 -0.828125 0.30926513671875
-0.0625 -0.0625 0.30877685546875
0.15625 0.390625 0.30926513671875
-0.3125 0.53125 0.58270263671875
-1.0625 -0.4375 0.57977294921875
-1.125 0.703125 0.57489013671875
-0.96875 1.296875 -0.58270263671875
