REGULAR_VEHICLE
-0.2734375 0.3125 0.574462890625
-0.0390625 -0.3203125 0.591552734375
1.7734375 -0.0625 0.2655029296875
-1.765625 -1.125 -0.502685546875
-0.234375 -0.0390625 0.587646484375
-1.5078125 -1.1953125 -0.513427734375
1.2109375 -0.1171875 0.414306640625
0.0078125 0.7265625 0.441650390625
-1.7578125 -1.109375 -0.1612548828125
-1.984375 -0.90625 -0.1610107421875
-0.234375 -0.8515625 -0.294921875
0.5859375 -0.2578125 0.5634765625
-1.2421875 -1.171875 -0.538818359375
1.1484375 1.0234375 0.365234375
-1.8125 -1.09375 -0.501708984375
-1.515625 -1.203125 -0.516357421875
0.09375 0.9453125 0.2982177734375
-1.4609375 -0.2265625 0.2191162109375
0.984375 -0.421875 -0.1387939453125
-1.9375 -0.671875 0.06690502166748047
-1.0859375 -1.0 0.1514892578125
0.0390625 -0.6953125 0.16314697265625
1.4609375 0.0 0.515869140625
0.09375 0.9453125 0.4150390625
-0.0859375 -0.890625 0.39990234375
-0.1875 -0.546875 0.498046875
0.6015625 -0.59375 -0.3779296875
-0.3984375 -0.765625 0.1927490234375
-0.90625 -1.0859375 -0.2255859375
-0.375 0.40625 0.574462890625
1.4921875 -0.234375 0.05169677734375
-0.03125 -0.7578125 -0.0487060546875
1.3984375 -0.03125 0.4013671875
-1.28125 -0.5859375 0.231689453125
-1.640625 -1.1640625 -0.508544921875
-1.78125 -0.2109375 0.138671875
-1.7109375 -1.1484375 -0.505126953125
-0.3203125 -0.78125 0.18939208984375
-0.7578125 0.703125 0.3505859375
-0.796875 -1.0625 -0.2353515625
0.8671875 -0.4453125 0.10052490234375
0.109375 -0.703125 -0.0614013671875
0.8359375 -0.4765625 -0.125
-0.828125 -0.984375 0.13568115234375
-1.59375 -0.6484375 0.15673828125
-0.7265625 -0.828125 0.2156982421875
0.1328125 -0.4140625 0.588623046875
-1.5859375 -1.1875 -0.511474609375
-0.3046875 -0.65625 0.399169921875
0.6015625 -0.59375 -0.3779296875
-0.9296875 -1.0078125 0.14324951171875
1.2421875 -0.1640625 0.429931640625
-1.9921875 -0.9140625 -0.498779296875
-1.21875 -0.6171875 0.2303466796875
1.1640625 1.0625 0.2403564453125
1.6171875 0.0078125 0.4072265625
-1.9609375 -0.6171875 0.064697265625
1.3515625 0.0 0.5205078125
-1.921875 -1.015625 -0.495361328125
-1.4140625 0.421875 0.176513671875
-1.9609375 -0.6171875 0.064697265625
-0.2109375 -0.7578125 0.1815185546875
-1.7109375 -1.1484375 -0.505126953125
-0.828125 -0.84375 0.221923828125
-1.421875 -0.8203125 0.15869140625
0.5859375 -0.2578125 0.5634765625
0.0390625 0.984375 0.2984619140625
-0.9140625 -0.84375 0.2265625
-0.6796875 0.5859375 0.35302734375
-0.7421875 -0.984375 0.13140869140625
0.0078125 -0.3671875 0.591552734375
1.2421875 -0.1640625 0.429931640625
-1.4296875 -1.1953125 -0.520263671875
-1.6484375 -1.171875 -0.503173828125
-1.8203125 -1.0859375 -0.1585693359375
-1.28125 -0.5859375 0.231689453125
1.0625 -0.4296875 -0.42626953125
-0.828125 -1.078125 -0.583740234375
-1.890625 -0.71875 0.0679924488067627
-1.359375 -0.390625 0.2242431640625
-1.578125 -1.1796875 -0.1685791015625
1.046875 1.140625 0.3828125
0.1328125 -0.4140625 0.588623046875
-1.4375 -1.203125 -0.1768798828125
0.109375 -0.703125 -0.0614013671875
-1.1875 -0.6796875 0.232177734375
-0.796875 -1.0625 -0.2353515625
1.6484375 -0.265625 -0.04949951171875
-0.1328125 -0.2265625 0.591552734375
0.609375 -0.3125 0.45068359375
1.1484375 -0.1640625 0.3018798828125
1.046875 1.140625 0.3828125
-0.359375 0.515625 0.568603515625
0.3359375 -0.6640625 -0.352294921875
-1.5703125 -0.71875 0.1600341796875
-1.625 -0.59375 0.15509033203125
-1.4765625 -0.046875 0.208984375
1.1953125 0.9765625 0.36474609375
0.390625 -0.1484375 0.453125
0.109375 -0.703125 -0.0614013671875
1.1796875 -0.4140625 -0.013671875
0.609375 -0.6015625 0.0313720703125
1.1640625 1.0625 0.2403564453125
1.1640625 1.1484375 0.2364501953125
-1.421875 -0.8203125 0.15869140625
1.7890625 -0.15625 -0.21142578125
0.8984375 -0.5078125 0.008697509765625
-0.6484375 -0.8359375 0.21142578125
-1.421875 -0.8203125 0.15869140625
1.4921875 -0.234375 0.05169677734375
1.1015625 1.09375 0.3828125
-0.5859375 0.484375 0.466552734375
1.2421875 -0.1640625 0.429931640625
-1.953125 -0.9609375 -0.1593017578125
1.5078125 -0.03125 0.396484375
-1.3515625 -1.03125 0.056121826171875
-1.515625 -1.203125 -0.516357421875
1.1953125 0.9765625 0.24365234375
1.1953125 -0.328125 0.07464218139648438
0.25 -0.5703125 0.478759765625
-1.4140625 0.421875 0.176513671875
-0.3984375 -0.765625 0.1927490234375
-0.484375 -0.890625 0.11065673828125
-0.703125 0.65625 0.3505859375
0.8984375 -0.5078125 0.008697509765625
1.4765625 -0.3359375 -0.0350341796875
-1.15625 -0.984375 0.15411376953125
-0.0546875 -0.53125 0.499267578125
-0.53125 -0.8125 0.203125
1.9609375 -0.09375 -0.22705078125
-0.796875 -1.0625 -0.2353515625
1.4921875 -0.234375 0.05169677734375
-1.828125 -1.0859375 -0.495849609375
-1.5078125 -1.1953125 -0.513427734375
1.3515625 0.0 0.5205078125
-1.671875 -0.9375 0.0697021484375
-0.5390625 -0.9765625 -0.26171875
-1.7109375 -1.140625 -0.16162109375
-2.0 -0.5625 0.0628662109375
-0.453125 0.59375 0.46533203125
-0.140625 -0.671875 0.391845703125
1.4609375 -0.1640625 0.286376953125
-1.4296875 -1.1953125 -0.520263671875
-1.640625 -1.1640625 -0.508544921875
-0.359375 0.1171875 0.586181640625
-1.765625 -0.28125 0.14263916015625
0.328125 0.6875 0.30029296875
0.9375 1.125 0.369873046875
1.6796875 -0.2421875 -0.488525390625
-2.0 -0.5625 0.0628662109375
0.3359375 -0.40625 0.579833984375
0.609375 -0.6015625 0.0313720703125
-1.4765625 0.2578125 0.18988037109375
0.3671875 0.625 0.418701171875
-1.3984375 -0.34375 0.2232666015625
-0.328125 0.6484375 0.4580078125
-1.8203125 -1.0859375 -0.1585693359375
0.1796875 0.9375 0.294189453125
1.2109375 -0.1171875 0.414306640625
-0.9140625 -1.078125 -0.577392578125
-0.375 0.40625 0.574462890625
1.3515625 0.0 0.5205078125
0.1328125 -0.4140625 0.588623046875
-1.578125 -1.1796875 -0.1685791015625
-1.5078125 -1.1875 -0.1729736328125
0.1484375 0.8984375 0.4150390625
-0.6640625 -0.9453125 0.00555419921875
-1.3046875 -0.5234375 0.2291259765625
-1.1484375 -1.0859375 0.0463409423828125
0.421875 -0.59375 0.1356201171875
-1.90625 -1.0078125 -0.1585693359375
-1.234375 -1.078125 0.05157470703125
-1.59375 -0.6484375 0.15673828125
-1.75 0.234375 0.1083984375
-1.8125 -1.09375 -0.501708984375
-0.1171875 -0.5625 0.4951171875
1.7734375 -0.0625 0.2655029296875
-1.5078125 -1.0234375 0.0655059814453125
-0.421875 -0.875 -0.0150146484375
-1.4765625 0.2578125 0.18988037109375
-1.140625 -1.140625 -0.552490234375
-1.78125 -0.2109375 0.138671875
-1.234375 -1.078125 0.05157470703125
1.4609375 -0.2578125 -0.1822509765625
-1.140625 -1.140625 -0.552490234375
-1.7421875 -0.921875 0.07271575927734375
0.578125 -0.34375 0.46533203125
0.7265625 -0.484375 0.11102294921875
-1.59375 -0.6484375 0.15673828125
-1.640625 -1.1640625 -0.508544921875
1.4609375 0.0 0.515869140625
-1.765625 -1.125 -0.502685546875
-0.625 -0.9765625 -0.2548828125
1.3359375 0.3046875 0.3896484375
-1.5703125 -0.71875 0.1600341796875
-1.90625 -1.0078125 -0.1585693359375
-0.03125 -0.59375 0.500732421875
-0.234375 -0.8515625 -0.294921875
-0.328125 0.6484375 0.56201171875
1.9609375 0.0078125 0.251953125
