REGULAR_VEHICLE
-0.65625 1.9375 -0.265899658203125
-0.625 1.90625 -0.065704345703125
-0.59375 1.84375 -0.91986083984375
-0.625 1.875 0.057342529296875
-0.53125 1.75 -0.065704345703125
-0.78125 2.0 -0.066192626953125
-0.5625 1.75 -0.389923095703125
-0.5625 1.75 -0.266876220703125
-0.53125 1.71875 0.056365966796875
-0.40625 1.5625 -0.065704345703125
-0.46875 1.59375 -0.714874267578125
-0.65625 1.78125 -1.040496826171875
-0.71875 1.84375 -0.594512939453125
-0.53125 1.625 -1.040740966796875
-0.6875 1.6875 -0.717071533203125
-1.15625 1.96875 -0.070098876953125
-1.0625 1.6875 -0.932708740234375
-1.21875 1.8125 -0.9329833984375
-0.21875 0.46875 0.909881591796875
-0.375 0.59375 0.909881591796875
0.03125 0.15625 0.910858154296875
0.28125 -0.375 0.912811279296875
0.6875 -1.09375 0.914764404296875
0.78125 -1.25 0.915740966796875
0.625 -1.34375 1.040740966796875
0.75 -1.53125 1.040740966796875
0.8125 -1.6875 1.040740966796875
0.9375 -1.875 1.040740966796875
