REGULAR_VEHICLE
-1.921875 -0.046875 -0.0858154296875
-1.734375 -0.609375 -0.1163330078125
-1.859375 -0.21875 -0.0859375
-1.828125 -0.3125 -0.396728515625
-1.765625 -0.4375 -0.11688232421875
-1.859375 -0.140625 -0.3974609375
-1.953125 0.15625 -0.0875244140625
-1.890625 0.046875 -0.3988037109375
-1.609375 -0.765625 -0.11798095703125
-1.921875 0.21875 -0.3995361328125
-1.828125 -0.0625 -0.1195068359375
-1.953125 0.34375 -0.08880615234375
-1.671875 -0.46875 -0.4000244140625
-1.734375 -0.234375 -0.1202392578125
-1.703125 0.15625 -0.1253662109375
-1.546875 -0.3125 -0.09326171875
-1.578125 -0.203125 0.219482421875
-1.484375 -0.484375 -0.09356689453125
-1.515625 -0.390625 0.219970703125
-1.609375 -0.03125 0.218994140625
-1.515625 -0.3125 0.185546875
-1.546875 -0.125 0.183837890625
-1.859375 0.84375 -0.4093017578125
-1.421875 -0.46875 0.184814453125
-1.390625 -0.546875 0.2177734375
-1.359375 -0.640625 0.18505859375
-1.578125 0.046875 0.183349609375
-1.609375 0.171875 0.21728515625
-1.359375 -0.5625 -0.40869140625
-1.265625 -0.84375 -0.12548828125
-1.546875 0.25 0.180908203125
-1.546875 0.375 0.21435546875
-1.078125 -0.640625 0.212158203125
-1.015625 -0.625 -0.419677734375
-0.609375 -0.59375 -0.1162109375
-0.515625 -0.65625 0.200439453125
-0.171875 -0.578125 0.510986328125
-0.203125 -0.421875 0.510986328125
-0.265625 -0.21875 0.510986328125
0.140625 -0.546875 -0.1363525390625
0.234375 -0.609375 0.183837890625
0.921875 -0.59375 0.1689453125
0.953125 -0.5 -0.159271240234375
1.734375 -0.375 -0.510986328125
1.953125 -0.375 -0.187286376953125
