REGULAR_VEHICLE
1.984375 0.142578125 -0.52197265625
1.984375 0.142578125 -0.748046875
1.984375 0.267578125 -0.2984619140625
1.921875 0.134765625 -0.2998046875
1.890625 0.033203125 -0.751953125
1.859375 0.033203125 -0.52783203125
1.984375 0.556640625 -0.75390625
1.859375 0.291015625 -0.0779876708984375
1.796875 0.033203125 -0.304931640625
1.828125 0.423828125 -0.080047607421875
1.703125 -0.076171875 -0.53369140625
1.703125 -0.068359375 -0.76025390625
1.890625 0.720703125 -0.76171875
1.703125 0.048828125 -0.08199310302734375
1.828125 0.572265625 -0.08193206787109375
1.640625 -0.076171875 -0.310791015625
1.859375 0.861328125 -0.76513671875
1.609375 -0.037109375 -0.1927490234375
1.796875 0.720703125 -0.08483123779296875
1.578125 -0.177734375 -0.7666015625
1.640625 0.369140625 -0.1959228515625
1.546875 0.111328125 -0.1966552734375
1.734375 0.869140625 -0.0885772705078125
1.453125 -0.169921875 -0.090240478515625
1.421875 -0.169921875 -0.3203125
1.515625 0.259765625 -0.1993408203125
1.734375 1.173828125 -0.77734375
1.390625 -0.146484375 -0.54931640625
1.359375 -0.271484375 -0.77783203125
1.671875 1.025390625 -0.0929718017578125
1.328125 -0.099609375 0.1356201171875
1.359375 0.041015625 0.1346435546875
1.265625 -0.271484375 -0.0974884033203125
1.234375 -0.216796875 0.1329345703125
1.328125 0.189453125 0.13232421875
1.578125 1.197265625 -0.098907470703125
1.609375 1.470703125 -0.329833984375
1.296875 0.322265625 0.13037109375
1.140625 -0.248046875 -0.331787109375
1.109375 -0.224609375 -0.5634765625
1.234375 0.470703125 0.12744140625
1.203125 0.619140625 0.1251220703125
1.140625 0.775390625 0.12158203125
1.078125 0.939453125 0.1177978515625
1.015625 1.095703125 0.1136474609375
-0.078125 -0.708984375 -0.385498046875
-0.140625 -0.791015625 0.0880126953125
0.109375 0.361328125 0.323486328125
-0.140625 -0.744140625 0.323974609375
0.234375 0.908203125 0.323486328125
-0.171875 -0.837890625 -0.15093994140625
-0.203125 -0.666015625 0.55859375
-0.265625 -0.794921875 -0.63037109375
0.109375 0.869140625 0.55712890625
-0.296875 -0.853515625 0.319580078125
-0.359375 -0.794921875 -0.397216796875
-0.390625 -0.880859375 0.0799560546875
-0.421875 -0.923828125 -0.1617431640625
-0.484375 -0.744140625 0.5517578125
-0.515625 -0.892578125 -0.6416015625
-0.609375 -0.982421875 0.072509765625
-0.609375 -0.892578125 -0.408447265625
-0.703125 -1.017578125 -0.17242431640625
-0.765625 -0.994140625 -0.65380859375
-0.546875 0.205078125 0.3056640625
-0.515625 0.345703125 0.305419921875
-0.859375 -0.982421875 -0.419677734375
-0.890625 -1.076171875 0.0633544921875
-0.515625 0.642578125 0.30322265625
-0.984375 -1.111328125 -0.1832275390625
-1.171875 -1.173828125 0.05389404296875
-1.140625 -0.869140625 0.77783203125
-1.234375 -1.119140625 0.29296875
-1.265625 -1.212890625 -0.19354248046875
-1.296875 -1.033203125 0.533203125
-1.359375 -0.974609375 0.77392578125
-1.453125 -1.271484375 0.04473876953125
-1.453125 -1.228515625 0.28662109375
-1.515625 -1.142578125 0.5283203125
-1.609375 -1.076171875 0.76953125
-1.734375 -1.373046875 0.03558349609375
-1.765625 -1.306640625 0.277587890625
-1.828125 -1.232421875 0.52099609375
-1.859375 -1.181640625 0.76513671875
-1.921875 -1.431640625 0.27392578125
-1.953125 -1.361328125 0.5185546875
-1.984375 -1.470703125 0.02703857421875
