REGULAR_VEHICLE
0.703125 -1.1015625 0.283111572265625
0.734375 -0.9609375 0.281219482421875
0.546875 -1.1640625 0.520751953125
0.515625 -1.2109375 0.591552734375
0.453125 -1.2578125 0.51953125
0.578125 -0.9921875 0.518798828125
0.328125 -1.3671875 0.5179443359375
0.484375 -1.0234375 0.58837890625
0.203125 -1.4609375 0.5157470703125
0.578125 -0.8515625 0.5164794921875
0.640625 -0.7265625 0.2728271484375
0.078125 -1.5234375 0.5123291015625
0.203125 -1.1953125 0.583251953125
0.609375 -0.5546875 0.267333984375
-0.109375 -1.6015625 0.5084228515625
0.046875 -1.2734375 0.5810546875
0.609375 -0.3828125 0.020751953125
-0.046875 -1.3671875 0.57958984375
-0.265625 -1.6953125 0.5052490234375
0.546875 -0.3828125 0.09423828125
0.453125 -0.2734375 -0.231689453125
0.328125 -0.4140625 0.5733642578125
0.421875 -0.2578125 0.25469970703125
0.484375 -0.1328125 0.00927734375
0.328125 -0.2421875 0.5709228515625
0.265625 -0.3046875 0.4971923828125
0.390625 -0.1015625 0.0830078125
0.234375 -0.1171875 0.4920654296875
0.296875 -0.0078125 0.2449951171875
0.296875 0.1640625 -0.005126953125
0.203125 0.1953125 0.068359375
0.203125 0.2265625 -0.256591796875
0.171875 0.2578125 0.23492431640625
0.046875 0.1796875 0.481201171875
0.015625 0.4765625 0.055908203125
0.015625 0.5234375 -0.272705078125
-0.234375 0.6796875 0.21234130859375
-0.171875 0.8203125 -0.289794921875
-0.203125 0.7890625 0.040771484375
-0.296875 0.7265625 -0.543701171875
-0.265625 0.8828125 0.20635986328125
-0.265625 1.0390625 -0.048583984375
-0.421875 0.8203125 0.45556640625
-0.359375 1.1328125 -0.307373046875
-0.515625 1.0390625 -0.564208984375
-0.484375 1.3828125 -0.320068359375
-0.640625 1.3046875 -0.578369140625
-0.640625 1.4296875 0.01025390625
-0.734375 1.5546875 -0.591552734375
-0.703125 1.6796875 -0.081787109375
-0.734375 1.6953125 0.00048828125
