REGULAR_VEHICLE
-2.0 -0.140625 -0.447265625
-1.75 -0.421875 0.0623779296875
-0.25 -0.5234375 0.3663330078125
0.359375 -0.78125 -0.0618896484375
-0.40625 -0.5390625 0.5069580078125
-0.734375 -0.4765625 0.2513427734375
-1.78125 -0.7109375 -0.0777587890625
1.25 -0.8203125 -0.250732421875
-0.875 -0.734375 -0.12823486328125
-0.21875 0.6875 0.4718017578125
-1.984375 -0.4921875 -0.3282470703125
1.9375 -0.703125 -0.15093994140625
1.953125 -0.71875 0.1392822265625
1.28125 -0.8046875 -0.0692138671875
0.5 0.6953125 0.3453369140625
-1.109375 -0.8046875 -0.11175537109375
1.46875 -0.6875 0.3453369140625
0.453125 0.765625 0.3453369140625
0.453125 0.765625 0.3453369140625
-0.3125 -0.5703125 0.5040283203125
-0.375 -0.78125 -0.4237060546875
-1.625 -0.4296875 0.1600341796875
0.40625 -0.5 0.6158447265625
0.625 -0.8203125 -0.03662109375
0.40625 -0.375 0.6500244140625
0.40625 0.828125 0.3052978515625
-0.109375 -0.453125 0.6295166015625
-0.109375 0.453125 0.6119384765625
-1.90625 0.328125 -0.4776611328125
0.15625 -0.8125 -0.1859893798828125
0.359375 -0.015625 0.6446533203125
-2.0 0.2734375 0.0228271484375
-1.75 -0.328125 0.0587158203125
-1.25 -0.8203125 -0.4632568359375
1.28125 -0.8046875 -0.0692138671875
-0.21875 0.6875 0.4718017578125
-1.96875 0.296875 -0.10888671875
0.484375 -0.546875 0.6143798828125
0.640625 -0.5078125 0.6461181640625
0.8125 -0.4296875 0.6021728515625
-0.140625 -0.828125 -0.5369873046875
-0.859375 -0.7421875 0.1339111328125
-1.515625 -0.796875 -0.08892822265625
0.4375 0.8515625 0.1610107421875
-0.140625 -0.828125 -0.5369873046875
-1.515625 -0.796875 -0.08892822265625
-1.78125 -0.7109375 -0.3319091796875
-0.734375 -0.4765625 0.2513427734375
-0.265625 -0.8203125 -0.5289306640625
-1.984375 0.4609375 -0.4798583984375
-1.484375 -0.609375 0.1588134765625
0.25 -0.78125 0.0811767578125
-1.484375 -0.609375 0.1588134765625
-1.328125 -0.765625 -0.35986328125
-0.203125 -0.7734375 0.1024169921875
-0.21875 0.1796875 0.4840087890625
-1.03125 -0.7578125 0.0404052734375
-0.578125 -0.65625 0.2498779296875
-0.46875 -0.765625 0.1153564453125
0.25 -0.765625 -0.4661865234375
0.171875 -0.8125 -0.0147705078125
1.671875 -0.765625 -0.13427734375
-0.25 -0.5234375 0.3663330078125
-0.53125 -0.8046875 0.0184326171875
-1.71875 -0.75 -0.07940673828125
1.5625 -0.46875 0.5811767578125
-1.65625 -0.8359375 -0.435791015625
-1.65625 -0.15625 0.1512451171875
0.4375 0.8515625 0.1610107421875
-0.53125 0.671875 0.3790283203125
-1.65625 0.3203125 0.1346435546875
-0.125 -0.8203125 -0.0003662109375
-1.328125 -0.765625 -0.35986328125
1.578125 -0.7421875 0.2999267578125
-0.125 -0.8125 -0.168701171875
-1.828125 -0.5625 0.0465087890625
-1.796875 0.0234375 0.04833984375
-1.9375 -0.0703125 -0.09466552734375
1.421875 -0.734375 0.3057861328125
-0.125 -0.8125 -0.168701171875
-1.609375 -0.78125 -0.33935546875
-1.65625 -0.15625 0.1512451171875
-1.71875 -0.75 -0.07940673828125
-0.03125 0.6015625 0.6070556640625
-0.25 -0.5234375 0.3663330078125
-0.515625 -0.7890625 -0.0142822265625
-1.96875 0.3828125 -0.4764404296875
-1.6875 -0.6484375 -0.5963134765625
1.671875 -0.765625 -0.13427734375
-1.609375 -0.328125 0.1553955078125
-0.578125 -0.65625 0.2498779296875
0.53125 -0.7734375 -0.0711669921875
1.734375 -0.7421875 -0.5706787109375
-0.109375 -0.453125 0.6295166015625
-0.25 -0.796875 0.0047607421875
1.484375 -0.78125 -0.5511474609375
1.25 -0.734375 0.3126220703125
-0.578125 -0.8359375 -0.5074462890625
0.484375 -0.8046875 -0.030517578125
0.46875 -0.4296875 0.6490478515625
-1.9375 -0.5546875 -0.3282470703125
-0.578125 -0.8359375 -0.5074462890625
-1.203125 -0.6953125 0.1483154296875
-1.6875 -0.46875 0.0614013671875
-0.859375 -0.7421875 0.1339111328125
0.890625 -0.7578125 -0.5108642578125
0.703125 -0.78125 0.0579833984375
1.40625 -0.75 0.1646728515625
1.671875 -0.765625 -0.13427734375
0.6875 -0.7734375 -0.07958984375
1.078125 -0.75 0.1790771484375
-1.5 -0.703125 -0.6080322265625
-0.671875 -0.7890625 -0.0064697265625
-0.875 -0.734375 -0.12823486328125
-1.28125 -0.734375 0.0516357421875
-0.859375 -0.7421875 0.1339111328125
0.203125 -0.78125 -0.053466796875
-2.0 0.2734375 0.0228271484375
-0.3125 -0.5703125 0.5040283203125
-1.8125 0.7890625 -0.5076904296875
0.015625 -0.8125 -0.1776275634765625
0.40625 0.828125 0.3052978515625
-1.265625 -0.8125 -0.1031494140625
1.21875 -0.765625 0.1734619140625
0.390625 -0.0859375 0.6451416015625
-0.125 -0.265625 0.6265869140625
-1.484375 -0.6953125 0.0594482421875
-0.875 -0.734375 -0.12823486328125
1.421875 -0.734375 0.3057861328125
-1.140625 -0.84375 -0.4693603515625
-0.53125 -0.8046875 0.0184326171875
0.46875 0.765625 0.1622314453125
-0.546875 0.765625 0.3428955078125
0.3125 -0.8125 -0.19491958618164062
-1.0 -0.734375 -0.38330078125
-2.0 -0.5 -0.5816650390625
-1.03125 -0.7578125 0.0404052734375
-0.15625 0.3125 0.6158447265625
1.078125 -0.7421875 0.3194580078125
1.25 -0.8203125 -0.250732421875
-0.546875 0.765625 0.3428955078125
-1.9375 -0.0703125 -0.09466552734375
-1.78125 -0.1640625 0.0543212890625
-1.8125 -0.6640625 -0.4332275390625
-1.96875 0.3984375 -0.11334228515625
-0.15625 0.0078125 0.6221923828125
-0.25 -0.5234375 0.3663330078125
1.734375 -0.7421875 -0.5706787109375
-0.40625 -0.5390625 0.5069580078125
-1.515625 -0.796875 -0.08892822265625
-0.578125 -0.8359375 -0.5074462890625
-1.890625 0.2265625 -0.4725341796875
-1.140625 -0.84375 -0.4693603515625
-0.65625 0.7734375 0.2098388671875
0.453125 -0.6484375 0.3419189453125
-0.96875 -0.8125 -0.38134765625
1.484375 -0.78125 -0.5511474609375
0.46875 -0.4296875 0.6490478515625
0.6875 -0.7734375 -0.07958984375
0.390625 -0.1875 0.6466064453125
1.078125 -0.7421875 0.3194580078125
0.484375 -0.5234375 0.3751220703125
1.734375 -0.546875 0.4332275390625
-1.328125 -0.6875 0.1536865234375
-0.703125 -0.6484375 0.2547607421875
0.15625 -0.8125 -0.1859893798828125
-1.625 -0.5234375 0.0601806640625
0.546875 -0.7734375 -0.4866943359375
1.171875 -0.5859375 0.4532470703125
-0.90625 -0.859375 -0.4844970703125
-0.578125 -0.65625 0.2498779296875
-1.71875 -0.75 -0.07940673828125
1.078125 -0.7421875 0.3194580078125
-0.859375 -0.7421875 0.1339111328125
1.484375 -0.78125 -0.5511474609375
-1.78125 -0.1640625 0.0543212890625
-1.78125 0.3203125 0.037109375
-0.5625 -0.8125 -0.143035888671875
0.046875 -0.8125 -0.5504150390625
-0.15625 -0.09375 0.6241455078125
0.46875 0.765625 0.1622314453125
-1.9375 -0.5546875 -0.3282470703125
-1.203125 -0.6953125 0.1483154296875
0.78125 -0.5234375 0.6431884765625
-0.03125 0.6015625 0.6070556640625
-0.25 0.7734375 0.4708251953125
-1.75 -0.328125 0.0587158203125
-0.59375 -0.65625 0.3829345703125
0.671875 0.3984375 0.4488525390625
-0.21875 0.1796875 0.4840087890625
-0.875 -0.734375 -0.12823486328125
-0.453125 -0.84375 0.3824462890625
-1.6875 0.0078125 0.1475830078125
-1.578125 -0.4921875 0.1595458984375
-0.546875 0.765625 0.3428955078125
0.359375 -0.78125 -0.0618896484375
-1.90625 0.125 -0.4669189453125
-0.15625 0.109375 0.6202392578125
0.453125 0.765625 0.3453369140625
-0.03125 0.6015625 0.6070556640625
