REGULAR_VEHICLE
2.0 -0.640625 -0.3504638671875
2.0 -0.5546875 -0.2071075439453125
2.0 -0.5546875 -0.041015625
1.921875 -0.7265625 -0.3525390625
2.0 -0.453125 -0.042724609375
1.984375 -0.46875 -0.3773193359375
1.984375 -0.453125 0.123046875
1.90625 -0.640625 0.1220703125
1.9375 -0.515625 0.1435546875
1.921875 -0.5546875 -0.379150390625
1.875 -0.640625 -0.380126953125
1.984375 -0.3203125 0.142822265625
1.96875 -0.34375 0.2880859375
1.796875 -0.78125 -0.3583984375
1.8125 -0.7265625 -0.3824462890625
1.921875 -0.4296875 0.287109375
1.875 -0.5234375 0.28662109375
1.84375 -0.5859375 0.140869140625
1.796875 -0.703125 -0.0484619140625
1.796875 -0.6796875 0.140380859375
1.734375 -0.671875 0.115234375
1.6875 -0.7890625 -0.388671875
1.671875 -0.7578125 -0.222015380859375
1.671875 -0.734375 0.13623046875
1.65625 -0.65625 0.27978515625
1.578125 -0.8125 -0.3701171875
1.5625 -0.71875 -0.0596923828125
1.546875 -0.7265625 0.276611328125
1.46875 -0.8203125 -0.4019775390625
1.6875 -0.21875 0.444091796875
1.484375 -0.7109375 0.104736328125
1.4375 -0.78125 -0.234130859375
1.984375 0.7265625 0.2734375
1.359375 -0.734375 0.123779296875
1.515625 -0.265625 0.439208984375
1.421875 -0.4375 0.437744140625
1.375 -0.53125 0.437255859375
1.265625 -0.8125 -0.387939453125
1.28125 -0.7265625 -0.073974609375
1.546875 0.046875 0.436279296875
1.5 -0.0390625 0.435791015625
1.390625 -0.328125 0.435302734375
1.5625 0.1484375 0.435791015625
1.234375 -0.734375 0.09375
1.1875 -0.8359375 -0.4185791015625
1.21875 -0.640625 -0.591552734375
1.15625 -0.8046875 -0.249267578125
1.15625 -0.7265625 -0.5927734375
1.578125 0.46875 0.432373046875
1.1875 -0.578125 0.431396484375
1.125 -0.6953125 0.260009765625
1.578125 0.5859375 0.430419921875
1.0625 -0.796875 -0.598388671875
1.359375 0.3359375 0.427001953125
0.796875 -0.78125 -0.4151611328125
0.84375 -0.5703125 0.419677734375
1.234375 0.4921875 0.420654296875
0.796875 -0.6953125 0.246826171875
1.34375 0.78125 0.420654296875
0.78125 -0.6953125 0.073486328125
1.0 -0.1015625 0.617919921875
0.78125 -0.6796875 -0.099365234375
0.671875 -0.78125 -0.451416015625
0.90625 -0.1171875 0.589599609375
0.9375 -0.0234375 0.589599609375
0.953125 0.0234375 0.615478515625
0.859375 -0.21875 0.589599609375
0.8125 -0.3046875 0.589111328125
0.640625 -0.7421875 -0.279541015625
0.75 -0.3984375 0.588134765625
0.921875 0.09375 0.588134765625
0.90625 0.15625 0.613525390625
1.125 0.75 0.439208984375
0.734375 -0.1171875 0.612060546875
1.046875 0.8359375 -0.636474609375
0.46875 -0.6875 -0.11505126953125
0.453125 -0.6953125 0.2333984375
0.4375 -0.65625 0.086181640625
0.46875 -0.5625 0.407470703125
0.296875 -0.9921875 -0.644775390625
0.484375 -0.40625 0.580810546875
0.796875 0.46875 0.581298828125
0.25 -0.8671875 -0.650634765625
0.25 -0.7109375 -0.447265625
0.203125 -0.75 -0.656005859375
0.6875 0.6171875 0.576904296875
0.203125 -0.6171875 0.0467529296875
0.171875 -0.625 -0.661376953125
0.65625 0.75 0.574462890625
0.578125 0.609375 0.601806640625
0.03125 -0.6484375 -0.31494140625
0.296875 0.1484375 0.747802734375
0.25 0.0546875 0.747314453125
0.015625 -0.5234375 0.391845703125
0.1875 -0.0390625 0.746826171875
0.265625 0.265625 0.746337890625
0.015625 -0.3671875 0.567626953125
0.109375 -0.109375 0.745361328125
-0.09375 -0.6171875 -0.144805908203125
0.265625 0.3828125 0.745361328125
0.015625 -0.1171875 -0.68310546875
-0.1875 -0.6015625 0.0286865234375
-0.1875 -0.6015625 0.20751953125
-0.21875 -0.671875 -0.47412109375
-0.078125 -0.171875 0.741943359375
-0.03125 0.0 -0.688232421875
-0.09375 0.1328125 -0.695556640625
-0.390625 -0.65625 0.200439453125
-0.15625 0.265625 -0.702392578125
-0.46875 -0.6171875 -0.343017578125
-0.484375 -0.3203125 0.552978515625
-0.234375 0.4140625 -0.711181640625
-0.59375 -0.5703125 -0.170379638671875
-0.328125 0.5546875 -0.719970703125
-0.734375 -0.3984375 0.365966796875
-0.875 -0.5 -0.00341796875
-0.5 0.7265625 -0.736083984375
-1.0 -0.4296875 0.357177734375
-0.578125 0.8671875 -0.743896484375
-1.078125 -0.5390625 -0.37841796875
-0.578125 0.9921875 -0.747802734375
-1.25 -0.484375 -0.204315185546875
-1.328125 -0.4765625 -0.0233154296875
-1.40625 -0.546875 -0.3963623046875
-1.546875 -0.4296875 -0.593505859375
-1.609375 -0.53125 -0.594970703125
-1.75 -0.59375 -0.60302734375
-1.75 -0.4453125 -0.2301025390625
-1.984375 -0.390625 -0.0537109375
