REGULAR_VEHICLE
-1.75 -0.1640625 -0.211334228515625
-1.75 -0.1640625 -0.162017822265625
-1.6875 -0.3984375 -0.162506103515625
-1.75 0.0703125 -0.211578369140625
-1.75 0.1015625 -0.162506103515625
-1.75 0.34375 -0.163238525390625
-1.5625 -0.609375 -0.164215087890625
-1.5625 -0.6015625 -0.211822509765625
-1.6875 0.3203125 -0.213531494140625
-1.4375 -0.8203125 -0.213531494140625
-1.5 -0.109375 -0.61474609375
-1.375 -0.828125 -0.166656494140625
-1.4375 0.140625 -0.617279052734375
-1.5 0.59375 -0.217437744140625
-1.4375 0.375 -0.6184616088867188
-1.5 0.84375 -0.169342041015625
-1.3125 -0.265625 -0.56988525390625
-1.3125 -0.1484375 0.230560302734375
-1.25 -0.4765625 -0.569915771484375
-1.3125 0.0 -0.570526123046875
-1.3125 0.078125 0.230072021484375
-1.3125 0.25 -0.572174072265625
-1.1875 -0.3984375 0.230072021484375
-1.125 -0.7109375 -0.572265625
-1.25 0.328125 0.229583740234375
-1.0 -0.75 -0.622833251953125
-1.1875 0.5859375 0.227630615234375
-1.1875 0.6640625 -0.624603271484375
-1.0 -0.6015625 0.227630615234375
-0.9375 -0.9296875 -0.57647705078125
-1.125 0.515625 -0.577239990234375
-1.0625 0.75 -0.578338623046875
-0.5625 -0.6640625 0.175872802734375
-0.6875 0.9296875 0.221771240234375
-0.125 -0.84375 0.171966552734375
-0.1875 0.859375 0.167572021484375
0.0625 -0.109375 0.576751708984375
0.0625 0.046875 0.624603271484375
0.1875 -0.8203125 0.577728271484375
0.125 -0.34375 0.576751708984375
0.125 -0.2109375 0.624603271484375
0.1875 -0.5859375 0.577728271484375
0.0625 0.296875 0.624603271484375
0.1875 -0.4375 0.624603271484375
0.125 0.1484375 0.575775146484375
0.25 -0.671875 0.213470458984375
0.1875 0.546875 0.623626708984375
1.4375 -0.9140625 -0.260406494140625
1.75 -0.890625 -0.220367431640625
