REGULAR_VEHICLE
-1.1875 -0.396484375 -0.179443359375
-1.25 0.314453125 -0.1790771484375
-1.1875 0.005859375 0.1734619140625
-1.125 -0.212890625 -0.22492218017578125
-1.125 0.013671875 -0.22559738159179688
-1.0625 -0.220703125 0.1719970703125
-1.0625 0.017578125 0.2159423828125
-1.0 -0.126953125 -0.18408203125
-0.9375 -0.603515625 -0.184722900390625
-0.9375 -0.212890625 0.2147216796875
-0.875 -0.681640625 -0.22977256774902344
-0.9375 0.236328125 -0.5875244140625
-0.875 -0.240234375 -0.5882568359375
-0.8125 -0.845703125 -0.186859130859375
-0.875 -0.009765625 -0.5889892578125
-0.8125 -0.478515625 -0.5889892578125
-0.875 0.775390625 -0.23412704467773438
-0.8125 0.607421875 -0.19061279296875
-0.8125 0.845703125 -0.19061279296875
-0.6875 0.541015625 0.1634521484375
-0.6875 0.779296875 0.1636962890625
-0.5625 -0.419921875 0.1649169921875
1.0625 0.650390625 0.5889892578125
1.25 -0.068359375 0.5885009765625
