REGULAR_VEHICLE
0.640625 1.0390625 0.0296630859375
0.578125 0.1015625 0.4827880859375
0.359375 -1.5703125 0.7083740234375
0.640625 1.3515625 -0.73480224609375
0.703125 1.7109375 -0.4141845703125
0.671875 1.5390625 0.0360107421875
0.65625 1.7578125 0.2650146484375
0.53125 -1.3203125 0.2342529296875
0.609375 0.6796875 0.0242919921875
0.6875 1.4453125 0.2625732421875
0.234375 0.7578125 -0.6804847717285156
0.671875 0.5546875 -0.2916259765625
0.4375 -0.1328125 0.8538818359375
-0.109375 0.9765625 0.9466552734375
0.390625 -0.6640625 0.8548583984375
0.328125 -1.9453125 0.7073974609375
0.34375 -1.3984375 0.8558349609375
0.671875 1.5390625 0.0360107421875
0.671875 0.3671875 -0.0640869140625
0.421875 -0.3203125 0.8538818359375
-0.734375 1.6328125 -0.9310302734375
-0.328125 1.0078125 0.9466552734375
0.703125 0.8828125 0.1693115234375
-0.453125 0.6328125 0.3822021484375
0.015625 1.9296875 -0.74566650390625
0.3125 -1.7265625 0.6185302734375
0.28125 -1.9609375 0.8568115234375
0.28125 -1.1328125 0.9466552734375
0.375 -1.3828125 0.7093505859375
0.65625 1.1953125 0.0316162109375
0.375 -1.3828125 0.7093505859375
0.703125 0.8828125 -0.0577392578125
0.453125 0.6953125 0.8529052734375
0.65625 1.1953125 0.0316162109375
0.609375 -0.1484375 0.1595458984375
0.6875 0.7109375 0.1678466796875
0.5625 -0.6796875 0.1546630859375
0.671875 1.0234375 0.3968505859375
0.34375 -0.0703125 0.9466552734375
0.671875 0.8203125 -0.2020263671875
0.59375 -0.0078125 0.3909912109375
0.421875 1.0234375 0.6243896484375
0.46875 -0.3046875 0.7132568359375
0.671875 1.2734375 0.2606201171875
0.421875 0.4765625 0.9466552734375
0.515625 -0.8984375 0.3861083984375
0.6875 1.6171875 0.2640380859375
0.40625 -0.9765625 0.6204833984375
0.703125 1.2265625 -0.734710693359375
0.296875 0.7265625 0.9466552734375
0.625 0.0234375 0.1610107421875
0.5625 -0.2421875 0.4798583984375
0.296875 -0.9453125 0.9466552734375
0.46875 0.2265625 0.6234130859375
0.296875 -1.7734375 0.8558349609375
-0.578125 1.0234375 0.9466552734375
0.5 0.0546875 0.7152099609375
-0.171875 1.9609375 -0.75262451171875
0.5 -0.1171875 0.7142333984375
0.734375 1.8046875 -0.1854248046875
0.34375 -0.5859375 0.9466552734375
0.515625 -0.6015625 0.4779052734375
0.65625 0.8828125 -0.430908203125
0.125 1.6796875 -0.6647796630859375
0.578125 0.1015625 0.4827880859375
0.375 0.2890625 0.9466552734375
0.765625 1.5546875 -0.0494384765625
0.015625 1.9296875 -0.74566650390625
0.6875 1.2109375 -0.65472412109375
0.40625 -0.9765625 0.6204833984375
0.671875 1.6953125 0.0384521484375
0.390625 -0.6640625 0.8548583984375
0.359375 -1.3515625 0.6195068359375
0.296875 0.7265625 0.9466552734375
0.4375 -0.6640625 0.7122802734375
0.65625 0.8828125 -0.2869873046875
0.28125 -1.1328125 0.9466552734375
0.3125 -1.7265625 0.6185302734375
0.75 1.8671875 -0.0460205078125
0.734375 1.6484375 -0.1878662109375
0.4375 -0.8359375 0.7113037109375
0.703125 1.7109375 -0.4141845703125
0.5625 0.7578125 0.7171630859375
0.671875 0.8203125 -0.2020263671875
0.359375 -0.2265625 0.9466552734375
0.28125 -1.3203125 0.9466552734375
-0.234375 0.1328125 -0.9466552734375
0.625 0.8671875 0.0272216796875
0.46875 -0.4765625 0.7132568359375
0.5 0.0546875 0.7152099609375
0.359375 0.6015625 0.9466552734375
0.6875 1.6171875 0.2640380859375
0.203125 1.7265625 -0.74322509765625
0.578125 0.3359375 0.0198974609375
0.46875 0.3828125 0.8529052734375
0.65625 1.3515625 -0.881103515625
0.640625 1.3515625 -0.2806396484375
0.53125 -1.3203125 0.2342529296875
0.359375 0.8046875 0.8529052734375
0.71875 1.5703125 0.1746826171875
0.5625 -0.3671875 0.3890380859375
-0.453125 0.6328125 0.3822021484375
0.59375 -0.1796875 0.3900146484375
0.484375 0.5546875 0.8529052734375
0.359375 0.1015625 0.9466552734375
0.625 0.8671875 0.0272216796875
0.734375 1.2265625 0.1722412109375
-0.703125 1.4921875 -0.9329833984375
0.609375 0.2578125 0.2503662109375
-0.578125 1.0234375 0.9466552734375
0.65625 1.3515625 -0.881103515625
0.375 -1.3828125 0.7093505859375
0.28125 -1.3203125 0.9466552734375
0.671875 1.5390625 -0.4185791015625
0.5 -0.7890625 0.4759521484375
0.34375 -1.3984375 0.8558349609375
-0.140625 1.1328125 0.4818115234375
0.53125 -0.7265625 0.3870849609375
0.578125 0.0703125 -0.2164306640625
0.53125 1.7734375 -0.73040771484375
0.734375 1.2265625 -0.0533447265625
0.5625 -0.0703125 0.4818115234375
0.53125 1.7734375 -0.73040771484375
0.59375 -0.0078125 0.3909912109375
0.65625 1.6796875 -0.645782470703125
0.578125 0.0703125 0.2479248046875
0.640625 0.7734375 0.2557373046875
0.453125 0.6953125 0.8529052734375
0.703125 0.8828125 0.1693115234375
0.671875 0.2109375 -0.0660400390625
0.671875 1.2734375 0.2606201171875
-0.328125 1.0078125 0.9466552734375
-0.140625 1.1328125 0.4818115234375
0.703125 1.7109375 -0.4141845703125
0.5625 -0.6796875 0.1546630859375
0.3125 -1.7265625 0.6185302734375
0.6875 1.4453125 0.2625732421875
0.734375 1.4921875 -0.1900634765625
0.234375 -1.6953125 0.9466552734375
0.59375 0.5078125 0.0223388671875
0.71875 1.7265625 -0.72442626953125
0.40625 -1.0078125 0.7103271484375
0.5625 -0.3671875 0.3890380859375
0.34375 -1.3984375 0.8558349609375
0.71875 1.7265625 -0.72442626953125
-0.453125 1.9609375 -0.76202392578125
0.65625 0.3828125 0.1644287109375
-0.390625 0.5390625 -0.9425048828125
0.609375 -0.3203125 0.1580810546875
-0.234375 0.1328125 -0.9466552734375
0.375 -1.1796875 0.6195068359375
0.234375 0.7578125 -0.6804847717285156
0.71875 1.7265625 -0.72442626953125
0.609375 -0.3203125 0.1580810546875
-0.453125 1.9609375 -0.76202392578125
0.671875 1.0234375 0.3968505859375
0.203125 0.8671875 0.8519287109375
0.546875 -0.2890625 0.2445068359375
0.578125 0.1015625 0.4827880859375
0.046875 0.8984375 0.9466552734375
0.15625 1.8515625 -0.74237060546875
-0.234375 0.1328125 -0.9466552734375
0.359375 0.6015625 0.9466552734375
0.65625 1.7578125 0.2650146484375
0.578125 -0.1015625 0.2464599609375
0.6875 1.4453125 0.2625732421875
0.546875 -0.2890625 0.2445068359375
0.640625 1.5078125 -0.8779296875
0.796875 0.9453125 0.3978271484375
0.234375 0.7578125 -0.6804847717285156
0.609375 -0.3203125 0.1580810546875
-0.328125 1.0078125 0.9466552734375
0.328125 -1.7578125 0.7083740234375
0.546875 0.9453125 0.6243896484375
0.3125 -1.7265625 0.6185302734375
0.453125 0.6953125 0.8529052734375
0.3125 -1.7265625 0.6185302734375
0.703125 1.3984375 -0.4200439453125
0.65625 0.2109375 0.1634521484375
0.484375 -0.0859375 0.6224365234375
0.734375 1.4921875 -0.1900634765625
0.640625 1.9765625 0.1766357421875
0.671875 0.8203125 -0.2020263671875
0.34375 -0.3984375 0.9466552734375
0.609375 0.2578125 0.2503662109375
0.578125 0.3359375 0.0198974609375
-0.609375 1.2265625 -0.9354248046875
0.484375 0.5546875 0.8529052734375
0.65625 1.0390625 -0.2845458984375
0.625 1.8046875 -0.8714599609375
0.234375 0.6015625 -0.684051513671875
0.546875 -0.5390625 0.3880615234375
0.4375 -1.2109375 0.2337646484375
-0.234375 0.1328125 -0.9466552734375
0.53125 -1.3203125 0.2342529296875
0.375 0.2890625 0.9466552734375
0.65625 0.4609375 -0.2081298828125
0.546875 0.9453125 0.6243896484375
0.578125 0.0703125 0.2479248046875
0.75 1.8671875 -0.0460205078125
