REGULAR_VEHICLE
-1.15625 -0.453125 -0.189605712890625
-1.15625 -0.21875 -0.190521240234375
-1.15625 0.0078125 -0.19134521484375
-1.15625 0.39453125 -0.14892578125
-1.09375 -0.06640625 -0.14990234375
-1.09375 0.1796875 -0.1502685546875
-1.03125 -0.30078125 -0.1500244140625
-1.03125 0.06640625 -0.54443359375
-1.03125 0.10546875 0.239990234375
-0.96875 -0.40234375 -0.544921875
-0.96875 0.01953125 0.19580078125
-0.90625 -0.51171875 -0.15313720703125
-0.90625 -0.15234375 -0.54638671875
-0.90625 -0.1171875 0.238037109375
-0.90625 0.5625 -0.549072265625
-0.78125 -0.65625 -0.197021484375
-0.84375 0.33203125 -0.5498046875
-0.84375 0.79296875 -0.552001953125
-0.84375 0.90234375 -0.15765380859375
-0.78125 0.60546875 0.23486328125
-0.65625 -0.609375 -0.552734375
-0.78125 0.67578125 -0.15924072265625
-0.78125 0.75390625 -0.201690673828125
-0.59375 -0.79296875 0.233154296875
-0.71875 0.765625 0.190185546875
-0.59375 -0.4296875 -0.5966796875
-0.71875 0.85546875 0.232421875
-0.53125 -0.90234375 -0.595947265625
-0.65625 0.484375 -0.597900390625
-0.59375 0.27734375 -0.5986328125
-0.46875 -0.66796875 -0.59912109375
-0.46875 0.04296875 -0.6015625
-0.21875 -0.16796875 -0.608154296875
0.96875 -0.4765625 0.608154296875
1.15625 0.74609375 0.604736328125
