REGULAR_VEHICLE
-1.75 -0.015625 -0.163055419921875
-1.75 0.0390625 -0.50244140625
-1.8125 0.515625 -0.50390625
-1.75 0.15625 -0.1156005859375
-1.6875 -0.2265625 -0.162506103515625
-1.5625 -0.7265625 -0.551513671875
-1.625 -0.28125 -0.1170654296875
-1.5625 -0.4765625 -0.5537109375
-1.625 -0.0546875 -0.11724853515625
-1.5625 -0.4453125 -0.165283203125
-1.75 0.765625 -0.50732421875
-1.5625 -0.2421875 -0.554931640625
-1.625 0.21875 -0.555908203125
-1.5625 -0.015625 -0.554931640625
-1.625 0.4453125 -0.55712890625
-1.5625 0.421875 -0.120849609375
-1.375 -0.7109375 -0.12152099609375
-1.375 -0.65625 -0.16729736328125
-1.375 -0.609375 -0.51025390625
-1.5625 0.6953125 -0.560546875
-1.3125 -0.8984375 -0.55859375
-1.375 -0.4375 0.219970703125
-1.4375 0.515625 -0.172088623046875
-1.5 1.0234375 -0.515625
-1.4375 0.6953125 -0.12506103515625
-1.375 0.765625 -0.174652099609375
-1.375 0.9375 -0.12677001953125
-1.375 0.9921875 -0.175933837890625
-1.125 -0.15625 0.21484375
-1.125 -0.046875 0.261474609375
-1.125 0.171875 0.26123046875
-1.125 0.4140625 0.260009765625
-1.0 -0.28125 0.260498046875
-0.9375 0.6796875 0.25634765625
-0.75 -0.484375 0.256591796875
-0.6875 -0.5546875 0.20849609375
-0.4375 -1.0390625 -0.58056640625
-0.5 0.8984375 0.2001953125
-0.5 0.9921875 0.248291015625
-0.1875 -0.625 0.247314453125
0.0 -0.1796875 0.639404296875
0.125 -0.1640625 0.591552734375
0.0 0.7890625 0.637451171875
0.1875 -0.3984375 0.591552734375
0.125 0.078125 0.591064453125
0.0625 1.0390625 0.636474609375
0.1875 0.328125 0.589599609375
0.3125 0.6015625 0.587646484375
1.625 -0.96875 -0.639404296875
1.8125 -0.609375 -0.603271484375
1.75 -0.171875 0.619384765625
