REGULAR_VEHICLE
-0.34375 0.06640625 0.05908203125
-0.578125 0.50390625 -0.59521484375
-0.640625 0.69140625 0.06005859375
-0.109375 0.18359375 0.123046875
-0.515625 0.50390625 0.13427734375
0.375 -1.32421875 -0.46856689453125
0.46875 -1.40234375 0.267578125
0.0 -0.5234375 0.27392578125
0.171875 -0.65234375 0.26953125
-0.15625 0.14453125 0.3408203125
-0.796875 1.06640625 -0.010498046875
0.5625 -1.10546875 0.56103515625
-0.140625 0.04296875 0.419921875
-0.6875 1.02734375 -0.6009521484375
-0.375 0.01953125 -0.59619140625
-0.640625 0.69140625 0.06005859375
0.359375 -1.34375 0.1240234375
-0.90625 1.12109375 -0.299072265625
-0.765625 0.98046875 -0.010009765625
0.0625 -0.45703125 0.4189453125
0.578125 -1.5625 -0.39404296875
0.03125 -0.703125 0.1298828125
0.140625 0.08203125 0.11474609375
-0.859375 1.52734375 -0.6038818359375
0.109375 -0.97265625 0.05712890625
0.515625 -1.484375 0.26708984375
0.546875 -1.82421875 -0.4710235595703125
0.359375 -1.0546875 0.486328125
0.578125 -1.8359375 0.12109375
0.078125 -0.03515625 0.26611328125
0.0 -0.3828125 0.419921875
-0.125 -0.15234375 0.42138671875
0.28125 -0.71875 0.56396484375
-0.28125 -0.18359375 0.06005859375
0.171875 -0.30078125 0.63037109375
0.34375 -1.359375 0.05322265625
0.515625 -1.484375 0.26708984375
0.421875 -1.32421875 0.26806640625
-0.640625 1.73828125 -0.39788818359375
-0.640625 0.83203125 0.13427734375
-0.109375 -0.09765625 0.48779296875
-0.625 0.98046875 0.0546875
0.171875 -0.609375 0.41748046875
0.234375 -0.77734375 0.4169921875
-0.46875 0.20703125 -0.3712158203125
0.25 -0.5390625 0.265625
-0.40625 0.08984375 -0.010986328125
0.59375 -1.4140625 0.41259765625
0.59375 -1.54296875 0.33837890625
0.171875 -0.609375 0.41748046875
-0.875 1.51171875 -0.3094482421875
-0.796875 0.91796875 -0.37005615234375
-0.515625 0.32421875 -0.01025390625
-0.046875 -0.65625 0.05908203125
0.3125 -1.265625 0.12548828125
-0.09375 -0.578125 0.05908203125
0.296875 -1.08203125 0.27001953125
-0.96875 1.37890625 -0.446258544921875
-0.625 0.98046875 0.0546875
-0.578125 0.52734375 0.060546875
0.0 -0.19921875 0.41845703125
0.28125 -0.71875 0.56396484375
0.3125 -0.9375 0.41650390625
-0.5625 0.41796875 -0.59405517578125
-0.90625 1.12109375 -0.299072265625
0.921875 -1.37890625 0.55517578125
0.46875 -1.40234375 0.267578125
-0.421875 0.09765625 -0.59564208984375
-0.859375 1.32421875 -0.159423828125
-0.4375 0.16796875 -0.010986328125
-0.796875 1.19140625 0.05712890625
-0.734375 1.30859375 0.05322265625
0.140625 -0.2890625 0.2666015625
-0.5625 1.53515625 -0.029296875
0.796875 -1.31640625 0.55712890625
-0.65625 0.91796875 0.13330078125
0.28125 -1.18359375 0.1259765625
-0.484375 0.25390625 -0.4482421875
-0.4375 0.22265625 0.06005859375
-0.8125 1.63671875 -0.31591796875
0.703125 -1.6015625 0.33544921875
0.390625 -1.5234375 0.0537109375
0.359375 -1.5078125 -0.3179931640625
0.125 -0.85546875 0.1279296875
-0.421875 0.09765625 -0.59564208984375
0.125 -0.19921875 0.26611328125
-0.734375 0.82421875 -0.5927734375
0.171875 -0.19921875 0.3359375
0.546875 -1.82421875 -0.4710235595703125
0.015625 -0.06640625 0.56591796875
-0.625 0.56640625 -0.009033203125
-0.671875 0.77734375 0.06005859375
0.0 -0.62109375 0.12939453125
-0.96875 1.28515625 -0.44390869140625
0.421875 -1.32421875 0.26806640625
-0.171875 -0.42578125 0.06005859375
0.0625 -0.328125 0.56591796875
0.25 -0.5390625 0.265625
-0.34375 0.06640625 0.05908203125
0.203125 -1.125 0.0556640625
0.578125 -1.5625 -0.39404296875
0.0 -0.16015625 0.56591796875
0.328125 -1.41796875 -0.612060546875
-0.21875 -0.3125 -0.01318359375
-0.09375 -0.578125 0.05908203125
-0.203125 -0.22265625 0.13232421875
0.28125 -1.18359375 0.1259765625
-0.96875 1.37890625 -0.446258544921875
-0.5 0.27734375 0.0615234375
0.59375 -1.80078125 -0.6236572265625
-0.15625 0.14453125 0.3408203125
-0.109375 -0.09765625 0.48779296875
-0.375 0.01953125 -0.59619140625
-0.15625 0.06640625 0.48779296875
-0.796875 0.87890625 -0.153564453125
0.359375 -1.0546875 0.486328125
-0.734375 0.82421875 -0.5927734375
0.375 -1.2421875 0.26904296875
-0.546875 0.41015625 -0.010009765625
0.96875 -1.5234375 0.47705078125
0.15625 -0.70703125 0.41845703125
-0.375 -0.00390625 -0.0107421875
0.296875 -0.8515625 0.41650390625
-0.421875 0.44140625 0.13134765625
-0.109375 0.18359375 0.123046875
-0.1875 0.20703125 0.419921875
-0.734375 0.80859375 -0.009033203125
-0.078125 -0.18359375 0.48779296875
0.125 -1.03125 -0.017578125
-0.765625 0.98828125 -0.448455810546875
-0.640625 0.88671875 0.056640625
-0.328125 0.29296875 0.27490234375
-0.765625 0.89453125 -0.446624755859375
-0.84375 1.45703125 -0.38037109375
-0.5625 0.66796875 0.1337890625
0.09375 -0.49609375 0.4873046875
0.546875 -1.82421875 -0.4710235595703125
-0.828125 0.94921875 -0.15283203125
-0.515625 0.28515625 -0.3704833984375
-0.796875 1.63671875 -0.4624176025390625
-0.453125 0.16796875 -0.448211669921875
0.296875 0.22265625 0.55712890625
-0.640625 0.88671875 0.056640625
-0.640625 1.01953125 0.13134765625
-0.640625 1.73828125 -0.39788818359375
0.484375 -1.19921875 0.48486328125
-0.671875 1.05859375 0.05517578125
-0.234375 -0.26171875 0.0595703125
0.296875 -1.2421875 -0.6136474609375
-0.890625 1.06640625 -0.36871337890625
-0.734375 1.30859375 0.05322265625
-0.734375 0.82421875 -0.5927734375
-0.828125 1.07421875 -0.593994140625
-0.390625 0.14453125 0.0595703125
-0.5 0.25390625 -0.593994140625
0.25 -1.09765625 0.1259765625
-0.5625 0.66796875 0.1337890625
0.484375 -1.19921875 0.48486328125
-0.96875 1.37890625 -0.446258544921875
-0.03125 -0.546875 0.3447265625
0.203125 -0.56640625 0.56494140625
-0.953125 1.19921875 -0.44287109375
0.625 -1.5234375 -0.63037109375
-0.15625 0.14453125 0.3408203125
-0.546875 1.64453125 -0.18115234375
0.03125 0.38671875 0.41162109375
0.125 -0.578125 0.4873046875
-0.171875 -0.4140625 0.34716796875
-0.734375 0.80859375 -0.009033203125
-0.3125 -0.10546875 0.060546875
0.125 -0.53125 0.41796875
0.484375 -1.6796875 0.0517578125
0.078125 -0.77734375 0.12890625
0.4375 -1.48046875 -0.6181640625
-0.640625 1.01953125 0.13134765625
-0.21875 -0.3125 -0.01318359375
0.34375 -1.23828125 -0.468841552734375
0.140625 0.08203125 0.11474609375
0.609375 -1.3515625 0.4833984375
-0.109375 -0.04296875 0.419921875
-0.765625 0.88671875 -0.008544921875
-0.890625 1.06640625 -0.36871337890625
0.125 -0.6796875 0.34228515625
-0.765625 0.98828125 -0.448455810546875
0.140625 -0.2890625 0.2666015625
0.546875 -1.83984375 -0.175048828125
-0.078125 -0.18359375 0.48779296875
0.34375 -0.875 0.26611328125
-0.015625 -0.296875 0.419921875
-0.84375 1.45703125 -0.38037109375
-0.546875 0.58203125 0.13427734375
0.546875 -1.82421875 -0.4710235595703125
-0.796875 0.91796875 -0.37005615234375
-0.046875 -0.65625 0.05908203125
-0.84375 1.45703125 -0.38037109375
-0.734375 1.30859375 0.05322265625
-0.4375 0.22265625 0.06005859375
0.59375 -1.80078125 -0.6236572265625
-0.171875 -0.42578125 0.06005859375
-0.09375 -0.578125 0.05908203125
