REGULAR_VEHICLE
-1.9375 -0.6796875 -0.740478515625
-1.8125 -0.6484375 0.188720703125
-1.90625 -0.4453125 -0.465087890625
-1.90625 -0.2734375 0.184326171875
-1.71875 -0.6015625 -0.130126953125
-1.5625 -0.7109375 0.179443359375
-1.5 -0.4453125 -0.484619140625
-1.53125 -0.2578125 -0.463134765625
-1.28125 -0.5859375 -0.149658203125
-1.375 -0.3984375 -0.467041015625
-1.25 -0.5546875 -0.468017578125
-1.125 -0.6796875 0.160888671875
-1.3125 -0.3046875 0.443603515625
-1.1875 -0.4453125 0.442626953125
-0.90625 -0.7734375 0.155029296875
-1.125 -0.3984375 -0.506103515625
-0.9375 -0.5703125 -0.483642578125
-0.90625 -0.5703125 0.468505859375
-1.0 -0.3984375 0.468994140625
-0.90625 -0.5078125 0.434326171875
-0.84375 -0.4609375 -0.517822265625
-0.65625 -0.6640625 -0.176025390625
-0.71875 -0.4609375 -0.177978515625
-0.5 -0.7578125 0.137939453125
-0.4375 -0.7578125 -0.184814453125
-0.0625 -0.5078125 0.437744140625
-0.15625 -0.2890625 0.404052734375
-0.0625 -0.3046875 0.434326171875
-0.0625 -0.1171875 0.749267578125
-0.125 0.0546875 0.748046875
0.09375 -0.2734375 0.747802734375
0.46875 -0.6953125 -0.225830078125
-0.1875 0.7734375 0.385009765625
0.75 -0.7421875 0.087158203125
0.65625 -0.5078125 0.380615234375
0.90625 -0.5859375 0.372314453125
1.0 -0.6328125 -0.252197265625
1.28125 -0.6171875 0.360595703125
1.34375 -0.6640625 -0.267822265625
1.5 -0.4765625 -0.634033203125
1.625 -0.6484375 0.348388671875
1.65625 -0.6328125 -0.637939453125
1.78125 -0.6484375 -0.288330078125
