SIGN
-0.1328125 0.3203125 1.135986328125
0.2421875 -0.3671875 1.243408203125
0.1328125 -0.2109375 -0.283935546875
0.1171875 -0.2109375 0.063720703125
0.1953125 -0.3359375 -0.407958984375
0.0234375 -0.0859375 -0.881591796875
-0.2421875 0.2890625 -0.883544921875
-0.3203125 0.4140625 -0.408935546875
-0.1171875 0.1328125 -1.225830078125
-0.0390625 0.0390625 -0.283935546875
0.3203125 -0.4765625 -0.986083984375
0.4609375 -0.7109375 -0.173583984375
0.2578125 -0.5078125 -0.643310546875
0.2265625 -0.3046875 -0.752685546875
0.4609375 -0.6796875 -0.517333984375
0.1171875 -0.2421875 -1.457275390625
-0.3359375 0.4140625 -0.884521484375
0.1796875 -0.3671875 0.061767578125
0.0703125 -0.0859375 -0.171630859375
0.2578125 -0.4609375 -0.879638671875
0.4921875 -0.7109375 -0.985107421875
0.1640625 -0.2109375 1.362548828125
-0.3046875 0.4140625 -0.756591796875
0.3515625 -0.6015625 -1.113037109375
-0.0078125 0.0390625 -0.171630859375
-0.5078125 0.6640625 -0.885498046875
0.1484375 -0.1796875 -0.047607421875
-0.5546875 0.7890625 -0.283935546875
-0.0390625 0.0390625 0.063720703125
0.0859375 -0.0859375 1.364501953125
0.2578125 -0.3671875 0.889892578125
-0.1796875 0.3203125 -0.283935546875
0.2109375 -0.2109375 -1.353759765625
0.2109375 -0.3359375 -0.048583984375
0.3046875 -0.4609375 -0.172607421875
-0.3671875 0.5703125 -1.122314453125
-0.2578125 0.4453125 -0.170654296875
0.2890625 -0.4609375 -0.283935546875
-0.2578125 0.4453125 -0.045654296875
-0.3828125 0.5390625 -0.408935546875
0.3515625 -0.5703125 -0.518310546875
-0.1171875 0.1953125 0.661376953125
0.4609375 -0.6796875 -0.751708984375
0.0234375 0.0390625 1.132080078125
0.2265625 -0.3671875 0.770751953125
-0.1640625 0.2890625 1.253173828125
-0.1171875 0.1328125 -1.225830078125
0.0234375 0.0390625 1.132080078125
-0.2421875 0.2578125 -0.645263671875
-0.1171875 0.1953125 0.661376953125
0.1171875 -0.2109375 -0.407958984375
0.2890625 -0.4296875 0.653564453125
0.0546875 -0.1484375 1.596923828125
-0.0234375 0.0078125 -1.224853515625
-0.2890625 0.4140625 -1.465087890625
-0.2890625 0.4140625 0.065673828125
0.1015625 -0.2109375 -1.589111328125
0.3203125 -0.4765625 0.770751953125
-0.1015625 0.1640625 -0.990966796875
0.3515625 -0.6015625 0.061767578125
-0.1796875 0.3203125 -0.283935546875
-0.2578125 0.4453125 -0.045654296875
0.1640625 -0.2421875 0.421142578125
-0.4765625 0.6640625 0.067626953125
-0.0546875 0.0390625 -0.519287109375
-0.4140625 0.5390625 -0.884521484375
0.3671875 -0.5859375 -0.407958984375
0.1796875 -0.3671875 0.061767578125
0.2109375 -0.3359375 -0.172607421875
0.2578125 -0.4453125 -0.518310546875
-0.1484375 0.3203125 1.372314453125
0.2578125 -0.3359375 1.124267578125
0.4296875 -0.5546875 1.122314453125
0.2890625 -0.4296875 0.653564453125
0.3515625 -0.6171875 -0.643310546875
0.1796875 -0.3359375 -1.114990234375
-0.0546875 0.0390625 -0.882568359375
0.0234375 -0.0859375 -0.407958984375
-0.1015625 0.1328125 0.776611328125
-0.4296875 0.6640625 -0.993896484375
-0.2109375 0.2890625 -1.119873046875
0.3671875 -0.5859375 -0.407958984375
0.3828125 -0.5859375 -0.283935546875
-0.1484375 0.2578125 0.897705078125
0.2109375 -0.3046875 0.655517578125
0.1640625 -0.2421875 0.421142578125
0.2109375 -0.3359375 -0.048583984375
0.1484375 -0.2109375 -0.172607421875
-0.1796875 0.3203125 -0.046630859375
0.3203125 -0.4765625 -0.986083984375
-0.2421875 0.3828125 0.425048828125
-0.2421875 0.3828125 0.425048828125
0.2578125 -0.3046875 0.536376953125
0.3359375 -0.4609375 1.124267578125
0.3515625 -0.4921875 0.887939453125
0.1484375 -0.1796875 -0.047607421875
0.1484375 -0.2734375 0.770751953125
0.2578125 -0.3359375 1.124267578125
0.3828125 -0.5859375 -0.283935546875
0.3984375 -0.6171875 -0.985107421875
0.1328125 -0.1796875 -0.753662109375
-0.1796875 0.3203125 -0.170654296875
-0.3984375 0.5078125 -0.646240234375
0.2109375 -0.3359375 -0.518310546875
0.2890625 -0.4453125 -0.752685546875
-0.2578125 0.4453125 -0.282958984375
0.3046875 -0.4609375 -0.172607421875
0.0703125 -0.1171875 0.772705078125
-0.2578125 0.4453125 -0.045654296875
0.3828125 -0.6328125 -1.218994140625
-0.3828125 0.5703125 -0.756591796875
-0.1796875 0.3203125 -0.170654296875
-0.0390625 0.0390625 0.063720703125
0.4453125 -0.6953125 -1.113037109375
-0.4765625 0.6953125 -0.408935546875
-0.0703125 0.0078125 -0.644287109375
-0.1484375 0.2890625 -1.228271484375
-0.0703125 0.0078125 -0.644287109375
0.0234375 0.0078125 0.895751953125
-0.3828125 0.5390625 0.067626953125
0.2578125 -0.4609375 -0.879638671875
-0.2890625 0.4140625 0.065673828125
0.3671875 -0.5703125 -0.751708984375
-0.1484375 0.3203125 1.372314453125
0.3359375 -0.4296875 0.534423828125
-0.2890625 0.4140625 0.065673828125
-0.0078125 0.0390625 1.249267578125
-0.2421875 0.4140625 1.255126953125
0.3984375 -0.5234375 0.653564453125
-0.0078125 0.0703125 -0.047607421875
0.3203125 -0.4765625 0.770751953125
-0.0859375 0.2578125 0.188720703125
-0.1015625 0.1953125 -0.046630859375
0.4609375 -0.6640625 -0.879638671875
0.2109375 -0.3359375 -0.518310546875
0.0703125 -0.0546875 -0.047607421875
-0.2890625 0.4140625 -1.465087890625
-0.4921875 0.6328125 -0.646240234375
0.0234375 -0.0859375 -0.407958984375
0.3828125 -0.5859375 -0.172607421875
0.0859375 -0.0859375 -1.224365234375
-0.2890625 0.4140625 -1.465087890625
-0.1015625 0.1640625 -0.990966796875
-0.2578125 0.4453125 -0.282958984375
0.2265625 -0.3046875 -0.752685546875
-0.2109375 0.3203125 -0.519287109375
0.0859375 -0.0859375 -0.989013671875
0.3359375 -0.4609375 1.124267578125
-0.1796875 0.3203125 -0.046630859375
-0.3984375 0.6328125 0.901611328125
-0.4921875 0.6640625 -0.757568359375
0.1484375 -0.1796875 -0.047607421875
-0.3203125 0.4140625 -0.408935546875
-0.0078125 0.0390625 -0.989990234375
-0.2265625 0.4453125 1.374267578125
0.1015625 -0.1171875 0.893798828125
0.0703125 -0.1171875 0.772705078125
0.2890625 -0.4609375 -0.407958984375
0.4921875 -0.7109375 -0.985107421875
0.3828125 -0.6328125 -1.218994140625
-0.5546875 0.7890625 -1.123291015625
-0.0546875 0.1953125 1.134033203125
0.0703125 -0.0546875 -0.047607421875
0.3984375 -0.5703125 -0.048583984375
0.4609375 -0.6953125 -0.049560546875
0.4609375 -0.6640625 -0.879638671875
0.0546875 -0.0859375 -0.283935546875
-0.1953125 0.3203125 -0.755615234375
0.2421875 -0.3671875 1.243408203125
0.1015625 -0.2109375 -1.589111328125
0.2265625 -0.3671875 0.770751953125
-0.4609375 0.6953125 -1.122802734375
-0.4609375 0.6640625 -0.283935546875
-0.0546875 0.0390625 -0.882568359375
0.2109375 -0.3359375 -0.048583984375
-0.1328125 0.1328125 0.065673828125
-0.3984375 0.6328125 0.901611328125
0.3203125 -0.4765625 -0.986083984375
0.4609375 -0.6796875 -0.751708984375
0.2578125 -0.3671875 0.889892578125
0.1015625 -0.1171875 0.893798828125
0.4609375 -0.6953125 -0.049560546875
-0.2890625 0.4453125 -0.520263671875
-0.5546875 0.7890625 -1.123291015625
0.4609375 -0.7109375 -0.173583984375
0.1640625 -0.2421875 0.421142578125
-0.1015625 0.1328125 0.776611328125
-0.1484375 0.2578125 0.897705078125
0.2109375 -0.3359375 -0.518310546875
-0.3671875 0.5703125 -1.122314453125
0.4296875 -0.5546875 1.122314453125
0.1484375 -0.2421875 0.300048828125
0.1171875 -0.2109375 0.063720703125
-0.4296875 0.6640625 -0.993896484375
0.1015625 -0.0859375 1.130126953125
0.2578125 -0.3671875 0.889892578125
0.1640625 -0.2421875 0.421142578125
0.1171875 -0.2109375 0.063720703125
0.1796875 -0.3984375 -0.643310546875
0.0234375 0.0390625 1.132080078125
