SIGN
-0.6640625 -0.0625 -0.1474609375
-0.6171875 -0.03125 -0.0576171875
-0.5078125 -0.03125 -0.1455078125
-0.4609375 -0.03125 -0.4091796875
-0.4296875 -0.03125 -0.0556640625
-0.5390625 -0.09375 0.2119140625
-0.4140625 -0.03125 0.1240234375
-0.4140625 -0.0625 -0.3232421875
-0.3046875 0.0 -0.4091796875
-0.3828125 -0.03125 0.2119140625
-0.3046875 -0.03125 -0.1435546875
-0.4296875 -0.09375 0.3955078125
-0.2421875 0.0 0.1259765625
-0.2421875 -0.03125 -0.3212890625
-0.2890625 -0.03125 0.3955078125
-0.2421875 -0.03125 -0.0537109375
-0.3515625 -0.09375 0.4814453125
-0.1328125 0.0 -0.1416015625
-0.1015625 0.0 -0.4072265625
-0.1953125 -0.03125 0.2138671875
-0.2109375 -0.03125 0.4814453125
-0.1171875 0.0 0.3974609375
-0.0703125 0.0 -0.0537109375
-0.0546875 0.0 0.1279296875
-0.0546875 -0.03125 -0.3212890625
0.0234375 -0.03125 -0.5888671875
-0.0234375 0.0 0.4853515625
-0.0234375 -0.03125 0.2158203125
0.0859375 0.0 -0.4072265625
0.0859375 -0.03125 -0.6767578125
0.0703125 -0.03125 -0.1396484375
0.1171875 0.0 -0.0517578125
0.0859375 0.0 0.4013671875
0.1328125 0.0 0.1298828125
0.1328125 -0.03125 -0.3193359375
0.2578125 0.03125 -0.4052734375
0.1484375 0.0 0.4873046875
0.2109375 -0.03125 -0.5888671875
0.2421875 0.0 -0.1376953125
0.1640625 -0.03125 0.2177734375
0.0390625 -0.09375 0.6728515625
0.2578125 0.03125 0.4033203125
0.2890625 0.0 -0.0498046875
0.3203125 0.03125 0.1337890625
0.3046875 -0.03125 -0.3193359375
0.3359375 0.0 0.2197265625
0.4453125 0.03125 -0.4033203125
0.3359375 0.0 0.4892578125
0.4296875 0.0 -0.1357421875
0.4921875 0.09375 0.6767578125
0.4921875 0.03125 0.1357421875
0.4765625 0.0 -0.0478515625
0.6015625 0.03125 -0.1357421875
0.6640625 0.03125 -0.0478515625
