SIGN
-0.71875 -0.046875 -0.1435546875
-0.65625 -0.015625 -0.0439453125
-0.5625 0.015625 -0.1435546875
-0.46875 0.015625 -0.0419921875
-0.515625 -0.046875 -0.4091796875
-0.359375 0.015625 -0.4072265625
-0.375 0.015625 -0.1416015625
-0.453125 -0.046875 -0.3056640625
-0.453125 -0.046875 0.1259765625
-0.40625 -0.015625 0.2255859375
-0.546875 -0.109375 0.2255859375
-0.28125 0.015625 -0.0400390625
-0.296875 0.015625 0.1259765625
-0.1875 0.046875 -0.4072265625
-0.265625 -0.015625 -0.3056640625
-0.328125 -0.015625 0.3935546875
-0.1875 0.015625 -0.1396484375
-0.25 -0.015625 0.2275390625
-0.125 0.046875 0.1279296875
-0.234375 -0.015625 0.4931640625
-0.171875 0.015625 0.3955078125
-0.09375 0.015625 -0.0380859375
-0.015625 0.046875 -0.1376953125
0.015625 0.046875 -0.4052734375
-0.0625 0.015625 0.2294921875
-0.0625 0.015625 0.4951171875
0.0 -0.015625 -0.6728515625
0.0625 0.046875 0.1298828125
0.0 0.015625 0.3974609375
0.078125 0.015625 -0.0361328125
0.171875 0.046875 -0.4033203125
0.109375 0.046875 0.4990234375
0.171875 0.015625 -0.1357421875
0.1875 0.046875 0.4013671875
0.234375 0.046875 0.1337890625
0.140625 -0.015625 0.2314453125
0.328125 0.046875 -0.5703125
0.25 0.015625 -0.0341796875
0.34375 0.046875 -0.1337890625
0.265625 -0.015625 -0.3017578125
0.375 0.046875 -0.4033203125
0.296875 0.046875 0.5009765625
0.359375 0.078125 0.4033203125
0.3125 0.015625 0.2333984375
0.421875 0.078125 0.1357421875
0.453125 0.109375 0.6728515625
0.4375 0.046875 -0.0341796875
0.453125 0.015625 -0.2998046875
0.53125 0.046875 -0.1318359375
0.625 0.078125 -0.0322265625
0.71875 0.078125 -0.1298828125
