SIGN
-0.65625 -0.109375 -0.1923828125
-0.703125 -0.140625 -0.0810546875
-0.546875 -0.078125 -0.3447265625
-0.5625 -0.078125 -0.0810546875
-0.5 -0.046875 -0.1923828125
-0.484375 -0.109375 -0.4541015625
-0.390625 -0.046875 -0.3447265625
-0.390625 -0.046875 -0.0810546875
-0.328125 -0.046875 -0.1904296875
-0.3125 -0.078125 -0.4521484375
-0.21875 -0.015625 -0.0791015625
-0.328125 -0.078125 0.1845703125
-0.25 -0.046875 0.0751953125
-0.203125 -0.078125 -0.3427734375
-0.140625 -0.046875 -0.4521484375
-0.15625 -0.046875 -0.1884765625
-0.171875 -0.046875 0.1845703125
-0.28125 -0.109375 0.3408203125
-0.09375 -0.015625 0.0771484375
-0.03125 -0.015625 -0.0771484375
-0.125 -0.046875 0.3427734375
-0.03125 -0.046875 -0.3427734375
-0.15625 -0.078125 0.4521484375
0.015625 -0.015625 -0.1865234375
0.0 -0.015625 0.4521484375
0.046875 -0.046875 -0.4501953125
0.03125 -0.015625 0.3447265625
0.015625 -0.046875 0.1884765625
0.09375 -0.015625 0.0791015625
0.140625 -0.015625 -0.0771484375
0.15625 -0.046875 -0.3408203125
0.203125 -0.015625 -0.1845703125
0.171875 -0.015625 0.1884765625
0.171875 -0.015625 0.4541015625
0.265625 0.015625 0.0810546875
0.21875 -0.046875 -0.4482421875
0.203125 -0.015625 0.3466796875
0.3125 -0.015625 -0.0751953125
0.328125 -0.046875 -0.3408203125
0.40625 -0.015625 -0.4482421875
0.390625 -0.015625 -0.1826171875
0.453125 0.015625 0.0830078125
0.5 0.015625 -0.0732421875
0.546875 0.015625 -0.1826171875
0.6875 0.140625 0.3505859375
0.515625 -0.015625 -0.3388671875
0.578125 -0.015625 -0.4462890625
0.703125 0.015625 0.1943359375
