SIGN
-0.703125 -0.0625 -0.41552734375
-0.53125 -0.03125 -0.41552734375
-0.59375 -0.0625 -0.26904296875
-0.53125 -0.0625 -0.15576171875
-0.5625 -0.09375 -0.00732421875
-0.4375 -0.03125 -0.00732421875
-0.34375 0.0 -0.41357421875
-0.421875 -0.0625 -0.26904296875
-0.5 -0.125 -0.52587890625
-0.359375 -0.03125 -0.15380859375
-0.34375 -0.0625 -0.52587890625
-0.25 -0.03125 -0.26708984375
-0.265625 -0.03125 -0.00537109375
-0.171875 0.0 -0.41162109375
-0.203125 -0.03125 -0.15185546875
-0.265625 -0.0625 0.10986328125
-0.359375 -0.125 0.25634765625
-0.109375 0.0 0.11181640625
-0.171875 -0.03125 0.37353515625
-0.203125 -0.0625 0.25634765625
-0.078125 -0.03125 -0.26708984375
-0.09375 -0.03125 -0.00537109375
0.0 0.0 -0.41162109375
-0.015625 -0.03125 -0.14990234375
-0.046875 -0.03125 0.25830078125
0.0 0.0 0.37548828125
0.0625 0.0 0.11181640625
-0.03125 -0.03125 0.52197265625
0.09375 0.0 -0.00341796875
0.09375 -0.03125 -0.26513671875
0.171875 0.0 -0.40966796875
0.15625 0.0 -0.14794921875
0.171875 0.0 0.37744140625
0.140625 -0.03125 0.26025390625
0.234375 0.0 0.11572265625
0.265625 0.0 -0.00146484375
0.34375 0.0 -0.40771484375
0.28125 -0.03125 -0.26513671875
0.328125 0.0 -0.14794921875
0.40625 0.03125 0.11767578125
0.4375 0.0625 0.52587890625
0.515625 0.03125 -0.40771484375
0.375 -0.0625 -0.52294921875
0.4375 0.0 0.00048828125
0.4375 -0.03125 -0.26318359375
0.65625 0.125 0.38330078125
0.515625 0.0 -0.14599609375
0.53125 -0.03125 -0.52294921875
0.609375 0.0 -0.26318359375
0.703125 0.03125 -0.40576171875
