SIGN
-0.65625 0.0 -0.3388671875
-0.65625 -0.03125 -0.1787109375
-0.59375 -0.03125 -0.4326171875
-0.5 0.0 -0.3388671875
-0.515625 0.0 -0.1787109375
-0.453125 0.0 -0.4326171875
-0.484375 -0.0625 -0.0830078125
-0.328125 0.0 -0.3369140625
-0.34375 0.0 -0.1787109375
-0.34375 0.0 -0.0830078125
-0.296875 0.0 -0.4326171875
-0.328125 0.0 0.0751953125
-0.171875 0.03125 -0.3369140625
-0.171875 0.03125 0.0771484375
-0.171875 0.0 -0.1767578125
-0.171875 0.0 -0.0810546875
-0.125 0.0 -0.4326171875
0.0 0.03125 -0.3349609375
0.0 0.03125 -0.1767578125
-0.09375 0.0 0.1748046875
0.046875 0.03125 -0.4326171875
-0.109375 -0.03125 0.3330078125
0.0 0.0 -0.0810546875
-0.015625 0.0 0.0771484375
0.0625 0.03125 0.1767578125
-0.125 -0.0625 0.4326171875
0.015625 0.0 0.4326171875
0.03125 0.0 0.3330078125
0.171875 0.03125 -0.3330078125
0.171875 0.03125 -0.0791015625
0.15625 0.03125 0.0791015625
0.21875 0.03125 -0.431640625
0.15625 0.0 -0.1767578125
0.234375 0.03125 0.1787109375
0.34375 0.03125 -0.3330078125
0.328125 0.03125 -0.0771484375
0.3125 0.03125 0.0791015625
0.390625 0.03125 -0.431640625
0.3125 0.0 -0.1748046875
0.5 0.0625 -0.3310546875
0.53125 0.0625 -0.431640625
0.484375 0.03125 -0.1748046875
0.5 0.03125 -0.0771484375
0.65625 0.0625 -0.3310546875
