SIGN
-0.6015625 -0.03125 -0.177734375
-0.4609375 0.0 -0.3388671875
-0.4609375 0.0 -0.177734375
-0.4296875 0.0 -0.0849609375
-0.3046875 0.03125 -0.337890625
-0.4296875 -0.0625 -0.4306640625
-0.2734375 0.03125 -0.0849609375
-0.3515625 0.0 0.0732421875
-0.3046875 0.0 -0.177734375
-0.4765625 -0.09375 0.0751953125
-0.1328125 0.03125 -0.4306640625
-0.1328125 0.03125 -0.337890625
-0.1171875 0.03125 -0.0830078125
-0.1796875 0.0 0.0751953125
-0.2421875 -0.0625 0.1708984375
-0.1015625 0.0 0.1708984375
-0.1640625 -0.0625 0.3291015625
0.0703125 0.03125 -0.0830078125
0.0390625 0.0 -0.3369140625
0.0546875 0.0 0.1728515625
0.1953125 0.03125 -0.3359375
0.2265625 0.03125 -0.0810546875
0.1328125 0.0 0.4267578125
0.2109375 0.0 0.1748046875
0.2734375 0.03125 0.4287109375
0.3671875 0.03125 -0.3349609375
0.3828125 0.03125 -0.0810546875
0.3671875 0.03125 0.1748046875
0.5390625 0.0625 -0.3349609375
0.5390625 0.0625 -0.0791015625
0.6015625 0.09375 0.4306640625
0.5390625 0.03125 0.1767578125
