SIGN
-0.6328125 -0.046875 -0.232421875
-0.5703125 -0.015625 -0.126953125
-0.6171875 -0.046875 0.015625
-0.4765625 -0.015625 0.015625
-0.6171875 -0.078125 0.119140625
-0.4765625 -0.015625 0.12109375
-0.4765625 -0.046875 -0.2314453125
-0.4140625 -0.015625 -0.1259765625
-0.3203125 0.015625 0.017578125
-0.3203125 -0.015625 0.12109375
-0.2578125 -0.015625 -0.1259765625
-0.3046875 -0.046875 -0.23046875
-0.1484375 0.015625 0.01953125
-0.3046875 -0.046875 0.267578125
-0.1796875 -0.015625 -0.23046875
-0.3046875 -0.046875 0.37109375
-0.1484375 -0.015625 0.123046875
-0.1640625 -0.015625 0.26953125
-0.1640625 -0.015625 0.37109375
-0.1015625 -0.015625 -0.125
0.0390625 0.015625 -0.6220703125
0.0078125 0.015625 0.01953125
0.0078125 0.015625 0.37109375
0.0078125 -0.015625 0.123046875
-0.0078125 -0.015625 0.26953125
0.0703125 -0.015625 -0.3740234375
0.0703125 -0.015625 -0.125
0.2109375 0.015625 -0.373046875
-0.1015625 -0.078125 0.62109375
0.1796875 0.015625 0.021484375
0.1640625 0.015625 0.271484375
0.2109375 0.015625 -0.1240234375
0.0703125 -0.015625 0.51953125
0.1953125 -0.015625 -0.623046875
0.1640625 0.015625 0.373046875
0.3046875 0.046875 0.021484375
0.4609375 0.046875 -0.4765625
0.3203125 0.015625 0.2734375
0.3359375 0.015625 0.623046875
0.3828125 -0.015625 -0.1240234375
0.5390625 0.046875 -0.373046875
0.4609375 0.015625 -0.2275390625
0.5390625 0.046875 -0.123046875
0.4765625 0.015625 0.125
0.5234375 0.046875 0.5234375
0.6328125 0.046875 -0.4765625
0.6171875 0.078125 0.375
0.6171875 0.015625 -0.2265625
