SIGN
-0.70703125 -0.09375 0.16748046875
-0.56640625 -0.0625 0.16748046875
-0.69921875 -0.125 0.41064453125
-0.55078125 -0.09375 0.41064453125
-0.50390625 -0.09375 0.07861328125
-0.51953125 -0.09375 0.32470703125
-0.40234375 -0.0625 0.16748046875
-0.40234375 -0.0625 0.41162109375
-0.35546875 -0.0625 0.32470703125
-0.13671875 -0.03125 -0.31982421875
-0.24609375 -0.0625 0.16845703125
-0.29296875 -0.09375 -0.07568359375
-0.26171875 -0.0625 0.41162109375
-0.33984375 -0.09375 0.57177734375
-0.19921875 -0.0625 0.07958984375
-0.19921875 -0.0625 0.32568359375
-0.05859375 -0.03125 -0.40869140625
-0.07421875 -0.03125 -0.16650390625
-0.30859375 -0.09375 0.65771484375
-0.13671875 -0.0625 -0.07568359375
-0.10546875 -0.03125 0.41162109375
-0.19921875 -0.0625 0.57177734375
-0.10546875 -0.0625 0.16845703125
0.09765625 0.0 -0.40869140625
-0.15234375 -0.0625 0.65966796875
-0.02734375 -0.03125 0.57373046875
-0.04296875 -0.0625 0.07958984375
-0.05859375 -0.0625 0.32568359375
0.06640625 -0.03125 -0.16650390625
0.01953125 -0.0625 -0.32080078125
0.03515625 -0.03125 0.41162109375
0.06640625 -0.03125 0.16845703125
0.09765625 -0.03125 0.07958984375
-0.01171875 -0.0625 0.65966796875
0.16015625 -0.03125 -0.32080078125
0.01953125 -0.09375 -0.07568359375
-0.01171875 -0.0625 0.90380859375
0.17578125 -0.03125 -0.07568359375
0.12890625 -0.03125 0.57373046875
0.09765625 -0.0625 0.32666015625
-0.02734375 -0.09375 0.81591796875
0.20703125 -0.03125 0.16845703125
0.25390625 -0.03125 -0.40869140625
0.23828125 -0.03125 -0.16650390625
0.20703125 -0.03125 0.41259765625
0.25390625 -0.03125 0.07958984375
0.11328125 -0.0625 0.81591796875
0.25390625 -0.03125 0.32666015625
0.55078125 0.125 0.90380859375
0.14453125 -0.0625 0.65966796875
0.37890625 0.0 -0.16650390625
0.31640625 -0.03125 -0.07666015625
0.28515625 -0.03125 0.57568359375
0.36328125 -0.03125 0.16845703125
0.36328125 -0.03125 0.41259765625
0.41015625 -0.03125 0.08056640625
0.53515625 0.0 -0.56982421875
0.41015625 -0.03125 0.32763671875
0.30078125 -0.0625 0.65966796875
0.53515625 0.0 -0.16650390625
0.47265625 -0.03125 -0.07666015625
0.44140625 0.0 0.90576171875
0.50390625 0.0 0.41259765625
0.56640625 0.0 0.08056640625
0.55078125 0.0 0.32763671875
0.61328125 0.0 -0.32275390625
0.50390625 -0.03125 0.16845703125
0.69140625 0.0 -0.90576171875
0.66015625 0.0 0.16845703125
0.66015625 0.0 0.41357421875
0.70703125 0.0 0.08056640625
0.56640625 -0.03125 0.81787109375
0.70703125 -0.03125 -0.41064453125
