SIGN
-0.72265625 -0.046875 0.507781982421875
-0.63671875 -0.046875 0.459930419921875
-0.57421875 -0.046875 0.265594482421875
-0.57421875 -0.046875 0.507781982421875
-0.48046875 -0.046875 0.219696044921875
-0.48828125 -0.046875 0.459930419921875
-0.35546875 -0.015625 -0.021514892578125
-0.30859375 -0.015625 0.022430419921875
-0.32421875 -0.015625 0.219696044921875
-0.41796875 -0.046875 0.507781982421875
-0.41796875 -0.078125 0.265594482421875
-0.46484375 -0.078125 0.751922607421875
-0.20703125 -0.015625 -0.021514892578125
-0.33203125 -0.046875 0.460906982421875
-0.43359375 -0.109375 0.022430419921875
-0.26953125 -0.046875 0.265594482421875
-0.32421875 -0.046875 0.751922607421875
-0.30859375 -0.046875 0.703094482421875
-0.15234375 -0.015625 0.022430419921875
-0.27734375 -0.046875 0.507781982421875
-0.03515625 0.015625 -0.271514892578125
-0.05078125 0.015625 -0.020538330078125
-0.18359375 -0.046875 -0.272491455078125
-0.42578125 -0.109375 0.703094482421875
-0.16015625 -0.015625 0.703094482421875
-0.12109375 -0.015625 0.508758544921875
-0.16015625 -0.046875 0.220672607421875
-0.17578125 -0.046875 0.461883544921875
-0.01171875 -0.015625 -0.221710205078125
-0.12109375 -0.046875 0.265594482421875
-0.17578125 -0.046875 0.751922607421875
-0.03515625 -0.015625 0.220672607421875
-0.13671875 -0.078125 -0.222686767578125
0.00390625 -0.015625 0.022430419921875
0.10546875 0.015625 -0.271514892578125
-0.02734375 -0.015625 0.461883544921875
0.09765625 0.015625 -0.020538330078125
0.01953125 -0.015625 0.265594482421875
-0.00390625 -0.015625 0.705047607421875
0.03515625 -0.015625 0.508758544921875
0.41015625 0.109375 -0.221710205078125
-0.16015625 -0.078125 0.955047607421875
-0.15234375 -0.078125 0.996063232421875
0.18359375 0.015625 0.265594482421875
-0.02734375 -0.046875 0.753875732421875
0.11328125 -0.015625 0.220672607421875
0.15234375 -0.015625 0.021453857421875
0.12890625 -0.015625 0.462860107421875
-0.01171875 -0.046875 0.955047607421875
0.25390625 0.015625 -0.020538330078125
-0.01171875 -0.046875 0.996063232421875
0.13671875 -0.015625 0.705047607421875
0.28515625 0.015625 0.221649169921875
0.18359375 -0.015625 0.508758544921875
0.12890625 -0.015625 0.996063232421875
0.39453125 0.015625 -0.514678955078125
0.13671875 -0.046875 0.753875732421875
0.30078125 -0.015625 0.021453857421875
0.39453125 0.015625 -0.020538330078125
0.13671875 -0.046875 0.957000732421875
0.28515625 -0.015625 0.463836669921875
0.33203125 -0.015625 0.265594482421875
0.30078125 -0.015625 0.707000732421875
0.45703125 0.015625 0.021453857421875
0.44140625 0.015625 0.221649169921875
0.34765625 -0.015625 0.509735107421875
0.48828125 0.015625 0.265594482421875
0.28515625 -0.046875 0.753875732421875
0.48828125 0.015625 0.509735107421875
0.42578125 -0.015625 0.464813232421875
0.67578125 0.046875 -1.203094482421875
0.58203125 0.015625 -0.272491455078125
0.42578125 -0.015625 0.753875732421875
0.58203125 0.015625 0.222625732421875
0.56640625 0.015625 0.464813232421875
0.48828125 0.015625 1.203094482421875
0.72265625 0.046875 0.222625732421875
0.64453125 0.015625 0.265594482421875
0.61328125 -0.015625 -0.224639892578125
0.62890625 0.015625 0.509735107421875
0.59765625 0.015625 0.960906982421875
0.67578125 -0.015625 -0.469268798828125
