SIGN
-0.55859375 -0.046875 0.748046875
-0.69921875 -0.078125 0.984375
-0.64453125 -0.078125 0.916015625
-0.39453125 -0.015625 0.7490234375
-0.50390625 -0.046875 0.91796875
-0.49609375 -0.046875 1.15234375
-0.56640625 -0.078125 0.986328125
-0.41015625 -0.046875 0.986328125
-0.25390625 -0.015625 0.75
-0.62890625 -0.109375 1.15234375
-0.42578125 -0.078125 0.6748046875
-0.35546875 -0.046875 0.91796875
-0.27734375 -0.046875 0.51171875
-0.30078125 -0.046875 0.6748046875
-0.36328125 -0.046875 1.15234375
-0.14453125 -0.015625 0.6748046875
-0.26953125 -0.046875 0.986328125
-0.15234375 -0.046875 0.4404296875
-0.20703125 -0.046875 0.91796875
-0.12890625 -0.046875 0.5126953125
-0.34765625 -0.078125 1.224609375
-0.21484375 -0.046875 1.15234375
-0.20703125 -0.046875 1.224609375
-0.27734375 -0.109375 0.4404296875
-0.11328125 -0.046875 0.7509765625
-0.25390625 -0.046875 1.462890625
-0.13671875 -0.046875 0.98828125
-0.12109375 -0.078125 0.275390625
0.02734375 -0.015625 0.7509765625
-0.30859375 -0.078125 1.38671875
-0.01171875 -0.046875 0.4404296875
0.01953125 -0.046875 0.275390625
-0.17578125 -0.046875 1.388671875
-0.06640625 -0.046875 0.91796875
0.01171875 -0.046875 0.5126953125
0.12890625 -0.015625 0.4404296875
0.00390625 -0.046875 0.6748046875
0.16796875 -0.015625 0.275390625
-0.02734375 -0.078125 0.205078125
-0.06640625 -0.046875 1.154296875
0.00390625 -0.078125 0.0380859375
0.09765625 -0.046875 0.205078125
-0.11328125 -0.046875 1.462890625
0.14453125 -0.015625 0.67578125
-0.05859375 -0.046875 1.2265625
-0.02734375 -0.015625 1.625
0.01953125 -0.046875 0.98828125
0.17578125 -0.015625 0.751953125
-0.03515625 -0.046875 1.388671875
0.69140625 0.109375 0.0390625
0.08203125 -0.046875 0.919921875
0.16015625 -0.046875 0.513671875
-0.16015625 -0.078125 1.625
0.68359375 0.078125 -0.74560546875
0.07421875 -0.046875 1.154296875
0.69921875 0.078125 -0.67529296875
0.27734375 -0.015625 0.67578125
0.30859375 -0.015625 0.513671875
0.08203125 -0.046875 1.2265625
0.03515625 -0.046875 1.46484375
0.12109375 -0.015625 1.625
0.16796875 -0.046875 0.990234375
0.31640625 -0.015625 0.751953125
0.23046875 -0.015625 1.2265625
0.18359375 -0.015625 1.46484375
0.11328125 -0.046875 1.390625
0.21484375 -0.046875 0.919921875
0.46484375 0.015625 0.751953125
0.35546875 -0.015625 0.919921875
0.22265625 -0.046875 1.154296875
0.11328125 -0.046875 1.703125
0.39453125 -0.046875 0.205078125
0.43359375 -0.015625 0.67578125
0.25390625 -0.015625 1.626953125
0.36328125 -0.015625 1.15625
0.31640625 -0.046875 0.990234375
0.32421875 -0.015625 1.466796875
0.37890625 -0.015625 1.228515625
0.25390625 -0.046875 1.390625
0.45703125 -0.015625 0.990234375
0.61328125 0.015625 0.75390625
0.67578125 -0.015625 -1.2284698486328125
0.50390625 -0.015625 0.919921875
0.67578125 -0.015625 -0.03125
0.51171875 -0.015625 1.15625
0.65234375 -0.046875 -1.703125
0.51953125 -0.015625 1.228515625
0.59765625 -0.015625 0.9921875
0.66015625 -0.015625 0.921875
0.69140625 0.015625 1.392578125
