SIGN
-0.72265625 0.0 0.03857421875
-0.58203125 0.0 -0.03369140625
-0.58203125 0.0 0.03955078125
-0.65234375 -0.03125 0.19384765625
-0.50390625 0.0 0.19384765625
-0.44140625 0.0 -0.03369140625
-0.30859375 0.03125 -0.03369140625
-0.43359375 0.0 0.03955078125
-0.28515625 0.03125 0.04052734375
-0.44140625 -0.03125 -0.27197265625
-0.44921875 -0.03125 -0.19873046875
-0.30859375 0.0 -0.27197265625
-0.30078125 0.0 -0.19873046875
-0.35546875 0.0 0.19384765625
-0.16796875 0.03125 -0.03369140625
-0.04296875 0.03125 -0.67529296875
-0.15234375 0.03125 0.04052734375
-0.44140625 -0.03125 0.26611328125
-0.29296875 -0.03125 -0.43701171875
-0.29296875 0.0 0.26611328125
-0.15234375 0.0 -0.43701171875
-0.16015625 0.0 -0.27197265625
-0.16015625 0.0 -0.19873046875
-0.21484375 0.0 0.19384765625
-0.17578125 -0.03125 -0.67529296875
-0.18359375 -0.03125 -0.50927734375
-0.01953125 0.03125 -0.03369140625
-0.35546875 -0.03125 0.43212890625
-0.05078125 0.0 -0.50927734375
0.09765625 0.03125 -0.67529296875
-0.21484375 0.0 0.43212890625
-0.00390625 0.03125 0.04150390625
-0.16015625 0.0 0.26806640625
0.23828125 0.0625 -0.67529296875
-0.01171875 0.0 -0.43701171875
-0.01953125 0.0 -0.27197265625
0.12890625 0.03125 -0.43701171875
-0.01953125 0.0 -0.19775390625
0.12109375 0.03125 -0.27197265625
-0.07421875 0.0 0.19384765625
0.12890625 0.03125 -0.19775390625
0.09765625 0.0 -0.74853515625
0.12890625 0.03125 -0.03369140625
-0.07421875 0.0 0.43212890625
0.09765625 0.0 -0.50927734375
-0.08984375 0.0 0.50634765625
0.13671875 0.03125 0.04150390625
0.23046875 0.03125 -0.51025390625
-0.01953125 0.0 0.26806640625
-0.17578125 -0.03125 0.67041015625
0.27734375 0.03125 -0.43701171875
0.25390625 0.03125 -0.27197265625
-0.04296875 0.0 0.67041015625
0.07421875 0.0 0.19384765625
0.26953125 0.03125 -0.19775390625
-0.21484375 -0.0625 0.50634765625
-0.13671875 -0.03125 0.74658203125
0.26953125 0.03125 -0.03369140625
0.07421875 0.0 0.43212890625
0.05859375 0.0 0.50634765625
0.00390625 0.0 0.74658203125
0.28515625 0.03125 0.04150390625
0.20703125 0.03125 0.43212890625
0.12890625 0.0 0.26806640625
0.37890625 0.03125 -0.51025390625
0.14453125 0.03125 0.74658203125
0.41796875 0.03125 -0.43603515625
0.40234375 0.03125 -0.27197265625
0.20703125 0.0 0.19580078125
0.10546875 0.0 0.67041015625
0.41015625 0.03125 -0.19775390625
0.41015625 0.03125 -0.03369140625
0.19921875 0.0 0.50830078125
0.34765625 0.03125 0.43408203125
0.26953125 0.0 0.27001953125
0.43359375 0.03125 0.04248046875
0.29296875 0.03125 0.74853515625
0.41796875 0.03125 0.27001953125
0.23828125 0.0 0.67041015625
0.36328125 0.0 0.19580078125
0.55859375 0.03125 -0.19677734375
0.50390625 0.03125 0.19580078125
0.55859375 0.03125 -0.03369140625
0.34765625 0.0 0.50830078125
0.57421875 0.03125 0.04248046875
0.55859375 0.03125 0.27001953125
0.72265625 0.0625 0.04345703125
0.63671875 0.03125 0.19580078125
