SIGN
-0.109130859375 0.015625 -0.0009765625
0.035400390625 0.015625 -0.0009765625
0.173095703125 0.015625 -0.0009765625
-0.280029296875 -0.046875 -1.3837890625
0.012939453125 0.015625 0.2294921875
0.303955078125 0.015625 0.0
-0.648681640625 0.015625 0.6884765625
-0.517822265625 0.015625 0.6884765625
-0.372802734375 0.015625 0.6904296875
-0.400146484375 -0.015625 0.2294921875
-0.208740234375 -0.015625 0.1259765625
0.432861328125 0.015625 0.2294921875
-0.573486328125 0.015625 0.8193359375
-0.235107421875 0.015625 0.6904296875
0.344970703125 0.015625 0.3544921875
-0.262451171875 -0.015625 0.2294921875
-0.070068359375 -0.015625 0.1259765625
-0.428466796875 0.015625 0.8173828125
-0.098388671875 0.015625 0.6904296875
0.563720703125 0.015625 0.2314453125
-0.124755859375 -0.015625 0.2294921875
-0.297607421875 0.015625 0.8173828125
-0.344482421875 -0.015625 0.3564453125
0.067626953125 -0.015625 0.1240234375
0.482666015625 0.015625 0.3544921875
0.039306640625 0.015625 0.6904296875
-0.472412109375 -0.015625 0.4599609375
0.714111328125 0.046875 0.6904296875
0.237548828125 0.015625 0.5849609375
-0.166748046875 0.015625 0.8173828125
-0.206787109375 -0.015625 0.3564453125
-0.714111328125 -0.015625 0.5869140625
-0.334716796875 -0.015625 0.4599609375
0.205322265625 -0.015625 0.1240234375
0.490478515625 0.015625 0.4599609375
-0.575927734375 -0.015625 0.5869140625
0.177001953125 0.015625 0.6904296875
0.620361328125 0.015625 0.3544921875
-0.068115234375 -0.015625 0.3564453125
-0.022216796875 0.015625 0.8173828125
0.150634765625 -0.015625 0.2294921875
-0.197021484375 -0.015625 0.4599609375
0.388916015625 0.015625 0.5849609375
-0.445068359375 -0.015625 0.5869140625
0.307861328125 0.015625 0.6904296875
0.069580078125 -0.015625 0.3564453125
0.115478515625 0.015625 0.8173828125
0.628173828125 0.015625 0.4599609375
-0.066162109375 -0.015625 0.4599609375
-0.300537109375 -0.015625 0.5869140625
0.288330078125 -0.015625 0.2294921875
0.526611328125 0.015625 0.5849609375
0.239501953125 0.015625 0.8173828125
-0.169677734375 -0.015625 0.5869140625
0.207275390625 -0.015625 0.3544921875
0.078369140625 -0.015625 0.4599609375
0.452392578125 0.015625 0.6904296875
0.649658203125 0.015625 0.5849609375
-0.025146484375 -0.015625 0.5869140625
0.216064453125 -0.015625 0.4599609375
0.390869140625 0.015625 0.8173828125
0.239501953125 0.015625 0.9208984375
0.589111328125 0.015625 0.6904296875
-0.475341796875 -0.046875 0.3564453125
0.113525390625 -0.015625 0.5869140625
-0.610595703125 -0.046875 0.4599609375
0.514892578125 0.015625 0.8154296875
0.353759765625 -0.015625 0.4599609375
0.377197265625 0.015625 0.9208984375
-0.311279296875 -0.015625 0.9208984375
0.651611328125 0.015625 0.8154296875
0.514892578125 0.015625 0.9208984375
-0.173583984375 -0.015625 0.9208984375
-0.029052734375 -0.015625 0.9208984375
0.196533203125 0.015625 1.2763671875
0.108642578125 -0.015625 0.9208984375
-0.062255859375 -0.015625 1.1513671875
-0.448974609375 -0.046875 0.9208984375
0.075439453125 -0.015625 1.1513671875
-0.078857421875 -0.015625 1.2783203125
0.213134765625 -0.015625 1.1513671875
0.058837890625 -0.015625 1.2763671875
0.357666015625 -0.015625 1.1513671875
-0.199951171875 -0.046875 1.1533203125
0.099853515625 -0.046875 1.3837890625
