SIGN
0.23876953125 0.03125 -0.462890625
0.49755859375 0.03125 -0.232421875
0.10009765625 0.03125 -0.462890625
0.60400390625 0.0 -0.7451171875
0.67919921875 0.03125 -0.052734375
0.70751953125 0.03125 -0.001953125
-0.03173828125 0.03125 -0.462890625
0.53955078125 0.03125 -0.052734375
0.56201171875 0.03125 -0.001953125
0.40673828125 0.03125 -0.052734375
-0.17041015625 0.03125 -0.462890625
0.72314453125 0.03125 0.177734375
0.26123046875 0.03125 -0.052734375
0.58349609375 0.03125 0.177734375
0.66455078125 0.03125 0.228515625
0.44580078125 0.03125 0.177734375
0.52587890625 0.03125 0.23046875
0.19091796875 0.0 -0.5126953125
0.29931640625 0.03125 0.1796875
0.38623046875 0.03125 0.23046875
0.05224609375 0.0 -0.5126953125
0.72412109375 0.03125 0.41015625
0.37255859375 0.0 -0.232421875
0.16748046875 0.03125 0.1796875
0.25146484375 0.0 -0.283203125
0.58544921875 0.03125 0.41015625
0.23291015625 -0.03125 -0.9248046875
0.23291015625 0.0 -0.232421875
0.12548828125 0.0 -0.283203125
0.02783203125 0.03125 0.1796875
0.10205078125 0.03125 0.23046875
0.45654296875 0.03125 0.4609375
0.09423828125 0.0 -0.232421875
0.42333984375 0.0 -0.001953125
-0.01416015625 0.0 -0.283203125
-0.05029296875 -0.03125 -0.9248046875
0.29248046875 0.0 -0.001953125
-0.04443359375 0.0 -0.232421875
-0.31201171875 0.0 -0.462890625
-0.15966796875 0.0 -0.283203125
0.12158203125 0.0 -0.052734375
0.15966796875 0.0 0.0
-0.19091796875 -0.03125 -0.92578125
-0.18310546875 0.0 -0.232421875
-0.01025390625 0.0 -0.05078125
-0.29052734375 0.0 -0.283203125
0.01416015625 0.0 0.0
-0.32958984375 -0.03125 -0.92578125
-0.32763671875 0.0 -0.232421875
-0.14990234375 0.0 -0.05078125
0.23974609375 0.0 0.23046875
-0.12451171875 0.0 0.0
-0.46044921875 0.0 -0.232421875
0.44580078125 0.0 0.412109375
-0.28857421875 0.0 -0.05078125
-0.26318359375 0.0 0.0
0.30712890625 0.0 0.412109375
-0.03662109375 0.0 0.23046875
-0.11181640625 0.0 0.1796875
0.31689453125 0.0 0.4609375
-0.42724609375 0.0 -0.05078125
-0.40185546875 0.0 0.0
0.16748046875 0.0 0.412109375
-0.72412109375 0.03125 0.23046875
-0.16943359375 0.0 0.23046875
-0.25146484375 0.0 0.181640625
0.17138671875 0.0 0.4609375
0.02880859375 0.0 0.412109375
-0.56787109375 0.0 -0.05078125
-0.54052734375 0.0 0.0
0.03271484375 0.0 0.4609375
-0.31396484375 0.0 0.23046875
-0.39013671875 0.0 0.181640625
-0.10986328125 0.0 0.4140625
-0.09912109375 0.0 0.462890625
0.29443359375 0.0 0.693359375
-0.68701171875 0.0 0.0
-0.45458984375 0.0 0.23046875
-0.52880859375 0.0 0.181640625
-0.24951171875 0.0 0.4140625
0.15576171875 0.0 0.693359375
-0.23779296875 0.0 0.462890625
-0.58349609375 0.0 0.23046875
-0.38818359375 0.0 0.4140625
-0.66748046875 0.0 0.181640625
-0.37841796875 0.0 0.462890625
-0.52099609375 0.0 0.416015625
-0.02294921875 0.0 0.875
0.01708984375 -0.03125 0.693359375
-0.12255859375 -0.03125 0.6953125
0.03271484375 -0.03125 0.92578125
