SIGN
0.4375 0.046875 -0.1923828125
0.71484375 0.015625 0.0439453125
0.69140625 0.015625 0.1884765625
0.29296875 0.046875 -0.1923828125
0.57421875 0.046875 0.5087890625
0.57421875 0.015625 0.0439453125
0.62890625 0.015625 0.2763671875
0.546875 0.015625 0.1884765625
0.15234375 0.046875 -0.1923828125
0.05078125 0.046875 -0.5126953125
0.4375 0.046875 0.5087890625
0.3359375 0.015625 -0.279296875
0.4296875 0.015625 0.0439453125
0.39453125 0.015625 -0.0439453125
0.5859375 0.015625 0.4228515625
0.48828125 0.015625 0.2763671875
0.1875 0.015625 -0.5126953125
0.40625 0.015625 0.1904296875
0.59765625 0.015625 0.6572265625
0.19140625 0.015625 -0.2783203125
0.12890625 0.015625 -0.42578125
0.2890625 0.015625 0.0439453125
0.4453125 0.015625 0.4248046875
0.34375 0.015625 0.2763671875
-0.00390625 0.015625 -0.6591796875
0.26171875 0.015625 0.1904296875
0.45703125 0.015625 0.6572265625
0.046875 0.015625 -0.2783203125
0.14453125 0.015625 0.0439453125
-0.015625 0.015625 -0.42578125
0.296875 0.015625 0.4248046875
0.203125 0.015625 0.2763671875
0.015625 0.015625 -0.1923828125
0.296875 0.015625 0.5107421875
-0.09375 0.015625 -0.5126953125
0.25 -0.015625 -0.0439453125
0.12109375 0.015625 0.1923828125
0.30859375 0.015625 0.6591796875
-0.26953125 0.046875 -0.1923828125
-0.09765625 0.015625 -0.2783203125
0.16796875 0.015625 0.4248046875
-0.15625 0.015625 -0.4267578125
0.05859375 0.015625 0.2783203125
0.15234375 0.015625 0.5107421875
-0.12890625 0.015625 -0.1923828125
0.10546875 -0.015625 -0.0419921875
0.22265625 0.015625 0.7451171875
0.16796875 0.015625 0.6611328125
-0.234375 0.015625 -0.27734375
-0.41015625 0.046875 -0.1923828125
0.0234375 0.015625 0.4267578125
0.0078125 0.015625 0.5107421875
-0.03125 -0.015625 -0.0419921875
0.0 -0.015625 0.0439453125
0.078125 0.015625 0.7451171875
0.0234375 0.015625 0.6611328125
-0.12109375 0.015625 0.4267578125
-0.0234375 -0.015625 0.1923828125
-0.1328125 0.015625 0.5126953125
-0.171875 -0.015625 -0.0419921875
-0.14453125 -0.015625 0.0439453125
-0.05859375 0.015625 0.7451171875
-0.08203125 -0.015625 0.2783203125
-0.12109375 0.015625 0.6630859375
-0.15234375 -0.015625 0.1923828125
-0.44921875 0.015625 -0.0400390625
-0.43359375 0.015625 0.0439453125
-0.27734375 0.015625 0.5126953125
-0.30859375 -0.015625 -0.0419921875
-0.28515625 -0.015625 0.0439453125
-0.19921875 0.015625 0.7470703125
-0.26171875 0.015625 0.6630859375
-0.234375 -0.015625 0.2783203125
-0.296875 -0.015625 0.1943359375
-0.41015625 0.015625 0.4287109375
-0.5703125 0.015625 0.0458984375
-0.41796875 0.015625 0.5126953125
-0.265625 -0.015625 0.4287109375
-0.44921875 -0.046875 -0.66015625
-0.58203125 0.015625 0.1943359375
-0.40625 0.015625 0.6650390625
-0.37109375 -0.015625 0.2783203125
-0.56640625 -0.015625 -0.19140625
-0.44140625 -0.015625 0.1943359375
-0.55078125 0.015625 0.4306640625
-0.71484375 0.015625 0.0458984375
-0.55859375 0.015625 0.5126953125
-0.57421875 -0.046875 -0.7470703125
-0.51953125 -0.015625 0.2783203125
-0.6640625 -0.015625 0.2802734375
