SIGN
0.69921875 0.046875 1.151611328125
0.65234375 0.046875 1.005126953125
0.65234375 -0.015625 0.769775390625
0.37109375 0.046875 0.769775390625
0.51171875 0.046875 1.485595703125
0.54296875 0.015625 1.153564453125
0.56640625 0.015625 1.245361328125
0.49609375 0.015625 1.005126953125
0.58984375 0.015625 1.393798828125
0.38671875 0.015625 0.915283203125
0.21484375 0.046875 0.769775390625
0.37109375 0.046875 1.485595703125
0.41796875 0.015625 1.245361328125
0.38671875 0.015625 1.155517578125
0.34765625 0.015625 1.007080078125
0.44140625 0.015625 1.395751953125
0.44140625 0.015625 1.635986328125
0.23828125 0.015625 0.915283203125
0.01953125 0.046875 0.436767578125
0.07421875 0.046875 0.770751953125
0.16015625 0.015625 0.677978515625
0.23828125 0.015625 1.155517578125
0.19921875 0.015625 1.007080078125
0.27734375 0.015625 1.395751953125
0.04296875 0.015625 0.529541015625
-0.07421875 0.046875 0.770751953125
0.21484375 0.015625 1.487548828125
0.26953125 -0.015625 1.247314453125
0.01171875 0.015625 0.677978515625
0.05078125 0.015625 1.007080078125
0.12890625 0.015625 1.397705078125
-0.10546875 0.015625 0.529541015625
0.27734375 -0.015625 1.637939453125
0.08203125 -0.015625 0.917236328125
-0.13671875 0.015625 0.437744140625
-0.22265625 0.046875 0.770751953125
0.13671875 0.015625 1.729736328125
0.06640625 0.015625 1.487548828125
0.11328125 -0.015625 1.247314453125
-0.13671875 0.015625 0.678955078125
0.08984375 -0.015625 1.157470703125
-0.08203125 0.046875 1.489501953125
-0.04296875 0.015625 1.157470703125
-0.26953125 0.046875 0.678955078125
-0.09765625 0.015625 1.007080078125
-0.01171875 0.015625 1.399658203125
-0.37109375 0.015625 -1.733642578125
0.12890625 -0.015625 1.639892578125
-0.06640625 -0.015625 0.917236328125
-0.00390625 0.015625 1.729736328125
-0.41796875 0.015625 -0.672607421875
-0.37109375 0.046875 0.771728515625
-0.31640625 -0.015625 -0.76904296875
-0.03515625 -0.015625 1.249267578125
-0.35546875 -0.015625 -1.493408203125
-0.24609375 0.015625 1.009033203125
-0.16015625 0.015625 1.399658203125
-0.25390625 -0.015625 0.529541015625
-0.01171875 -0.015625 1.641845703125
-0.21484375 -0.015625 0.917236328125
-0.27734375 -0.046875 -0.285400390625
-0.44140625 -0.015625 -1.39501953125
-0.15234375 0.015625 1.731689453125
-0.23046875 0.015625 1.491455078125
-0.52734375 0.046875 0.771728515625
-0.18359375 -0.015625 1.249267578125
-0.20703125 -0.015625 1.159423828125
-0.42578125 -0.015625 0.047119140625
-0.33984375 0.015625 1.249267578125
-0.38671875 -0.046875 -0.527099609375
-0.34765625 -0.046875 -0.046630859375
-0.16015625 -0.015625 1.641845703125
-0.33984375 -0.046875 0.195556640625
-0.35546875 -0.015625 0.919189453125
-0.44140625 -0.046875 -0.432373046875
-0.42578125 -0.046875 -0.191162109375
-0.37890625 0.015625 1.491455078125
-0.35546875 -0.015625 1.159423828125
-0.39453125 -0.015625 1.009033203125
-0.31640625 -0.015625 1.401611328125
-0.49609375 0.015625 1.161376953125
-0.55859375 0.015625 1.009033203125
-0.47265625 0.015625 1.403564453125
-0.30859375 -0.015625 1.643798828125
-0.50390625 -0.015625 0.919189453125
-0.30859375 -0.015625 1.733642578125
-0.53515625 0.015625 1.493408203125
-0.48046875 -0.015625 1.251220703125
-0.68359375 0.046875 1.493408203125
-0.65234375 0.015625 1.161376953125
-0.60546875 0.015625 1.403564453125
-0.69921875 0.015625 1.009033203125
-0.63671875 -0.015625 1.251220703125
