SIGN
0.53125 0.0 -1.059326171875
0.46875 0.0625 0.63232421875
0.6640625 0.03125 1.11376953125
0.5859375 0.03125 0.87353515625
0.3125 0.0625 0.63330078125
0.4609375 0.0625 1.35791015625
0.5078125 0.03125 1.11572265625
0.4375 0.03125 0.87353515625
0.5625 0.0 1.07470703125
0.3359375 0.03125 0.59326171875
0.40625 0.03125 1.07470703125
0.453125 0.03125 1.31884765625
0.15625 0.0625 0.63330078125
0.40625 0.0 0.83251953125
0.2890625 0.03125 0.87353515625
0.3125 0.03125 1.32080078125
0.3125 0.03125 1.35791015625
0.3515625 0.0 1.11572265625
0.453125 0.0 1.56494140625
0.1328125 0.03125 0.87548828125
0.1796875 0.0 0.59326171875
0.03125 0.03125 0.34912109375
0.2578125 0.0 1.07666015625
0.03125 0.03125 0.59326171875
-0.015625 0.03125 0.39013671875
0.15625 0.03125 1.32080078125
0.1640625 0.03125 1.35986328125
0.203125 0.0 1.11767578125
0.25 -0.03125 0.83251953125
0.3046875 0.0 1.56494140625
-0.0078125 0.03125 0.63330078125
0.0546875 0.03125 1.11767578125
-0.1484375 0.0625 0.63330078125
0.09375 0.0 0.83251953125
-0.015625 0.03125 0.87548828125
-0.1171875 0.03125 0.34912109375
0.1015625 0.0 1.07666015625
-0.125 0.03125 0.59423828125
-0.171875 0.03125 0.39013671875
0.0703125 0.03125 1.60400390625
0.0078125 0.03125 1.35986328125
0.15625 0.0 1.56689453125
-0.296875 0.0625 0.63427734375
-0.0625 0.0 0.83251953125
-0.046875 0.0 1.07861328125
0.0 0.0 1.32275390625
-0.296875 0.0 -0.872802734375
-0.0859375 0.03125 1.60400390625
-0.15625 0.03125 1.32275390625
-0.1015625 0.0 1.11767578125
-0.15625 0.03125 1.36181640625
-0.3671875 0.0 -1.070068359375
-0.0078125 0.0 1.56884765625
-0.1796875 0.0 0.87548828125
-0.3203125 0.03125 0.87548828125
-0.46875 0.0625 0.63427734375
-0.28125 0.0 0.59423828125
-0.1953125 0.0 1.07861328125
-0.34375 -0.03125 -1.3592376708984375
-0.34375 -0.03125 -1.60595703125
-0.4296875 0.03125 0.59423828125
-0.3046875 0.03125 1.32470703125
-0.375 -0.03125 -0.62841796875
-0.3046875 0.03125 1.36376953125
-0.2578125 0.0 1.11962890625
-0.2109375 -0.03125 0.83447265625
-0.3515625 -0.03125 -0.14306640625
-0.1640625 0.0 1.57080078125
-0.453125 0.0625 1.36376953125
-0.3671875 0.0 0.83447265625
-0.46875 0.03125 0.87744140625
-0.3515625 0.0 1.07861328125
-0.234375 0.0 1.60595703125
-0.359375 -0.0625 0.10302734375
-0.4609375 0.03125 1.32470703125
-0.3046875 0.0 1.57080078125
-0.4140625 0.0 1.11962890625
-0.5078125 -0.03125 -0.09716796875
-0.5078125 0.0 0.83447265625
-0.6328125 0.03125 0.87744140625
-0.515625 0.0 1.08056640625
-0.625 0.03125 1.36572265625
-0.578125 0.0 1.12158203125
-0.6640625 0.0 0.83447265625
-0.65625 0.0 1.08056640625
