SIGN
0.66015625 0.0625 -0.776611328125
0.70703125 0.0625 1.039306640625
0.55078125 0.0625 1.039306640625
0.48828125 0.0 -0.9188232421875
0.59765625 0.03125 1.185791015625
0.61328125 0.03125 1.283447265625
0.63671875 0.03125 1.429931640625
0.41015625 0.0625 0.794189453125
0.46484375 0.03125 1.283447265625
0.41015625 0.0625 1.529541015625
0.43359375 0.03125 1.185791015625
0.48046875 0.03125 1.429931640625
0.25390625 0.0625 0.794189453125
0.38671875 0.03125 1.039306640625
0.43359375 0.0 0.939697265625
0.30859375 0.03125 1.285400390625
0.20703125 0.03125 0.693603515625
0.28515625 0.03125 1.185791015625
0.25390625 0.0625 1.529541015625
0.32421875 0.03125 1.431884765625
0.07421875 0.0625 0.549072265625
0.10546875 0.0625 0.795166015625
0.05078125 0.0625 0.447509765625
0.23046875 0.03125 1.041259765625
0.26953125 0.0 0.939697265625
0.09765625 0.0625 1.531494140625
0.31640625 0.0 1.677978515625
0.12109375 0.03125 1.187744140625
-0.07421875 0.0625 0.549072265625
0.13671875 0.03125 1.285400390625
0.16015625 0.03125 1.431884765625
0.08203125 0.03125 1.041259765625
-0.11328125 0.0625 0.447509765625
-0.06640625 0.0625 0.795166015625
0.04296875 0.0 0.693603515625
0.16796875 0.0 1.679931640625
-0.11328125 0.03125 0.693603515625
0.01171875 0.03125 1.433837890625
0.11328125 -0.03125 0.941650390625
-0.23046875 0.0625 0.549072265625
-0.08203125 0.03125 1.041259765625
-0.21484375 0.0625 0.795166015625
-0.04296875 0.0 0.941650390625
-0.30078125 0.03125 -0.788818359375
0.01953125 0.03125 1.777587890625
-0.02734375 0.0 1.187744140625
-0.05859375 0.03125 1.533447265625
-0.01953125 0.0 1.287353515625
-0.37109375 0.0625 0.302978515625
-0.36328125 0.03125 -1.779541015625
0.01171875 0.0 1.679931640625
-0.26171875 0.03125 0.693603515625
-0.23828125 0.03125 1.043212890625
-0.37109375 0.0625 0.795166015625
-0.34765625 0.0 -1.5341796875
-0.20703125 0.0 0.941650390625
-0.14453125 0.03125 1.779541015625
-0.36328125 0.0 -0.542236328125
-0.41796875 0.03125 0.056884765625
-0.20703125 0.03125 1.533447265625
-0.19140625 0.0 1.187744140625
-0.17578125 0.0 1.287353515625
-0.15234375 0.0 1.433837890625
-0.42578125 0.0 -0.68359375
-0.14453125 0.0 1.681884765625
-0.37109375 0.0625 1.535400390625
-0.42578125 0.0 -0.191162109375
-0.27734375 -0.0625 -1.038818359375
-0.30859375 0.03125 1.435791015625
-0.35546875 0.03125 1.189697265625
-0.39453125 0.03125 1.043212890625
-0.52734375 0.0625 0.795166015625
-0.27734375 -0.0625 -0.296630859375
-0.30078125 0.03125 1.681884765625
-0.34765625 0.0 0.941650390625
-0.32421875 0.0 1.289306640625
-0.45703125 -0.03125 -0.438232421875
-0.33984375 -0.0625 -0.048583984375
-0.52734375 0.0625 1.535400390625
-0.46484375 0.03125 1.435791015625
-0.55078125 0.03125 1.043212890625
-0.51953125 0.0 0.943603515625
-0.50390625 0.0 1.189697265625
-0.48828125 0.0 1.289306640625
-0.70703125 0.03125 1.043212890625
-0.64453125 0.0 1.291259765625
-0.66796875 0.0 1.191650390625
