SIGN
0.609375 -0.015625 -0.960205078125
0.7109375 -0.046875 -0.51025390625
0.6796875 0.015625 1.02197265625
0.5390625 0.046875 0.77490234375
0.6015625 -0.046875 -1.45703125
0.5859375 0.015625 1.27001953125
0.578125 0.015625 1.22705078125
0.5390625 0.046875 1.51806640625
0.515625 0.015625 1.02197265625
0.375 0.046875 0.77490234375
0.46875 0.015625 1.48095703125
0.421875 0.015625 1.27197265625
0.3359375 0.015625 0.73681640625
0.375 0.046875 1.52001953125
0.3515625 0.015625 1.02392578125
0.2109375 0.046875 0.77587890625
0.40625 -0.015625 0.97705078125
0.40625 -0.015625 1.22900390625
0.2890625 0.015625 1.48291015625
0.1875 0.015625 1.02392578125
0.03125 0.046875 0.52685546875
0.0546875 0.046875 0.77587890625
0.234375 -0.015625 0.97900390625
0.25 -0.015625 1.23095703125
0.2109375 0.015625 1.52197265625
0.25 -0.015625 1.27197265625
0.1640625 -0.015625 0.73779296875
-0.1796875 0.078125 -0.02001953125
0.015625 0.015625 0.48583984375
0.2890625 -0.015625 1.73681640625
0.140625 0.015625 1.48486328125
0.0390625 0.015625 1.02587890625
-0.1328125 0.046875 0.52685546875
-0.1015625 0.046875 0.77685546875
0.0703125 -0.015625 0.97900390625
0.1171875 0.015625 1.77197265625
0.0546875 0.015625 1.52392578125
0.09375 -0.015625 1.27392578125
0.0859375 -0.015625 1.23291015625
0.0 -0.015625 0.73876953125
0.1328125 -0.015625 1.73876953125
-0.1640625 0.015625 0.73876953125
-0.125 0.015625 1.02587890625
-0.265625 0.046875 0.77685546875
-0.0859375 -0.015625 0.98095703125
-0.0234375 -0.015625 1.48681640625
-0.0625 -0.015625 1.27587890625
-0.109375 0.015625 1.52392578125
-0.078125 -0.015625 1.23486328125
-0.0390625 -0.015625 1.74072265625
-0.3046875 -0.015625 -0.263671875
-0.0390625 -0.015625 1.77392578125
-0.3125 0.015625 0.73974609375
-0.265625 -0.046875 -1.77587890625
-0.4296875 0.046875 0.77783203125
-0.25 -0.015625 0.98291015625
-0.2265625 -0.015625 1.27587890625
-0.2734375 0.015625 1.52587890625
-0.2421875 -0.015625 1.23486328125
-0.203125 -0.015625 1.48876953125
-0.2890625 -0.015625 1.02783203125
-0.2421875 -0.078125 0.23193359375
-0.203125 -0.015625 1.74267578125
-0.203125 -0.015625 1.77587890625
-0.3515625 0.015625 1.48876953125
-0.4453125 0.015625 1.02783203125
-0.4140625 -0.015625 0.98291015625
-0.390625 -0.015625 1.27783203125
-0.3984375 -0.015625 1.23681640625
-0.4375 0.015625 1.52783203125
-0.5078125 0.015625 1.49072265625
-0.609375 0.015625 1.02783203125
-0.5546875 -0.015625 1.27783203125
-0.5625 -0.015625 1.23876953125
-0.7109375 -0.015625 1.23876953125
