SIGN
0.8125 -0.265625 -1.4007568359375
0.671875 -0.328125 -1.2449951171875
0.640625 -0.328125 -1.1339111328125
0.609375 -0.328125 -0.7144775390625
0.671875 -0.296875 -0.1837158203125
0.765625 -0.234375 -0.3341064453125
0.484375 -0.328125 -0.1837158203125
0.453125 -0.296875 -1.2489013671875
0.578125 -0.203125 -1.4056396484375
0.390625 -0.296875 -0.7169189453125
0.5625 -0.203125 -0.3350830078125
0.40625 -0.265625 -1.1380615234375
0.265625 -0.234375 -0.1846923828125
0.421875 -0.171875 0.6141357421875
0.21875 -0.203125 -1.2547607421875
0.453125 -0.109375 0.4696044921875
0.34375 -0.109375 -1.4114990234375
0.265625 -0.203125 0.6160888671875
0.171875 -0.171875 -1.1429443359375
0.453125 -0.078125 0.7371826171875
0.40625 -0.109375 0.8836669921875
0.375 -0.140625 1.1492919921875
0.296875 -0.109375 -0.3370361328125
0.265625 -0.171875 0.8836669921875
0.390625 -0.109375 1.0047607421875
0.140625 -0.171875 -0.7213134765625
0.28125 -0.109375 0.7371826171875
0.28125 -0.140625 1.2762451171875
0.234375 -0.140625 1.0067138671875
0.25 -0.078125 0.4715576171875
0.171875 -0.140625 1.4207763671875
0.015625 -0.109375 -0.1866455078125
-0.03125 -0.109375 -1.2611083984375
0.03125 -0.109375 0.8856201171875
0.09375 0.015625 -1.4180908203125
0.03125 -0.078125 0.6180419921875
0.140625 -0.046875 1.1551513671875
-0.09375 -0.078125 -0.7242431640625
0.0625 0.015625 -0.3380126953125
-0.078125 -0.046875 -1.1483154296875
0.0 -0.046875 1.0106201171875
0.046875 0.015625 0.7410888671875
0.0 0.015625 0.4735107421875
-0.28125 -0.015625 -1.2672119140625
-0.25 -0.015625 -0.1876220703125
-0.140625 0.078125 -1.4239501953125
-0.09375 0.046875 1.1590576171875
-0.21875 0.015625 0.6199951171875
-0.328125 0.015625 -0.7281494140625
-0.234375 0.015625 0.8895263671875
-0.1875 0.109375 -0.3389892578125
-0.265625 0.046875 1.0164794921875
-0.21875 0.109375 0.7449951171875
-0.25 0.140625 0.4754638671875
-0.390625 0.140625 -0.8839111328125
-0.484375 0.078125 -0.1885986328125
-0.546875 0.078125 -1.1566162109375
-0.53125 0.109375 -1.2742919921875
-0.40625 0.203125 -1.4310302734375
-0.4375 0.203125 -0.3409423828125
-0.609375 0.171875 -0.7325439453125
-0.546875 0.171875 1.4383544921875
-0.625 0.234375 -0.8873291015625
-0.8125 0.203125 -1.1624755859375
-0.671875 0.328125 -1.4383544921875
