SIGN
0.6484375 0.078125 0.9375
0.578125 0.046875 -0.833740234375
0.5625 0.015625 -0.31787109375
0.59375 0.015625 0.1650390625
0.625 0.046875 1.162109375
0.6171875 -0.015625 -0.7509765625
0.484375 0.078125 0.9375
0.6796875 0.015625 1.25390625
0.59375 -0.015625 -0.060546875
0.6015625 0.015625 1.013671875
0.4375 0.046875 0.7607421875
0.5078125 0.015625 1.255859375
0.515625 0.015625 1.421875
0.5234375 0.015625 1.509765625
0.4609375 0.015625 1.1640625
0.4296875 0.015625 1.015625
0.3046875 0.046875 0.939453125
0.2734375 0.046875 0.7607421875
0.3125 0.078125 1.681640625
0.359375 0.015625 1.51171875
0.34375 0.015625 1.423828125
0.296875 0.015625 1.166015625
0.2734375 0.015625 1.015625
0.1171875 0.046875 0.681640625
0.1484375 0.046875 0.94140625
0.109375 0.046875 0.76171875
0.3359375 -0.015625 1.255859375
0.21875 -0.015625 0.5068359375
0.125 0.015625 0.423828125
0.1484375 0.046875 1.68359375
0.1796875 0.015625 1.42578125
0.1328125 0.015625 1.166015625
0.1015625 0.015625 1.017578125
-0.0078125 0.046875 0.94140625
-0.046875 0.046875 0.6826171875
0.1796875 -0.015625 1.2578125
-0.0546875 0.046875 0.76171875
0.0546875 -0.015625 0.5068359375
-0.0390625 0.015625 0.423828125
0.1875 -0.015625 1.513671875
0.078125 0.015625 1.76953125
-0.109375 0.015625 0.5068359375
-0.0234375 0.046875 1.685546875
-0.03125 0.015625 1.16796875
-0.2109375 0.046875 0.68359375
-0.1796875 0.046875 0.943359375
0.0234375 -0.015625 1.259765625
-0.21875 0.046875 0.7626953125
-0.1640625 -0.015625 -1.771484375
0.0234375 -0.015625 1.427734375
0.03125 -0.015625 1.513671875
-0.0546875 -0.015625 1.017578125
-0.40625 0.046875 -0.842529296875
-0.1796875 0.046875 1.6875
-0.09375 0.015625 1.771484375
-0.21875 0.015625 1.01953125
-0.203125 0.015625 1.169921875
-0.375 0.046875 0.68359375
-0.140625 -0.015625 1.259765625
-0.34375 0.046875 0.943359375
-0.390625 0.015625 -0.58251953125
-0.3828125 0.046875 0.7626953125
-0.140625 -0.015625 1.4296875
-0.2890625 -0.015625 0.25
-0.203125 -0.078125 -0.761474609375
-0.1484375 -0.015625 1.515625
-0.3046875 0.015625 1.4296875
-0.3515625 0.046875 1.69140625
-0.4296875 -0.015625 -0.32373046875
-0.28125 -0.078125 -0.50634765625
-0.3671875 0.015625 1.169921875
-0.390625 0.015625 1.01953125
-0.375 -0.046875 -0.762939453125
-0.5078125 0.046875 0.9453125
-0.3203125 -0.015625 1.26171875
-0.40625 -0.046875 -0.0634765625
-0.3125 -0.015625 1.517578125
-0.359375 -0.078125 -0.24951171875
-0.4140625 -0.046875 0.1640625
-0.546875 0.015625 1.01953125
-0.53125 0.015625 1.171875
-0.4765625 -0.015625 1.263671875
-0.6796875 0.046875 0.947265625
-0.4765625 -0.015625 1.43359375
-0.6796875 0.015625 1.173828125
-0.6328125 -0.015625 1.263671875
