SIGN
0.625 0.046875 -0.08740234375
0.625 0.015625 -0.34912109375
0.625 0.015625 -0.17529296875
0.640625 -0.015625 0.08740234375
0.625 -0.015625 0.17431640625
0.4375 0.046875 -0.08740234375
0.4375 0.015625 -0.34912109375
0.4375 -0.015625 -0.17529296875
0.453125 -0.015625 0.08837890625
0.296875 0.046875 0.17431640625
0.265625 0.046875 -0.08740234375
0.390625 -0.046875 -0.43896484375
0.265625 -0.015625 -0.17529296875
0.109375 0.046875 0.17626953125
0.265625 -0.046875 0.08837890625
0.203125 -0.046875 -0.43896484375
0.078125 0.015625 -0.08740234375
0.09375 -0.015625 -0.17529296875
0.078125 0.015625 0.43994140625
0.171875 -0.046875 0.35400390625
-0.078125 0.046875 0.17626953125
0.078125 -0.046875 0.08935546875
0.03125 -0.046875 -0.43994140625
-0.109375 0.015625 -0.08740234375
-0.078125 -0.015625 0.09033203125
-0.109375 -0.015625 -0.17431640625
0.0 -0.046875 0.35400390625
-0.171875 -0.046875 -0.43994140625
-0.28125 0.015625 -0.08642578125
-0.265625 0.015625 0.17822265625
-0.265625 -0.015625 -0.17431640625
-0.453125 0.046875 -0.08642578125
-0.265625 -0.046875 0.09130859375
-0.328125 -0.046875 -0.43994140625
-0.421875 0.015625 0.09130859375
-0.46875 -0.015625 -0.17431640625
-0.640625 0.046875 -0.08642578125
-0.609375 0.015625 -0.17431640625
