SIGN
-0.12109375 -0.1142578125 0.88653564453125
-0.07421875 0.0947265625 0.23028564453125
-0.16796875 -0.3408203125 0.75079345703125
-0.12109375 -0.1845703125 0.31231689453125
-0.02734375 0.1689453125 0.64044189453125
-0.12109375 -0.1142578125 0.88653564453125
0.12890625 0.3291015625 -1.46270751953125
-0.12109375 -0.1806640625 0.72149658203125
0.05078125 0.5341796875 0.72344970703125
-0.12109375 -0.2099609375 1.00567626953125
-0.02734375 -0.0205078125 -0.09881591796875
-0.05859375 0.0283203125 0.07305908203125
-0.02734375 0.1962890625 0.31231689453125
-0.05859375 0.0380859375 0.06622314453125
-0.13671875 -0.2880859375 -0.01190185546875
0.01953125 0.3583984375 0.64141845703125
-0.04296875 0.0302734375 -0.35369873046875
-0.18359375 -0.4150390625 0.47540283203125
-0.07421875 -0.0009765625 0.32696533203125
-0.02734375 0.2431640625 0.55841064453125
-0.07421875 -0.0009765625 0.32696533203125
-0.15234375 -0.1826171875 0.49688720703125
-0.08984375 -0.1005859375 0.24200439453125
-0.12109375 -0.2041015625 1.05059814453125
0.01953125 -0.1240234375 -0.01776123046875
-0.13671875 -0.2236328125 0.72149658203125
0.03515625 0.4892578125 0.66680908203125
-0.07421875 -0.0537109375 1.13262939453125
-0.07421875 0.0556640625 0.83575439453125
-0.18359375 -0.4638671875 0.47540283203125
-0.12109375 -0.3232421875 -0.09783935546875
-0.04296875 0.1220703125 0.64044189453125
-0.18359375 -0.2509765625 1.00372314453125
-0.01171875 0.2900390625 0.55841064453125
-0.08984375 -0.0009765625 0.23028564453125
0.00390625 0.2353515625 0.39434814453125
-0.05859375 0.0693359375 0.15802001953125
-0.04296875 0.0712890625 0.64044189453125
0.01953125 0.3583984375 0.64141845703125
0.01953125 0.3857421875 0.31231689453125
-0.02734375 0.3095703125 0.49688720703125
-0.19921875 -0.3427734375 0.58087158203125
-0.13671875 -0.2001953125 0.96661376953125
0.00390625 0.3916015625 0.72247314453125
-0.07421875 0.0048828125 0.55841064453125
-0.08984375 0.0068359375 0.83575439453125
-0.10546875 -0.1572265625 1.05059814453125
-0.13671875 -0.2255859375 0.47637939453125
0.01953125 0.3583984375 0.64141845703125
-0.10546875 0.0517578125 -0.94573974609375
-0.08984375 -0.0869140625 0.72247314453125
-0.02734375 0.3095703125 0.49688720703125
-0.12109375 -0.2490234375 0.32696533203125
0.01953125 0.3955078125 0.75177001953125
-0.15234375 -0.3505859375 0.63946533203125
-0.04296875 0.1005859375 0.32696533203125
-0.18359375 -0.3642578125 0.72052001953125
-0.10546875 -0.0888671875 0.41192626953125
-0.08984375 -0.0615234375 1.21466064453125
-0.15234375 -0.2724609375 0.47637939453125
-0.13671875 -0.2353515625 0.31231689453125
-0.01171875 0.2412109375 0.31231689453125
-0.07421875 0.0517578125 0.14923095703125
-0.13671875 -0.2353515625 0.55841064453125
-0.13671875 -0.2255859375 0.47637939453125
-0.08984375 -0.0595703125 0.80255126953125
-0.01171875 0.1865234375 0.66680908203125
0.01953125 0.3896484375 0.47637939453125
-0.08984375 -0.1103515625 1.05059814453125
-0.02734375 0.1748046875 -0.09783935546875
-0.04296875 0.1044921875 0.41192626953125
-0.02734375 0.2646484375 0.88653564453125
0.01953125 0.2900390625 0.72344970703125
-0.10546875 -0.0439453125 0.83575439453125
0.01953125 0.5595703125 0.41192626953125
-0.13671875 -0.2353515625 0.31231689453125
-0.18359375 -0.2509765625 1.00372314453125
-0.12109375 -0.2919921875 0.23028564453125
-0.04296875 0.1923828125 0.58184814453125
-0.01171875 0.0810546875 -0.18280029296875
-0.18359375 -0.4853515625 0.49688720703125
-0.18359375 -0.4228515625 0.55743408203125
0.05078125 0.5029296875 0.64141845703125
-0.07421875 0.0361328125 0.96856689453125
-0.10546875 -0.1669921875 0.64044189453125
0.00390625 0.2978515625 0.47637939453125
-0.05859375 0.3486328125 0.66583251953125
-0.01171875 0.3427734375 0.58184814453125
-0.07421875 -0.0498046875 0.75177001953125
-0.12109375 -0.1455078125 0.75079345703125
-0.04296875 0.1044921875 0.41192626953125
0.06640625 0.6044921875 0.41192626953125
-0.08984375 -0.0947265625 0.39434814453125
0.01953125 0.5595703125 0.41192626953125
-0.05859375 0.0341796875 -0.09783935546875
0.00390625 0.6123046875 0.49688720703125
-0.10546875 -0.1044921875 0.80255126953125
-0.13671875 -0.2880859375 0.41192626953125
-0.12109375 -0.2099609375 1.00567626953125
0.01953125 -0.5888671875 1.06036376953125
-0.10546875 -0.1474609375 0.24200439453125
-0.05859375 0.0478515625 0.75177001953125
-0.18359375 -0.3291015625 0.49688720703125
-0.12109375 0.0087890625 0.75079345703125
-0.01171875 0.2900390625 0.55841064453125
-0.20703125 -0.3955078125 0.58087158203125
-0.04296875 0.0712890625 0.64044189453125
-0.08984375 -0.1591796875 0.66680908203125
0.03515625 0.2802734375 0.66778564453125
-0.05859375 0.0283203125 0.07305908203125
0.01953125 0.4404296875 0.47637939453125
-0.16796875 -0.2470703125 0.58184814453125
-0.04296875 0.1064453125 0.47637939453125
-0.05859375 0.0458984375 0.39434814453125
-0.01171875 -0.5966796875 1.01348876953125
-0.08984375 -0.1416015625 0.55841064453125
0.00390625 0.2529296875 0.41192626953125
-0.04296875 0.2587890625 0.49688720703125
-0.16796875 -0.4365234375 0.41192626953125
0.03515625 0.4853515625 0.55841064453125
-0.01171875 0.1298828125 0.06622314453125
-0.05859375 -0.3310546875 0.07110595703125
-0.07421875 -0.0126953125 0.80450439453125
-0.19921875 -0.5146484375 0.55743408203125
-0.07421875 -0.0126953125 0.80450439453125
-0.08984375 -0.0556640625 1.26153564453125
-0.10546875 -0.2490234375 0.24200439453125
-0.07421875 0.0048828125 0.55841064453125
-0.12109375 -0.2490234375 0.32696533203125
-0.04296875 -0.0283203125 0.64044189453125
-0.05859375 0.1494140625 0.83575439453125
-0.16796875 -0.3759765625 0.39434814453125
-0.05859375 -0.0439453125 0.47637939453125
-0.08984375 -0.0830078125 0.15802001953125
-0.08984375 -0.0634765625 1.00567626953125
-0.07421875 0.0947265625 0.58184814453125
-0.08984375 -0.0009765625 0.23028564453125
-0.13671875 -0.2099609375 0.88458251953125
-0.15234375 -0.0966796875 0.58087158203125
-0.15234375 -0.3271484375 0.55841064453125
-0.01171875 0.2978515625 0.83575439453125
-0.16796875 -0.5205078125 0.47637939453125
-0.10546875 -0.0888671875 0.41192626953125
-0.12109375 -0.0009765625 0.58087158203125
-0.01171875 0.2392578125 0.14825439453125
-0.08984375 -0.0615234375 1.21466064453125
-0.08984375 -0.0498046875 0.32696533203125
-0.04296875 0.1005859375 0.32696533203125
-0.19921875 -0.3759765625 0.49688720703125
-0.07421875 -0.0712890625 0.88653564453125
-0.10546875 -0.0439453125 0.83575439453125
-0.08984375 -0.1005859375 0.24200439453125
-0.04296875 0.2412109375 0.58184814453125
-0.07421875 0.0048828125 0.55841064453125
-0.12109375 -0.1455078125 0.23028564453125
-0.10546875 -0.1572265625 1.05059814453125
-0.02734375 0.1962890625 0.31231689453125
-0.16796875 -0.3759765625 0.55841064453125
-0.02734375 0.1396484375 0.39434814453125
0.11328125 0.4365234375 -1.45819091796875
-0.18359375 -0.4228515625 0.55743408203125
0.01953125 0.3447265625 0.72344970703125
-0.10546875 -0.2138671875 0.64044189453125
-0.01171875 0.2158203125 0.64044189453125
-0.01171875 0.4072265625 0.49688720703125
-0.07421875 -0.0009765625 0.24200439453125
0.11328125 0.4365234375 -1.45819091796875
-0.02734375 0.2900390625 0.58184814453125
-0.12109375 -0.2353515625 0.41192626953125
-0.07421875 -0.0087890625 0.06622314453125
-0.12109375 -0.1142578125 0.88653564453125
-0.07421875 -0.0068359375 1.13262939453125
-0.08984375 -0.1416015625 0.55841064453125
-0.07421875 0.0205078125 0.15802001953125
0.00390625 0.3623046875 0.88653564453125
-0.15234375 -0.3505859375 0.63946533203125
-0.05859375 0.0302734375 1.05059814453125
-0.13671875 -0.2099609375 0.88458251953125
-0.13671875 -0.2158203125 -0.09686279296875
-0.16796875 -0.3759765625 0.39434814453125
-0.16796875 -0.3408203125 0.75079345703125
0.00390625 0.1826171875 -0.01678466796875
0.20703125 0.2333984375 -1.44549560546875
-0.08984375 -0.0556640625 1.26153564453125
-0.05859375 -0.0732421875 0.64044189453125
-0.07421875 0.0107421875 0.47637939453125
-0.01171875 0.1572265625 0.41192626953125
-0.19921875 -0.5146484375 0.55743408203125
0.01953125 0.3369140625 0.39434814453125
-0.18359375 -0.4638671875 0.47540283203125
-0.01171875 0.2900390625 0.55841064453125
-0.01171875 0.3896484375 0.58184814453125
0.00390625 0.6123046875 0.49688720703125
-0.02734375 0.2236328125 -1.41815185546875
0.11328125 0.4365234375 -1.45819091796875
0.01953125 0.4072265625 0.64044189453125
-0.04296875 0.2587890625 0.49688720703125
0.00390625 -0.0888671875 -0.10076904296875
-0.01171875 -0.5966796875 1.01348876953125
-0.16796875 -0.3408203125 0.80255126953125
