SIGN
0.078125 0.251953125 1.114959716796875
0.0 0.013671875 0.654998779296875
-0.0078125 -0.001953125 1.189178466796875
-0.0859375 -0.3125 0.730194091796875
-0.03125 0.009765625 0.540740966796875
0.015625 0.05078125 0.275115966796875
-0.125 -0.58984375 0.698944091796875
0.1015625 0.43359375 0.731170654296875
0.0 -0.0546875 0.884490966796875
0.03125 0.041015625 -0.170196533203125
-0.03125 -0.265625 -0.012969970703125
-0.0625 -0.21484375 0.350311279296875
0.03125 0.0546875 0.698944091796875
-0.078125 -0.349609375 0.350311279296875
0.0546875 0.244140625 -0.012969970703125
0.0390625 0.138671875 0.503631591796875
0.03125 0.029296875 0.732147216796875
0.03125 0.1015625 0.224334716796875
-0.0390625 -0.17578125 0.698944091796875
0.0703125 0.28515625 0.303436279296875
0.046875 0.25 0.808319091796875
0.0703125 0.322265625 0.427459716796875
0.0859375 0.3125 0.351287841796875
-0.078125 -0.349609375 0.350311279296875
0.0 0.013671875 0.654998779296875
-0.0546875 -0.265625 0.198944091796875
-0.125 -0.58984375 0.698944091796875
-0.046875 -0.232421875 0.619842529296875
-0.109375 -0.349609375 0.697967529296875
0.0703125 0.322265625 0.427459716796875
0.03125 0.1484375 0.427459716796875
0.03125 0.033203125 -0.329864501953125
0.078125 0.265625 0.122772216796875
0.0234375 0.125 0.884490966796875
-0.015625 0.060546875 0.777069091796875
-0.015625 -0.130859375 0.698944091796875
-0.1171875 -0.501953125 0.578826904296875
-0.0625 -0.216796875 0.198944091796875
-0.109375 -0.490234375 0.730194091796875
-0.0078125 -0.083984375 0.304412841796875
-0.0859375 -0.369140625 0.578826904296875
0.015625 0.04296875 0.046600341796875
0.1171875 0.490234375 0.351287841796875
-0.0390625 -0.0234375 0.461639404296875
-0.0859375 -0.3125 0.730194091796875
-0.1171875 -0.443359375 0.730194091796875
-0.0234375 -0.07421875 0.382537841796875
-0.1171875 -0.3984375 0.697967529296875
-0.078125 -0.34765625 0.502655029296875
-0.03125 -0.12890625 0.304412841796875
0.1171875 0.48046875 0.732147216796875
0.078125 0.31640625 0.275115966796875
0.0234375 0.142578125 0.122772216796875
0.0234375 0.099609375 -1.345428466796875
0.0703125 0.224609375 0.620819091796875
0.0859375 -0.603515625 0.945037841796875
-0.125 -0.466796875 0.654022216796875
0.078125 0.37890625 0.698944091796875
0.0703125 0.205078125 1.114959716796875
0.0546875 0.32421875 0.540740966796875
-0.1015625 -0.306640625 0.777069091796875
0.0 0.029296875 0.808319091796875
0.046875 0.0390625 -0.728302001953125
0.0390625 0.15234375 0.382537841796875
0.0546875 0.16796875 0.960662841796875
0.1171875 0.5 0.655975341796875
-0.0234375 -0.08203125 0.122772216796875
0.03125 0.083984375 0.067108154296875
0.0859375 0.212890625 -0.030548095703125
0.0859375 0.365234375 0.427459716796875
-0.0390625 -0.171875 0.122772216796875
0.0625 0.294921875 -0.012969970703125
0.0390625 0.13671875 0.351287841796875
-0.078125 -0.349609375 0.350311279296875
0.0234375 0.142578125 0.122772216796875
-0.015625 -0.076171875 0.426483154296875
-0.0390625 -0.171875 0.122772216796875
-0.0625 -0.232421875 0.935272216796875
-0.0078125 0.005859375 1.171600341796875
0.046875 0.1953125 0.304412841796875
-0.046875 -0.083984375 0.540740966796875
-0.0625 -0.166015625 0.777069091796875
0.078125 0.48046875 0.461639404296875
-0.0078125 -0.078125 0.654998779296875
0.0546875 0.16796875 0.960662841796875
0.0546875 0.1640625 0.732147216796875
0.0078125 -0.046875 0.541717529296875
-0.0078125 -0.037109375 0.275115966796875
0.0546875 0.17578125 -0.029571533203125
-0.046875 -0.212890625 0.382537841796875
0.09375 0.408203125 0.503631591796875
-0.0390625 -0.1640625 0.654998779296875
0.03125 0.083984375 0.067108154296875
0.046875 0.203125 -0.011993408203125
0.0859375 0.216796875 0.046600341796875
0.1484375 0.564453125 0.733123779296875
0.015625 0.09375 0.122772216796875
-0.09375 -0.22265625 0.540740966796875
-0.0625 -0.326171875 0.935272216796875
0.0859375 0.365234375 0.427459716796875
0.078125 0.2890625 0.382537841796875
0.046875 0.23828125 0.654998779296875
0.0390625 0.205078125 0.808319091796875
-0.0078125 -0.021484375 0.146209716796875
-0.0859375 -0.212890625 0.777069091796875
0.046875 0.2109375 0.884490966796875
0.015625 0.13671875 0.198944091796875
0.015625 0.09375 0.122772216796875
0.109375 0.3515625 0.198944091796875
-0.1171875 -0.20703125 0.225311279296875
0.078125 0.33203125 0.303436279296875
0.015625 0.03515625 1.113006591796875
0.015625 0.119140625 0.808319091796875
0.0078125 0.041015625 0.935272216796875
-0.1171875 -0.20703125 0.225311279296875
-0.0703125 -0.265625 0.304412841796875
0.0078125 0.158203125 0.461639404296875
-0.0703125 -0.25 0.654998779296875
0.0390625 0.11328125 0.579803466796875
0.078125 0.36328125 0.503631591796875
0.078125 0.46484375 0.540740966796875
-0.0078125 0.05078125 0.540740966796875
0.0234375 -0.009765625 0.732147216796875
-0.046875 -0.1875 0.935272216796875
0.171875 0.607421875 0.733123779296875
-0.0234375 -0.08203125 0.122772216796875
0.0546875 0.296875 0.808319091796875
0.109375 0.455078125 0.655975341796875
0.09375 0.322265625 0.620819091796875
0.046875 0.19140625 0.654998779296875
0.0546875 0.244140625 -0.012969970703125
0.0234375 0.095703125 0.503631591796875
0.0078125 0.005859375 0.275115966796875
-0.0703125 -0.255859375 0.275115966796875
-0.0625 -0.2265625 0.730194091796875
-0.0078125 -0.146484375 1.114959716796875
0.078125 0.31640625 0.275115966796875
0.015625 0.13671875 0.198944091796875
0.140625 0.462890625 0.224334716796875
-0.0546875 -0.265625 0.198944091796875
-0.0625 -0.166015625 0.777069091796875
0.0546875 0.193359375 0.224334716796875
0.015625 0.05078125 0.503631591796875
0.0234375 0.095703125 0.275115966796875
-0.015625 -0.04296875 1.171600341796875
-0.0078125 -0.146484375 1.114959716796875
-0.0625 -0.322265625 0.619842529296875
-0.0625 0.03125 0.461639404296875
-0.03125 -0.138671875 0.935272216796875
0.03125 -0.162109375 -0.093048095703125
0.015625 -0.009765625 0.960662841796875
-0.09375 -0.3828125 0.426483154296875
0.0234375 0.05078125 0.224334716796875
-0.078125 -0.27734375 0.806365966796875
-0.0625 -0.2734375 0.958709716796875
0.0390625 -0.24609375 1.177459716796875
0.0 -0.099609375 0.731170654296875
0.0859375 0.298828125 0.960662841796875
-0.046875 -0.212890625 0.382537841796875
-0.0234375 -0.09765625 1.113006591796875
-0.0703125 -0.232421875 0.806365966796875
-0.109375 -0.5078125 0.619842529296875
-0.0625 -0.2734375 0.958709716796875
-0.1328125 -0.51953125 0.502655029296875
0.125 0.447265625 0.275115966796875
0.03125 0.23828125 0.540740966796875
-0.0234375 -0.07421875 0.382537841796875
0.0078125 -0.046875 0.541717529296875
0.0546875 0.173828125 1.191131591796875
0.0703125 0.24609375 0.579803466796875
0.0234375 -0.0234375 0.579803466796875
0.015625 0.13671875 0.198944091796875
0.03125 -0.01171875 -0.106719970703125
0.1015625 0.427734375 0.579803466796875
-0.1015625 -0.45703125 0.578826904296875
0.0234375 0.0390625 1.036834716796875
-0.078125 -0.36328125 0.304412841796875
-0.0078125 -0.130859375 0.351287841796875
0.078125 0.37890625 0.698944091796875
-0.0859375 -0.369140625 0.578826904296875
0.0078125 0.05078125 1.173553466796875
0.03125 0.1484375 0.427459716796875
-0.0546875 -0.2578125 0.503631591796875
0.0546875 0.3828125 0.777069091796875
0.0 -0.099609375 0.731170654296875
-0.0859375 -0.322265625 0.806365966796875
-0.0390625 -0.171875 0.350311279296875
0.0234375 0.19140625 0.540740966796875
0.046875 0.203125 -0.011993408203125
0.0234375 0.099609375 -1.345428466796875
-0.0625 -0.21484375 0.350311279296875
-0.109375 -0.5078125 0.619842529296875
-0.1484375 -0.4375 0.775115966796875
-0.1171875 -0.265625 0.933319091796875
0.1171875 0.470703125 0.579803466796875
-0.015625 -0.083984375 0.225311279296875
-0.0625 -0.158203125 0.461639404296875
0.1484375 0.599609375 0.620819091796875
-0.0625 -0.259765625 0.350311279296875
0.0078125 0.07421875 0.808319091796875
