SIGN
-0.12109375 -0.2109375 0.58367919921875
-0.10546875 -0.12109375 0.97039794921875
-0.15234375 -0.11328125 0.50848388671875
-0.07421875 -0.119140625 0.90594482421875
-0.03515625 0.138671875 0.64813232421875
-0.12890625 -0.14453125 0.37469482421875
-0.16015625 -0.384765625 0.52020263671875
0.00390625 0.21875 0.57586669921875
-0.07421875 -0.07421875 0.45574951171875
-0.08984375 -0.109375 0.32781982421875
-0.03515625 0.14453125 0.84344482421875
-0.05859375 0.025390625 0.77703857421875
-0.12890625 -0.25390625 0.26336669921875
-0.08984375 -0.087890625 0.84344482421875
-0.12890625 -0.287109375 0.39129638671875
-0.05078125 -0.0234375 0.71356201171875
0.03515625 0.396484375 0.77703857421875
0.01953125 0.427734375 0.64227294921875
-0.08203125 -0.080078125 0.30731201171875
-0.03515625 0.12890625 0.17254638671875
0.00390625 0.21875 0.57586669921875
-0.12890625 -0.29296875 0.32684326171875
-0.10546875 -0.28515625 0.23992919921875
-0.07421875 -0.0390625 1.16375732421875
-0.00390625 0.205078125 0.52020263671875
-0.08203125 -0.080078125 0.64227294921875
-0.09765625 -0.044921875 1.04461669921875
0.01953125 0.345703125 0.39129638671875
-0.04296875 0.115234375 0.26336669921875
-0.05859375 0.28515625 0.64129638671875
-0.17578125 -0.443359375 0.45574951171875
0.06640625 0.548828125 0.64813232421875
-0.05078125 0.07421875 0.30731201171875
-0.11328125 -0.11328125 0.64227294921875
-0.05859375 -0.029296875 0.39129638671875
0.05078125 0.416015625 0.57586669921875
-0.10546875 0.126953125 0.64129638671875
-0.05078125 0.037109375 0.13543701171875
-0.02734375 0.119140625 0.39129638671875
-0.01171875 0.23046875 0.30731201171875
-0.05078125 0.03125 0.23992919921875
-0.08203125 -0.123046875 0.23992919921875
-0.10546875 -0.18359375 0.26336669921875
0.04296875 0.515625 0.64813232421875
-0.12890625 -0.28125 0.57586669921875
0.01171875 0.306640625 0.39129638671875
-0.11328125 -0.11328125 0.70867919921875
-0.16015625 -0.27734375 0.50848388671875
0.01171875 0.0546875 -0.16534423828125
-0.19921875 -0.509765625 0.58367919921875
-0.05078125 0.0 0.03778076171875
-0.04296875 0.064453125 0.84149169921875
-0.00390625 0.23828125 0.37371826171875
-0.12109375 -0.240234375 0.52020263671875
-0.15234375 -0.11328125 0.50848388671875
-0.11328125 -0.189453125 0.64715576171875
-0.08984375 -0.005859375 1.04461669921875
-0.03515625 0.08203125 0.39129638671875
-0.11328125 -0.19140625 1.03485107421875
-0.16796875 -0.388671875 0.71258544921875
0.05859375 0.5859375 0.64227294921875
-0.05078125 -0.0625 0.52020263671875
-0.05859375 0.01953125 0.71258544921875
0.01953125 0.345703125 0.70965576171875
-0.01171875 0.142578125 0.57586669921875
-0.09765625 -0.140625 0.58367919921875
-0.08984375 -0.087890625 0.84344482421875
-0.00390625 0.017578125 -0.57208251953125
-0.11328125 -0.232421875 0.84149169921875
-0.05078125 0.103515625 0.77703857421875
-0.14453125 -0.33203125 0.45574951171875
-0.12890625 0.0546875 -0.85968017578125
-0.01953125 0.16796875 0.52020263671875
-0.06640625 0.205078125 0.64129638671875
-0.04296875 0.201171875 0.44110107421875
-0.09765625 0.087890625 0.64129638671875
-0.00390625 0.25390625 0.84149169921875
-0.12109375 -0.30078125 0.90594482421875
-0.15234375 -0.42578125 0.44110107421875
-0.04296875 0.158203125 0.70867919921875
-0.02734375 0.15234375 0.32781982421875
-0.02734375 0.1015625 0.84149169921875
0.03515625 0.390625 0.52020263671875
0.05078125 0.50390625 0.71356201171875
-0.04296875 0.04296875 0.39129638671875
-0.16015625 -0.34375 0.77703857421875
-0.14453125 -0.36328125 0.39129638671875
-0.05078125 0.0625 0.10614013671875
0.04296875 0.37109375 0.26336669921875
-0.01171875 0.267578125 1.04461669921875
-0.01171875 0.1796875 1.16375732421875
-0.05859375 -0.009765625 0.84149169921875
-0.04296875 0.201171875 0.44110107421875
-0.14453125 -0.33203125 0.45574951171875
-0.05859375 0.0 0.45574951171875
-0.16015625 -0.3984375 0.39129638671875
-0.09765625 -0.146484375 0.45574951171875
-0.08203125 -0.041015625 0.19891357421875
-0.01171875 0.232421875 0.58367919921875
-0.07421875 -0.0390625 1.16375732421875
-0.08984375 -0.189453125 0.90594482421875
0.01953125 0.37890625 0.58465576171875
-0.08984375 -0.0859375 0.57586669921875
0.02734375 0.255859375 0.13446044921875
-0.12890625 -0.19140625 0.70867919921875
0.05859375 0.50390625 0.52020263671875
-0.01953125 0.212890625 0.97039794921875
-0.21484375 -0.38671875 0.84149169921875
-0.02734375 0.15234375 0.32781982421875
-0.10546875 -0.158203125 0.84149169921875
-0.16015625 -0.34375 0.77703857421875
-0.12890625 -0.14453125 0.37469482421875
0.05859375 0.568359375 0.58465576171875
-0.10546875 -0.12109375 0.97039794921875
-0.12109375 -0.16796875 0.84344482421875
-0.00390625 0.224609375 0.45574951171875
-0.03515625 0.0703125 0.23992919921875
-0.03515625 0.2421875 0.44110107421875
-0.09765625 -0.185546875 0.17254638671875
-0.08203125 -0.046875 0.97039794921875
-0.14453125 -0.359375 0.57586669921875
-0.01953125 0.16796875 0.52020263671875
-0.05859375 -0.001953125 0.70965576171875
-0.01171875 0.2734375 0.58367919921875
-0.06640625 -0.03515625 0.32781982421875
-0.02734375 0.05859375 -0.05889892578125
-0.01171875 0.01953125 -0.18780517578125
-0.08984375 -0.005859375 1.04461669921875
-0.12890625 -0.29296875 0.32684326171875
-0.05859375 -0.001953125 0.70965576171875
0.10546875 0.25390625 -1.43743896484375
-0.10546875 -0.28515625 0.23992919921875
-0.01953125 0.21484375 0.77703857421875
-0.15234375 -0.322265625 0.58367919921875
-0.19140625 -0.498046875 0.52020263671875
-0.10546875 -0.193359375 0.84149169921875
-0.14453125 -0.40234375 0.57586669921875
-0.03515625 0.0703125 0.23992919921875
-0.04296875 0.076171875 0.13543701171875
0.05859375 0.50390625 0.52020263671875
-0.07421875 -0.056640625 0.10614013671875
-0.05859375 0.03515625 0.19891357421875
-0.16796875 -0.388671875 0.71258544921875
-0.08203125 -0.080078125 0.64227294921875
-0.05078125 0.033203125 0.07098388671875
-0.13671875 -0.158203125 0.50848388671875
-0.01953125 0.013671875 -0.30059814453125
0.05859375 0.27734375 -0.03155517578125
-0.00390625 0.181640625 0.57586669921875
-0.02734375 0.0703125 0.90594482421875
0.00390625 0.30078125 0.84344482421875
-0.01171875 0.25 0.97039794921875
-0.06640625 0.111328125 0.50848388671875
-0.00390625 0.357421875 0.44110107421875
-0.15234375 -0.09765625 0.37469482421875
-0.08984375 -0.123046875 0.30731201171875
-0.08203125 -0.0703125 0.26336669921875
-0.06640625 0.001953125 0.26336669921875
-0.11328125 -0.28515625 1.04656982421875
0.01171875 0.3359375 0.32781982421875
-0.05078125 0.03125 0.00653076171875
-0.06640625 -0.03515625 0.13543701171875
0.04296875 0.466796875 0.52020263671875
-0.01953125 0.232421875 0.23992919921875
0.04296875 0.427734375 0.52020263671875
-0.13671875 -0.314453125 0.52020263671875
0.00390625 0.263671875 0.26336669921875
-0.02734375 0.16796875 0.17254638671875
-0.10546875 -0.185546875 0.45574951171875
-0.14453125 -0.283203125 0.58367919921875
-0.01953125 0.216796875 0.64813232421875
-0.04296875 0.115234375 0.26336669921875
-0.14453125 -0.267578125 0.97039794921875
-0.12109375 -0.1953125 0.97039794921875
-0.19140625 -0.544921875 0.64227294921875
-0.08984375 -0.189453125 0.90594482421875
-0.02734375 0.173828125 0.97039794921875
0.06640625 0.548828125 0.44110107421875
0.05859375 0.568359375 0.58465576171875
0.02734375 0.337890625 0.57586669921875
-0.17578125 -0.51953125 0.50848388671875
-0.06640625 0.080078125 0.70867919921875
-0.09765625 -0.1171875 1.03485107421875
-0.09765625 -0.12890625 0.71258544921875
-0.12890625 -0.103515625 0.44110107421875
-0.17578125 -0.42578125 0.71258544921875
0.01953125 0.345703125 0.70965576171875
-0.04296875 -0.0234375 0.52020263671875
-0.05859375 0.046875 0.58367919921875
-0.09765625 -0.17578125 0.39129638671875
-0.12109375 -0.16796875 0.84344482421875
-0.13671875 -0.265625 0.37469482421875
0.01953125 0.345703125 0.23992919921875
-0.09765625 -0.169921875 0.57586669921875
-0.03515625 0.23046875 1.04461669921875
-0.04296875 0.10546875 0.64813232421875
-0.09765625 -0.12890625 0.71258544921875
0.14453125 0.28515625 -1.44244384765625
-0.04296875 0.04296875 0.39129638671875
-0.02734375 0.0703125 -1.09710693359375
