SIGN
-0.1328125 -0.2373046875 0.551025390625
-0.0546875 -0.0791015625 0.718017578125
-0.0546875 -0.0791015625 0.718017578125
-0.03125 0.1572265625 0.541259765625
-0.1328125 -0.2607421875 0.717041015625
-0.015625 0.2236328125 0.496337890625
-0.1640625 -0.3798828125 0.496337890625
-0.0859375 -0.1318359375 0.227783203125
-0.1328125 -0.3798828125 0.857666015625
-0.0625 0.0498046875 0.552001953125
0.0078125 0.3095703125 0.385986328125
-0.0234375 0.1455078125 0.228759765625
-0.03125 0.2216796875 0.661376953125
-0.1484375 -0.3017578125 0.551025390625
0.0234375 0.4013671875 0.606689453125
-0.109375 -0.1904296875 0.489501953125
-0.1171875 -0.2861328125 0.385009765625
-0.046875 0.0146484375 0.606689453125
-0.125 -0.2529296875 0.489501953125
-0.1484375 -0.3173828125 0.496337890625
-0.1875 -0.4443359375 0.698486328125
-0.0546875 -0.0419921875 0.227783203125
-0.0625 0.0283203125 0.593994140625
0.015625 0.4345703125 0.697509765625
-0.09375 -0.2119140625 0.606689453125
-0.046875 -0.0908203125 0.804931640625
-0.046875 0.0869140625 0.385986328125
0.03125 0.3837890625 0.489501953125
0.046875 0.2490234375 0.857666015625
-0.015625 0.1943359375 0.802978515625
-0.046875 0.0673828125 0.275634765625
0.0546875 0.1806640625 0.122314453125
-0.046875 -0.0458984375 0.718017578125
-0.0703125 0.0185546875 0.551025390625
-0.03125 -0.0009765625 0.108642578125
-0.0546875 -0.0810546875 0.662353515625
-0.1171875 -0.2841796875 0.332275390625
-0.0859375 0.1357421875 0.660400390625
-0.171875 -0.5380859375 0.830322265625
0.03125 0.3564453125 0.437744140625
0.03125 0.4697265625 0.645751953125
0.0 0.3349609375 0.593017578125
-0.1796875 -0.4619140625 0.828369140625
-0.1328125 -0.2880859375 0.645751953125
-0.0703125 -0.0537109375 0.541259765625
-0.0703125 0.0400390625 0.698486328125
-0.125 -0.3681640625 0.385986328125
-0.0234375 0.1416015625 0.220947265625
-0.15625 -0.4033203125 0.489501953125
0.0234375 0.3994140625 0.828369140625
-0.1328125 -0.2548828125 0.496337890625
0.0703125 0.5810546875 0.699462890625
0.0234375 0.3193359375 1.066650390625
0.0 0.0302734375 -0.114990234375
0.0546875 0.5537109375 0.698486328125
0.015625 0.3779296875 0.717041015625
0.078125 0.5009765625 0.490478515625
-0.0390625 0.0322265625 0.542236328125
-0.1328125 -0.2880859375 0.496337890625
0.0390625 0.4345703125 0.908447265625
-0.0625 -0.0068359375 0.332275390625
-0.0546875 0.1533203125 0.001220703125
-0.0078125 0.2314453125 1.064697265625
0.0546875 0.4091796875 0.855712890625
-0.0078125 0.2216796875 0.441650390625
-0.0859375 -0.0712890625 0.385986328125
-0.1328125 -0.3232421875 0.804931640625
-0.1796875 -0.2119140625 0.660400390625
-0.21875 -0.4755859375 0.661376953125
0.0390625 0.4638671875 0.828369140625
0.0703125 0.5283203125 0.802978515625
-0.0078125 0.2744140625 0.552001953125
0.0078125 0.2353515625 0.606689453125
-0.0625 -0.0654296875 0.436767578125
0.0078125 0.3095703125 0.385986328125
-0.046875 0.1318359375 0.698486328125
-0.0703125 0.0400390625 0.698486328125
-0.109375 -0.1650390625 0.717041015625
-0.078125 -0.1064453125 0.662353515625
-0.1171875 -0.2236328125 0.440673828125
-0.0546875 -0.0126953125 1.301025390625
-0.21875 -0.5791015625 0.717041015625
-0.0078125 0.3349609375 0.110595703125
-0.0546875 0.3310546875 0.715087890625
-0.0625 -0.0205078125 0.070556640625
-0.1640625 -0.2275390625 0.826416015625
-0.03125 0.0087890625 0.963134765625
-0.140625 -0.4013671875 0.436767578125
-0.0390625 -0.0830078125 0.857666015625
-0.0546875 0.0146484375 1.064697265625
-0.03125 0.1748046875 0.332275390625
0.0078125 0.2763671875 0.699462890625
-0.015625 -0.0244140625 0.857666015625
-0.015625 0.1904296875 0.441650390625
-0.046875 0.2900390625 0.331298828125
-0.03125 0.1376953125 0.280517578125
0.03125 0.3115234375 0.804931640625
0.0 0.2490234375 0.717041015625
0.03125 0.2275390625 0.227783203125
-0.015625 0.1455078125 0.436767578125
-0.0546875 -0.1474609375 0.175048828125
-0.140625 -0.2646484375 0.698486328125
0.03125 0.3564453125 0.437744140625
-0.125 -0.2529296875 0.489501953125
-0.0625 0.1611328125 0.661376953125
-0.03125 0.1396484375 1.064697265625
-0.0234375 0.2255859375 0.750244140625
-0.0390625 0.0595703125 0.164306640625
-0.171875 -0.3798828125 0.751220703125
-0.0625 -0.0068359375 0.332275390625
-0.0078125 0.2216796875 0.441650390625
-0.09375 -0.2451171875 0.607666015625
-0.1015625 -0.1376953125 0.992431640625
-0.03125 0.1103515625 0.606689453125
-0.0078125 0.0732421875 0.053955078125
-0.1875 -0.4501953125 0.717041015625
-0.1640625 -0.5009765625 0.552001953125
-0.1484375 -0.1123046875 0.440673828125
-0.203125 -0.5478515625 0.717041015625
0.0703125 0.4326171875 0.385986328125
0.0 0.2861328125 0.645751953125
-0.1875 -0.4443359375 0.698486328125
-0.1171875 -0.2255859375 1.066650390625
-0.140625 -0.2939453125 0.698486328125
-0.15625 -0.2587890625 0.330322265625
-0.0859375 -0.2001953125 0.855712890625
0.03125 0.3779296875 0.961181640625
0.0234375 0.4716796875 0.750244140625
-0.015625 0.2177734375 0.541259765625
-0.1171875 -0.3076171875 0.606689453125
0.0078125 0.2626953125 0.385009765625
-0.0390625 -0.0888671875 0.607666015625
-0.1015625 -0.1259765625 0.332275390625
-0.0078125 0.2568359375 0.496337890625
-0.0703125 -0.0107421875 1.064697265625
0.0234375 0.3701171875 0.606689453125
-0.0703125 0.0400390625 0.698486328125
-0.03125 0.1572265625 0.541259765625
-0.0546875 -0.0419921875 0.227783203125
-0.1171875 -0.2001953125 0.908447265625
-0.03125 0.1337890625 0.275634765625
-0.015625 0.0087890625 1.480712890625
-0.0078125 0.2021484375 0.489501953125
-0.1171875 -0.1669921875 0.992431640625
-0.0234375 0.0009765625 -0.403076171875
-0.21875 -0.4384765625 0.661376953125
-0.09375 -0.1865234375 0.436767578125
-0.1171875 -0.1923828125 0.496337890625
0.078125 0.5009765625 0.490478515625
-0.0234375 0.1767578125 0.606689453125
0.0234375 0.3564453125 0.489501953125
-0.1328125 -0.2353515625 0.698486328125
-0.125 -0.1669921875 0.908447265625
-0.171875 -0.4150390625 0.698486328125
0.015625 0.3486328125 0.961181640625
-0.0234375 0.1767578125 0.606689453125
-0.0234375 0.1748046875 0.228759765625
-0.0703125 -0.0166015625 0.220947265625
0.0703125 0.5810546875 0.699462890625
0.0390625 0.5029296875 0.645751953125
-0.0546875 0.3310546875 0.715087890625
-0.0078125 0.1337890625 0.123291015625
-0.0234375 0.2392578125 0.333251953125
-0.1015625 -0.1787109375 0.541259765625
-0.1328125 -0.3232421875 0.440673828125
-0.1328125 -0.2646484375 0.992431640625
-0.0859375 -0.1591796875 0.436767578125
-0.0234375 0.2392578125 0.333251953125
0.0390625 0.5341796875 0.644775390625
-0.0703125 0.0126953125 0.908447265625
-0.1640625 -0.4208984375 0.541259765625
0.0546875 0.1806640625 0.122314453125
-0.078125 -0.0673828125 0.440673828125
-0.09375 -0.1396484375 0.330322265625
-0.0625 -0.0068359375 0.332275390625
-0.1015625 -0.2021484375 0.802978515625
-0.0859375 -0.1005859375 0.489501953125
-0.078125 -0.1064453125 0.662353515625
-0.1171875 -0.2587890625 0.440673828125
0.0 0.2509765625 0.751220703125
0.078125 0.5576171875 0.802978515625
-0.0546875 -0.0791015625 0.718017578125
0.0625 0.3388671875 0.857666015625
-0.0078125 0.2119140625 0.330322265625
-0.0390625 0.0263671875 0.164306640625
-0.046875 -0.0908203125 0.804931640625
0.0078125 0.1611328125 0.108642578125
-0.015625 -0.5869140625 1.189697265625
0.03125 0.3916015625 0.437744140625
-0.0703125 0.0205078125 0.826416015625
-0.03125 0.2216796875 0.661376953125
0.0 0.2392578125 0.436767578125
-0.09375 -0.2197265625 0.436767578125
-0.1875 -0.4853515625 0.593994140625
0.078125 0.611328125 0.699462890625
0.0 0.2236328125 0.802978515625
-0.0625 -0.0400390625 1.170166015625
-0.0390625 0.1787109375 0.826416015625
-0.046875 0.2900390625 0.331298828125
-0.0546875 0.0205078125 0.330322265625
