SIGN
-0.3125 -0.087890625 -0.20458984375
-0.25 0.353515625 -0.60400390625
-0.25 0.388671875 -0.20556640625
-0.3125 -0.326171875 -0.20458984375
-0.25 0.150390625 -0.20458984375
-0.1875 0.369140625 -1.00439453125
-0.25 -0.201171875 -0.30224609375
-0.1875 0.103515625 -0.60498046875
-0.125 0.576171875 -1.00537109375
-0.1875 -0.013671875 -0.69970703125
-0.125 0.580078125 -0.60498046875
-0.25 -0.564453125 -0.20458984375
-0.1875 0.017578125 0.09521484375
-0.125 0.521484375 -0.30322265625
-0.1875 -0.248046875 -0.69970703125
-0.125 0.224609375 -0.70068359375
-0.1875 -0.220703125 0.09521484375
-0.1875 -0.580078125 0.19482421875
-0.0625 0.486328125 0.09423828125
0.1875 -0.224609375 1.00341796875
0.25 0.029296875 0.60302734375
0.25 -0.201171875 0.60302734375
0.3125 0.482421875 0.89794921875
0.3125 0.501953125 1.00537109375
0.3125 0.279296875 0.60302734375
0.25 -0.259765625 0.89794921875
0.25 -0.474609375 0.89794921875
