SIGN
-0.28125 0.22265625 -0.394775390625
-0.21875 0.30078125 -1.169677734375
-0.28125 -0.20703125 -0.005126953125
-0.28125 -0.38671875 -0.384033203125
-0.28125 -0.48046875 -0.785400390625
-0.21875 -0.015625 -0.785888671875
-0.28125 -0.44140625 -0.005126953125
-0.21875 -0.01953125 -0.394775390625
-0.21875 0.0234375 -0.005126953125
-0.21875 -0.14453125 -0.768310546875
-0.21875 -0.18359375 -1.170654296875
-0.15625 0.44140625 -0.395751953125
-0.15625 0.48046875 -0.006103515625
-0.21875 -0.16015625 -0.384033203125
-0.15625 0.26171875 -1.155517578125
-0.21875 -0.24609375 -0.785888671875
-0.21875 -0.12890625 0.002685546875
-0.21875 -0.38671875 -0.767822265625
-0.15625 0.0859375 -0.768310546875
-0.15625 0.046875 -1.155029296875
-0.15625 0.09765625 0.002685546875
-0.09375 0.29296875 -0.768798828125
0.03125 0.19140625 -0.788330078125
0.21875 -0.10546875 0.776123046875
0.28125 0.359375 0.776123046875
0.21875 -0.39453125 0.783935546875
0.28125 0.12109375 1.168701171875
0.28125 -0.11328125 1.168701171875
0.28125 -0.17578125 1.170654296875
