SIGN
-0.21875 0.470703125 -0.18701171875
-0.21875 0.326171875 -0.95068359375
-0.28125 -0.205078125 -0.57080078125
-0.28125 -0.212890625 -0.18603515625
-0.21875 0.248046875 -0.5712890625
-0.21875 0.244140625 -0.18701171875
-0.21875 0.083984375 -0.95068359375
-0.15625 0.548828125 -0.951171875
-0.21875 0.021484375 -0.57080078125
-0.15625 0.474609375 -0.5712890625
-0.21875 -0.322265625 -0.5859375
-0.15625 0.130859375 -0.58544921875
-0.21875 -0.337890625 -0.20556640625
-0.15625 0.091796875 -0.9658203125
-0.15625 0.115234375 -0.20556640625
-0.21875 -0.384765625 0.19677734375
-0.21875 -0.548828125 -0.58642578125
-0.15625 -0.080078125 -0.58544921875
-0.15625 -0.134765625 -0.96630859375
-0.15625 -0.119140625 -0.20556640625
-0.09375 0.357421875 -0.58544921875
-0.09375 0.318359375 -0.9658203125
-0.09375 0.318359375 -0.20556640625
0.21875 0.248046875 0.19677734375
0.21875 -0.072265625 0.96630859375
0.28125 -0.103515625 0.94287109375
0.28125 -0.337890625 0.94287109375
