SIGN
-0.0126953125 -0.1728515625 0.023193359375
-0.0439453125 -0.1962890625 0.072021484375
0.1142578125 0.3935546875 0.390380859375
0.0341796875 0.1240234375 0.043701171875
-0.0302734375 -0.1884765625 0.040771484375
-0.0302734375 -0.1494140625 0.165771484375
-0.0498046875 -0.2333984375 0.564208984375
0.0048828125 -0.0224609375 0.059326171875
-0.0087890625 0.2314453125 0.162841796875
-0.1220703125 -0.2998046875 0.366943359375
0.0947265625 0.3037109375 0.293701171875
0.0263671875 0.0595703125 0.279052734375
0.0712890625 0.2138671875 0.109130859375
0.0009765625 0.1826171875 0.086669921875
-0.0009765625 -0.1044921875 0.252685546875
-0.0791015625 -0.1376953125 0.108154296875
0.0185546875 0.2705078125 0.861083984375
0.0009765625 0.1591796875 0.206787109375
-0.0380859375 -0.2158203125 0.113037109375
-0.0908203125 -0.4580078125 0.309326171875
0.0595703125 0.4326171875 0.385498046875
0.0908203125 0.2548828125 0.125732421875
-0.0263671875 -0.1025390625 -0.010986328125
-0.0068359375 -0.0947265625 0.059326171875
-0.0009765625 0.1962890625 0.102294921875
0.0732421875 0.2529296875 0.426513671875
0.0751953125 0.2275390625 0.132568359375
-0.0458984375 -0.0205078125 0.127685546875
-0.0048828125 -0.0830078125 0.679443359375
-0.0634765625 -0.2724609375 0.131591796875
-0.0732421875 -0.2861328125 0.280029296875
0.0224609375 0.2314453125 0.295654296875
-0.0224609375 0.0849609375 0.192138671875
0.0283203125 -0.0224609375 -0.464111328125
-0.0185546875 -0.1298828125 0.426513671875
0.0322265625 0.0185546875 -0.709716796875
0.0478515625 0.4189453125 0.483154296875
0.0087890625 -0.0693359375 -0.045166015625
-0.0498046875 -0.2412109375 0.475341796875
-0.0068359375 0.1455078125 0.892333984375
0.0849609375 0.2802734375 0.220458984375
-0.0146484375 0.0791015625 0.020263671875
0.0439453125 0.1748046875 0.256591796875
0.0009765625 -0.0576171875 0.041748046875
0.0283203125 0.0322265625 0.391357421875
0.0576171875 0.2431640625 0.189208984375
0.0576171875 0.1806640625 0.207763671875
-0.0478515625 -0.0517578125 0.700927734375
-0.0439453125 -0.2158203125 0.185302734375
-0.0888671875 -0.3740234375 0.724365234375
0.0576171875 0.1884765625 0.512451171875
0.0712890625 0.2138671875 0.109130859375
-0.0107421875 -0.0283203125 0.192138671875
-0.0322265625 -0.1572265625 0.130615234375
-0.0673828125 -0.1357421875 0.714599609375
0.1142578125 0.3251953125 0.202880859375
-0.0087890625 -0.1064453125 0.235107421875
-0.0361328125 -0.1806640625 0.184326171875
-0.0302734375 0.0380859375 0.049560546875
-0.0068359375 0.1494140625 0.405029296875
-0.0224609375 0.0751953125 0.410888671875
0.0302734375 0.0869140625 0.043701171875
-0.0498046875 -0.2099609375 0.293701171875
0.0361328125 0.0751953125 0.228271484375
0.1376953125 0.5087890625 0.404052734375
-0.0263671875 0.0556640625 0.254638671875
-0.0166015625 -0.0986328125 0.076904296875
0.0966796875 0.3193359375 0.328857421875
0.0283203125 0.0556640625 0.528076171875
0.0830078125 0.5634765625 0.468505859375
0.0439453125 0.4365234375 0.246826171875
-0.0380859375 -0.0341796875 0.030029296875
-0.0146484375 -0.0830078125 -0.010986328125
0.0517578125 0.4541015625 0.287841796875
0.0693359375 0.4482421875 0.384521484375
0.0341796875 -0.0146484375 -0.162353515625
0.0439453125 0.3876953125 0.206787109375
-0.0810546875 -0.1181640625 0.124755859375
0.0166015625 -0.0830078125 0.217529296875
0.0595703125 0.1806640625 0.433349609375
0.0888671875 0.5712890625 0.468505859375
0.0146484375 0.2568359375 0.074951171875
-0.0888671875 -0.1650390625 0.546630859375
-0.0048828125 0.2177734375 0.177490234375
0.0185546875 0.2158203125 0.401123046875
0.0810546875 0.5498046875 0.470458984375
0.0087890625 0.0322265625 0.161865234375
-0.0263671875 -0.1044921875 0.164794921875
-0.0107421875 -0.1123046875 0.927490234375
0.0283203125 0.0693359375 0.312255859375
0.0556640625 0.2138671875 0.076904296875
-0.0107421875 -0.0771484375 0.146240234375
0.0849609375 0.2900390625 0.370849609375
-0.0185546875 -0.1162109375 0.059326171875
0.0478515625 0.1865234375 0.157958984375
-0.1005859375 -0.2822265625 0.173583984375
-0.0146484375 -0.1357421875 0.687255859375
0.0810546875 0.2333984375 0.141357421875
0.1396484375 0.5205078125 0.587646484375
-0.0673828125 -0.0283203125 0.175537109375
0.0322265625 0.2880859375 0.264404296875
-0.1162109375 -0.2705078125 0.260498046875
0.0537109375 0.1318359375 0.438232421875
0.0400390625 0.2685546875 0.148193359375
-0.0166015625 0.1357421875 0.192138671875
0.0283203125 0.0693359375 0.312255859375
0.0380859375 0.0576171875 0.890380859375
-0.1259765625 -0.6064453125 0.515380859375
0.0478515625 0.2275390625 0.156982421875
0.0302734375 0.3271484375 0.249755859375
0.0029296875 -0.0458984375 0.911865234375
-0.0654296875 -0.0341796875 0.111083984375
0.0244140625 0.0654296875 0.262451171875
0.0419921875 0.1123046875 0.193115234375
0.0224609375 0.0458984375 0.009521484375
-0.0126953125 -0.0888671875 0.287841796875
-0.0732421875 -0.3447265625 0.189208984375
-0.0126953125 0.1650390625 0.510498046875
-0.0537109375 -0.0439453125 0.224365234375
-0.0927734375 -0.1787109375 0.174560546875
0.0322265625 0.0712890625 0.526123046875
-0.0791015625 -0.1689453125 0.123779296875
-0.1005859375 -0.2822265625 0.173583984375
-0.0673828125 -0.1728515625 0.038818359375
0.0810546875 0.2529296875 0.148193359375
0.0576171875 0.1728515625 0.060302734375
-0.0224609375 0.0751953125 0.410888671875
0.0458984375 0.1689453125 0.192138671875
0.0361328125 0.3310546875 0.206787109375
-0.0361328125 -0.2080078125 0.185302734375
-0.0341796875 -0.1806640625 0.130615234375
0.0205078125 0.0322265625 0.008544921875
0.0166015625 -0.0185546875 0.352294921875
0.0595703125 0.2001953125 0.206787109375
0.0205078125 0.2626953125 0.500732421875
0.0927734375 0.5185546875 0.379638671875
0.0673828125 0.2197265625 0.222412109375
0.0595703125 0.2177734375 0.205810546875
0.0107421875 -0.0537109375 0.146240234375
0.0576171875 0.4365234375 0.329833984375
-0.0869140625 -0.3427734375 0.282958984375
-0.0693359375 -0.0556640625 0.110107421875
-0.0283203125 0.0888671875 0.906005859375
-0.0498046875 -0.0263671875 0.192138671875
-0.0654296875 -0.0341796875 0.111083984375
0.0732421875 0.2314453125 0.334716796875
0.0263671875 -0.0166015625 -0.044189453125
0.0224609375 0.0283203125 0.896240234375
-0.0205078125 0.1005859375 0.517333984375
-0.0888671875 -0.3740234375 0.724365234375
0.0322265625 0.0712890625 0.526123046875
0.0361328125 0.0986328125 0.310302734375
0.0595703125 0.2509765625 0.124755859375
-0.1416015625 -0.4697265625 0.376708984375
-0.0478515625 -0.2138671875 0.167724609375
0.0341796875 0.0634765625 0.445068359375
-0.0146484375 0.1494140625 0.343505859375
-0.0087890625 0.1650390625 0.040771484375
0.0712890625 0.2119140625 0.336669921875
0.0517578125 0.1396484375 0.518310546875
0.0087890625 0.1884765625 0.027099609375
-0.0146484375 0.1142578125 0.407958984375
0.0146484375 0.2568359375 0.074951171875
-0.0693359375 -0.3564453125 0.425537109375
-0.0244140625 0.0927734375 0.223388671875
-0.0146484375 0.0849609375 0.207763671875
0.0341796875 -0.0146484375 -0.162353515625
-0.0771484375 -0.3486328125 0.191162109375
-0.0009765625 0.2021484375 0.013427734375
0.1396484375 0.5205078125 0.587646484375
-0.0419921875 -0.2763671875 0.261474609375
-0.0380859375 -0.0849609375 -0.006103515625
0.0439453125 0.1044921875 0.310302734375
-0.0654296875 -0.0361328125 0.143310546875
0.0380859375 0.0576171875 0.890380859375
0.0732421875 0.2783203125 0.251708984375
-0.0966796875 -0.4150390625 0.732177734375
0.0009765625 0.1826171875 0.086669921875
0.0009765625 0.2099609375 0.876708984375
-0.0966796875 -0.2216796875 0.363037109375
0.0283203125 0.0498046875 0.144287109375
-0.0107421875 0.1455078125 0.192138671875
-0.0068359375 -0.0712890625 0.181396484375
0.0693359375 0.2373046875 0.221435546875
-0.0146484375 -0.1943359375 0.221435546875
-0.0205078125 -0.1982421875 0.276123046875
-0.0166015625 -0.0146484375 0.239990234375
-0.0888671875 -0.1337890625 0.157958984375
0.0654296875 0.2060546875 0.508544921875
-0.0107421875 -0.0673828125 -0.010009765625
-0.0322265625 0.0771484375 0.347412109375
0.1103515625 0.3349609375 0.265380859375
-0.0166015625 -0.1123046875 0.218505859375
0.1005859375 0.3330078125 0.419677734375
0.0068359375 -0.0087890625 0.902099609375
-0.0458984375 -0.0205078125 0.127685546875
0.0107421875 0.0029296875 -0.359619140625
-0.0009765625 0.1357421875 -0.022705078125
0.0029296875 -0.0029296875 -0.066650390625
-0.1064453125 -0.2666015625 0.435302734375
