SIGN
-0.21875 0.5859375 -1.3096923828125
-0.28125 0.1015625 0.1986083984375
-0.28125 -0.1328125 -0.1798095703125
-0.28125 -0.13671875 0.1986083984375
-0.28125 -0.28125 -0.5548095703125
-0.21875 0.1640625 -0.5543212890625
-0.28125 -0.3515625 -0.1798095703125
-0.28125 -0.3515625 0.1986083984375
-0.21875 0.09375 -0.1793212890625
-0.21875 -0.05859375 -0.5543212890625
-0.28125 -0.5859375 -0.1802978515625
-0.28125 -0.5625 0.1614990234375
-0.15625 0.3828125 -0.5552978515625
-0.21875 -0.11328125 0.1634521484375
-0.15625 0.30078125 -1.3353271484375
-0.15625 0.3125 -0.1798095703125
-0.15625 0.30078125 0.1986083984375
-0.21875 -0.3359375 -0.5860595703125
-0.21875 -0.3203125 -0.2110595703125
-0.21875 -0.3359375 0.1624755859375
-0.15625 0.1328125 -0.2100830078125
-0.21875 -0.453125 -0.9339599609375
-0.15625 0.10546875 0.1634521484375
-0.09375 0.55078125 -0.9586181640625
-0.21875 -0.53125 -0.2115478515625
-0.21875 -0.5625 -0.5867919921875
-0.15625 -0.08984375 -0.2105712890625
-0.15625 -0.21875 -0.9339599609375
0.03125 -0.1484375 -0.965576171875
0.15625 0.0859375 -1.322265625
0.15625 -0.03515625 -0.94140625
0.15625 -0.2265625 1.3353271484375
0.21875 -0.34375 1.2943115234375
0.21875 -0.4609375 1.3353271484375
0.21875 -0.5546875 1.2943115234375
0.28125 -0.109375 1.2943115234375
