SIGN
0.057861328125 0.0537109375 0.300048828125
0.001220703125 0.0068359375 0.326416015625
0.004638671875 0.0966796875 0.384033203125
0.036865234375 -0.0029296875 0.131103515625
0.026611328125 0.1845703125 0.247314453125
0.065185546875 0.3564453125 0.369384765625
0.010498046875 0.0048828125 0.130126953125
-0.001708984375 0.0595703125 0.334228515625
-0.008544921875 0.0263671875 0.283447265625
0.019775390625 -0.0341796875 0.295166015625
-0.011474609375 0.0185546875 0.057861328125
0.010009765625 0.0302734375 0.128173828125
0.011962890625 0.0419921875 0.355712890625
0.065673828125 0.2412109375 0.247314453125
0.008056640625 0.0048828125 0.092041015625
0.009033203125 0.1220703125 0.281494140625
0.017333984375 0.0380859375 0.145751953125
-0.003662109375 0.0166015625 0.231689453125
0.045654296875 -0.0048828125 0.131103515625
0.074951171875 0.2900390625 0.332275390625
0.024658203125 -0.0048828125 0.127197265625
0.007080078125 -0.0029296875 -0.652587890625
-0.010498046875 0.0185546875 0.266845703125
0.016845703125 -0.0048828125 0.131103515625
0.032958984375 -0.0205078125 0.231689453125
-0.003662109375 0.0244140625 -0.063232421875
0.036376953125 0.0107421875 0.023681640625
0.026123046875 -0.0322265625 0.064697265625
0.039306640625 -0.0009765625 0.016845703125
0.071044921875 0.3837890625 0.321533203125
0.029052734375 -0.0107421875 0.336181640625
-0.000732421875 -0.0009765625 0.212158203125
0.084228515625 0.4580078125 0.423095703125
0.022705078125 0.1630859375 0.214111328125
0.078369140625 0.4169921875 0.533447265625
0.010498046875 0.0068359375 0.144775390625
0.048095703125 0.2685546875 0.166259765625
0.013916015625 0.0205078125 -0.617919921875
-0.004150390625 0.0498046875 0.197509765625
0.016357421875 0.0986328125 0.299072265625
0.058349609375 0.2587890625 0.172119140625
0.017822265625 -0.0126953125 0.082275390625
0.031982421875 0.1494140625 0.298095703125
0.008056640625 -0.0107421875 0.097900390625
-0.075439453125 -0.2841796875 0.233642578125
0.022705078125 0.0537109375 -1.15478515625
0.012451171875 -0.0126953125 1.019775390625
0.030517578125 0.1708984375 0.098876953125
-0.068603515625 -0.2333984375 0.270751953125
0.026123046875 0.1533203125 0.164306640625
0.008544921875 0.0693359375 0.094970703125
-0.015869140625 -0.0087890625 0.460205078125
-0.009521484375 0.0595703125 0.043212890625
-0.083740234375 -0.2783203125 0.176025390625
0.083251953125 0.4228515625 0.320556640625
-0.044189453125 -0.2060546875 0.214111328125
0.004150390625 0.0146484375 0.022705078125
-0.012451171875 0.0576171875 0.111572265625
0.026123046875 0.1533203125 0.164306640625
-0.000244140625 0.0107421875 -0.382568359375
0.052001953125 0.1904296875 0.280517578125
0.051513671875 0.2724609375 0.198486328125
-0.012451171875 -0.0068359375 -0.031005859375
0.005126953125 0.0087890625 0.082275390625
0.045654296875 -0.0048828125 0.131103515625
-0.005615234375 -0.0888671875 0.125244140625
0.005615234375 -0.0009765625 0.249267578125
-0.012451171875 -0.0068359375 -0.031005859375
-0.013916015625 0.0322265625 -0.618896484375
0.001220703125 0.0068359375 0.326416015625
0.078369140625 0.4169921875 0.533447265625
0.038330078125 0.2255859375 0.134033203125
0.038330078125 0.2373046875 0.376220703125
0.022216796875 -0.0185546875 -0.246826171875
0.041259765625 0.0029296875 0.097900390625
0.060791015625 0.3466796875 0.276611328125
0.053466796875 0.3701171875 0.276611328125
0.073486328125 0.3896484375 0.428955078125
0.042236328125 0.0205078125 0.386962890625
0.009521484375 0.0341796875 0.050048828125
0.028564453125 -0.0107421875 -0.108154296875
-0.134521484375 -0.4912109375 0.499267578125
-0.012451171875 0.0576171875 0.111572265625
0.089599609375 0.4853515625 0.525634765625
0.051513671875 0.2724609375 0.198486328125
0.043701171875 -0.0537109375 0.539306640625
-0.005615234375 0.0302734375 0.457275390625
0.012451171875 -0.0126953125 1.019775390625
0.044189453125 -0.0068359375 0.049072265625
0.085205078125 0.4462890625 0.530517578125
-0.078857421875 -0.2626953125 0.252197265625
0.012451171875 0.0869140625 0.163330078125
0.005126953125 -0.0107421875 0.228759765625
0.048095703125 0.2880859375 0.277587890625
0.002685546875 0.0263671875 0.006103515625
0.042724609375 -0.0517578125 0.459228515625
0.083251953125 0.4404296875 0.425048828125
0.019287109375 -0.0517578125 0.462158203125
-0.084228515625 -0.3505859375 0.311767578125
0.003173828125 0.0869140625 0.265869140625
0.048583984375 0.2919921875 0.373291015625
0.019775390625 -0.0478515625 0.765869140625
0.075439453125 0.2900390625 0.367431640625
0.063720703125 0.3388671875 0.701416015625
0.078857421875 0.4306640625 0.319580078125
0.005126953125 0.0087890625 0.879150390625
0.010498046875 0.0068359375 0.144775390625
0.044677734375 0.1884765625 0.083251953125
0.055419921875 0.2294921875 0.262939453125
-0.145751953125 -0.5439453125 0.503173828125
0.008056640625 0.0283203125 0.130126953125
-0.083740234375 -0.2783203125 0.176025390625
0.031005859375 0.2060546875 0.558837890625
0.024658203125 -0.0107421875 0.179931640625
0.045654296875 0.0009765625 -0.129638671875
0.064208984375 0.2939453125 0.135986328125
0.009033203125 0.0361328125 0.243408203125
0.003662109375 0.0732421875 0.748291015625
0.020751953125 -0.0166015625 0.245361328125
0.034423828125 -0.0029296875 -0.410888671875
-0.003662109375 0.0126953125 0.162353515625
-0.132080078125 -0.4892578125 0.356689453125
0.036865234375 0.2177734375 0.961181640625
0.067138671875 0.2978515625 0.200439453125
0.042724609375 -0.0380859375 0.262939453125
0.085205078125 0.4462890625 0.530517578125
0.020751953125 -0.0029296875 0.097900390625
0.022705078125 0.1005859375 0.113525390625
0.062744140625 0.3349609375 0.230712890625
0.028076171875 -0.0263671875 0.163330078125
0.005615234375 -0.0302734375 0.763916015625
0.008056640625 -0.0068359375 0.455322265625
0.023193359375 0.0341796875 -1.163330078125
0.090087890625 0.4384765625 0.683837890625
0.024658203125 -0.0107421875 0.179931640625
0.022216796875 -0.0009765625 0.284423828125
-0.012939453125 0.0126953125 0.214111328125
0.021728515625 0.0732421875 -0.012451171875
0.115966796875 0.4833984375 0.457275390625
0.110107421875 0.4658203125 0.394775390625
0.056396484375 0.2021484375 0.377197265625
0.086181640625 0.3193359375 0.592041015625
0.038330078125 0.2255859375 0.134033203125
0.041259765625 -0.0302734375 0.886962890625
0.083740234375 0.3544921875 0.229736328125
0.021240234375 0.1552734375 0.247314453125
0.002685546875 0.0263671875 0.006103515625
0.012939453125 -0.0126953125 0.065673828125
-0.000732421875 -0.0029296875 0.004150390625
0.010986328125 0.0888671875 0.027587890625
-0.015380859375 -0.0146484375 0.109619140625
0.020751953125 0.2001953125 0.116455078125
0.034423828125 -0.0068359375 -0.016357421875
-0.072998046875 -0.2451171875 0.195556640625
0.003662109375 0.0732421875 0.748291015625
0.055908203125 0.2197265625 0.142822265625
-0.009521484375 0.0595703125 0.043212890625
0.036376953125 0.0107421875 0.023681640625
0.002685546875 0.0498046875 0.231689453125
0.018310546875 -0.0048828125 0.075439453125
0.007568359375 -0.0068359375 0.162353515625
0.010986328125 0.0888671875 0.027587890625
0.031982421875 -0.0166015625 0.049072265625
0.026611328125 0.0048828125 0.214111328125
0.018310546875 -0.0341796875 0.458251953125
0.045166015625 -0.0380859375 -0.248779296875
0.022705078125 0.0537109375 -1.15478515625
0.009521484375 0.1083984375 0.990478515625
0.031494140625 0.0517578125 -0.371826171875
0.008544921875 0.0361328125 0.259033203125
0.007080078125 -0.0029296875 -0.652587890625
0.040771484375 0.2646484375 0.150634765625
-0.015380859375 -0.0146484375 0.109619140625
0.025634765625 0.0009765625 -0.410888671875
0.017333984375 0.1572265625 0.065673828125
0.004150390625 0.0146484375 0.022705078125
-0.044189453125 -0.2060546875 0.214111328125
0.022705078125 0.0537109375 -1.15478515625
0.009033203125 -0.0087890625 0.179931640625
0.019775390625 -0.0498046875 0.161376953125
0.012451171875 0.1259765625 0.331298828125
0.018310546875 -0.0341796875 0.458251953125
0.003173828125 0.0068359375 0.398681640625
0.043701171875 -0.0283203125 0.196533203125
0.009033203125 0.0361328125 0.162353515625
0.005615234375 -0.0126953125 0.114501953125
0.008544921875 0.0693359375 0.094970703125
0.011962890625 0.0419921875 0.355712890625
0.024658203125 -0.0126953125 0.212158203125
0.062744140625 0.3349609375 0.230712890625
0.014404296875 0.0693359375 0.018798828125
0.072021484375 0.3544921875 0.292236328125
0.003173828125 0.0869140625 0.265869140625
0.021240234375 -0.0263671875 0.662353515625
0.050048828125 0.0673828125 0.248291015625
0.031494140625 0.2099609375 0.181884765625
-0.004638671875 0.0107421875 -0.108154296875
0.014404296875 -0.0185546875 0.295166015625
0.007080078125 -0.0126953125 0.277587890625
0.028076171875 -0.0263671875 0.163330078125
