SIGN
-0.28125 0.0 -0.9154052734375
-0.28125 0.09375 0.181640625
-0.28125 -0.20703125 -0.9156494140625
-0.28125 -0.1484375 0.181640625
-0.21875 0.2265625 -0.9156494140625
-0.28125 -0.42578125 -0.91552734375
-0.28125 -0.54296875 -0.9510498046875
-0.28125 -0.54296875 -1.2841796875
-0.28125 -0.65234375 -0.916259765625
-0.21875 -0.140625 -0.1865234375
-0.15625 0.3203125 -0.9501953125
-0.28125 -0.72265625 -0.55126953125
-0.15625 0.30859375 -0.1865234375
-0.15625 0.32421875 0.1396484375
-0.21875 -0.328125 -0.9510498046875
-0.28125 -0.73828125 0.1376953125
-0.15625 0.27734375 0.1806640625
-0.09375 0.73828125 -0.58642578125
-0.21875 -0.34765625 -0.1865234375
-0.21875 -0.3125 0.138671875
-0.15625 0.09765625 -0.951416015625
-0.15625 0.0859375 -0.1865234375
-0.15625 0.12109375 0.138671875
-0.09375 0.5859375 -0.55078125
-0.15625 -0.09375 -0.9508056640625
-0.21875 -0.52734375 0.138671875
-0.15625 -0.0859375 0.138671875
0.15625 -0.22265625 1.2841796875
0.21875 0.0078125 1.2841796875
0.21875 -0.171875 0.9150390625
0.28125 0.4453125 1.2841796875
0.21875 -0.3828125 0.9150390625
0.21875 -0.33203125 1.2353515625
0.28125 0.05078125 0.9150390625
0.21875 -0.60546875 0.9150390625
0.21875 -0.55078125 1.2353515625
0.28125 -0.10546875 1.2353515625
