SIGN
0.0665283203125 0.2509765625 0.436370849609375
0.0216064453125 0.1435546875 0.520355224609375
0.0137939453125 0.0634765625 0.482269287109375
0.117919921875 0.5126953125 0.615081787109375
0.060791015625 0.3388671875 0.784027099609375
0.070556640625 0.2822265625 0.641448974609375
-0.0018310546875 0.0244140625 0.276214599609375
0.0076904296875 0.0087890625 0.564300537109375
0.0230712890625 0.0791015625 0.279144287109375
-0.1182861328125 -0.5048828125 0.736175537109375
0.0245361328125 0.0009765625 0.296722412109375
-0.0445556640625 -0.1494140625 0.358245849609375
0.100830078125 0.5341796875 0.634613037109375
0.0101318359375 -0.0263671875 0.126800537109375
0.0673828125 0.3388671875 0.647308349609375
-0.0201416015625 -0.1533203125 0.536956787109375
0.06396484375 0.2568359375 0.644378662109375
0.0135498046875 0.0185546875 0.338714599609375
-0.0972900390625 -0.4443359375 0.560394287109375
0.069091796875 0.2509765625 0.418792724609375
0.042236328125 0.1435546875 0.315277099609375
0.0269775390625 0.0126953125 -0.172027587890625
-0.0474853515625 -0.2451171875 0.503753662109375
-0.0338134765625 -0.1123046875 0.529144287109375
0.0238037109375 -0.0107421875 0.379730224609375
0.034423828125 0.1318359375 0.333831787109375
0.0130615234375 0.0146484375 -0.173004150390625
-0.0682373046875 -0.3212890625 0.467620849609375
0.0013427734375 0.0556640625 0.379730224609375
-0.0460205078125 -0.1396484375 0.595550537109375
-0.0457763671875 -0.1611328125 0.336761474609375
-0.0972900390625 -0.3154296875 0.854339599609375
-0.0128173828125 0.0087890625 0.046722412109375
-0.0306396484375 -0.2021484375 0.220550537109375
0.048095703125 -0.0361328125 0.355316162109375
-0.0118408203125 0.0283203125 0.213714599609375
-0.0843505859375 -0.2919921875 0.447113037109375
0.0162353515625 0.0263671875 0.391448974609375
0.0050048828125 0.0185546875 0.151214599609375
0.037841796875 0.1162109375 0.352386474609375
0.03515625 0.1787109375 1.002777099609375
-0.0738525390625 -0.2490234375 0.601409912109375
0.038818359375 -0.0537109375 0.374847412109375
-0.1182861328125 -0.5048828125 0.736175537109375
0.0294189453125 -0.0595703125 0.202972412109375
0.1011962890625 0.4423828125 0.567230224609375
-0.0228271484375 -0.1728515625 0.300628662109375
0.0592041015625 0.2998046875 0.983245849609375
0.07421875 0.2998046875 0.580902099609375
0.0001220703125 -0.0361328125 0.451995849609375
0.0216064453125 -0.0166015625 0.088714599609375
-0.0548095703125 -0.1787109375 0.445159912109375
0.033203125 -0.0302734375 0.565277099609375
0.0753173828125 0.3095703125 0.415863037109375
0.0145263671875 -0.1044921875 0.684417724609375
-0.0023193359375 0.0400390625 0.815277099609375
0.0308837890625 -0.0048828125 0.355316162109375
0.03759765625 0.1357421875 0.659027099609375
0.0245361328125 -0.0498046875 0.279144287109375
0.0247802734375 -0.0322265625 0.412933349609375
0.0537109375 0.2548828125 0.399261474609375
0.0118408203125 0.0068359375 0.909027099609375
0.0115966796875 0.0068359375 -0.072418212890625
-0.0401611328125 -0.1201171875 0.379730224609375
0.0706787109375 0.2626953125 0.348480224609375
0.0137939453125 0.1025390625 0.521331787109375
0.0118408203125 0.1005859375 0.197113037109375
0.0499267578125 0.2744140625 0.379730224609375
-0.0513916015625 -0.1416015625 0.163909912109375
0.0157470703125 0.0322265625 0.670745849609375
0.0889892578125 0.3681640625 0.463714599609375
-0.1212158203125 -0.4501953125 0.612152099609375
0.0294189453125 -0.0595703125 0.202972412109375
0.0338134765625 -0.0224609375 0.184417724609375
-0.0765380859375 -0.2939453125 0.424652099609375
-0.0960693359375 -0.3447265625 0.697113037109375
0.037841796875 0.1806640625 0.658050537109375
0.082275390625 0.3701171875 0.447113037109375
0.0350341796875 -0.0146484375 0.279144287109375
0.0267333984375 0.0068359375 0.483245849609375
-0.0604248046875 -0.2080078125 0.291839599609375
0.0108642578125 0.0146484375 0.166839599609375
0.0487060546875 -0.0224609375 0.392425537109375
-0.1541748046875 -0.5869140625 0.715667724609375
0.0460205078125 0.2373046875 0.379730224609375
0.0364990234375 0.1748046875 0.243011474609375
0.0308837890625 0.0615234375 -1.2532310485839844
-0.0084228515625 0.0107421875 0.338714599609375
0.0223388671875 0.0029296875 0.151214599609375
-0.0916748046875 -0.4228515625 0.515472412109375
0.0213623046875 -0.0810546875 0.616058349609375
-0.0025634765625 0.0712890625 0.133636474609375
0.034912109375 0.1826171875 0.799652099609375
0.0372314453125 -0.0146484375 0.355316162109375
0.0537109375 0.1943359375 0.511566162109375
-0.0548095703125 -0.1787109375 0.445159912109375
0.072509765625 0.2783203125 0.725433349609375
0.04736328125 0.2431640625 0.418792724609375
0.0390625 -0.0224609375 -0.005035400390625
0.0220947265625 0.0576171875 0.353363037109375
-0.0311279296875 -0.1005859375 0.294769287109375
-0.0826416015625 -0.4013671875 0.862152099609375
0.0213623046875 -0.0810546875 0.616058349609375
0.048095703125 0.2412109375 0.457855224609375
0.0345458984375 0.0927734375 0.352386474609375
-0.0560302734375 -0.1748046875 1.061370849609375
-0.0843505859375 -0.2919921875 0.447113037109375
0.0753173828125 0.2861328125 0.858245849609375
0.0390625 -0.0263671875 0.203948974609375
0.04541015625 0.1455078125 0.883636474609375
0.047119140625 0.2216796875 0.994964599609375
0.088623046875 0.4697265625 0.565277099609375
0.0245361328125 0.0771484375 0.482269287109375
0.0013427734375 0.1162109375 0.258636474609375
-0.0025634765625 0.0712890625 0.133636474609375
-0.1004638671875 -0.3642578125 0.470550537109375
-0.0640869140625 -0.2236328125 0.379730224609375
0.0240478515625 -0.0205078125 0.260589599609375
-0.1451416015625 -0.5537109375 0.712738037109375
0.0311279296875 0.1123046875 0.517425537109375
-0.0257568359375 -0.1728515625 0.260589599609375
0.0145263671875 0.1201171875 0.198089599609375
0.096923828125 0.5458984375 0.634613037109375
0.0316162109375 0.0146484375 0.441253662109375
0.0150146484375 -0.0107421875 1.336761474609375
0.0032958984375 0.0771484375 0.461761474609375
0.132080078125 0.5380859375 0.689300537109375
-0.0487060546875 -0.1689453125 0.531097412109375
-0.0496826171875 -0.2763671875 0.301605224609375
0.08935546875 0.3720703125 0.497894287109375
0.0262451171875 -0.0595703125 0.568206787109375
0.0177001953125 0.0537109375 0.279144287109375
0.0384521484375 -0.0419921875 -0.006011962890625
0.0390625 0.2216796875 0.281097412109375
-0.0350341796875 -0.1376953125 0.487152099609375
-0.0367431640625 -0.1552734375 0.228363037109375
-0.0382080078125 -0.1630859375 0.401214599609375
0.0032958984375 0.0576171875 0.667816162109375
-0.0382080078125 -0.1630859375 0.401214599609375
0.041259765625 0.2294921875 0.438323974609375
0.0115966796875 0.1044921875 0.339691162109375
-0.0650634765625 -0.2216796875 0.467620849609375
-0.0120849609375 0.0146484375 0.296722412109375
-0.1163330078125 -0.4228515625 0.610198974609375
0.061767578125 0.2568359375 0.313323974609375
0.0885009765625 0.4404296875 0.566253662109375
-0.0543212890625 -0.2568359375 0.464691162109375
-0.1209716796875 -0.5283203125 0.567230224609375
-0.0284423828125 -0.1748046875 0.181488037109375
0.10009765625 0.4970703125 0.768402099609375
0.0028076171875 0.0146484375 -0.072418212890625
-0.0579833984375 -0.2783203125 0.423675537109375
0.0574951171875 0.3017578125 0.573089599609375
-0.0621337890625 -0.1708984375 0.249847412109375
0.0238037109375 0.0048828125 -0.136871337890625
-0.1094970703125 -0.4013671875 0.701019287109375
-0.0535888671875 -0.2548828125 0.636566162109375
-0.0653076171875 -0.3056640625 0.549652099609375
0.0703125 0.2587890625 0.728363037109375
0.046630859375 0.1826171875 0.479339599609375
0.0167236328125 0.0322265625 0.410003662109375
0.052001953125 0.2783203125 0.457855224609375
0.0213623046875 0.0322265625 0.760589599609375
-0.0567626953125 -0.1943359375 0.335784912109375
-0.0587158203125 -0.1904296875 0.840667724609375
-0.0628662109375 -0.3466796875 0.447113037109375
-0.1134033203125 -0.5029296875 0.521331787109375
0.068359375 0.2412109375 0.366058349609375
0.0013427734375 0.0556640625 0.379730224609375
0.0413818359375 0.1376953125 0.351409912109375
-0.0111083984375 0.0380859375 0.089691162109375
0.0267333984375 0.0927734375 0.168792724609375
-0.0650634765625 -0.2275390625 0.446136474609375
-0.0977783203125 -0.4384765625 0.494964599609375
0.0390625 -0.0224609375 -0.005035400390625
0.0478515625 0.2333984375 0.360198974609375
-0.0364990234375 -0.2275390625 0.335784912109375
0.0064697265625 -0.0302734375 0.567230224609375
-0.0006103515625 0.0107421875 0.359222412109375
0.058349609375 0.3193359375 0.572113037109375
0.033935546875 0.1240234375 0.598480224609375
0.0374755859375 0.1259765625 0.443206787109375
0.0614013671875 0.2861328125 0.985198974609375
0.039794921875 -0.0009765625 -0.329254150390625
0.0064697265625 0.0146484375 0.317230224609375
0.0059814453125 0.0419921875 0.129730224609375
0.0025634765625 -0.0087890625 0.587738037109375
-0.0201416015625 -0.1533203125 0.536956787109375
-0.0394287109375 -0.2138671875 0.401214599609375
0.0079345703125 0.0849609375 0.583831787109375
-0.0428466796875 -0.2177734375 0.797698974609375
0.0150146484375 0.0009765625 0.165863037109375
0.0235595703125 -0.0263671875 0.462738037109375
0.0216064453125 0.1474609375 1.008636474609375
0.0599365234375 0.0595703125 -0.317047119140625
0.0194091796875 0.0400390625 0.523284912109375
0.069580078125 0.2509765625 0.313323974609375
0.0086669921875 0.1044921875 0.217620849609375
0.0673828125 0.3740234375 0.570159912109375
0.04638671875 0.2275390625 0.793792724609375
