SIGN
-0.265625 0.00390625 -0.87384033203125
-0.234375 0.23046875 -0.87371826171875
-0.296875 -0.3125 -1.23553466796875
-0.171875 0.75 -1.23529052734375
-0.296875 -0.40234375 -0.87396240234375
-0.265625 -0.2109375 -0.87432861328125
-0.328125 -0.71875 -1.23602294921875
-0.265625 -0.1328125 0.20648193359375
-0.296875 -0.6328125 -0.87481689453125
-0.171875 0.5078125 0.20550537109375
-0.171875 0.30078125 -0.93316650390625
-0.265625 -0.54296875 -0.93377685546875
-0.234375 -0.31640625 -0.93377685546875
-0.296875 -0.75 0.13909912109375
-0.265625 -0.55859375 -0.15533447265625
-0.265625 -0.5234375 0.13909912109375
-0.203125 -0.10546875 -0.93353271484375
-0.234375 -0.34765625 -0.15533447265625
-0.234375 -0.35546875 0.20550537109375
-0.140625 0.3515625 -0.51568603515625
-0.203125 -0.12109375 0.13909912109375
-0.265625 -0.7109375 -0.51568603515625
-0.171875 0.11328125 0.13909912109375
-0.234375 -0.4921875 -0.51568603515625
-0.234375 -0.5234375 -1.23736572265625
-0.109375 0.56640625 -0.51568603515625
-0.140625 0.296875 -0.15533447265625
-0.234375 -0.5625 -1.29339599609375
-0.140625 0.32421875 0.13909912109375
-0.109375 0.5 -0.15533447265625
-0.203125 -0.3125 0.13909912109375
-0.234375 -0.55859375 0.20550537109375
-0.140625 0.08203125 -0.93402099609375
0.203125 0.27734375 0.92816162109375
0.203125 0.0 1.29144287109375
0.203125 -0.1484375 0.92816162109375
0.203125 -0.21484375 1.29144287109375
0.265625 0.0625 0.92816162109375
0.296875 0.41796875 1.29144287109375
0.296875 0.3046875 1.21722412109375
0.328125 0.484375 0.92816162109375
0.234375 -0.3828125 0.92816162109375
0.234375 -0.35546875 1.21722412109375
0.265625 -0.140625 1.21722412109375
0.234375 -0.44140625 1.29339599609375
0.234375 -0.55859375 1.21722412109375
