SIGN
-0.02099609375 0.0263671875 0.3043212890625
-0.08642578125 -0.1591796875 0.6881103515625
0.01416015625 0.1728515625 0.2662353515625
-0.09912109375 -0.2412109375 0.5074462890625
-0.09619140625 -0.2783203125 0.5533447265625
-0.06787109375 -0.1357421875 0.3775634765625
0.02783203125 0.3056640625 0.4293212890625
-0.01025390625 0.1201171875 0.4293212890625
-0.11669921875 -0.3115234375 0.4820556640625
0.05615234375 0.4853515625 0.5904541015625
-0.05712890625 -0.1083984375 0.4547119140625
-0.00048828125 0.1376953125 0.4049072265625
0.00048828125 0.1181640625 0.2437744140625
-0.14599609375 -0.4697265625 0.8609619140625
-0.00341796875 -0.0029296875 0.4791259765625
-0.10693359375 -0.2587890625 0.5347900390625
-0.01318359375 -0.0009765625 0.3297119140625
-0.06982421875 -0.1572265625 0.6900634765625
0.04736328125 0.3798828125 0.6500244140625
-0.06982421875 -0.2177734375 0.3580322265625
0.06689453125 0.4423828125 0.6949462890625
-0.02783203125 0.0009765625 0.8101806640625
-0.10400390625 -0.3232421875 0.5621337890625
0.03564453125 0.2822265625 0.6129150390625
-0.04443359375 -0.1142578125 0.2633056640625
0.02783203125 0.3173828125 0.5006103515625
-0.09423828125 -0.2646484375 0.9547119140625
-0.00048828125 0.0107421875 0.3541259765625
-0.03369140625 0.0419921875 0.5035400390625
-0.09130859375 -0.2001953125 0.4029541015625
-0.01611328125 0.0595703125 0.6734619140625
0.00537109375 -0.0224609375 0.4478759765625
-0.01611328125 0.0517578125 0.2427978515625
-0.03662109375 0.1220703125 0.2818603515625
0.03173828125 0.3076171875 0.4771728515625
-0.00048828125 0.0029296875 0.0836181640625
-0.03857421875 -0.0146484375 0.0816650390625
0.07177734375 0.4423828125 0.6607666015625
-0.02197265625 0.0556640625 0.4791259765625
-0.02001953125 0.1279296875 0.2086181640625
-0.12255859375 -0.3818359375 0.8511962890625
-0.12060546875 -0.3193359375 0.8023681640625
-0.05419921875 -0.1376953125 0.4039306640625
-0.06689453125 -0.1826171875 0.4761962890625
0.02783203125 0.3056640625 0.4293212890625
-0.02001953125 0.0341796875 0.6031494140625
0.01904296875 0.2197265625 0.5504150390625
-0.13818359375 -0.3974609375 0.8062744140625
-0.01806640625 0.1103515625 0.3804931640625
-0.02490234375 0.1025390625 0.3306884765625
-0.05029296875 -0.1162109375 0.2877197265625
-0.13818359375 -0.3974609375 0.8062744140625
-0.03466796875 -0.0107421875 0.4937744140625
0.00146484375 -0.0244140625 0.2418212890625
-0.05712890625 -0.1611328125 0.4283447265625
0.08447265625 0.5458984375 0.6871337890625
0.00439453125 0.0498046875 0.4049072265625
0.04736328125 0.3837890625 0.7574462890625
-0.06298828125 -0.1611328125 0.5699462890625
-0.06103515625 -0.0869140625 0.4293212890625
-0.00732421875 0.0615234375 0.3101806640625
-0.11767578125 -0.3095703125 0.5347900390625
0.05322265625 0.3408203125 0.4801025390625
-0.01318359375 -0.0009765625 0.3297119140625
0.08056640625 0.5068359375 0.7593994140625
-0.04345703125 -0.0576171875 0.2017822265625
-0.06103515625 -0.1396484375 0.2398681640625
-0.10400390625 -0.2880859375 0.7008056640625
0.06689453125 0.4189453125 0.7672119140625
-0.03173828125 0.0498046875 -0.7686767578125
-0.01318359375 -0.0107421875 0.4293212890625
0.02197265625 0.2919921875 0.9332275390625
0.16552734375 0.4248046875 -1.3878173828125
0.04248046875 0.3056640625 0.6109619140625
-0.12255859375 -0.3505859375 0.6968994140625
-0.01806640625 0.1103515625 0.3804931640625
0.00048828125 0.1337890625 0.5543212890625
-0.02783203125 0.0712890625 0.4293212890625
0.02099609375 0.2412109375 0.4058837890625
-0.06201171875 -0.1455078125 1.1207275390625
-0.06982421875 -0.1142578125 0.4801025390625
-0.00634765625 0.1064453125 0.5347900390625
-0.00732421875 0.0615234375 0.3101806640625
0.01220703125 0.0009765625 0.2877197265625
0.02587890625 0.2158203125 0.5504150390625
0.01513671875 0.1337890625 0.3111572265625
-0.02978515625 -0.0263671875 1.2164306640625
-0.00048828125 -0.0107421875 0.4039306640625
0.00927734375 0.1748046875 0.6724853515625
0.03564453125 0.2822265625 0.6129150390625
-0.01318359375 -0.0185546875 0.6314697265625
-0.00146484375 0.0908203125 0.4898681640625
0.01708984375 0.1708984375 0.4644775390625
-0.09130859375 -0.2138671875 0.6119384765625
-0.02490234375 0.0205078125 -0.0325927734375
0.08740234375 0.5341796875 0.6871337890625
0.01513671875 0.1513671875 0.3111572265625
0.01220703125 0.1513671875 0.7193603515625
0.05322265625 0.3955078125 0.6636962890625
0.06689453125 0.4423828125 0.6949462890625
-0.03857421875 -0.0673828125 0.2515869140625
0.02001953125 0.1904296875 0.3111572265625
0.06103515625 0.3916015625 0.5631103515625
0.00830078125 0.1669921875 0.6646728515625
-0.01416015625 0.0263671875 0.2652587890625
-0.04736328125 -0.1123046875 0.4273681640625
0.01904296875 0.2216796875 0.4049072265625
0.01220703125 -0.0205078125 0.4927978515625
0.00732421875 0.1201171875 0.4439697265625
0.03759765625 0.2958984375 0.4820556640625
0.00732421875 0.2216796875 0.4771728515625
-0.02490234375 -0.1962890625 0.3775634765625
-0.04248046875 -0.1005859375 0.4732666015625
-0.04248046875 0.0224609375 0.4293212890625
0.05810546875 0.4521484375 0.6451416015625
0.00634765625 -0.0126953125 0.2193603515625
-0.00439453125 -0.0068359375 0.1510009765625
-0.02783203125 -0.0107421875 0.1500244140625
-0.04052734375 -0.1083984375 0.3804931640625
0.00537109375 0.1669921875 0.4293212890625
-0.01123046875 0.0283203125 0.3785400390625
-0.00537109375 0.0732421875 0.4000244140625
-0.12744140625 -0.3994140625 0.9742431640625
0.02783203125 0.3173828125 0.5006103515625
-0.17529296875 -0.5966796875 0.7252197265625
0.07861328125 0.4892578125 0.7613525390625
-0.10986328125 -0.3251953125 0.5797119140625
-0.07666015625 -0.2177734375 0.4058837890625
0.06396484375 0.4716796875 0.6431884765625
0.04345703125 0.3291015625 0.7047119140625
0.02783203125 0.2490234375 0.3541259765625
0.02587890625 0.2861328125 0.4771728515625
-0.00830078125 0.0400390625 0.4683837890625
-0.00048828125 0.0009765625 0.5289306640625
0.09619140625 0.5927734375 0.7457275390625
0.02685546875 0.2509765625 0.5494384765625
0.00439453125 0.1591796875 0.4049072265625
0.00146484375 0.1611328125 0.3804931640625
0.06884765625 0.4501953125 0.7652587890625
-0.06494140625 -0.0947265625 0.3785400390625
-0.09912109375 -0.2138671875 0.4293212890625
-0.17822265625 -0.6044921875 0.7886962890625
0.03564453125 0.3583984375 0.7593994140625
-0.02783203125 0.0146484375 0.5386962890625
-0.00830078125 0.0712890625 0.4459228515625
-0.08349609375 -0.2216796875 0.3345947265625
0.00830078125 0.1826171875 0.4537353515625
-0.03369140625 -0.0146484375 0.7340087890625
-0.08740234375 -0.2470703125 0.8375244140625
-0.05810546875 -0.1298828125 0.7447509765625
0.05712890625 0.3876953125 0.6998291015625
0.04736328125 0.3251953125 0.6099853515625
-0.00048828125 -0.0087890625 0.3541259765625
-0.05029296875 -0.1103515625 0.2408447265625
-0.09814453125 -0.3095703125 0.5299072265625
-0.14306640625 -0.4560546875 0.7750244140625
0.03271484375 0.2607421875 1.0523681640625
0.00732421875 0.2216796875 0.4771728515625
-0.00634765625 0.1494140625 0.9449462890625
-0.06201171875 -0.1728515625 0.3580322265625
-0.06787109375 -0.1103515625 0.4293212890625
-0.02587890625 -0.0087890625 0.3101806640625
0.00732421875 0.1259765625 0.4654541015625
-0.07861328125 -0.2587890625 0.4293212890625
0.00634765625 -0.0126953125 0.2193603515625
-0.01025390625 0.1201171875 0.4293212890625
-0.09228515625 -0.2802734375 0.7584228515625
0.00537109375 0.0322265625 -0.1126708984375
-0.02197265625 0.0576171875 0.2554931640625
0.05419921875 0.3896484375 0.5220947265625
0.01318359375 0.1357421875 0.3551025390625
-0.10302734375 -0.3251953125 0.4078369140625
0.06298828125 0.3935546875 0.5924072265625
-0.00146484375 0.1025390625 0.5113525390625
-0.00341796875 0.0166015625 0.4791259765625
-0.10400390625 -0.2119140625 0.9801025390625
-0.01318359375 -0.0615234375 0.5416259765625
-0.09228515625 -0.1806640625 0.9781494140625
-0.01123046875 0.0283203125 0.3785400390625
-0.00830078125 0.0185546875 0.4244384765625
0.01904296875 0.1728515625 0.8980712890625
-0.08251953125 -0.2080078125 0.6939697265625
-0.10400390625 -0.2119140625 0.9801025390625
-0.01904296875 -0.0341796875 0.6793212890625
0.02783203125 0.2373046875 0.4840087890625
0.06982421875 0.4306640625 0.5601806640625
-0.02685546875 -0.0029296875 0.3785400390625
0.00927734375 0.1142578125 0.3551025390625
-0.00927734375 -0.0048828125 0.3785400390625
-0.17138671875 -0.5126953125 0.8160400390625
-0.10888671875 -0.3505859375 0.4556884765625
-0.02001953125 0.0048828125 -0.2391357421875
-0.03564453125 0.0029296875 0.5045166015625
0.02685546875 0.2392578125 0.3970947265625
0.02490234375 0.2744140625 0.6685791015625
-0.11279296875 -0.2392578125 0.9840087890625
-0.12841796875 -0.3505859375 0.5093994140625
-0.11669921875 -0.3115234375 0.4820556640625
-0.00634765625 -0.0439453125 -0.0111083984375
-0.12060546875 -0.3193359375 0.8023681640625
