SIGN
-0.21875 0.134765625 -0.8475341796875
-0.3125 -0.673828125 -0.8480224609375
-0.28125 -0.470703125 -0.8482666015625
-0.1875 0.337890625 -0.8477783203125
-0.1875 0.412109375 0.1810302734375
-0.25 -0.275390625 -0.8480224609375
-0.25 -0.201171875 0.1810302734375
-0.15625 0.470703125 -0.5050048828125
-0.1875 0.208984375 0.1810302734375
-0.21875 -0.376953125 -1.19427490234375
-0.125 0.443359375 -1.19378662109375
-0.09375 0.673828125 -0.5054931640625
-0.21875 -0.560546875 -1.19427490234375
-0.125 0.271484375 -0.5059814453125
-0.21875 -0.548828125 -0.5064697265625
-0.125 0.236328125 -1.1939697265625
-0.125 0.201171875 -0.8739013671875
-0.15625 -0.080078125 -0.8494873046875
-0.21875 -0.611328125 -0.8746337890625
-0.1875 -0.353515625 -0.5059814453125
-0.125 0.162109375 -1.2161865234375
-0.15625 -0.005859375 0.1478271484375
-0.21875 -0.591796875 -0.1641845703125
-0.125 0.208984375 -0.1915283203125
-0.1875 -0.400390625 -0.8743896484375
-0.125 0.208984375 -0.1636962890625
-0.09375 0.404296875 -0.8734130859375
-0.21875 -0.603515625 0.1468505859375
-0.125 0.197265625 0.1478271484375
-0.09375 0.431640625 -0.1636962890625
-0.1875 -0.408203125 -0.1641845703125
-0.15625 -0.205078125 -0.8743896484375
-0.1875 -0.404296875 0.1478271484375
-0.1875 -0.416015625 0.1800537109375
-0.125 -0.005859375 -0.8743896484375
-0.15625 -0.189453125 0.1478271484375
-0.0625 0.615234375 -0.1636962890625
-0.125 0.013671875 -0.1920166015625
0.25 0.193359375 0.8704833984375
0.1875 -0.283203125 1.2161865234375
0.3125 0.388671875 0.8704833984375
0.25 -0.080078125 1.2161865234375
0.28125 -0.216796875 1.1771240234375
0.28125 -0.423828125 1.1771240234375
