SIGN
-0.0390625 0.052734375 1.32696533203125
-0.109375 -0.380859375 0.52423095703125
-0.07421875 -0.154296875 0.97930908203125
-0.1171875 0.376953125 -1.33587646484375
0.10546875 0.55078125 0.86602783203125
-0.03125 0.021484375 0.64434814453125
-0.1328125 -0.361328125 0.89923095703125
-0.1171875 -0.296875 0.77227783203125
0.03125 0.25390625 0.44219970703125
-0.0234375 0.01953125 0.48419189453125
0.08984375 0.49609375 0.86798095703125
-0.0703125 -0.212890625 0.67364501953125
0.0703125 0.484375 0.72833251953125
-0.0234375 0.00390625 0.81817626953125
-0.0625 -0.138671875 0.32208251953125
0.046875 0.296875 0.80548095703125
-0.0078125 0.01171875 0.88360595703125
-0.0546875 -0.16015625 0.82403564453125
0.01953125 0.177734375 0.44317626953125
-0.0546875 -0.16015625 0.82403564453125
-0.06640625 -0.083984375 0.76641845703125
0.0234375 0.19921875 0.51544189453125
0.046875 0.37890625 0.55059814453125
-0.08984375 -0.216796875 0.48419189453125
-0.1171875 -0.34765625 0.75665283203125
0.05078125 0.435546875 0.69317626953125
0.015625 0.0 0.33282470703125
-0.0546875 -0.091796875 0.74688720703125
-0.0078125 0.037109375 0.33282470703125
0.1796875 0.466796875 -1.34149169921875
-0.01171875 0.0390625 0.32501220703125
-0.078125 -0.1953125 1.07305908203125
-0.11328125 0.04296875 -1.36798095703125
-0.0546875 -0.283203125 0.52520751953125
-0.00390625 0.08203125 0.88946533203125
-0.06640625 -0.142578125 0.40313720703125
0.05078125 0.453125 0.94610595703125
-0.0078125 0.09765625 0.36505126953125
0.03125 0.234375 0.55157470703125
0.00390625 0.046875 -1.33782958984375
0.00390625 0.10546875 0.52325439453125
-0.0234375 -0.009765625 0.51837158203125
-0.015625 0.15234375 0.48419189453125
-0.02734375 0.158203125 1.32110595703125
0.0 0.17578125 1.03790283203125
0.0078125 0.162109375 0.70098876953125
-0.0859375 -0.279296875 0.90704345703125
-0.05078125 -0.111328125 0.89923095703125
-0.0546875 -0.056640625 0.76641845703125
-0.12109375 -0.294921875 1.06134033203125
-0.1328125 -0.4296875 0.91680908203125
0.046875 0.28515625 0.62384033203125
-0.03125 -0.046875 0.33184814453125
0.0546875 0.38671875 0.87188720703125
-0.09765625 -0.30859375 0.60040283203125
-0.07421875 0.30078125 -1.33172607421875
-0.06640625 -0.083984375 0.76641845703125
0.01953125 0.216796875 0.69903564453125
0.04296875 0.27734375 0.76934814453125
0.03515625 0.30859375 0.60137939453125
0.015625 0.142578125 0.33282470703125
0.05859375 0.462890625 0.69317626953125
-0.0546875 -0.166015625 0.36895751953125
0.00390625 0.109375 0.88751220703125
-0.05859375 -0.056640625 0.56524658203125
0.03515625 0.33203125 0.87384033203125
-0.08984375 0.318359375 -1.33380126953125
0.05078125 0.41015625 0.73028564453125
-0.0625 -0.201171875 0.63555908203125
-0.0078125 0.142578125 0.60235595703125
-0.0078125 0.12109375 0.96368408203125
0.05859375 0.36328125 0.54962158203125
-0.00390625 0.060546875 0.48028564453125
0.04296875 0.34375 0.69610595703125
-0.08984375 -0.212890625 0.64727783203125
0.03515625 0.33203125 0.60040283203125
0.0 0.138671875 0.66485595703125
-0.02734375 0.05859375 0.32501220703125
0.00390625 -0.03125 0.70489501953125
0.03515625 0.298828125 0.64044189453125
0.0859375 0.49609375 0.79766845703125
0.00390625 0.158203125 0.59063720703125
-0.046875 -0.12109375 0.78497314453125
0.04296875 0.30078125 0.67950439453125
-0.0078125 -0.087890625 0.32403564453125
0.0390625 0.43359375 0.60040283203125
-0.0390625 -0.107421875 0.36895751953125
-0.0390625 -0.04296875 0.36407470703125
0.01953125 0.16796875 0.68145751953125
-0.00390625 0.02734375 0.29473876953125
-0.00390625 0.150390625 0.40606689453125
-0.0546875 -0.1171875 0.64630126953125
-0.02734375 0.068359375 0.40606689453125
0.06640625 0.365234375 0.62188720703125
0.015625 0.1953125 0.64141845703125
0.0234375 0.279296875 0.73516845703125
-0.0703125 -0.11328125 0.76739501953125
-0.12109375 -0.32421875 0.60821533203125
-0.08203125 -0.169921875 1.05352783203125
-0.10546875 -0.294921875 0.98712158203125
0.015625 0.212890625 0.52325439453125
0.0078125 0.115234375 0.81231689453125
0.0234375 0.255859375 0.60137939453125
0.01953125 0.228515625 0.60137939453125
-0.03515625 0.10546875 1.32501220703125
-0.14453125 -0.421875 0.90118408203125
0.0703125 0.396484375 0.87384033203125
0.0390625 0.3046875 0.87384033203125
-0.1328125 -0.361328125 0.89923095703125
-0.0546875 -0.130859375 0.67169189453125
-0.0859375 -0.265625 0.79083251953125
0.03125 0.248046875 0.66094970703125
-0.0546875 -0.05859375 1.33477783203125
-0.03515625 0.033203125 1.04376220703125
-0.14453125 -0.421875 0.90118408203125
0.05078125 0.28515625 0.44512939453125
0.00390625 0.10546875 0.52325439453125
0.0390625 0.34375 0.52325439453125
0.04296875 0.357421875 0.95001220703125
0.05859375 0.380859375 0.67755126953125
-0.02734375 0.03125 1.32696533203125
0.015625 -0.01171875 0.29473876953125
-0.01171875 -0.0078125 0.77911376953125
-0.03515625 -0.076171875 1.33282470703125
0.02734375 0.17578125 0.44512939453125
0.0 0.125 0.55450439453125
-0.0625 -0.140625 1.06915283203125
0.0234375 0.255859375 0.60137939453125
0.0078125 0.203125 0.40606689453125
0.0078125 0.021484375 0.40509033203125
-0.13671875 -0.50390625 0.68243408203125
-0.12890625 -0.478515625 0.83868408203125
-0.12109375 -0.4140625 0.79669189453125
-0.0234375 -0.05859375 0.63165283203125
-0.16796875 -0.5390625 0.77813720703125
0.02734375 0.216796875 0.47930908203125
0.04296875 0.27734375 0.76934814453125
-0.01171875 -0.01171875 0.81719970703125
-0.0078125 0.060546875 0.44512939453125
-0.0546875 -0.119140625 0.68634033203125
-0.02734375 0.04296875 0.96759033203125
-0.078125 -0.220703125 0.71270751953125
-0.07421875 -0.23828125 0.52520751953125
-0.01171875 0.029296875 0.89141845703125
0.0546875 0.431640625 0.73028564453125
-0.0546875 -0.115234375 0.40411376953125
-0.05078125 -0.12890625 0.33184814453125
0.03125 0.248046875 0.66094970703125
-0.05078125 -0.0703125 0.48419189453125
0.0078125 0.224609375 0.56231689453125
0.03125 0.359375 0.75665283203125
-0.09375 -0.4609375 0.69219970703125
-0.01171875 0.111328125 0.88165283203125
-0.05859375 -0.134765625 0.70977783203125
-0.07421875 -0.15625 0.48419189453125
-0.08203125 -0.224609375 0.59844970703125
0.0234375 0.28515625 1.04376220703125
-0.0078125 0.099609375 1.17852783203125
-0.0546875 -0.1171875 0.64630126953125
0.04296875 0.2578125 0.62384033203125
0.0703125 0.0625 -0.24383544921875
-0.06640625 -0.265625 0.48419189453125
-0.06640625 -0.115234375 0.60528564453125
0.0 -0.025390625 0.51837158203125
-0.09765625 -0.333984375 0.48516845703125
0.046875 0.404296875 0.94805908203125
0.046875 0.47265625 0.94610595703125
-0.0078125 0.05078125 0.29473876953125
-0.0546875 -0.09765625 0.48419189453125
-0.015625 0.03515625 0.60333251953125
-0.13671875 -0.35546875 0.77423095703125
0.03125 0.25390625 0.87579345703125
-0.0625 -0.173828125 0.29278564453125
0.02734375 0.22265625 0.66192626953125
-0.0625 -0.140625 0.59649658203125
-0.0078125 0.07421875 0.55450439453125
-0.0078125 0.193359375 0.95977783203125
-0.01953125 0.06640625 0.36407470703125
-0.05078125 -0.169921875 0.63458251953125
-0.109375 -0.388671875 0.83477783203125
0.0703125 0.396484375 0.87384033203125
0.03125 0.283203125 0.60137939453125
-0.03515625 -0.07421875 0.70782470703125
0.10546875 0.5703125 0.79473876953125
-0.125 -0.390625 0.65020751953125
0.0078125 0.15234375 0.36505126953125
-0.1171875 -0.34765625 0.75665283203125
0.0 0.00390625 0.62969970703125
-0.0234375 0.0625 1.04180908203125
-0.0078125 0.07421875 0.55450439453125
-0.12890625 -0.474609375 0.68145751953125
-0.0234375 0.01953125 0.48419189453125
-0.16796875 -0.544921875 0.90509033203125
-0.015625 0.0078125 0.70489501953125
0.015625 0.16796875 0.33282470703125
-0.046875 -0.08984375 0.55743408203125
-0.0859375 -0.20703125 1.20391845703125
0.1796875 0.466796875 -1.34149169921875
-0.0546875 -0.119140625 0.68634033203125
0.046875 0.3515625 0.67852783203125
