SIGN
0.375 -0.59765625 -0.697265625
0.28125 -0.33984375 -0.13427734375
0.28125 -0.25390625 -0.26025390625
0.21875 -0.19921875 0.14599609375
0.1875 -0.22265625 -0.7021484375
0.1875 -0.25390625 0.01806640625
0.1875 -0.25390625 0.29638671875
0.125 -0.13671875 -0.13623046875
0.125 -0.18359375 0.42724609375
0.125 -0.05078125 -0.26220703125
0.09375 0.00390625 0.14599609375
0.03125 -0.05078125 0.01708984375
0.03125 0.01953125 0.42822265625
0.0 -0.05078125 0.29736328125
0.0 0.05078125 -0.13720703125
-0.03125 -0.00390625 -0.70703125
-0.03125 0.16015625 -0.26416015625
-0.0625 0.20703125 0.14501953125
-0.0625 0.10546875 0.71435546875
-0.125 0.13671875 0.01708984375
-0.125 0.13671875 0.29736328125
-0.15625 0.19921875 -0.71044921875
-0.125 0.22265625 0.42919921875
-0.15625 0.26171875 -0.13916015625
-0.15625 0.30078125 0.71630859375
-0.1875 0.40234375 0.14501953125
-0.21875 0.37109375 -0.26513671875
-0.21875 0.33984375 0.01611328125
-0.21875 0.41015625 0.42919921875
-0.25 0.33984375 0.29833984375
-0.25 0.44921875 -0.14013671875
-0.25 0.54296875 -0.26611328125
-0.3125 0.40234375 -0.7138671875
-0.25 0.58984375 0.14501953125
-0.375 0.59765625 -0.71630859375
