SIGN
0.34375 -0.4921875 -0.7109375
0.21875 -0.625 0.548828125
0.125 -0.40625 0.7080078125
0.09375 -0.171875 0.3525390625
-0.03125 -0.1640625 0.1953125
-0.03125 -0.1015625 -0.00390625
-0.03125 -0.140625 0.5498046875
-0.03125 -0.140625 0.708984375
-0.0625 0.0859375 0.3525390625
-0.09375 0.1015625 -0.1591796875
-0.15625 0.0859375 0.1953125
-0.15625 0.140625 -0.005859375
-0.1875 0.1015625 0.5498046875
-0.21875 0.125 0.7099609375
-0.21875 0.328125 0.3525390625
-0.25 0.359375 -0.1611328125
-0.28125 0.3515625 0.7109375
-0.3125 0.3359375 0.1943359375
-0.3125 0.3984375 -0.0068359375
-0.3125 0.359375 0.55078125
-0.3125 0.59375 -0.162109375
-0.3125 0.5703125 0.3525390625
-0.34375 0.625 -0.0068359375
