SIGN
0.375 -0.546875 -0.1796875
0.3125 -0.53125 0.00341796875
0.3125 -0.328125 -1.239990234375
0.1875 -0.203125 -0.830078125
0.125 -0.453125 1.247314453125
0.1875 -0.015625 -1.012451171875
0.125 -0.2578125 -0.1846923828125
0.125 -0.328125 1.056884765625
0.125 -0.2421875 -0.00048828125
0.125 -0.046875 -1.247314453125
0.0625 -0.2734375 0.227783203125
0.0625 0.078125 -0.835693359375
0.0 -0.125 0.831298828125
0.0 -0.015625 0.642822265625
0.0 0.0390625 -0.00390625
-0.0625 -0.1171875 0.414306640625
-0.0625 0.0078125 -0.1893310546875
-0.0625 -0.0234375 1.056884765625
-0.0625 0.3046875 -0.005615234375
-0.125 0.015625 0.224365234375
-0.1875 0.1640625 0.830322265625
-0.1875 0.2734375 0.640869140625
-0.25 0.171875 0.411376953125
-0.25 0.265625 1.055908203125
-0.25 0.390625 1.247314453125
-0.25 0.546875 0.638916015625
-0.3125 0.28125 0.220947265625
-0.3125 0.46875 0.409912109375
-0.3125 0.453125 0.829345703125
-0.375 0.546875 1.055908203125
