SIGN
0.0443115234375 -0.40625 -1.30419921875
-0.0147705078125 -0.359375 -1.30859375
0.0980224609375 -0.328125 -1.31201171875
-0.0787353515625 -0.296875 -1.317138671875
0.1351318359375 -0.359375 0.786865234375
0.1038818359375 -0.28125 0.822021484375
0.1600341796875 -0.328125 1.261474609375
0.1737060546875 -0.21875 0.978271484375
-0.1502685546875 -0.09375 -1.343505859375
0.1029052734375 -0.09375 -0.72210693359375
0.1419677734375 -0.09375 -0.6597900390625
0.1614990234375 -0.09375 -0.9591064453125
0.1663818359375 -0.09375 -0.33447265625
0.1102294921875 -0.09375 -0.238037109375
0.1370849609375 -0.09375 -0.272216796875
0.1126708984375 -0.09375 -0.141357421875
0.1795654296875 -0.140625 0.595458984375
0.1199951171875 -0.09375 -0.044677734375
0.1077880859375 -0.078125 -0.33544921875
0.1199951171875 -0.09375 0.148193359375
0.1224365234375 -0.09375 0.244873046875
0.1429443359375 -0.203125 1.361083984375
0.1263427734375 -0.09375 0.306396484375
0.1419677734375 -0.0625 -1.344482421875
0.1751708984375 -0.078125 0.050537109375
0.1312255859375 -0.09375 0.403076171875
0.1322021484375 -0.09375 0.498779296875
0.1165771484375 -0.09375 0.595458984375
0.1077880859375 -0.03125 -0.533203125
0.1546630859375 -0.109375 0.822021484375
0.1458740234375 -0.078125 0.532958984375
0.1785888671875 -0.0625 0.884521484375
0.1805419921875 -0.046875 0.787841796875
0.1888427734375 0.046875 -1.357666015625
0.1702880859375 -0.046875 1.174560546875
0.1429443359375 0.0 1.078857421875
-0.2225341796875 0.140625 -1.372802734375
0.1600341796875 0.09375 0.691162109375
0.1912841796875 0.0625 1.372802734375
0.1517333984375 0.140625 0.724365234375
0.1546630859375 0.125 1.017333984375
0.1463623046875 0.15625 0.919677734375
0.2025146484375 0.171875 0.822021484375
0.1937255859375 0.171875 1.279052734375
0.1556396484375 0.171875 1.310302734375
0.1575927734375 0.25 1.116943359375
0.2225341796875 0.296875 0.789794921875
0.2078857421875 0.296875 1.216552734375
0.2156982421875 0.34375 0.889404296875
0.2044677734375 0.359375 0.988037109375
0.2098388671875 0.359375 1.185302734375
0.1766357421875 0.40625 1.087646484375
