SIGN
0.02734375 -0.671875 -1.421142578125
0.078125 -0.6328125 -1.422607421875
-0.046875 -0.578125 1.077880859375
-0.078125 -0.5 1.009521484375
-0.01171875 -0.453125 1.116943359375
-0.06640625 -0.484375 1.224365234375
-0.05078125 -0.421875 0.902099609375
0.00390625 -0.40625 1.079833984375
-0.03125 -0.421875 1.225341796875
-0.05078125 -0.4375 1.295654296875
-0.01171875 -0.359375 0.902099609375
-0.015625 -0.359375 1.009521484375
-0.01171875 -0.328125 1.118896484375
0.0078125 -0.265625 0.972412109375
0.00390625 -0.25 0.902099609375
-0.0234375 -0.296875 1.227294921875
0.00390625 -0.265625 1.081787109375
0.01953125 -0.265625 1.334716796875
-0.03125 -0.265625 1.190185546875
-0.00390625 -0.265625 1.299560546875
-0.01171875 -0.234375 1.010498046875
-0.02734375 -0.1875 0.793701171875
-0.00390625 -0.203125 1.119873046875
0.01171875 -0.171875 1.082763671875
0.0 -0.125 0.902099609375
-0.0234375 -0.171875 1.229248046875
0.0078125 -0.125 0.973388671875
-0.015625 -0.109375 0.754638671875
0.00390625 -0.109375 0.864013671875
0.00390625 -0.140625 1.301513671875
0.015625 -0.125 1.338623046875
-0.0078125 -0.09375 1.011474609375
-0.03515625 -0.125 1.193115234375
-0.046875 -0.015625 -1.1298828125
-0.02734375 0.0 -0.79022216796875
-0.02734375 0.0 -0.086669921875
-0.046875 0.0 -0.34765625
-0.03125 -0.046875 0.683349609375
0.015625 -0.015625 0.645263671875
-0.0234375 -0.046875 0.792724609375
-0.0546875 0.015625 -0.4189453125
-0.01171875 -0.0625 1.120849609375
0.015625 -0.015625 0.974365234375
-0.01171875 0.015625 0.572021484375
0.01171875 0.0 0.902099609375
-0.01171875 -0.046875 1.230224609375
-0.01953125 -0.03125 1.195068359375
0.015625 0.0625 0.462646484375
-0.0078125 0.046875 0.533935546875
0.02734375 -0.015625 1.340576171875
-0.0078125 0.0 1.085693359375
-0.01953125 0.03125 0.754638671875
-0.00390625 0.03125 0.864990234375
0.0 0.03125 1.011474609375
0.00390625 0.0 1.305419921875
0.01171875 0.03125 1.121826171875
-0.01953125 0.0625 0.682373046875
-0.015625 0.0625 0.791748046875
0.015625 0.109375 0.571044921875
0.0234375 0.109375 0.644287109375
0.01171875 0.046875 1.416748046875
0.01953125 0.09375 1.086669921875
0.01953125 0.125 0.864990234375
-0.0078125 0.078125 1.232177734375
0.015625 0.125 0.902099609375
0.0078125 0.15625 0.532958984375
-0.00390625 0.140625 0.754638671875
0.0078125 0.125 0.976318359375
-0.01953125 0.109375 1.197021484375
0.01171875 0.125 1.307373046875
0.0 0.15625 1.012451171875
-0.01171875 0.1875 0.680419921875
0.0390625 0.21875 0.644287109375
-0.0078125 0.1875 0.791748046875
0.01953125 0.140625 1.342529296875
0.00390625 0.1875 1.123779296875
0.0234375 0.265625 0.680419921875
0.015625 0.1875 1.420654296875
-0.0078125 0.203125 1.234130859375
0.015625 0.25 0.977294921875
0.01953125 0.265625 0.865966796875
0.015625 0.265625 0.902099609375
0.0625 0.3125 0.643310546875
0.01171875 0.25 1.088623046875
-0.00390625 0.28125 0.754638671875
-0.015625 0.234375 1.199951171875
0.03515625 0.25 1.346435546875
0.01171875 0.28125 1.012451171875
0.015625 0.25 1.311279296875
-0.00390625 0.3125 0.790771484375
0.03125 0.28125 1.422607421875
0.015625 0.3125 1.124755859375
0.03125 0.359375 0.754638671875
0.02734375 0.375 0.865966796875
0.03515625 0.390625 0.790771484375
0.02734375 0.359375 1.089599609375
0.0234375 0.390625 0.902099609375
-0.00390625 0.34375 1.236083984375
0.01953125 0.390625 0.978271484375
0.0234375 0.359375 1.313232421875
0.04296875 0.375 1.348388671875
-0.0078125 0.375 1.201904296875
0.0078125 0.421875 1.013427734375
0.05859375 0.46875 0.902099609375
0.015625 0.4375 1.125732421875
0.0390625 0.484375 0.979248046875
0.015625 0.453125 1.238037109375
0.06640625 0.46875 1.350341796875
0.03125 0.484375 1.091552734375
0.046875 0.46875 1.315185546875
0.03125 0.515625 0.865966796875
0.02734375 0.53125 1.014404296875
0.0 0.5 1.203857421875
0.03515625 0.546875 1.239013671875
0.02734375 0.5625 1.127685546875
0.05078125 0.59375 1.093505859375
0.05859375 0.609375 0.980224609375
0.05859375 0.609375 1.014404296875
0.05078125 0.671875 1.128662109375
