SIGN
-0.109375 0.28125 -0.232421875
-0.046875 0.15625 -0.3525390625
-0.015625 0.59375 0.001953125
-0.046875 -0.1953125 -0.9384765625
-0.046875 0.15625 0.3515625
-0.046875 -0.30078125 -1.056640625
-0.046875 -0.02734375 0.0
-0.046875 -0.1640625 -0.232421875
-0.015625 -0.09375 -1.056640625
-0.078125 -0.01953125 1.0546875
0.046875 0.8125 0.001953125
-0.015625 0.046875 -0.232421875
-0.046875 -0.0546875 0.3515625
-0.078125 -0.57421875 -0.232421875
-0.046875 -0.02734375 0.4765625
-0.015625 -0.05859375 -0.3525390625
-0.046875 -0.25 0.0
-0.046875 -0.234375 0.123046875
-0.015625 -0.15625 -0.5849609375
-0.046875 -0.36328125 -0.232421875
-0.015625 0.1875 0.4765625
-0.046875 0.0234375 0.830078125
-0.015625 0.24609375 0.703125
-0.046875 -0.265625 0.3515625
-0.078125 -0.25 1.0546875
-0.046875 -0.23046875 0.4765625
-0.078125 -0.40234375 0.830078125
-0.046875 -0.453125 0.0
-0.046875 -0.17578125 0.703125
0.015625 -0.06640625 -0.7041015625
-0.046875 -0.43359375 0.123046875
0.015625 0.59765625 1.056640625
-0.046875 -0.1875 0.830078125
-0.078125 -0.69140625 0.3515625
-0.015625 0.03515625 0.703125
0.046875 0.3984375 0.123046875
-0.046875 -0.48046875 0.3515625
-0.046875 -0.44140625 0.4765625
-0.046875 -0.3671875 0.703125
-0.078125 -0.6171875 0.83203125
0.015625 -0.296875 -0.3525390625
-0.046875 -0.6640625 0.478515625
0.109375 0.87109375 0.705078125
-0.046875 -0.87109375 0.478515625
