SIGN
0.4609375 -0.1796875 -0.1416015625
0.3671875 -0.2421875 -0.30419921875
0.3515625 -0.2421875 -0.43701171875
0.34375 -0.2265625 -0.56982421875
0.3984375 -0.2265625 0.3564453125
0.3515625 -0.2265625 -0.17236328125
0.5 -0.1328125 0.3916015625
0.3203125 -0.2578125 -0.0400390625
0.28125 -0.2578125 -0.30615234375
0.265625 -0.2578125 -0.57177734375
0.5078125 -0.1484375 0.92578125
0.3984375 -0.1953125 0.4892578125
0.40625 -0.2109375 0.7529296875
0.5 -0.1171875 0.6591796875
0.4921875 -0.1640625 1.017578125
0.421875 -0.1484375 0.2587890625
0.484375 -0.1796875 1.1484375
0.4453125 -0.1484375 0.62109375
0.5 -0.1171875 0.79296875
0.421875 -0.2109375 1.017578125
0.515625 -0.1484375 1.193359375
0.4765625 -0.1640625 1.05859375
0.3828125 -0.1953125 0.62109375
0.40625 -0.1484375 0.3916015625
0.4296875 -0.2265625 1.28125
0.5546875 -0.1171875 1.326171875
0.453125 -0.1484375 0.884765625
0.4921875 -0.1640625 1.28125
0.40625 -0.1484375 0.525390625
0.328125 -0.1640625 -0.14501953125
0.390625 -0.1953125 0.8857421875
0.3984375 -0.1328125 0.66015625
0.53125 -0.1171875 1.458984375
0.3984375 -0.1328125 0.7939453125
0.21875 -0.2109375 -0.17578125
0.28125 -0.1953125 0.48828125
0.203125 -0.1953125 -0.443359375
0.4765625 -0.1328125 1.544921875
0.28125 -0.1953125 0.75390625
0.296875 -0.1328125 0.2578125
0.21875 -0.1484375 -0.8209228515625
0.171875 -0.1796875 -0.71142578125
0.1171875 -0.2265625 -0.84619140625
0.125 -0.2265625 -0.3115234375
0.3515625 -0.1484375 1.150390625
0.171875 -0.1640625 -0.846435546875
0.4140625 -0.1015625 1.330078125
0.1484375 -0.1953125 -0.04541015625
0.3359375 -0.0390625 0.1220703125
0.203125 -0.1171875 -1.364501953125
0.34375 -0.1015625 0.927734375
0.2734375 -0.1171875 0.525390625
0.3359375 -0.1171875 1.0625
0.375 -0.1484375 1.548828125
0.3671875 -0.1015625 1.197265625
0.234375 -0.1015625 0.087890625
0.28125 -0.1796875 1.28515625
0.3984375 -0.0859375 1.46484375
0.2421875 -0.1484375 1.01953125
0.0703125 -0.1796875 -0.581787109375
0.2265625 -0.0859375 0.390625
0.1953125 -0.1171875 0.62109375
0.2109375 -0.1171875 0.8876953125
0.140625 -0.0859375 -0.0146484375
0.125 -0.0703125 -0.15087890625
0.1015625 -0.1328125 0.4873046875
0.203125 -0.0546875 0.6611328125
0.203125 -0.0546875 0.796875
0.109375 -0.1328125 0.7548828125
-0.015625 -0.1015625 -0.45361328125
0.1640625 -0.0703125 1.15625
0.1953125 -0.0859375 1.5546875
0.1015625 -0.1171875 1.2890625
-0.046875 -0.0859375 -0.994537353515625
0.171875 -0.0390625 1.203125
0.1484375 -0.0234375 0.931640625
0.078125 -0.0390625 0.5263671875
0.21875 -0.0078125 1.337890625
0.140625 -0.0390625 1.06640625
0.0703125 -0.0859375 1.0234375
0.203125 -0.0078125 1.47265625
0.03125 -0.0546875 0.8896484375
-0.0859375 -0.0703125 -0.05224609375
0.03125 0.0078125 0.3896484375
0.0 -0.0390625 0.62109375
-0.0546875 -0.0234375 -0.0185546875
-0.0859375 -0.0546875 0.486328125
0.015625 0.0234375 0.662109375
-0.171875 -0.0546875 -0.595458984375
-0.0859375 -0.0546875 0.755859375
0.0 0.0390625 0.798828125
-0.1015625 0.0546875 -0.4306640625
-0.0234375 0.0078125 1.16015625
0.046875 0.0390625 1.478515625
0.0390625 0.0546875 1.34375
-0.203125 -0.0078125 -0.3271484375
-0.0546875 0.0234375 1.072265625
0.0 0.0078125 1.564453125
-0.0859375 -0.0234375 1.294921875
-0.0234375 0.0546875 1.208984375
-0.25 0.0078125 -1.0090484619140625
-0.0546875 0.0703125 0.935546875
-0.125 0.0078125 1.025390625
-0.140625 0.0546875 0.5263671875
-0.2265625 0.0390625 -0.0224609375
-0.171875 0.0390625 0.8916015625
-0.265625 0.0546875 0.0771484375
-0.21875 0.0703125 0.62109375
-0.203125 0.1328125 0.388671875
-0.2265625 0.0859375 1.1640625
-0.234375 0.1484375 0.802734375
-0.234375 0.1640625 0.6640625
-0.1953125 0.0859375 1.5703125
-0.171875 0.1484375 1.3515625
-0.171875 0.1484375 1.48828125
-0.3046875 0.0703125 1.302734375
-0.296875 0.1484375 1.078125
-0.5 0.1328125 -1.580078125
-0.46875 0.1796875 -0.8619384765625
-0.390625 0.2109375 0.25
-0.4375 0.1640625 0.3466796875
-0.484375 0.1640625 -0.20263671875
-0.40625 0.1484375 0.89453125
-0.5078125 0.1640625 -0.753662109375
-0.53125 0.1640625 -1.0310821533203125
-0.4296875 0.2578125 -0.86328125
-0.46875 0.2265625 -0.754638671875
-0.4140625 0.2421875 0.1103515625
-0.484375 0.2265625 -1.42333984375
-0.5546875 0.1640625 -0.06689453125
-0.390625 0.1640625 1.580078125
