SIGN
-0.0859375 0.174560546875 -1.427215576171875
-0.0390625 0.088623046875 -1.430572509765625
-0.0546875 0.4516587257385254 0.445281982421875
-0.0703125 0.5303955078125 0.869110107421875
-0.0703125 0.614990234375 0.869110107421875
0.0078125 0.01513671875 -0.434112548828125
-0.0546875 0.4775848388671875 0.726531982421875
-0.0390625 0.2723388671875 0.585906982421875
-0.0703125 0.51947021484375 0.990203857421875
-0.0703125 0.59619140625 0.990203857421875
-0.0546875 0.4291534423828125 0.847625732421875
-0.0546875 0.51446533203125 0.847625732421875
-0.0546875 0.34381103515625 0.847625732421875
-0.0546875 0.2626953125 0.847625732421875
-0.0546875 0.4542427062988281 0.869110107421875
-0.0546875 0.3653564453125 0.869110107421875
-0.0546875 0.2806396484375 0.869110107421875
0.0390625 0.001953125 -1.435577392578125
-0.0390625 0.414886474609375 0.707000732421875
-0.0390625 0.57684326171875 0.707000732421875
-0.0390625 0.3251953125 0.707000732421875
-0.0390625 0.392852783203125 0.726531982421875
0.0234375 -0.06591796875 -0.434112548828125
-0.0390625 0.56256103515625 0.726531982421875
-0.0390625 0.30810546875 0.726531982421875
-0.0234375 0.4093017578125 0.564422607421875
-0.0234375 0.4418487548828125 0.586883544921875
-0.0234375 0.153076171875 0.564422607421875
-0.0234375 0.5224609375 0.586883544921875
-0.0234375 0.0673828125 0.564422607421875
-0.0234375 0.1875 0.585906982421875
-0.0546875 0.4256744384765625 0.990203857421875
-0.0234375 0.098388671875 0.585906982421875
-0.0546875 0.681640625 0.990203857421875
-0.0234375 0.017578125 0.585906982421875
-0.0546875 0.4971923828125 1.009735107421875
0.0546875 0.2586669921875 -1.437469482421875
0.0390625 -0.010009765625 -0.546417236328125
-0.0390625 0.17724609375 0.847625732421875
-0.0078125 0.016845703125 0.421844482421875
-0.0078125 0.11669921875 0.445281982421875
0.0390625 -0.09521484375 -0.546417236328125
-0.0390625 0.2001953125 0.869110107421875
-0.0078125 0.03173828125 0.445281982421875
-0.0390625 0.00634765625 0.847625732421875
-0.0390625 0.111083984375 0.869110107421875
-0.0234375 0.2440185546875 0.707000732421875
-0.0234375 0.154296875 0.707000732421875
-0.0234375 0.2232666015625 0.728485107421875
0.0078125 0.186279296875 0.303680419921875
0.0234375 -0.004638671875 -0.005889892578125
0.0078125 0.09716796875 0.303680419921875
0.0078125 -0.0615234375 0.279266357421875
-0.0546875 0.395904541015625 1.150360107421875
-0.0390625 0.348876953125 0.990203857421875
-0.0078125 -0.018310546875 0.564422607421875
-0.0390625 0.2591552734375 0.990203857421875
-0.0390625 0.412506103515625 1.009735107421875
-0.0390625 0.33203125 1.009735107421875
-0.0078125 -0.10400390625 0.564422607421875
-0.0390625 0.5777587890625 1.009735107421875
-0.0390625 0.2430419921875 1.009735107421875
-0.0078125 -0.0673828125 0.585906982421875
0.0390625 0.0302734375 -0.148468017578125
-0.0234375 0.5999755859375 0.849578857421875
-0.0234375 0.091796875 0.847625732421875
0.0078125 -0.06884765625 0.421844482421875
0.0078125 -0.05322265625 0.445281982421875
-0.0234375 0.034423828125 0.869110107421875
-0.0234375 -0.07470703125 0.849578857421875
0.0078125 -0.154296875 0.421844482421875
-0.0234375 -0.0546875 0.869110107421875
-0.0078125 0.07275390625 0.707000732421875
-0.0078125 0.142578125 0.728485107421875
-0.0078125 0.061767578125 0.728485107421875
0.0234375 -0.1513671875 0.279266357421875
-0.0390625 0.3067626953125 1.150360107421875
-0.0390625 0.2261962890625 1.152313232421875
-0.0234375 0.173583984375 0.992156982421875
-0.0234375 0.09228515625 0.992156982421875
0.0390625 0.000732421875 0.136688232421875
-0.0234375 0.162353515625 1.009735107421875
0.0078125 -0.18115234375 0.564422607421875
-0.0234375 0.07763671875 1.009735107421875
0.0078125 -0.1484375 0.586883544921875
0.0078125 -0.2333984375 0.586883544921875
0.0234375 -0.138671875 0.445281982421875
-0.0078125 -0.1650390625 0.849578857421875
0.0078125 -0.012939453125 0.707000732421875
-0.0078125 -0.13525390625 0.869110107421875
0.0078125 -0.09423828125 0.707000732421875
0.0078125 -0.02734375 0.728485107421875
-0.0078125 -0.224609375 0.869110107421875
-0.0390625 0.2366943359375 1.292938232421875
0.0078125 -0.1083984375 0.728485107421875
-0.0234375 0.141357421875 1.152313232421875
-0.0078125 0.00244140625 0.992156982421875
-0.0078125 -0.007568359375 1.011688232421875
0.0234375 -0.27587890625 0.564422607421875
0.0234375 -0.31884765625 0.586883544921875
-0.0234375 0.2369384765625 1.275360107421875
0.0078125 -0.2509765625 0.849578857421875
-0.0234375 0.147216796875 1.275360107421875
-0.0234375 0.06591796875 1.277313232421875
0.0234375 -0.1845703125 0.707000732421875
-0.0078125 0.4764556884765625 1.152313232421875
-0.0234375 0.156005859375 1.292938232421875
-0.0234375 0.075439453125 1.292938232421875
0.0234375 -0.19775390625 0.728485107421875
0.0234375 -0.2705078125 0.707000732421875
-0.0078125 0.052001953125 1.152313232421875
0.0234375 -0.283203125 0.728485107421875
-0.0078125 -0.028564453125 1.152313232421875
0.0078125 -0.08349609375 0.992156982421875
0.0078125 -0.1689453125 0.992156982421875
0.0078125 -0.0927734375 1.011688232421875
0.0078125 -0.177734375 1.011688232421875
0.0546875 -0.224609375 0.445281982421875
-0.0234375 0.2413330078125 1.435516357421875
-0.0234375 0.16064453125 1.435516357421875
0.0703125 -0.06982421875 0.303680419921875
0.0234375 -0.3330078125 0.849578857421875
-0.0234375 0.07177734375 1.435516357421875
0.0234375 -0.31005859375 0.869110107421875
-0.0078125 -0.019775390625 1.277313232421875
-0.0078125 -0.10107421875 1.277313232421875
-0.0078125 -0.013916015625 1.294891357421875
0.0234375 -0.3916015625 0.871063232421875
0.0390625 -0.35595703125 0.707000732421875
0.0078125 -0.11376953125 1.152313232421875
0.0390625 -0.35986328125 0.728485107421875
0.0546875 -0.35400390625 0.565399169921875
0.0234375 -0.2548828125 0.992156982421875
0.0234375 -0.26318359375 1.011688232421875
0.0234375 -0.33203125 0.992156982421875
-0.0078125 -0.0048828125 1.435516357421875
0.0390625 -0.42333984375 0.849578857421875
0.0078125 -0.0947265625 1.294891357421875
0.0078125 -0.19140625 1.277313232421875
0.0390625 -0.509765625 0.849578857421875
0.0078125 -0.18408203125 1.294891357421875
0.0390625 -0.48095703125 0.871063232421875
0.0546875 -0.4384765625 0.707000732421875
0.0234375 -0.19482421875 1.154266357421875
0.0234375 -0.27978515625 1.154266357421875
0.0234375 -0.365234375 1.154266357421875
0.0390625 -0.3486328125 1.011688232421875
0.0390625 -0.421875 0.994110107421875
0.0078125 -0.0947265625 1.437469482421875
0.0234375 -0.27734375 1.279266357421875
0.0546875 -0.595703125 0.851531982421875
0.0703125 -0.45458984375 0.728485107421875
0.0703125 -0.529296875 0.708953857421875
0.0546875 -0.43408203125 1.011688232421875
0.0546875 -0.50830078125 0.994110107421875
0.0703125 -0.5673828125 0.871063232421875
0.0703125 -0.673828125 0.851531982421875
0.0546875 0.491119384765625 1.296844482421875
0.0703125 -0.52001953125 1.013641357421875
0.0703125 -0.5908203125 0.994110107421875
0.0546875 -0.36376953125 1.279266357421875
0.0859375 -0.681640625 0.994110107421875
