SIGN
-0.546875 -0.07421875 0.54815673828125
-0.546875 -0.16015625 -0.21258544921875
-0.515625 -0.15234375 0.12530517578125
-0.484375 -0.01953125 0.62432861328125
-0.453125 -0.08203125 -0.42498779296875
-0.453125 -0.06640625 -0.00457763671875
-0.453125 -0.05859375 0.12432861328125
-0.359375 -0.08203125 -0.21697998046875
-0.359375 -0.10546875 -0.30194091796875
-0.328125 0.05859375 0.62432861328125
-0.328125 -0.00390625 0.54718017578125
-0.296875 -0.11328125 0.75811767578125
-0.203125 0.00390625 0.41339111328125
-0.171875 -0.00390625 -0.00848388671875
-0.140625 -0.03515625 -0.43402099609375
-0.109375 -0.01953125 0.11895751953125
-0.015625 0.03515625 0.54522705078125
0.078125 0.08984375 0.62432861328125
0.109375 0.04296875 -0.01336669921875
0.140625 0.04296875 0.41143798828125
0.171875 0.01953125 -0.44183349609375
0.171875 0.04296875 0.11407470703125
0.328125 -0.02734375 -0.32098388671875
0.359375 -0.00390625 -0.23211669921875
0.359375 0.07421875 0.54327392578125
0.359375 0.01171875 0.19659423828125
0.390625 0.10546875 -0.01776123046875
0.421875 0.07421875 -0.44891357421875
0.421875 0.12890625 0.62432861328125
0.453125 0.09765625 0.10968017578125
0.484375 0.01953125 -0.75811767578125
0.515625 0.08203125 -0.23504638671875
0.546875 0.16015625 0.54229736328125
