SIGN
-0.53125 0.0390625 0.951171875
-0.453125 -0.0625 1.119140625
-0.375 0.07421875 0.9296875
-0.375 0.0390625 1.095703125
-0.28125 -0.01171875 0.787109375
-0.203125 0.0 0.5986328125
-0.1875 -0.015625 0.7685546875
-0.140625 -0.01171875 0.615234375
-0.046875 -0.11328125 -0.064453125
-0.046875 -0.05078125 0.27734375
-0.03125 -0.07421875 -0.2392578125
-0.03125 -0.0546875 -0.072265625
-0.015625 -0.0546875 0.107421875
-0.015625 -0.0703125 0.09765625
0.0 -0.0546875 0.265625
0.0 -0.04296875 0.447265625
-0.03125 0.01953125 1.271484375
0.015625 -0.06640625 0.4326171875
0.03125 -0.01171875 1.4453125
0.203125 -0.0859375 -0.4111328125
0.234375 0.01953125 0.6171875
0.21875 0.01171875 1.111328125
0.265625 0.00390625 0.6025390625
0.46875 0.11328125 -1.4453125
0.515625 -0.05078125 -0.42041015625
0.515625 -0.109375 -0.248046875
0.53125 -0.08984375 -0.2509765625
