SIGN
-0.53125 0.5703125 -0.85205078125
-0.03125 -0.1953125 -1.38232421875
-0.34375 0.4140625 -1.07763671875
-0.125 0.0703125 -0.93798828125
-0.40625 0.4609375 0.044921875
-0.1875 0.1171875 0.044921875
-0.15625 0.0859375 -0.0478515625
-0.125 0.0859375 -0.71484375
-0.53125 0.7421875 -0.93994140625
-0.46875 0.6015625 -0.1796875
-0.375 0.5078125 -0.85400390625
-0.53125 0.7421875 -0.6298828125
-0.34375 0.4453125 -0.494140625
-0.09375 0.0078125 0.044921875
-0.03125 -0.0390625 -0.71484375
-0.40625 0.5546875 -0.494140625
-0.53125 0.7109375 0.044921875
-0.375 0.5390625 -0.93994140625
-0.09375 0.1015625 -1.07861328125
-0.40625 0.5390625 -0.0478515625
-0.0625 -0.0078125 -0.046875
-0.625 0.8828125 -0.048828125
-0.4375 0.6328125 -0.630859375
-0.53125 0.8046875 -1.07958984375
-0.25 0.3359375 -0.4931640625
0.0625 -0.2109375 0.044921875
0.03125 -0.2421875 0.84375
-0.375 0.5703125 -1.1640625
0.0 -0.1015625 0.044921875
-0.375 0.5703125 -1.07958984375
-0.4375 0.6015625 0.044921875
-0.03125 -0.1328125 0.84375
0.0625 -0.1328125 -0.9384765625
-0.40625 0.6328125 -1.30517578125
0.03125 -0.1328125 -0.046875
0.0 -0.0234375 -0.9384765625
-0.03125 0.0078125 -0.4931640625
-0.03125 -0.1328125 0.943359375
-0.03125 -0.1015625 0.71875
0.09375 -0.2265625 -0.046875
-0.28125 0.4453125 -1.16357421875
-0.125 0.1796875 -0.6298828125
-0.375 0.4609375 0.71875
0.21875 -0.4140625 -0.1796875
-0.28125 0.3828125 0.044921875
0.03125 -0.1796875 0.62109375
-0.40625 0.6171875 -0.4052734375
0.28125 -0.4765625 -0.7138671875
0.0 0.0078125 -1.0791015625
0.3125 -0.5546875 -0.2685546875
0.0625 -0.2265625 0.71875
-0.375 0.4921875 0.62109375
0.15625 -0.2421875 -0.93798828125
0.15625 -0.3046875 0.044921875
-0.0625 0.1328125 -1.1630859375
0.0625 -0.1015625 -0.4931640625
0.21875 -0.3359375 -0.9384765625
0.25 -0.3984375 -0.6298828125
0.1875 -0.3359375 -0.0458984375
-0.125 0.2421875 -1.1630859375
-0.4375 0.5703125 0.943359375
0.125 -0.1953125 -0.4931640625
-0.40625 0.6953125 -1.3896484375
-0.3125 0.5078125 -0.4052734375
-0.1875 0.3515625 -1.16357421875
-0.34375 0.5078125 0.26953125
-0.3125 0.5546875 -1.306640625
-0.34375 0.4453125 0.84375
0.3125 -0.4609375 -0.93798828125
0.09375 -0.0859375 -1.16259765625
0.09375 -0.0859375 -1.080078125
0.1875 -0.4765625 1.390625
0.21875 -0.3203125 -0.4921875
0.03125 0.0234375 -1.1630859375
-0.25 0.3671875 0.494140625
0.28125 -0.4453125 -0.0458984375
0.25 -0.3984375 0.0458984375
0.25 -0.3203125 -1.080078125
-0.34375 0.4765625 0.9453125
0.1875 -0.2109375 -1.16259765625
0.1875 -0.1953125 -1.080078125
0.375 -0.6640625 0.84765625
0.125 -0.1015625 -0.7158203125
0.3125 -0.5546875 0.845703125
0.40625 -0.5546875 -0.9384765625
0.375 -0.5234375 -0.4921875
0.28125 -0.5234375 1.068359375
0.34375 -0.5078125 0.0458984375
0.3125 -0.5546875 0.9453125
-0.21875 0.4921875 -1.390380859375
0.3125 -0.5234375 0.71875
0.375 -0.5390625 -0.044921875
0.25 -0.4296875 0.9453125
0.3125 -0.4921875 0.623046875
0.15625 -0.1328125 -0.4052734375
-0.28125 0.6171875 -1.390625
0.09375 -0.0234375 -0.4052734375
0.375 -0.4609375 -0.85498046875
0.4375 -0.6171875 0.0458984375
0.40625 -0.6328125 0.720703125
0.03125 0.1015625 -0.4052734375
0.28125 -0.4921875 1.29296875
0.375 -0.6171875 1.0703125
0.53125 -0.6796875 -0.85498046875
0.1875 -0.1015625 -0.85595703125
0.5625 -0.7421875 -0.4921875
0.625 -0.8828125 -0.0439453125
0.53125 -0.7109375 0.0458984375
0.625 -0.7890625 -0.85546875
