SIGN
-0.53466796875 0.158203125 -1.22259521484375
0.11376953125 -0.041015625 0.52655029296875
0.51025390625 -0.056640625 0.83807373046875
-0.00732421875 -0.037109375 0.30877685546875
-0.05029296875 -0.021484375 0.35174560546875
-0.31787109375 0.001953125 0.58026123046875
0.02392578125 -0.037109375 0.48748779296875
0.30322265625 -0.041015625 0.67987060546875
0.06298828125 -0.033203125 0.52752685546875
0.07470703125 -0.048828125 0.30877685546875
-0.18896484375 -0.001953125 0.61737060546875
-0.15966796875 -0.013671875 0.65838623046875
0.06689453125 -0.029296875 1.25213623046875
0.13134765625 -0.037109375 0.44354248046875
-0.26708984375 -0.001953125 0.93377685546875
0.27001953125 -0.029296875 0.84783935546875
0.41259765625 -0.056640625 0.89862060546875
-0.33935546875 0.005859375 0.83416748046875
-0.07373046875 -0.017578125 0.53143310546875
0.14697265625 -0.048828125 0.56658935546875
-0.20458984375 0.013671875 1.17010498046875
0.10986328125 -0.029296875 0.60760498046875
0.45654296875 -0.072265625 0.67791748046875
0.53173828125 -0.126953125 0.63885498046875
0.30517578125 -0.029296875 0.60076904296875
0.43115234375 -0.044921875 0.84197998046875
0.03564453125 -0.048828125 0.05584716796875
-0.15771484375 -0.021484375 0.74237060546875
0.35791015625 -0.048828125 0.67987060546875
0.15673828125 -0.056640625 0.48553466796875
0.00048828125 -0.017578125 0.44647216796875
-0.40576171875 0.013671875 0.75213623046875
0.56396484375 -0.021484375 -0.39385986328125
-0.11474609375 -0.009765625 0.47967529296875
0.38525390625 -0.052734375 0.64080810546875
0.17626953125 -0.041015625 1.24432373046875
0.46533203125 -0.060546875 0.89666748046875
0.23681640625 -0.041015625 1.04315185546875
-0.11669921875 0.009765625 1.16424560546875
-0.12646484375 -0.017578125 0.74041748046875
0.06298828125 -0.029296875 0.35076904296875
-0.03466796875 -0.033203125 0.32440185546875
-0.55810546875 -0.091796875 -0.75469970703125
0.17822265625 -0.076171875 0.35076904296875
-0.01904296875 -0.025390625 0.92010498046875
0.27392578125 -0.052734375 0.52264404296875
-0.54248046875 0.115234375 -0.68634033203125
0.41650390625 -0.052734375 0.71893310546875
0.52783203125 -0.064453125 0.79510498046875
-0.03466796875 -0.029296875 0.30877685546875
-0.15576171875 -0.013671875 1.26971435546875
0.01220703125 -0.048828125 0.26678466796875
-0.33935546875 0.005859375 0.83416748046875
0.05322265625 -0.033203125 0.60955810546875
-0.12255859375 -0.009765625 0.43670654296875
0.34716796875 -0.013671875 1.13299560546875
0.43310546875 -0.048828125 0.59783935546875
-0.00341796875 -0.060546875 -0.24298095703125
-0.35693359375 -0.001953125 0.93963623046875
0.43017578125 -0.048828125 0.79901123046875
-0.01318359375 -0.083984375 -0.87213134765625
0.03955078125 -0.068359375 -0.11407470703125
-0.05224609375 -0.009765625 0.44744873046875
0.06689453125 -0.029296875 0.56072998046875
-0.06591796875 -0.013671875 1.26190185546875
0.06103515625 -0.001953125 1.15252685546875
-0.54443359375 0.130859375 -1.16387939453125
-0.11083984375 -0.017578125 0.56463623046875
0.12744140625 -0.033203125 1.05096435546875
0.14697265625 -0.048828125 0.56658935546875
0.45654296875 -0.048828125 0.79901123046875
-0.13427734375 -0.013671875 0.39471435546875
0.10986328125 -0.029296875 0.60760498046875
0.12353515625 -0.029296875 0.85369873046875
0.32275390625 -0.044921875 0.80487060546875
0.14697265625 -0.037109375 0.91229248046875
-0.25927734375 -0.001953125 1.07440185546875
0.05126953125 -0.041015625 0.48748779296875
0.05322265625 -0.025390625 0.81658935546875
-0.12451171875 -0.037109375 0.35174560546875
-0.18896484375 -0.001953125 0.61737060546875
0.17626953125 -0.107421875 0.32244873046875
-0.39404296875 0.013671875 0.70135498046875
0.05322265625 -0.025390625 0.81658935546875
0.12353515625 -0.033203125 0.73065185546875
0.02197265625 -0.068359375 -0.03009033203125
0.15283203125 -0.033203125 0.55975341796875
0.20751953125 -0.044921875 0.44256591796875
0.07275390625 -0.025390625 0.73260498046875
-0.55224609375 0.126953125 -0.73223876953125
0.30126953125 -0.056640625 0.52166748046875
-0.09521484375 -0.017578125 0.43670654296875
0.49755859375 -0.060546875 1.02947998046875
0.53955078125 0.001953125 -0.48028564453125
-0.54833984375 0.068359375 -0.69122314453125
-0.00146484375 -0.087890625 -0.42218017578125
0.02197265625 -0.083984375 -0.04766845703125
0.19775390625 -0.048828125 0.72869873046875
0.56982421875 -0.052734375 -0.38311767578125
-0.00732421875 -0.068359375 -0.52032470703125
-0.10498046875 -0.029296875 0.40838623046875
0.27392578125 -0.052734375 0.52264404296875
-0.53466796875 0.158203125 -1.22259521484375
0.00830078125 -0.013671875 0.61053466796875
0.18798828125 -0.052734375 0.48455810546875
-0.21630859375 -0.005859375 0.69549560546875
0.05322265625 -0.033203125 0.60955810546875
0.16259765625 -0.041015625 0.43377685546875
0.45849609375 -0.048828125 0.84002685546875
0.52294921875 -0.056640625 0.71502685546875
0.40869140625 -0.056640625 0.63885498046875
0.53955078125 0.001953125 -0.48028564453125
-0.56201171875 0.021484375 -0.44122314453125
0.43017578125 -0.048828125 0.79901123046875
-0.02099609375 -0.033203125 0.28240966796875
-0.10107421875 -0.013671875 0.65643310546875
-0.19482421875 -0.021484375 0.53533935546875
0.03759765625 -0.013671875 0.60955810546875
0.05126953125 -0.041015625 0.48748779296875
0.57177734375 -0.060546875 0.89080810546875
0.17822265625 -0.076171875 0.35076904296875
-0.32958984375 0.013671875 0.69940185546875
0.06689453125 -0.029296875 1.25213623046875
-0.54833984375 0.068359375 -0.69122314453125
0.17626953125 -0.009765625 1.14471435546875
0.09423828125 -0.029296875 0.85565185546875
0.32470703125 -0.033203125 0.84588623046875
0.07861328125 -0.025390625 0.68768310546875
-0.06396484375 -0.009765625 0.69158935546875
0.00439453125 -0.009765625 0.36444091796875
-0.32373046875 -0.005859375 1.08026123046875
-0.05029296875 -0.029296875 0.53143310546875
0.26611328125 -0.048828125 0.80682373046875
-0.15576171875 -0.013671875 1.26971435546875
-0.27294921875 0.005859375 0.61932373046875
-0.45458984375 -0.009765625 0.94549560546875
0.56396484375 -0.021484375 -0.39385986328125
-0.01123046875 -0.041015625 0.32342529296875
-0.14208984375 -0.021484375 0.49139404296875
0.17626953125 -0.107421875 0.32244873046875
-0.01318359375 -0.025390625 0.73651123046875
0.56689453125 -0.056640625 0.83612060546875
0.02197265625 -0.029296875 0.81854248046875
-0.26708984375 -0.001953125 0.93377685546875
0.09228515625 -0.037109375 0.39276123046875
0.37841796875 -0.044921875 0.55487060546875
-0.13427734375 -0.013671875 0.39471435546875
0.43603515625 -0.060546875 0.67791748046875
-0.54248046875 0.068359375 -1.23748779296875
0.15283203125 -0.029296875 0.85174560546875
0.28173828125 -0.025390625 0.60174560546875
0.03564453125 0.005859375 1.15252685546875
-0.55419921875 -0.001953125 -0.74493408203125
0.57177734375 -0.095703125 -0.38653564453125
-0.08154296875 -0.056640625 0.30877685546875
-0.05224609375 0.009765625 1.15838623046875
0.27392578125 -0.052734375 0.52264404296875
-0.25146484375 0.001953125 0.56756591796875
-0.54443359375 0.091796875 -1.16961669921875
0.02392578125 -0.072265625 0.01287841796875
0.45947265625 -0.064453125 0.63885498046875
-0.54248046875 0.111328125 -1.23126220703125
0.55615234375 -0.013671875 -0.48077392578125
-0.23193359375 -0.009765625 0.83026123046875
0.01611328125 -0.119140625 -1.19940185546875
-0.49951171875 0.021484375 0.88104248046875
0.40966796875 -0.041015625 0.59783935546875
0.25048828125 -0.056640625 0.72674560546875
0.00244140625 -0.029296875 0.85955810546875
-0.11474609375 -0.009765625 0.47967529296875
-0.03466796875 -0.017578125 0.43572998046875
-0.16552734375 -0.025390625 0.53436279296875
0.52001953125 -0.068359375 1.02752685546875
0.36279296875 -0.060546875 1.03729248046875
0.15283203125 -0.052734375 0.60760498046875
0.37744140625 -0.041015625 0.84393310546875
0.19384765625 -0.044921875 0.47576904296875
0.19775390625 -0.048828125 0.72869873046875
-0.23779296875 -0.048828125 0.48260498046875
0.26220703125 -0.041015625 1.04315185546875
-0.04638671875 -0.013671875 0.48846435546875
0.01611328125 -0.119140625 -1.19940185546875
0.35107421875 -0.044921875 0.80291748046875
0.01220703125 -0.044921875 0.32342529296875
0.02197265625 -0.044921875 0.13983154296875
-0.25927734375 -0.001953125 1.07440185546875
0.02001953125 -0.083984375 0.24139404296875
-0.06982421875 0.001953125 0.61248779296875
0.17041015625 -0.033203125 0.47576904296875
-0.02685546875 0.001953125 1.15838623046875
0.19970703125 -0.052734375 0.56561279296875
0.43310546875 -0.048828125 0.59783935546875
0.25634765625 -0.052734375 0.56365966796875
0.26611328125 -0.048828125 0.80682373046875
0.10791015625 -0.041015625 0.47674560546875
0.41162109375 -0.083984375 0.55584716796875
0.46728515625 -0.056640625 0.71697998046875
0.10986328125 -0.029296875 0.43475341796875
-0.18115234375 -0.017578125 0.57635498046875
0.04541015625 -0.029296875 0.56951904296875
