SIGN
0.15234375 -0.00390625 0.685302734375
-0.35546875 -0.06640625 0.040771484375
0.375 0.05859375 -0.701904296875
0.1171875 0.08203125 0.538818359375
-0.11328125 0.03515625 0.367919921875
0.5078125 0.14453125 -0.062744140625
-0.22265625 -0.10546875 0.107177734375
-0.25390625 -0.05859375 0.042724609375
-0.00390625 0.05078125 0.367919921875
-0.11328125 0.01171875 -0.115478515625
-0.01953125 -0.00390625 0.047607421875
-0.28515625 -0.08203125 0.607177734375
0.5703125 0.14453125 0.412841796875
0.0078125 0.04296875 -0.110595703125
-0.41796875 -0.05078125 0.367919921875
0.35546875 0.10546875 0.429443359375
0.18359375 0.11328125 0.474365234375
0.4453125 0.14453125 0.537841796875
0.11328125 0.08203125 0.367919921875
0.34375 0.09765625 -0.068603515625
0.12890625 0.05859375 0.023193359375
-0.1640625 -0.03515625 0.078857421875
0.3671875 0.08203125 -0.506103515625
-0.08203125 0.03515625 0.408935546875
-0.515625 -0.05859375 0.002685546875
-0.1328125 0.00390625 0.277099609375
-0.19921875 -0.01953125 0.276123046875
-0.23828125 -0.01171875 0.276123046875
-0.1640625 0.04296875 0.474365234375
0.36328125 0.11328125 0.031005859375
0.18359375 0.11328125 0.474365234375
-0.2734375 0.01171875 0.432373046875
-0.0078125 -0.02734375 0.082763671875
0.171875 0.06640625 -0.103759765625
0.3359375 0.09765625 -0.506591796875
-0.48046875 -0.04296875 0.072021484375
-0.1328125 0.00390625 0.239013671875
-0.4140625 -0.05859375 -0.464599609375
-0.17578125 0.01953125 0.539794921875
-0.00390625 0.03515625 0.494873046875
-0.26171875 -0.11328125 0.673583984375
-0.26171875 -0.00390625 0.407958984375
-0.5 -0.06640625 0.037841796875
-0.0859375 0.01953125 -0.081298828125
-0.25390625 -0.09765625 -0.191162109375
-0.01953125 -0.00390625 0.047607421875
0.54296875 0.13671875 -0.494384765625
0.00390625 0.02734375 -0.567626953125
0.17578125 0.05859375 -0.516845703125
0.03125 0.05078125 0.409912109375
-0.25390625 -0.05859375 0.042724609375
-0.29296875 -0.01953125 0.237060546875
0.55078125 0.16015625 0.536865234375
-0.421875 -0.03515625 0.540771484375
-0.33203125 -0.02734375 0.008544921875
-0.16015625 0.00390625 0.013427734375
0.02734375 -0.08203125 0.111083984375
-0.56640625 -0.06640625 0.406005859375
-0.47265625 -0.07421875 -0.468505859375
-0.28125 -0.00390625 -0.122314453125
0.5546875 0.15234375 -0.061767578125
0.55078125 0.16015625 0.536865234375
0.11328125 0.05078125 -0.106689453125
-0.25390625 -0.09765625 -0.191162109375
0.3671875 0.08984375 0.283935546875
-0.1640625 0.01171875 0.496826171875
0.5390625 0.07421875 0.097412109375
-0.57421875 -0.06640625 -0.473388671875
0.09765625 0.07421875 0.409912109375
-0.55078125 -0.06640625 0.540771484375
-0.3828125 -0.02734375 0.406982421875
0.0390625 0.07421875 0.345458984375
0.3671875 0.08984375 0.283935546875
0.4140625 0.12890625 -0.030517578125
-0.39453125 -0.05859375 0.039794921875
-0.28125 -0.00390625 -0.122314453125
-0.29296875 -0.10546875 0.629638671875
0.3671875 0.08984375 0.283935546875
0.01171875 0.03515625 -0.526123046875
0.5078125 0.14453125 -0.062744140625
-0.08203125 0.04296875 0.343505859375
0.390625 0.10546875 -0.539794921875
0.5390625 0.07421875 0.097412109375
-0.25390625 0.01171875 0.342529296875
0.390625 0.10546875 -0.539794921875
-0.07421875 0.01953125 0.239013671875
-0.32421875 -0.04296875 0.540771484375
-0.0546875 0.01171875 0.047607421875
-0.21875 0.01953125 0.432373046875
-0.421875 -0.13671875 0.697998046875
-0.32421875 -0.04296875 0.540771484375
-0.5625 -0.05078125 -0.065673828125
0.41015625 0.03515625 -0.225341796875
-0.41796875 -0.03515625 0.072998046875
-0.46484375 -0.05859375 0.499755859375
-0.234375 -0.00390625 0.238037109375
-0.26953125 -0.00390625 -0.055908203125
-0.37109375 -0.11328125 0.565185546875
-0.546875 -0.15234375 0.567138671875
-0.1640625 0.04296875 0.474365234375
-0.26953125 -0.00390625 -0.055908203125
-0.28515625 -0.00390625 0.367919921875
-0.1328125 0.00390625 0.239013671875
0.15234375 -0.00390625 0.685302734375
-0.3828125 -0.02734375 0.406982421875
0.46484375 0.13671875 -0.028564453125
-0.50390625 -0.05078125 -0.064697265625
-0.19921875 -0.01953125 0.276123046875
-0.08984375 0.03515625 -0.049072265625
0.5703125 0.14453125 0.412841796875
0.125 0.09765625 0.474365234375
-0.03125 0.02734375 -0.079345703125
0.1015625 -0.02734375 0.621826171875
0.55859375 0.08984375 -0.152587890625
0.03125 0.05078125 0.409912109375
0.18359375 0.11328125 0.474365234375
-0.015625 0.05859375 0.344482421875
0.52734375 0.13671875 0.490966796875
0.1953125 -0.05078125 0.114013671875
0.171875 0.06640625 -0.103759765625
0.5234375 0.16015625 0.367919921875
-0.26953125 -0.01171875 0.010498046875
-0.1875 -0.08203125 0.606201171875
-0.22265625 0.01171875 0.367919921875
0.33984375 0.10546875 0.601318359375
-0.328125 -0.01953125 0.407958984375
-0.26953125 -0.01171875 0.010498046875
-0.31640625 -0.00390625 -0.056884765625
-0.26953125 -0.10546875 0.563232421875
0.0703125 0.04296875 0.021240234375
0.1171875 0.07421875 0.493896484375
-0.5390625 -0.13671875 0.609130859375
0.27734375 0.08203125 -0.510009765625
-0.57421875 -0.16015625 -0.299560546875
-0.52734375 -0.06640625 -0.471435546875
-0.32421875 -0.04296875 0.540771484375
0.4140625 0.12109375 0.031982421875
0.37109375 0.13671875 0.411865234375
0.5390625 0.07421875 0.097412109375
0.21875 0.01171875 0.619873046875
0.53125 0.16796875 0.428466796875
0.55859375 0.08984375 -0.152587890625
-0.26953125 -0.00390625 -0.055908203125
0.05078125 0.06640625 0.431396484375
-0.25 -0.00390625 -0.086181640625
0.55078125 0.16015625 0.536865234375
0.48828125 0.14453125 0.490966796875
-0.125 0.03515625 0.303466796875
0.20703125 0.09765625 0.410888671875
-0.34765625 -0.03515625 0.498779296875
-0.58984375 -0.05859375 -0.095947265625
0.22265625 0.09765625 0.492919921875
-0.578125 -0.08203125 0.500732421875
0.39453125 0.13671875 0.537841796875
-0.51953125 -0.10546875 0.301513671875
-0.3046875 -0.01953125 -0.088134765625
-0.1796875 0.02734375 0.303466796875
-0.28515625 -0.00390625 0.367919921875
0.2421875 0.08203125 -0.071533203125
0.078125 0.05078125 -0.521728515625
0.1328125 0.06640625 -0.041259765625
-0.05078125 0.05078125 0.431396484375
-0.53515625 -0.13671875 0.202880859375
0.1171875 0.08203125 0.538818359375
-0.578125 -0.08203125 0.500732421875
-0.046875 0.04296875 0.495849609375
-0.0078125 -0.02734375 0.082763671875
0.52734375 0.13671875 0.490966796875
-0.4140625 -0.05859375 -0.464599609375
-0.05859375 0.05078125 0.474365234375
-0.125 -0.06640625 0.606201171875
-0.45703125 -0.05859375 0.003662109375
0.0234375 0.04296875 -0.077392578125
0.2421875 0.08203125 -0.071533203125
-0.109375 0.03515625 0.431396484375
0.22265625 0.09765625 0.492919921875
-0.1796875 0.02734375 0.303466796875
-0.37109375 -0.11328125 0.565185546875
-0.26953125 -0.01171875 0.010498046875
0.01171875 0.07421875 0.474365234375
0.2421875 0.08203125 -0.071533203125
-0.015625 0.05859375 0.344482421875
0.16796875 0.05859375 -0.555908203125
0.07421875 0.04296875 -0.076416015625
-0.1171875 0.03515625 0.539794921875
-0.51953125 -0.05078125 -0.132080078125
0.0703125 0.04296875 0.021240234375
-0.06640625 0.05078125 0.304443359375
0.22265625 0.10546875 0.430419921875
-0.3984375 -0.04296875 0.498779296875
0.0390625 -0.02734375 0.083740234375
0.21875 0.01171875 0.619873046875
0.33203125 0.10546875 0.537841796875
-0.44921875 -0.08984375 0.204833984375
-0.31640625 -0.00390625 0.341552734375
0.09765625 0.07421875 0.409912109375
0.484375 0.11328125 -0.092041015625
0.1171875 0.07421875 0.493896484375
-0.1171875 0.03515625 0.539794921875
-0.28125 -0.00390625 -0.122314453125
