SIGN
-0.5 0.0 -0.1845703125
-0.59375 -0.09375 -0.1181640625
-0.4375 -0.03125 -0.1181640625
-0.46875 -0.0625 0.1787109375
-0.3125 0.03125 -0.18359375
-0.28125 0.03125 -0.4794921875
-0.40625 -0.0625 0.1123046875
-0.375 -0.09375 -0.4140625
-0.25 0.03125 0.1142578125
-0.28125 0.0 0.1787109375
-0.21875 0.0 -0.4140625
-0.21875 0.0 -0.1171875
-0.09375 0.0625 -0.4794921875
-0.09375 0.03125 -0.1826171875
-0.03125 0.03125 0.1162109375
0.0 0.03125 -0.1162109375
0.0 0.0 -0.4140625
-0.03125 0.0 0.1806640625
0.125 0.09375 -0.478515625
-0.03125 0.0 0.4130859375
-0.0625 -0.03125 0.4794921875
0.15625 0.0625 -0.1806640625
0.1875 0.0625 0.1181640625
0.15625 0.03125 0.4150390625
0.15625 0.03125 0.4794921875
0.21875 0.03125 -0.4140625
0.15625 0.0 0.1826171875
0.21875 0.03125 -0.115234375
0.34375 0.09375 -0.478515625
0.375 0.0625 -0.1796875
0.40625 0.0625 0.1201171875
0.375 0.03125 0.1845703125
0.4375 0.0625 -0.115234375
0.59375 0.09375 -0.1787109375
