SIGN
-0.53125 -0.046875 0.2535400390625
-0.53125 -0.078125 0.3258056640625
-0.375 0.015625 0.2545166015625
-0.4375 -0.046875 0.6226806640625
-0.375 -0.015625 0.3267822265625
-0.3125 0.015625 0.5504150390625
-0.28125 -0.046875 -1.1500244140625
-0.15625 0.046875 -0.0394287109375
-0.25 -0.015625 0.6246337890625
-0.15625 0.046875 0.2554931640625
-0.1875 0.015625 0.3267822265625
-0.3125 -0.109375 0.0318603515625
-0.125 0.046875 0.5523681640625
-0.15625 -0.015625 0.0318603515625
-0.1875 -0.078125 0.9215087890625
0.0625 0.078125 -0.0384521484375
0.03125 0.046875 0.0318603515625
-0.0625 -0.015625 0.8492431640625
0.0 0.015625 0.6265869140625
0.0625 0.046875 0.2574462890625
0.0625 0.046875 0.3277587890625
-0.03125 -0.015625 0.9215087890625
0.09375 0.046875 0.8511962890625
0.125 0.046875 0.5543212890625
0.1875 0.046875 0.9234619140625
0.28125 0.078125 -0.0384521484375
0.25 0.046875 0.0318603515625
0.28125 0.078125 0.2584228515625
0.21875 0.015625 0.6285400390625
0.28125 0.015625 0.3287353515625
0.34375 0.078125 0.5562744140625
0.25 -0.015625 1.1500244140625
0.34375 0.046875 0.8551025390625
0.5 0.109375 -0.0374755859375
0.40625 0.046875 0.6285400390625
0.53125 0.078125 0.2593994140625
0.5 0.046875 0.3297119140625
0.53125 0.078125 0.5582275390625
