SIGN
-0.578125 -0.078125 0.17919921875
-0.515625 -0.046875 -0.18701171875
-0.484375 -0.046875 -0.11474609375
-0.484375 -0.046875 0.10693359375
-0.359375 0.015625 -0.18603515625
-0.390625 -0.015625 0.18115234375
-0.328125 0.015625 -0.11474609375
-0.328125 0.015625 0.10888671875
-0.265625 -0.046875 -0.40771484375
-0.140625 0.046875 -0.47802734375
-0.140625 0.046875 -0.18505859375
-0.109375 0.046875 0.11083984375
-0.109375 0.015625 -0.40771484375
-0.171875 -0.015625 0.18115234375
-0.078125 0.015625 -0.11376953125
-0.140625 -0.015625 0.47607421875
0.078125 0.078125 -0.47802734375
-0.078125 -0.015625 0.40576171875
0.078125 0.046875 -0.18310546875
0.109375 0.046875 -0.40771484375
0.046875 0.015625 0.18310546875
0.078125 0.046875 0.40771484375
0.046875 0.015625 0.47802734375
0.109375 0.046875 0.11279296875
0.140625 0.015625 -0.11279296875
0.296875 0.078125 -0.47705078125
0.296875 0.046875 -0.18212890625
0.265625 0.015625 0.18505859375
0.328125 0.046875 -0.11181640625
0.328125 0.046875 0.11474609375
0.515625 0.078125 -0.18115234375
0.484375 0.046875 0.18701171875
0.546875 0.078125 0.11669921875
0.578125 0.046875 -0.11083984375
