SIGN
-0.53125 -0.015625 0.1064453125
-0.5625 -0.046875 0.1806640625
-0.53125 -0.046875 -0.1865234375
-0.5 -0.046875 -0.115234375
-0.375 0.015625 -0.1865234375
-0.34375 0.015625 0.1083984375
-0.375 -0.015625 0.1826171875
-0.3125 0.015625 -0.1142578125
-0.3125 -0.015625 -0.4794921875
-0.15625 0.078125 -0.478515625
-0.28125 -0.046875 -0.4072265625
-0.3125 -0.078125 0.4755859375
-0.15625 0.015625 -0.185546875
-0.125 0.015625 0.1103515625
-0.09375 0.015625 -0.4072265625
-0.15625 -0.015625 0.1826171875
-0.09375 0.015625 -0.11328125
-0.125 0.015625 0.4052734375
-0.15625 -0.015625 0.4775390625
0.0625 0.078125 -0.478515625
0.0625 0.046875 -0.18359375
0.09375 0.046875 0.1123046875
0.0625 0.015625 0.1845703125
0.09375 0.046875 0.4072265625
0.0625 0.015625 0.4794921875
0.125 0.015625 -0.1123046875
0.28125 0.078125 -0.4775390625
0.28125 0.078125 -0.1826171875
0.3125 0.078125 0.1142578125
0.28125 0.015625 0.1865234375
0.375 0.046875 -0.1123046875
0.5 0.078125 -0.181640625
0.5625 0.078125 -0.4072265625
0.5 0.046875 0.1884765625
