SIGN
-0.515625 -0.03125 -0.29736328125
-0.546875 -0.09375 0.07177734375
-0.484375 -0.0625 -0.21630859375
-0.359375 0.03125 -0.29736328125
-0.453125 -0.0625 -0.00634765625
-0.390625 -0.03125 0.07373046875
-0.328125 0.0 -0.21630859375
-0.296875 0.03125 -0.00634765625
-0.265625 -0.0625 -0.50732421875
-0.109375 0.0625 -0.58544921875
-0.140625 0.03125 -0.29541015625
-0.109375 0.03125 -0.21533203125
-0.109375 0.03125 -0.00439453125
-0.109375 0.0 -0.50732421875
-0.171875 -0.03125 0.07373046875
-0.078125 0.0 0.29052734375
-0.140625 -0.0625 0.36669921875
0.078125 0.0625 -0.58544921875
0.109375 0.0625 -0.29443359375
0.109375 0.03125 -0.50732421875
0.046875 0.0 0.07568359375
0.109375 0.03125 -0.21533203125
0.109375 0.03125 -0.00244140625
0.046875 0.0 0.36865234375
0.140625 0.03125 0.29248046875
0.296875 0.09375 -0.58447265625
0.296875 0.0625 -0.29248046875
0.234375 0.03125 0.37060546875
0.328125 0.0625 -0.00048828125
0.328125 0.03125 -0.50732421875
0.265625 0.0 0.07763671875
0.328125 0.0625 0.29443359375
0.234375 0.0 0.58544921875
0.328125 0.03125 -0.21435546875
0.515625 0.09375 -0.29150390625
0.546875 0.09375 0.00146484375
0.484375 0.03125 0.07958984375
0.546875 0.03125 -0.21337890625
