SIGN
-0.578125 -0.03125 0.0361328125
-0.484375 0.0 -0.0419921875
-0.484375 -0.03125 -0.33203125
-0.453125 -0.0625 -0.25390625
-0.328125 0.0 -0.3310546875
-0.296875 0.03125 -0.0419921875
-0.359375 -0.03125 0.0361328125
-0.296875 0.0 -0.25390625
-0.265625 -0.03125 -0.6201171875
-0.265625 -0.03125 0.2470703125
-0.296875 -0.0625 0.3271484375
-0.234375 -0.0625 -0.5419921875
-0.109375 0.03125 -0.330078125
-0.078125 0.03125 -0.0400390625
-0.140625 0.0 0.3271484375
-0.140625 -0.03125 0.0380859375
-0.078125 0.0 -0.2529296875
-0.078125 0.0 0.2490234375
0.140625 0.0625 -0.619140625
0.109375 0.03125 -0.3291015625
0.046875 0.0 0.3291015625
0.078125 0.0 0.0400390625
0.140625 0.03125 -0.251953125
0.140625 0.03125 -0.0380859375
-0.046875 -0.09375 0.6201171875
0.140625 0.03125 0.2509765625
0.078125 -0.03125 0.5419921875
0.328125 0.0625 -0.619140625
0.328125 0.0625 -0.328125
0.265625 0.03125 0.3310546875
0.359375 0.0625 -0.0361328125
0.296875 0.0 0.0419921875
0.359375 0.0 -0.2509765625
0.484375 0.03125 0.0419921875
0.546875 0.0625 -0.3271484375
0.578125 0.09375 -0.0341796875
