SIGN
-0.625 -0.0625 0.03173828125
-0.578125 -0.0625 -0.04052734375
-0.4375 0.0 -0.32861328125
-0.40625 0.03125 -0.04052734375
-0.4375 0.0 0.03173828125
-0.515625 -0.09375 -0.25634765625
-0.375 0.0 -0.25634765625
-0.25 0.03125 -0.32763671875
-0.21875 0.0625 -0.03857421875
-0.21875 0.0 -0.61572265625
-0.21875 0.0 0.03369140625
-0.15625 0.03125 -0.25537109375
-0.21875 0.0 0.32275390625
-0.03125 0.09375 -0.61572265625
-0.1875 0.0 0.24853515625
-0.03125 0.0625 -0.32666015625
0.0 0.0625 -0.03662109375
-0.03125 0.03125 0.32470703125
0.0 0.03125 0.25048828125
0.0 0.0 0.03564453125
0.0625 0.03125 -0.25537109375
0.1875 0.0625 -0.61572265625
0.1875 0.0625 -0.32568359375
0.1875 0.0625 0.32666015625
0.21875 0.0625 -0.03466796875
0.0625 -0.03125 0.61572265625
0.21875 0.0625 0.25439453125
0.125 0.0 0.54345703125
0.21875 0.03125 0.03564453125
0.25 0.03125 -0.25439453125
0.375 0.09375 -0.32470703125
0.40625 0.09375 -0.61474609375
0.40625 0.09375 -0.03271484375
0.40625 0.0625 0.25634765625
0.40625 0.03125 0.03759765625
0.46875 0.0625 -0.25341796875
0.59375 0.09375 -0.32373046875
0.625 0.09375 -0.03076171875
0.625 0.0625 0.03955078125
