SIGN
-0.4765625 -0.03125 -0.0439453125
-0.4453125 -0.03125 0.0341796875
-0.2890625 0.0 -0.0439453125
-0.3515625 -0.0625 -0.2509765625
-0.3046875 -0.03125 -0.3291015625
-0.2421875 -0.03125 0.0341796875
-0.1796875 0.0 -0.2509765625
-0.1171875 0.03125 -0.328125
-0.1015625 0.0 -0.6142578125
-0.0859375 0.03125 -0.0419921875
-0.0859375 0.0 0.2451171875
-0.1953125 -0.09375 0.3232421875
-0.0390625 0.0 0.3232421875
-0.0234375 -0.03125 0.0361328125
0.0390625 0.0 -0.25
0.0859375 0.03125 -0.3271484375
0.1015625 0.03125 -0.61328125
0.1171875 0.03125 -0.0400390625
0.1171875 0.03125 0.2470703125
0.1796875 0.0 0.3251953125
0.2421875 0.0 -0.2490234375
0.0703125 -0.09375 0.6142578125
0.2265625 0.0 0.5361328125
0.2265625 -0.03125 0.6142578125
0.4765625 0.09375 0.2509765625
