SIGN
-0.6640625 -0.078125 0.01708984375
-0.5546875 -0.046875 -0.30322265625
-0.6328125 -0.140625 -0.25244140625
-0.5546875 -0.078125 -0.02978515625
-0.4921875 -0.046875 0.01904296875
-0.4765625 -0.078125 -0.25244140625
-0.3671875 -0.015625 -0.30126953125
-0.3828125 -0.015625 -0.02783203125
-0.3046875 -0.015625 0.01904296875
-0.4140625 -0.078125 0.29052734375
-0.2890625 -0.046875 -0.25244140625
-0.3046875 -0.046875 0.24560546875
-0.1796875 -0.015625 -0.30126953125
-0.1953125 -0.015625 -0.02587890625
-0.2578125 -0.046875 0.29248046875
-0.1640625 -0.015625 0.51904296875
-0.1328125 -0.015625 0.24560546875
-0.1953125 -0.109375 -0.52294921875
-0.1015625 -0.015625 0.02099609375
-0.2421875 -0.078125 0.56591796875
-0.1015625 -0.046875 -0.25048828125
-0.0078125 0.015625 -0.29931640625
-0.0859375 -0.015625 0.56787109375
-0.0078125 -0.015625 -0.02392578125
-0.0078125 0.015625 0.52099609375
-0.0546875 -0.046875 0.29443359375
0.0703125 0.015625 0.24951171875
0.0546875 -0.015625 0.02294921875
0.0859375 -0.046875 -0.24853515625
0.1953125 0.015625 -0.29736328125
0.1328125 -0.015625 0.29638671875
0.1171875 -0.015625 0.56982421875
0.1796875 -0.015625 -0.02197265625
0.2578125 0.015625 0.25146484375
0.1953125 -0.078125 -0.52197265625
0.2734375 -0.015625 -0.24853515625
0.2578125 -0.015625 0.02490234375
0.3828125 0.046875 -0.29541015625
0.3515625 0.015625 -0.02001953125
0.3515625 -0.015625 -0.52197265625
0.3828125 -0.015625 -0.56982421875
0.5078125 0.140625 0.52880859375
0.4453125 0.015625 0.02685546875
0.5703125 0.046875 -0.29345703125
0.5546875 0.015625 -0.01806640625
0.6640625 0.046875 0.30224609375
