CONSTRUCTION_BARREL
-0.1328125 0.015625 -0.362274169921875
-0.1171875 0.0234375 -0.332000732421875
-0.1328125 0.1171875 -0.364715576171875
-0.0703125 -0.078125 -0.364715576171875
-0.1171875 0.140625 0.199737548828125
-0.1171875 0.125 -0.333465576171875
-0.0859375 0.046875 0.021514892578125
-0.0546875 -0.078125 -0.333953857421875
-0.1328125 0.2421875 0.332916259765625
-0.1015625 0.140625 0.333282470703125
-0.0703125 0.0390625 0.199249267578125
-0.1015625 0.1484375 0.020294189453125
-0.0390625 -0.0625 0.021026611328125
-0.0859375 0.125 0.374481201171875
-0.0390625 0.03125 0.373260498046875
0.0078125 -0.1640625 -0.368621826171875
-0.0078125 -0.0546875 0.197296142578125
0.0234375 -0.15625 0.018585205078125
-0.0234375 0.046875 0.330963134765625
0.0703125 -0.140625 0.193878173828125
0.1015625 -0.2421875 -0.374481201171875
0.0703125 -0.0546875 0.369232177734375
0.1328125 -0.2265625 0.013214111328125
0.1171875 -0.0234375 0.324005126953125
