CONSTRUCTION_BARREL
-0.1640625 -0.01171875 -0.3452301025390625
-0.1328125 -0.06640625 -0.3457183837890625
-0.1328125 -0.04296875 -0.3940582275390625
-0.1015625 -0.10546875 -0.3930816650390625
-0.0859375 -0.12890625 -0.3462066650390625
-0.0703125 -0.16015625 -0.3935699462890625
-0.1640625 0.05859375 -0.3481597900390625
-0.0703125 -0.08984375 -0.0234527587890625
-0.0390625 -0.17578125 -0.3481597900390625
-0.1796875 0.12109375 -0.3515777587890625
-0.0390625 -0.15234375 -0.0236968994140625
-0.1015625 -0.01953125 -0.0249176025390625
-0.0234375 -0.20703125 -0.3960113525390625
-0.1171875 0.03515625 -0.3989410400390625
-0.1015625 0.04296875 0.2452239990234375
-0.0703125 -0.01953125 0.2451019287109375
0.0078125 -0.19140625 -0.0273590087890625
-0.0390625 -0.07421875 0.2451019287109375
-0.1015625 0.05859375 -0.0288238525390625
0.0390625 -0.25390625 -0.4004058837890625
0.0234375 -0.21484375 -0.3535308837890625
0.0078125 -0.12890625 0.2427825927734375
-0.1015625 0.11328125 0.2426605224609375
-0.1015625 0.12109375 -0.4052886962890625
0.0859375 -0.22265625 -0.0324859619140625
0.0859375 -0.16015625 0.2380218505859375
0.1484375 -0.26953125 -0.0363922119140625
0.1796875 -0.19140625 0.2313079833984375
0.1328125 -0.08203125 0.4052886962890625
0.1171875 -0.01953125 0.4037322998046875
0.1015625 0.05078125 0.4025115966796875
0.0859375 0.26953125 0.394287109375
0.1171875 0.20703125 0.39520263671875
