CONSTRUCTION_BARREL
-0.0458984375 0.14453125 -0.34063720703125
-0.1005859375 0.12109375 -0.3421630859375
-0.0751953125 0.12890625 -0.3414306640625
-0.0146484375 0.15234375 -0.340576171875
-0.0673828125 0.12890625 -0.36932373046875
-0.0380859375 0.13671875 -0.3685302734375
-0.0654296875 0.12890625 0.0194091796875
-0.0947265625 0.11328125 -0.3701171875
-0.0087890625 0.14453125 -0.3685302734375
-0.0361328125 0.13671875 0.0194091796875
-0.1552734375 0.08203125 -0.3472900390625
0.0458984375 0.16015625 -0.3419189453125
-0.1201171875 0.09765625 0.0157470703125
-0.0908203125 0.10546875 0.0162353515625
0.0185546875 0.14453125 -0.3426513671875
0.0205078125 0.14453125 -0.36932373046875
0.0517578125 0.15234375 -0.3701171875
-0.1181640625 0.08203125 -0.3756103515625
-0.0029296875 0.12890625 0.0167236328125
0.0263671875 0.13671875 0.0167236328125
-0.1201171875 0.07421875 -0.349365234375
0.0791015625 0.15234375 -0.3447265625
-0.1767578125 0.05078125 -0.35235595703125
-0.1455078125 0.06640625 0.0125732421875
0.0849609375 0.15234375 -0.3717041015625
-0.1455078125 0.05859375 -0.37872314453125
-0.1708984375 0.04296875 0.0093994140625
-0.1708984375 0.03515625 -0.38262939453125
0.0576171875 0.12890625 0.0150146484375
-0.0322265625 0.09765625 0.1732177734375
0.1162109375 0.14453125 -0.3748779296875
-0.0615234375 0.08203125 0.1717529296875
-0.0009765625 0.10546875 0.1729736328125
-0.1162109375 0.05859375 0.1702880859375
-0.1943359375 0.01953125 0.0064697265625
-0.0888671875 0.06640625 0.1707763671875
0.1142578125 0.13671875 -0.34893798828125
0.0263671875 0.10546875 0.1729736328125
-0.1982421875 0.00390625 -0.35955810546875
0.0576171875 0.11328125 0.1724853515625
-0.0283203125 0.08203125 0.2591552734375
-0.0849609375 0.05859375 0.2572021484375
-0.0556640625 0.06640625 0.2581787109375
-0.1396484375 0.02734375 0.1673583984375
0.0927734375 0.11328125 0.0113525390625
0.0888671875 0.11328125 0.1719970703125
0.1513671875 0.12890625 -0.37957763671875
0.0029296875 0.08203125 0.2581787109375
-0.1103515625 0.03515625 0.2552490234375
-0.1923828125 -0.01171875 -0.3905029296875
0.1201171875 0.11328125 0.1707763671875
0.0341796875 0.08203125 0.2572021484375
-0.2216796875 -0.03515625 -0.3653564453125
0.1279296875 0.09765625 0.0069580078125
0.0634765625 0.08203125 0.2567138671875
-0.1337890625 -0.00390625 0.2513427734375
0.1572265625 0.09765625 -0.35748291015625
-0.2158203125 -0.05078125 -0.3975830078125
0.1552734375 0.10546875 0.1688232421875
-0.1630859375 -0.01953125 0.2498779296875
-0.2470703125 -0.07421875 -0.371826171875
-0.2119140625 -0.05859375 -0.0040283203125
0.1005859375 0.07421875 0.2542724609375
-0.1572265625 -0.04296875 0.1595458984375
-0.2373046875 -0.08984375 -0.0089111328125
-0.2373046875 -0.09765625 -0.4061279296875
-0.1845703125 -0.06640625 0.2445068359375
0.1337890625 0.05859375 0.2513427734375
0.1708984375 0.05859375 -0.0003662109375
0.1943359375 0.07421875 0.1634521484375
-0.1787109375 -0.08984375 0.1541748046875
0.1748046875 0.02734375 0.2459716796875
0.2119140625 0.01953125 -0.0076904296875
-0.2021484375 -0.13671875 0.2371826171875
0.2470703125 -0.00390625 -0.37957763671875
-0.0048828125 -0.14453125 0.4061279296875
0.0302734375 -0.16015625 0.4041748046875
