CONSTRUCTION_BARREL
0.3125 -0.0859375 -0.5284423828125
0.3125 -0.15625 0.5706787109375
0.25 -0.09375 0.5687255859375
0.15625 -0.05859375 -0.5418701171875
0.046875 0.05859375 -0.0545654296875
0.0625 -0.015625 -0.054931640625
0.03125 0.0625 0.03125
0.046875 -0.0078125 -0.3023681640625
0.046875 -0.0078125 0.0313720703125
0.046875 -0.01171875 -0.5501708984375
0.0 0.12890625 0.0302734375
0.046875 -0.0234375 0.0670166015625
0.0625 -0.08203125 -0.30364990234375
0.0 0.1171875 -0.056640625
0.0625 -0.08984375 -0.0562744140625
0.015625 0.05859375 -0.30401611328125
0.0625 -0.08984375 0.0672607421875
0.015625 0.0546875 -0.5511474609375
0.03125 -0.00390625 0.1907958984375
0.0 0.0625 -0.4639892578125
0.0 0.0625 0.1898193359375
0.0 0.05078125 0.0662841796875
-0.03125 0.1328125 -0.4644775390625
-0.03125 0.12109375 -0.5538330078125
0.03125 -0.078125 0.1900634765625
-0.0625 0.1953125 -0.4669189453125
-0.0625 0.19140625 0.02783203125
0.0 -0.015625 -0.4654541015625
-0.0625 0.17578125 -0.0596923828125
-0.046875 0.125 0.1883544921875
-0.046875 0.11328125 0.0645751953125
-0.0625 0.10546875 -0.3095703125
0.0 -0.09375 -0.4681396484375
-0.09375 0.2578125 0.5584716796875
-0.09375 0.17578125 0.0618896484375
-0.125 0.23046875 -0.0631103515625
-0.109375 0.171875 -0.3118896484375
-0.109375 0.171875 -0.5601806640625
-0.03125 -0.09765625 0.3094482421875
-0.15625 0.2421875 0.02294921875
-0.140625 0.1796875 0.1844482421875
-0.03125 -0.2578125 0.0225830078125
-0.078125 -0.19140625 -0.4761962890625
-0.140625 -0.05859375 0.4290771484375
-0.234375 0.21484375 -0.5706787109375
-0.171875 -0.0625 0.3026123046875
-0.296875 0.046875 0.4232177734375
-0.28125 -0.0234375 0.4232177734375
-0.3125 0.04296875 0.3856201171875
