CONSTRUCTION_BARREL
0.1875 0.046875 0.007568359375
0.203125 -0.02734375 0.007080078125
0.15625 0.11328125 0.0067138671875
0.15625 0.09375 -0.400146484375
0.15625 0.08984375 0.0965576171875
0.171875 0.0390625 0.13037109375
0.1875 -0.02734375 0.130859375
0.1875 -0.02734375 -0.491455078125
0.171875 0.015625 0.0958251953125
0.125 0.16015625 0.095458984375
0.203125 -0.09765625 -0.4921875
0.15625 0.04296875 -0.24383544921875
0.15625 0.05078125 -0.491455078125
0.171875 -0.03125 -0.24420166015625
0.171875 -0.01953125 0.2548828125
0.15625 0.015625 -0.402099609375
0.125 0.1171875 -0.49365234375
0.1875 -0.09765625 -0.2445068359375
0.140625 0.05859375 0.254150390625
0.1875 -0.109375 0.129638671875
0.09375 0.17578125 0.00390625
0.171875 -0.09375 0.25390625
0.109375 0.1015625 0.128173828125
0.0625 0.21875 0.09228515625
0.09375 0.109375 -0.24615478515625
0.0625 0.171875 -0.497802734375
0.078125 0.12109375 0.251953125
0.171875 -0.18359375 -0.49609375
0.125 -0.06640625 -0.406005859375
0.046875 0.171875 -0.2491455078125
0.140625 -0.10546875 0.5
0.125 -0.10546875 0.375
0.015625 0.2265625 -0.0008544921875
0.03125 0.17578125 0.25
0.03125 0.15625 0.124267578125
0.15625 -0.265625 -0.5
0.0625 -0.046875 0.37255859375
-0.046875 0.265625 0.0870361328125
-0.015625 0.16796875 0.3720703125
0.0 0.09375 0.37158203125
-0.046875 0.2109375 0.120361328125
0.015625 0.01953125 0.37158203125
0.0625 -0.16015625 -0.41259765625
0.03125 -0.0625 0.49609375
-0.109375 -0.02734375 0.4892578125
-0.203125 0.0234375 0.48583984375
