CONSTRUCTION_BARREL
-0.052734375 0.16796875 -0.3397216796875
-0.08203125 0.15234375 -0.34124755859375
-0.021484375 0.16796875 -0.34039306640625
-0.078125 0.14453125 -0.3665771484375
-0.046875 0.15234375 -0.3665771484375
-0.107421875 0.12890625 -0.34417724609375
-0.10546875 0.12890625 -0.3697509765625
-0.07421875 0.14453125 0.01776123046875
-0.01953125 0.16015625 -0.36572265625
-0.044921875 0.15234375 0.01776123046875
0.009765625 0.16796875 -0.341064453125
-0.1015625 0.12890625 0.01605224609375
0.009765625 0.16015625 -0.3673095703125
-0.12890625 0.11328125 0.01409912109375
-0.017578125 0.15234375 0.01727294921875
-0.130859375 0.10546875 -0.37213134765625
0.01171875 0.16015625 0.01727294921875
-0.16015625 0.08984375 -0.3499755859375
-0.158203125 0.08984375 -0.37451171875
-0.130859375 0.09765625 -0.3485107421875
0.041015625 0.16015625 -0.3438720703125
0.041015625 0.16015625 -0.3680419921875
-0.15625 0.08984375 0.01165771484375
0.0703125 0.16015625 -0.34521484375
0.072265625 0.16015625 -0.370361328125
0.046875 0.15234375 0.01556396484375
-0.185546875 0.05859375 -0.3543701171875
0.103515625 0.16015625 -0.3719482421875
0.013671875 0.13671875 0.17132568359375
-0.1796875 0.05859375 0.00726318359375
0.080078125 0.14453125 0.01312255859375
-0.0390625 0.10546875 0.16864013671875
-0.1796875 0.04296875 -0.38311767578125
0.10546875 0.14453125 -0.3487548828125
-0.068359375 0.08984375 0.16766357421875
0.048828125 0.12890625 0.16937255859375
-0.208984375 0.01953125 -0.36083984375
-0.09375 0.06640625 0.16571044921875
-0.0078125 0.09765625 0.16741943359375
-0.037109375 0.08984375 0.25531005859375
-0.12109375 0.05078125 0.16424560546875
0.138671875 0.13671875 -0.3765869140625
-0.203125 0.01171875 0.00115966796875
-0.095703125 0.05859375 0.25286865234375
0.140625 0.12890625 -0.35369873046875
-0.064453125 0.06640625 0.25286865234375
0.080078125 0.11328125 0.16644287109375
-0.12109375 0.04296875 0.25140380859375
-0.1484375 0.02734375 0.16156005859375
-0.005859375 0.08203125 0.25335693359375
-0.203125 -0.00390625 -0.39178466796875
0.11328125 0.12109375 0.16668701171875
0.021484375 0.08984375 0.25433349609375
0.119140625 0.11328125 0.00677490234375
0.052734375 0.09765625 0.25384521484375
-0.23046875 -0.02734375 -0.36810302734375
0.146484375 0.11328125 0.16522216796875
0.17578125 0.11328125 -0.3828125
0.083984375 0.08984375 0.25238037109375
-0.14453125 0.00390625 0.24749755859375
-0.2265625 -0.04296875 -0.39886474609375
-0.171875 -0.01171875 0.24554443359375
0.1171875 0.08203125 0.25042724609375
0.154296875 0.08203125 0.00067138671875
0.181640625 0.09765625 0.16229248046875
-0.166015625 -0.04296875 0.15374755859375
-0.220703125 -0.07421875 -0.01129150390625
-0.1953125 -0.06640625 0.24017333984375
0.154296875 0.05859375 0.24652099609375
0.19140625 0.05859375 -0.00347900390625
-0.19140625 -0.08203125 0.14935302734375
0.19140625 0.03515625 0.24261474609375
0.23046875 0.01171875 -0.01153564453125
0.015625 -0.16015625 0.39886474609375
0.044921875 -0.16796875 0.39739990234375
