CONSTRUCTION_BARREL
0.234375 0.19921875 -0.45703125
0.234375 0.046875 0.5712890625
0.140625 0.09765625 -0.30810546875
0.140625 0.08984375 -0.05712890625
0.09375 0.23828125 -0.467529296875
0.140625 0.08203125 0.0673828125
0.15625 0.01953125 -0.30780029296875
0.15625 0.01171875 -0.0579833984375
0.109375 0.1640625 0.0321044921875
0.15625 0.01171875 0.067138671875
0.109375 0.15234375 -0.0577392578125
0.15625 0.01953125 0.40576171875
0.125 0.09375 0.0321044921875
0.125 0.1015625 0.1923828125
0.125 0.08984375 -0.56005859375
0.078125 0.23046875 0.0308837890625
0.140625 0.03125 0.192626953125
0.078125 0.22265625 -0.059326171875
0.09375 0.16015625 -0.3104248046875
0.140625 0.015625 -0.560546875
0.15625 -0.046875 -0.468017578125
0.09375 0.16015625 -0.56103515625
0.203125 -0.1953125 -0.56103515625
0.09375 0.1484375 0.066162109375
0.15625 -0.0625 0.066162109375
0.046875 0.30078125 -0.56201171875
0.125 0.015625 0.031005859375
0.078125 0.1640625 0.190673828125
0.140625 -0.05859375 -0.310791015625
0.046875 0.2265625 -0.563232421875
0.15625 -0.1328125 -0.5625
0.046875 0.2109375 0.06396484375
0.109375 0.015625 0.31494140625
0.21875 -0.34765625 -0.5625
0.015625 0.2890625 0.0284423828125
0.078125 0.08984375 0.314453125
0.03125 0.2109375 -0.31427001953125
0.046875 0.16015625 0.31396484375
0.109375 -0.0546875 0.314453125
0.0 0.2890625 -0.47314453125
-0.015625 0.2734375 -0.0643310546875
-0.03125 0.26953125 0.06005859375
-0.015625 0.21875 0.1865234375
-0.015625 0.2109375 0.3115234375
-0.046875 0.27734375 -0.31884765625
0.046875 -0.0078125 0.43701171875
0.078125 -0.140625 0.3115234375
-0.078125 0.34765625 -0.5712890625
-0.125 0.02734375 0.4296875
-0.234375 0.0703125 0.42578125
