CONSTRUCTION_BARREL
-0.0400390625 0.15234375 -0.335113525390625
-0.0087890625 0.15234375 -0.33648681640625
0.0205078125 0.16015625 -0.33642578125
-0.0224609375 0.13671875 -0.364410400390625
0.0478515625 0.16015625 -0.336395263671875
-0.0673828125 0.12109375 -0.340179443359375
0.0068359375 0.14453125 -0.364410400390625
0.0361328125 0.15234375 -0.363616943359375
-0.0498046875 0.12109375 -0.366729736328125
0.0673828125 0.15234375 -0.364410400390625
-0.0927734375 0.09765625 -0.344512939453125
-0.1064453125 0.08984375 -0.370697021484375
-0.0478515625 0.11328125 0.015167236328125
-0.1220703125 0.08203125 -0.346038818359375
-0.0166015625 0.12109375 0.015167236328125
0.0126953125 0.12890625 0.015655517578125
-0.0751953125 0.09765625 0.013214111328125
0.0810546875 0.14453125 -0.34063720703125
-0.1025390625 0.08203125 0.011505126953125
0.0986328125 0.14453125 -0.366729736328125
0.0419921875 0.12890625 0.014434814453125
0.1279296875 0.15234375 -0.366729736328125
-0.0751953125 0.08203125 -0.373809814453125
0.1123046875 0.14453125 -0.342010498046875
-0.1298828125 0.06640625 0.009063720703125
0.0712890625 0.12890625 0.014434814453125
0.0556640625 0.12890625 0.171417236328125
-0.1298828125 0.05078125 -0.378570556640625
0.1025390625 0.12890625 0.013214111328125
0.0009765625 0.09765625 0.169219970703125
-0.0576171875 0.07421875 0.166778564453125
-0.1416015625 0.03515625 -0.353240966796875
-0.0283203125 0.08203125 0.167266845703125
0.0888671875 0.12109375 0.169952392578125
-0.1552734375 0.02734375 0.004669189453125
0.1455078125 0.12109375 -0.346282958984375
0.0302734375 0.08984375 0.167510986328125
-0.1689453125 0.01171875 -0.356842041015625
0.1376953125 0.11328125 0.010284423828125
0.1201171875 0.11328125 0.168487548828125
-0.1533203125 0.00390625 -0.387176513671875
-0.0830078125 0.03515625 0.163360595703125
0.0166015625 0.06640625 0.251983642578125
0.1513671875 0.10546875 0.167266845703125
-0.0107421875 0.05078125 0.250518798828125
0.1806640625 0.09765625 -0.351959228515625
-0.1943359375 -0.02734375 -0.364044189453125
0.0478515625 0.06640625 0.251495361328125
-0.0400390625 0.03515625 0.249542236328125
-0.1044921875 0.00390625 0.159454345703125
-0.0673828125 0.01953125 0.248077392578125
0.1826171875 0.09765625 0.165313720703125
-0.0947265625 0.00390625 0.245635986328125
-0.1767578125 -0.03515625 -0.005340576171875
0.1103515625 0.06640625 0.250030517578125
-0.1318359375 -0.01953125 0.157012939453125
0.0810546875 0.05078125 0.249053955078125
-0.1748046875 -0.05078125 -0.396636962890625
-0.1220703125 -0.01953125 0.243682861328125
-0.2197265625 -0.06640625 -0.370574951171875
-0.2041015625 -0.06640625 -0.398956298828125
-0.1494140625 -0.04296875 0.240753173828125
0.1435546875 0.05078125 0.246612548828125
0.2197265625 0.05859375 0.159942626953125
-0.1533203125 -0.09765625 0.148223876953125
-0.1669921875 -0.11328125 0.232452392578125
0.0244140625 -0.14453125 0.398956298828125
0.0595703125 -0.16015625 0.396514892578125
