CONSTRUCTION_BARREL
0.11328125 0.05859375 -0.26055908203125
0.08203125 0.09765625 0.00927734375
0.08203125 0.09375 -0.26153564453125
0.11328125 0.0546875 0.009765625
0.07421875 0.1015625 -0.341796875
0.10546875 0.06640625 0.2083740234375
0.05078125 0.12890625 0.0084228515625
0.13671875 0.01953125 -0.26104736328125
0.10546875 0.05859375 -0.3411865234375
0.04296875 0.13671875 0.2242431640625
0.12890625 0.01953125 0.2076416015625
0.06640625 0.09765625 0.2073974609375
0.12890625 0.01171875 0.0079345703125
0.01171875 0.16015625 0.0067138671875
0.03515625 0.12890625 -0.34326171875
0.09765625 0.0546875 0.2237548828125
0.03515625 0.1328125 0.2061767578125
0.06640625 0.09375 0.2239990234375
0.03515625 0.125 -0.2645263671875
0.00390625 0.16796875 0.2227783203125
0.12109375 0.01171875 -0.3426513671875
0.15234375 -0.03125 -0.26312255859375
0.11328125 0.0078125 0.2227783203125
0.13671875 -0.03125 -0.3446044921875
-0.01171875 0.15234375 -0.3468017578125
0.13671875 -0.03125 0.2059326171875
-0.01953125 0.140625 -0.26904296875
-0.02734375 0.1484375 0.2022705078125
-0.05859375 0.1796875 0.2188720703125
-0.05859375 0.16796875 0.000732421875
0.11328125 -0.046875 0.2203369140625
0.13671875 -0.0859375 -0.3480224609375
-0.07421875 0.16796875 -0.352783203125
-0.08984375 0.1640625 0.1981201171875
-0.08984375 0.15625 -0.275146484375
0.11328125 -0.109375 0.2174072265625
-0.12890625 0.18359375 -0.0047607421875
-0.12890625 0.1875 0.2142333984375
0.03515625 -0.046875 0.3602294921875
-0.15234375 0.17578125 -0.3602294921875
-0.00390625 -0.01171875 0.3592529296875
-0.03515625 0.0234375 0.3587646484375
-0.07421875 0.0625 0.3582763671875
-0.12109375 0.08203125 0.3558349609375
0.08203125 -0.1875 0.2113037109375
-0.03515625 -0.15625 0.3507080078125
