CONSTRUCTION_BARREL
0.28125 -0.12109375 0.5401611328125
0.09375 -0.03515625 -0.1068115234375
0.0625 0.0703125 -0.017822265625
0.078125 -0.00390625 -0.0177001953125
0.0625 0.04296875 -0.10711669921875
0.03125 0.109375 -0.10845947265625
0.09375 -0.11328125 -0.1082763671875
0.0625 -0.0234375 -0.364990234375
0.0625 -0.015625 0.1480712890625
0.0625 -0.01171875 0.2760009765625
0.0625 -0.03515625 0.0198974609375
0.078125 -0.09765625 -0.3656005859375
0.078125 -0.11328125 0.0196533203125
0.03125 0.0390625 -0.3658447265625
0.03125 0.03125 0.0189208984375
0.0 0.1328125 -0.02001953125
0.0625 -0.0859375 -0.0196533203125
0.015625 0.06640625 -0.5316162109375
0.0 0.109375 -0.367431640625
0.0625 -0.09375 0.1475830078125
0.0625 -0.09375 0.2750244140625
0.015625 0.05078125 0.1468505859375
0.03125 -0.01171875 -0.5323486328125
0.015625 0.05078125 0.2752685546875
-0.015625 0.09765625 0.0166015625
0.0625 -0.17578125 0.1456298828125
0.0625 -0.1796875 0.2738037109375
-0.046875 0.16796875 -0.11260986328125
0.03125 -0.09375 -0.5347900390625
-0.046875 0.1171875 0.1448974609375
-0.046875 0.109375 0.2725830078125
-0.078125 0.1953125 -0.0235595703125
-0.09375 0.15625 0.0130615234375
-0.015625 -0.12890625 0.3995361328125
-0.015625 -0.18359375 -0.5401611328125
-0.1875 0.3671875 -0.118408203125
-0.0625 -0.04296875 0.3585205078125
-0.140625 0.171875 0.1402587890625
0.015625 -0.3671875 0.0108642578125
-0.15625 -0.0859375 0.3936767578125
-0.28125 -0.0390625 0.3883056640625
