CONSTRUCTION_BARREL
-0.01708984375 0.16796875 -0.339752197265625
-0.07568359375 0.15234375 -0.340576171875
-0.04638671875 0.15234375 -0.34124755859375
-0.07568359375 0.14453125 -0.36285400390625
-0.10302734375 0.13671875 -0.343505859375
0.01416015625 0.16015625 -0.34112548828125
-0.01708984375 0.15234375 -0.362091064453125
-0.04638671875 0.14453125 -0.36285400390625
-0.04443359375 0.14453125 0.015655517578125
-0.07373046875 0.13671875 0.015167236328125
0.01220703125 0.15234375 -0.362091064453125
-0.15966796875 0.10546875 -0.348602294921875
0.06884765625 0.16015625 -0.362091064453125
0.04345703125 0.15234375 -0.362091064453125
0.04541015625 0.15234375 -0.342498779296875
-0.10107421875 0.12109375 0.013214111328125
-0.10302734375 0.11328125 -0.368316650390625
-0.13232421875 0.10546875 -0.34857177734375
0.01416015625 0.14453125 0.015167236328125
-0.01318359375 0.13671875 0.014434814453125
0.07470703125 0.15234375 -0.343902587890625
-0.13427734375 0.09765625 -0.371429443359375
0.04541015625 0.14453125 0.014434814453125
0.10205078125 0.14453125 -0.364410400390625
-0.13037109375 0.08984375 0.009063720703125
0.12939453125 0.14453125 -0.365997314453125
0.10595703125 0.13671875 -0.346710205078125
-0.15869140625 0.07421875 0.005889892578125
0.01806640625 0.12109375 0.161407470703125
-0.04052734375 0.10546875 0.159942626953125
-0.18603515625 0.05859375 -0.357269287109375
-0.15966796875 0.05859375 -0.377716064453125
-0.01123046875 0.10546875 0.159942626953125
0.07666015625 0.12109375 0.011505126953125
-0.06982421875 0.08984375 0.158721923828125
-0.09912109375 0.08203125 0.157745361328125
-0.18701171875 0.05078125 0.003448486328125
0.04736328125 0.11328125 0.160430908203125
0.07861328125 0.12109375 0.160430908203125
0.16259765625 0.12890625 -0.369903564453125
0.13720703125 0.12109375 -0.3502197265625
-0.12451171875 0.05859375 0.154815673828125
-0.01513671875 0.08984375 0.250030517578125
-0.07373046875 0.07421875 0.248565673828125
0.10791015625 0.11328125 0.159698486328125
0.10791015625 0.10546875 0.007843017578125
-0.18798828125 0.02734375 -0.384002685546875
-0.21435546875 0.01953125 -0.363739013671875
0.01416015625 0.08984375 0.250030517578125
-0.04443359375 0.07421875 0.249053955078125
0.04541015625 0.08984375 0.249542236328125
-0.24267578125 -0.00390625 -0.367401123046875
-0.10107421875 0.04296875 0.245147705078125
0.13916015625 0.09765625 0.157745361328125
0.13916015625 0.08984375 0.005157470703125
0.07275390625 0.08203125 0.248565673828125
-0.21435546875 -0.00390625 -0.005828857421875
0.17041015625 0.08203125 -0.357330322265625
-0.15185546875 0.01171875 0.149932861328125
-0.13037109375 0.01953125 0.242706298828125
0.17041015625 0.08984375 0.155792236328125
-0.21728515625 -0.01953125 -0.392608642578125
0.19775390625 0.08203125 -0.380096435546875
0.10595703125 0.07421875 0.247100830078125
0.16845703125 0.07421875 0.002227783203125
-0.15869140625 0.00390625 0.240264892578125
0.13525390625 0.05078125 0.243682861328125
0.20361328125 0.05078125 -0.363739013671875
-0.18017578125 -0.04296875 0.143585205078125
-0.18505859375 -0.05859375 0.232940673828125
0.17041015625 0.02734375 0.240264892578125
0.23291015625 0.02734375 -0.390289306640625
0.20361328125 0.00390625 0.236846923828125
0.24267578125 -0.01953125 -0.378021240234375
0.03564453125 -0.14453125 0.392608642578125
-0.05615234375 -0.16796875 0.391143798828125
