CONSTRUCTION_BARREL
-0.1015625 0.1953125 0.058624267578125
-0.1328125 0.140625 0.058868408203125
-0.1640625 0.0859375 0.058624267578125
-0.0703125 0.171875 0.167755126953125
-0.0859375 0.1171875 0.167266845703125
0.0078125 0.2578125 -0.2619476318359375
0.0078125 0.2109375 0.165069580078125
-0.0546875 0.0078125 0.161407470703125
0.0859375 0.234375 0.161895751953125
-0.0703125 -0.0625 0.047637939453125
0.0234375 0.09375 0.177520751953125
0.0234375 0.09375 0.272735595703125
0.1484375 0.2421875 -0.272735595703125
-0.0390625 -0.078125 0.157257080078125
-0.0703125 -0.140625 0.043975830078125
-0.1015625 -0.1953125 0.043731689453125
-0.0078125 -0.0390625 0.269805908203125
-0.1328125 -0.2578125 0.043243408203125
-0.0703125 -0.1640625 0.268829345703125
-0.0234375 -0.109375 0.173126220703125
0.1640625 0.1875 0.043243408203125
-0.0390625 -0.1640625 0.155059814453125
-0.0546875 -0.2421875 0.152374267578125
