CONSTRUCTION_BARREL
0.3125 -0.150390625 0.42938232421875
0.25 -0.083984375 0.42791748046875
0.078125 0.021484375 0.42254638671875
0.015625 0.212890625 0.51385498046875
0.0 0.056640625 -0.14105224609375
0.015625 -0.009765625 -0.238525390625
-0.03125 0.130859375 -0.14166259765625
-0.015625 0.072265625 -0.238525390625
0.0 0.005859375 -0.50213623046875
0.0 0.017578125 0.15643310546875
-0.0625 0.275390625 0.51239013671875
-0.046875 0.138671875 -0.2396240234375
0.0 -0.025390625 -0.14251708984375
0.015625 -0.080078125 -0.50311279296875
-0.03125 0.080078125 -0.50347900390625
-0.03125 0.091796875 0.15594482421875
-0.015625 0.013671875 0.02459716796875
-0.03125 0.060546875 -0.10882568359375
-0.015625 -0.013671875 -0.10833740234375
0.0 -0.068359375 0.02386474609375
-0.078125 0.193359375 -0.14385986328125
-0.046875 0.083984375 0.02386474609375
0.0 -0.091796875 -0.10906982421875
-0.078125 0.134765625 -0.11004638671875
-0.015625 -0.076171875 0.15472412109375
0.0 -0.166015625 -0.50677490234375
-0.109375 0.201171875 -0.24322509765625
-0.09375 0.154296875 0.02215576171875
-0.09375 0.150390625 0.15399169921875
-0.09375 0.134765625 -0.50701904296875
-0.125 0.193359375 -0.11236572265625
-0.046875 -0.091796875 0.28436279296875
-0.15625 0.255859375 -0.14739990234375
-0.171875 0.267578125 -0.24627685546875
-0.125 0.025390625 0.24627685546875
-0.1875 0.208984375 0.01800537109375
-0.1875 0.197265625 -0.51385498046875
-0.1875 0.208984375 0.14984130859375
-0.125 -0.033203125 0.28143310546875
-0.0625 -0.275390625 -0.248565673828125
-0.296875 0.087890625 0.27508544921875
-0.3125 0.001953125 0.27362060546875
