CONSTRUCTION_BARREL
0.2265625 -0.103515625 0.5252685546875
0.1328125 -0.048828125 0.5228271484375
0.0234375 -0.142578125 -0.5142822265625
-0.0234375 -0.001953125 -0.1414794921875
-0.0234375 -0.005859375 -0.248809814453125
-0.0078125 -0.064453125 0.0181884765625
-0.0078125 -0.068359375 -0.5145263671875
-0.0078125 -0.056640625 0.1507568359375
-0.0078125 -0.080078125 -0.24853515625
-0.0078125 -0.080078125 -0.1417236328125
-0.0078125 -0.087890625 -0.115966796875
-0.0390625 0.001953125 -0.51611328125
-0.0390625 -0.013671875 -0.116943359375
-0.0078125 -0.134765625 0.0177001953125
-0.0703125 0.068359375 -0.25018310546875
-0.0546875 0.017578125 0.0174560546875
-0.0078125 -0.138671875 0.1502685546875
-0.0703125 0.060546875 -0.1431884765625
-0.0078125 -0.162109375 -0.249664306640625
-0.0078125 -0.162109375 -0.1171875
-0.0546875 0.009765625 0.1497802734375
0.0078125 -0.232421875 -0.517578125
-0.0078125 -0.244140625 -0.1182861328125
-0.1015625 0.064453125 -0.1190185546875
-0.1171875 0.083984375 0.0145263671875
-0.1328125 0.130859375 -0.2535400390625
-0.1328125 0.123046875 -0.1458740234375
-0.1171875 0.068359375 -0.520751953125
-0.1171875 0.080078125 0.1470947265625
-0.0703125 -0.166015625 0.2796630859375
-0.1015625 -0.095703125 0.2786865234375
-0.1796875 0.115234375 -0.123291015625
-0.2265625 0.283203125 -0.52490234375
-0.1953125 0.126953125 -0.5252685546875
-0.1796875 0.052734375 0.2772216796875
-0.1640625 -0.029296875 0.2767333984375
-0.2109375 0.126953125 0.2767333984375
-0.1953125 -0.283203125 0.2723388671875
