CONSTRUCTION_BARREL
0.08984375 0.076171875 -0.09606170654296875
0.05078125 0.134765625 -0.4608154296875
0.11328125 0.033203125 0.1231689453125
0.07421875 0.091796875 0.1617431640625
0.08203125 0.076171875 0.122802734375
0.16796875 -0.044921875 -0.4593505859375
0.13671875 -0.001953125 -0.4603271484375
0.07421875 0.087890625 -0.4613037109375
0.11328125 0.021484375 -0.09693145751953125
0.19140625 -0.083984375 -0.4595947265625
0.14453125 -0.025390625 -0.0965118408203125
0.05078125 0.107421875 -0.0977630615234375
0.03515625 0.130859375 0.16064453125
0.09765625 0.037109375 0.1607666015625
0.10546875 0.029296875 0.3011474609375
0.09765625 0.037109375 -0.4613037109375
0.12890625 -0.017578125 0.1220703125
0.12890625 -0.017578125 0.3009033203125
0.06640625 0.072265625 0.3001708984375
0.15234375 -0.064453125 0.1217041015625
0.12890625 -0.029296875 -0.3966064453125
0.09765625 0.013671875 -0.3970947265625
-0.00390625 0.166015625 -0.4644775390625
0.11328125 -0.013671875 0.16015625
0.15234375 -0.068359375 0.3001708984375
0.02734375 0.107421875 0.119873046875
-0.01171875 0.162109375 0.1583251953125
0.05859375 0.056640625 -0.3988037109375
0.14453125 -0.080078125 -0.0995330810546875
0.14453125 -0.083984375 -0.3988037109375
-0.01171875 0.134765625 -0.10247802734375
0.01171875 0.099609375 0.2972412109375
0.12109375 -0.068359375 0.158203125
0.01171875 0.087890625 -0.4022216796875
0.15234375 -0.134765625 -0.4017333984375
0.14453125 -0.126953125 0.2972412109375
-0.07421875 0.177734375 0.154296875
-0.04296875 0.126953125 0.1153564453125
-0.07421875 0.162109375 -0.1063232421875
-0.11328125 0.220703125 -0.4727783203125
0.18359375 -0.220703125 -0.4696044921875
-0.05078125 0.115234375 -0.4073486328125
-0.05859375 0.119140625 0.2933349609375
0.14453125 -0.197265625 0.2938232421875
0.02734375 -0.021484375 0.4727783203125
0.14453125 -0.205078125 -0.4068603515625
-0.12890625 0.138671875 0.108642578125
-0.15234375 0.119140625 -0.4178466796875
-0.19140625 0.173828125 0.1458740234375
