CONSTRUCTION_BARREL
-0.078125 0.25390625 -0.26300048828125
-0.0625 0.27734375 -0.14599609375
-0.109375 0.19140625 -0.05047607421875
-0.0625 0.24609375 -0.05072021484375
-0.109375 0.12890625 0.16046142578125
-0.140625 0.06640625 0.15997314453125
-0.140625 0.05859375 -0.05438232421875
-0.046875 0.19140625 -0.1502685546875
-0.0625 0.16796875 0.15948486328125
-0.078125 0.09765625 -0.05657958984375
-0.140625 -0.00390625 0.15753173828125
-0.046875 0.08984375 0.26300048828125
0.0 0.12890625 0.26226806640625
-0.0625 0.01171875 0.26055908203125
-0.078125 -0.06640625 -0.06475830078125
-0.09375 -0.12109375 -0.06573486328125
-0.03125 -0.08203125 0.25592041015625
0.140625 0.18359375 0.14801025390625
-0.078125 -0.20703125 -0.07098388671875
-0.03125 -0.16015625 0.14459228515625
-0.0625 -0.22265625 0.14337158203125
-0.09375 -0.27734375 0.14337158203125
-0.015625 -0.16015625 0.25225830078125
-0.03125 -0.23828125 0.24981689453125
