CONSTRUCTION_BARREL
0.359375 -0.05078125 0.5460205078125
0.28125 0.015625 0.5440673828125
0.140625 0.14453125 0.5401611328125
0.015625 0.109375 -0.14593505859375
-0.015625 0.1875 -0.14691162109375
0.015625 0.0703125 -0.26105499267578125
0.03125 0.0078125 -0.5369873046875
0.03125 -0.0078125 -0.12451171875
-0.015625 0.1484375 -0.26187896728515625
0.0 0.08984375 0.0137939453125
0.015625 0.02734375 -0.14727783203125
0.0 0.08203125 -0.5372314453125
0.015625 0.01953125 0.0137939453125
0.0 0.06640625 -0.124755859375
0.0 0.08203125 0.2886962890625
0.015625 -0.0078125 -0.26247406005859375
-0.03125 0.1796875 0.2618408203125
0.015625 0.00390625 0.2882080078125
-0.03125 0.140625 -0.125732421875
-0.015625 0.1015625 0.2623291015625
-0.015625 0.08984375 0.1507568359375
0.0 0.015625 0.1507568359375
-0.046875 0.16796875 0.0125732421875
-0.046875 0.1640625 0.1495361328125
-0.046875 0.15234375 -0.5401611328125
-0.078125 0.2578125 -0.14959716796875
0.015625 -0.0859375 -0.5399169921875
-0.046875 0.15625 0.2872314453125
-0.015625 0.01953125 0.2608642578125
0.0 -0.1015625 -0.265289306640625
-0.09375 0.25 0.2598876953125
-0.09375 0.21875 -0.1282958984375
-0.09375 0.2109375 -0.2657623291015625
-0.09375 0.22265625 0.2857666015625
0.0 -0.171875 -0.5428466796875
-0.015625 -0.08984375 0.4234619140625
-0.140625 0.28515625 -0.2682647705078125
-0.125 0.23046875 0.0091552734375
-0.125 0.23046875 0.1466064453125
-0.140625 0.21484375 -0.5460205078125
-0.0625 -0.078125 0.2579345703125
-0.046875 -0.15625 -0.1529541015625
-0.046875 -0.28515625 -0.134033203125
-0.109375 -0.03125 0.4200439453125
-0.296875 0.00390625 0.4132080078125
-0.359375 0.07421875 0.4117431640625
