CONSTRUCTION_BARREL
0.328125 -0.15625 0.40936279296875
0.234375 -0.01171875 0.40740966796875
0.234375 -0.1875 0.43084716796875
0.15625 -0.1171875 0.42840576171875
0.015625 -0.015625 -0.4202880859375
0.0 0.01953125 -0.29827880859375
-0.015625 0.0625 -0.421661376953125
0.015625 -0.07421875 -0.13909912109375
-0.03125 0.09765625 -0.29876708984375
0.0 -0.0078125 0.14227294921875
0.015625 -0.1015625 -0.4219970703125
0.015625 -0.1015625 -0.281982421875
-0.015625 0.0 -0.13983154296875
-0.015625 0.0078125 0.12054443359375
0.0 -0.07421875 -0.2994384765625
-0.015625 -0.0234375 -0.2822265625
0.0 -0.08203125 0.00042724609375
0.0 -0.09375 0.14178466796875
-0.03125 0.0 0.00042724609375
-0.046875 0.06640625 0.14080810546875
-0.015625 -0.07421875 0.11956787109375
-0.0625 0.078125 -0.14093017578125
-0.0625 0.08984375 0.11981201171875
-0.078125 0.125 -0.425262451171875
-0.0625 0.07421875 -0.00030517578125
-0.09375 0.16796875 -0.30194091796875
-0.0625 0.046875 -0.28375244140625
-0.109375 0.1640625 0.11810302734375
-0.109375 0.125 -0.2855224609375
-0.109375 0.12890625 0.13836669921875
-0.046875 -0.16796875 0.11737060546875
-0.140625 0.140625 -0.14422607421875
-0.140625 0.140625 -0.00372314453125
-0.1875 0.1875 -0.43084716796875
-0.109375 -0.1171875 0.27752685546875
-0.328125 -0.0859375 0.26922607421875
