CONSTRUCTION_BARREL
0.09765625 0.068359375 -0.1051025390625
0.12890625 0.017578125 -0.10498046875
0.05859375 0.126953125 -0.0577392578125
0.09765625 0.068359375 0.08251953125
0.06640625 0.111328125 -0.1058349609375
0.08203125 0.076171875 -0.0579833984375
0.12109375 0.017578125 0.082275390625
0.05859375 0.111328125 0.081298828125
0.06640625 0.107421875 0.269775390625
0.09765625 0.056640625 0.269775390625
0.01953125 0.166015625 -0.05908203125
0.08984375 0.048828125 -0.3380126953125
0.05859375 0.095703125 -0.33843994140625
0.02734375 0.142578125 -0.33929443359375
0.01953125 0.154296875 -0.107666015625
0.13671875 -0.033203125 -0.1065673828125
0.12109375 0.005859375 0.269775390625
0.11328125 -0.001953125 -0.3388671875
0.09765625 0.021484375 -0.0595703125
0.02734375 0.146484375 0.268798828125
0.12890625 -0.041015625 0.080322265625
-0.02734375 0.201171875 -0.0615234375
0.12890625 -0.048828125 0.268310546875
-0.02734375 0.177734375 -0.3427734375
-0.00390625 0.142578125 0.078369140625
-0.02734375 0.181640625 0.266357421875
0.14453125 -0.099609375 0.0791015625
0.10546875 -0.044921875 -0.0611572265625
-0.05078125 0.173828125 -0.1129150390625
-0.08984375 0.232421875 -0.0648193359375
-0.08984375 0.205078125 -0.3470458984375
0.11328125 -0.130859375 -0.345703125
-0.08984375 0.158203125 0.072509765625
-0.12890625 0.189453125 0.26025390625
0.12890625 -0.232421875 -0.116943359375
-0.14453125 0.193359375 -0.11962890625
0.09765625 -0.208984375 -0.351318359375
-0.07421875 -0.021484375 0.303466796875
-0.04296875 -0.083984375 0.351318359375
