CONSTRUCTION_BARREL
0.09375 0.1015625 0.27496337890625
0.1171875 0.0546875 0.27496337890625
0.078125 0.1015625 -0.05621337890625
0.046875 0.15234375 -0.05657958984375
0.1015625 0.0546875 -0.10888671875
0.0703125 0.1015625 -0.1092529296875
0.0078125 0.1953125 -0.05767822265625
0.09375 0.05078125 -0.05682373046875
0.046875 0.140625 0.27325439453125
0.0703125 0.0859375 -0.34625244140625
0.1328125 -0.00390625 0.27374267578125
0.09375 0.046875 0.08184814453125
0.1171875 0.0 -0.109619140625
0.1171875 -0.00390625 -0.05780029296875
0.1171875 -0.00390625 0.08160400390625
0.0078125 0.18359375 0.27203369140625
0.03125 0.12890625 -0.34747314453125
0.0234375 0.140625 -0.11151123046875
0.0546875 0.09375 0.08087158203125
-0.0390625 0.23828125 -0.05938720703125
0.0859375 0.03125 -0.34747314453125
0.109375 -0.0234375 -0.34796142578125
0.015625 0.1328125 0.07965087890625
0.1328125 -0.0625 -0.11151123046875
0.1328125 -0.0625 0.08013916015625
-0.0234375 0.1796875 -0.11376953125
0.1328125 -0.0703125 0.27154541015625
-0.0234375 0.1640625 -0.35137939453125
-0.03125 0.171875 0.07720947265625
0.1171875 -0.0859375 -0.35052490234375
0.140625 -0.125 0.07794189453125
0.0390625 0.0078125 0.36383056640625
-0.0859375 0.203125 0.26715087890625
-0.1015625 0.20703125 -0.11859130859375
-0.09375 0.19140625 -0.35650634765625
-0.0078125 0.0546875 0.31695556640625
0.109375 -0.15625 -0.35479736328125
-0.0078125 0.04296875 0.36236572265625
-0.140625 0.2421875 -0.06683349609375
-0.0546875 0.0859375 0.36090087890625
0.03125 -0.05859375 0.36138916015625
-0.140625 0.1796875 0.07012939453125
-0.1015625 0.125 0.35943603515625
-0.140625 0.11328125 0.31207275390625
0.0625 -0.2421875 -0.36383056640625
-0.0234375 -0.15625 0.35552978515625
-0.125 -0.07421875 0.30767822265625
