CONSTRUCTION_BARREL
0.09375 0.103515625 0.51776123046875
0.09375 -0.064453125 -0.51043701171875
0.109375 -0.123046875 -0.06988525390625
0.078125 -0.013671875 -0.3866920471191406
0.09375 -0.052734375 0.22332763671875
0.078125 -0.013671875 0.05023193359375
0.078125 -0.041015625 -0.21697998046875
0.109375 -0.134765625 0.22332763671875
0.0625 0.017578125 -0.51123046875
0.078125 -0.041015625 -0.07061767578125
0.125 -0.236328125 -0.3650054931640625
0.09375 -0.099609375 0.04998779296875
0.078125 -0.052734375 0.07611083984375
0.046875 0.041015625 -0.07135009765625
0.09375 -0.142578125 0.07537841796875
0.046875 0.029296875 0.07562255859375
0.03125 0.064453125 0.04901123046875
0.03125 0.037109375 -0.21820068359375
0.015625 0.166015625 0.51580810546875
0.03125 0.017578125 0.22186279296875
0.0 0.095703125 -0.5142822265625
0.015625 0.001953125 -0.367950439453125
-0.0625 0.259765625 -0.515869140625
-0.03125 0.115234375 -0.07427978515625
0.078125 -0.337890625 -0.369140625
0.046875 -0.205078125 0.04681396484375
-0.03125 0.103515625 0.07293701171875
-0.03125 0.080078125 -0.3694305419921875
-0.09375 0.337890625 -0.51776123046875
-0.046875 0.111328125 -0.22186279296875
0.0625 -0.326171875 0.21990966796875
-0.0625 0.087890625 0.21893310546875
-0.09375 0.232421875 0.51287841796875
-0.125 0.318359375 0.51287841796875
