CONSTRUCTION_BARREL
0.2421875 -0.126953125 0.52740478515625
0.2109375 -0.056640625 0.52642822265625
0.0390625 0.091796875 0.52252197265625
0.0234375 0.013671875 -0.52032470703125
0.0390625 -0.052734375 -0.07318115234375
0.0390625 -0.056640625 0.07574462890625
0.0390625 -0.076171875 -0.3718738555908203
-0.0234375 0.181640625 -0.52056884765625
0.0390625 -0.060546875 0.22467041015625
-0.0078125 0.099609375 -0.52117919921875
0.0078125 0.025390625 -0.387603759765625
0.0078125 0.017578125 0.05572509765625
0.0234375 -0.068359375 0.05596923828125
-0.0234375 0.103515625 0.05523681640625
-0.0078125 0.025390625 0.07452392578125
-0.0078125 0.005859375 -0.37311363220214844
-0.0078125 0.017578125 0.22320556640625
-0.0234375 0.029296875 -0.22381591796875
-0.0234375 0.025390625 -0.07489013671875
-0.0859375 0.255859375 -0.52362060546875
0.0390625 -0.255859375 -0.3747577667236328
-0.0703125 0.111328125 -0.07659912109375
-0.0703125 0.154296875 0.51959228515625
-0.0703125 0.099609375 0.07257080078125
-0.0703125 0.080078125 -0.375887393951416
-0.0859375 0.111328125 -0.22589111328125
-0.1484375 0.333984375 -0.52740478515625
-0.0859375 0.087890625 0.22125244140625
-0.0078125 -0.333984375 -0.07904052734375
-0.1328125 0.173828125 0.07037353515625
-0.2421875 0.302734375 0.51617431640625
