CONSTRUCTION_BARREL
0.12890625 0.048828125 0.28485107421875
0.09765625 0.091796875 -0.06201171875
0.09765625 0.099609375 0.28460693359375
0.12890625 0.048828125 0.38568115234375
0.12109375 0.037109375 -0.06195068359375
0.05859375 0.142578125 -0.062744140625
0.07421875 0.103515625 -0.1230010986328125
0.14453125 -0.009765625 0.38519287109375
0.05078125 0.142578125 0.28289794921875
0.08203125 0.091796875 0.38470458984375
0.08203125 0.087890625 0.33953857421875
0.05078125 0.134765625 0.33905029296875
0.01171875 0.189453125 -0.064453125
0.03515625 0.146484375 -0.12447357177734375
0.07421875 0.080078125 -0.37445068359375
0.10546875 0.033203125 0.33929443359375
0.15234375 -0.064453125 -0.12343597412109375
0.12109375 -0.013671875 0.07904052734375
0.08984375 0.037109375 0.07904052734375
0.12109375 -0.029296875 -0.06427001953125
0.03515625 0.138671875 0.38323974609375
0.05078125 0.087890625 0.07806396484375
0.02734375 0.126953125 -0.37664794921875
-0.03515625 0.224609375 -0.06683349609375
0.01171875 0.138671875 0.07684326171875
-0.00390625 0.177734375 0.33734130859375
0.11328125 -0.033203125 0.33807373046875
0.09765625 -0.021484375 -0.12602996826171875
-0.01171875 0.181640625 0.27996826171875
0.13671875 -0.083984375 0.28094482421875
0.13671875 -0.083984375 0.38226318359375
0.12109375 -0.076171875 0.07708740234375
0.12890625 -0.091796875 -0.37713623046875
0.09765625 -0.037109375 0.28021240234375
-0.03515625 0.181640625 -0.12892913818359375
0.15234375 -0.146484375 0.38128662109375
-0.03515625 0.166015625 -0.38043212890625
0.11328125 -0.099609375 0.33612060546875
-0.04296875 0.162109375 0.37933349609375
0.12890625 -0.154296875 -0.38055419921875
-0.09765625 0.197265625 -0.38519287109375
-0.09765625 0.197265625 0.33270263671875
0.06640625 -0.123046875 -0.07183837890625
-0.09765625 0.146484375 0.06903076171875
-0.12109375 0.189453125 0.27362060546875
0.11328125 -0.232421875 -0.38568115234375
-0.15234375 0.232421875 -0.07550048828125
