CONSTRUCTION_BARREL
0.2421875 -0.10546875 0.5352783203125
0.1796875 -0.02734375 0.5338134765625
-0.0390625 0.125 -0.5286865234375
-0.0234375 0.109375 0.5289306640625
-0.0234375 0.05078125 0.0760498046875
-0.0078125 -0.03125 -0.0753173828125
-0.0078125 -0.0546875 -0.392822265625
-0.0078125 -0.03515625 0.2271728515625
-0.0546875 0.1953125 0.5289306640625
-0.0390625 0.03515625 -0.3785247802734375
-0.0390625 0.05078125 0.2266845703125
-0.0234375 -0.0546875 -0.3793487548828125
-0.0546875 0.05859375 -0.2275390625
-0.0546875 0.0546875 -0.0762939453125
-0.0703125 0.109375 0.0560302734375
-0.0546875 0.03125 0.0557861328125
-0.0234375 -0.12890625 -0.2286376953125
-0.0234375 -0.125 -0.0767822265625
-0.0859375 0.1171875 -0.3810272216796875
-0.0859375 0.1328125 0.0740966796875
-0.0234375 -0.14453125 -0.38018798828125
-0.1015625 0.140625 -0.2293701171875
-0.0390625 -0.15234375 -0.396209716796875
-0.1328125 0.2109375 0.0726318359375
-0.1171875 0.1328125 -0.0784912109375
-0.1171875 0.125 0.2242431640625
-0.1484375 0.21484375 -0.0797119140625
-0.1484375 0.19140625 -0.397857666015625
-0.1484375 0.19140625 -0.5352783203125
-0.0703125 -0.125 0.3746337890625
-0.0546875 -0.234375 0.0714111328125
-0.1796875 0.19140625 -0.38507080078125
-0.0546875 -0.34375 -0.3859405517578125
-0.0859375 -0.3203125 -0.234619140625
-0.2421875 0.34375 0.5245361328125
