CONSTRUCTION_BARREL
0.00048828125 0.1484375 -0.24993896484375
0.03271484375 0.140625 -0.24859619140625
0.05908203125 0.125 -0.24981689453125
0.08837890625 0.1171875 -0.24920654296875
-0.03662109375 0.140625 -0.25299072265625
0.11865234375 0.1015625 -0.24920654296875
-0.07470703125 0.1328125 -0.25665283203125
0.14501953125 0.0859375 -0.25042724609375
0.10107421875 0.09375 -0.07391357421875
0.03662109375 0.1015625 -0.07611083984375
0.06884765625 0.09375 -0.07513427734375
0.01025390625 0.109375 0.00592041015625
0.07177734375 0.09375 0.00640869140625
0.00537109375 0.1015625 -0.07757568359375
-0.02392578125 0.109375 0.00421142578125
-0.11474609375 0.1171875 -0.26092529296875
0.03857421875 0.09375 0.00543212890625
-0.02978515625 0.1015625 -0.07928466796875
0.12548828125 0.0703125 -0.07586669921875
0.09912109375 0.078125 0.00592041015625
0.16748046875 0.0546875 -0.25360107421875
-0.06005859375 0.1015625 0.00177001953125
0.07275390625 0.0859375 0.18463134765625
0.12744140625 0.0625 0.00592041015625
-0.15478515625 0.109375 -0.26409912109375
0.00927734375 0.09375 0.18316650390625
0.04345703125 0.0859375 0.18463134765625
-0.09716796875 0.09375 -0.08270263671875
-0.09716796875 0.09375 -0.00189208984375
0.14990234375 0.0390625 -0.07781982421875
0.19091796875 0.0234375 -0.25665283203125
-0.05908203125 0.09375 0.18072509765625
0.15478515625 0.0390625 0.00421142578125
-0.02587890625 0.0859375 0.18121337890625
0.09521484375 0.0546875 0.18267822265625
-0.09423828125 0.0859375 0.17877197265625
0.17529296875 0.015625 -0.07904052734375
0.17724609375 0.015625 0.00177001953125
0.12158203125 0.03125 0.18121337890625
0.21240234375 -0.0078125 -0.26031494140625
0.20166015625 0.0 -0.08050537109375
-0.14501953125 0.0625 -0.00775146484375
0.14794921875 0.0078125 0.18072509765625
-0.14013671875 0.0625 0.17388916015625
0.19775390625 -0.0234375 -0.00115966796875
-0.21240234375 0.046875 -0.27642822265625
0.16845703125 -0.0234375 0.17779541015625
-0.19189453125 0.03125 -0.01336669921875
-0.19287109375 0.0234375 0.16851806640625
0.18896484375 -0.0625 0.17437744140625
0.19580078125 -0.140625 0.16754150390625
-0.05126953125 -0.1484375 0.27642822265625
