CONSTRUCTION_BARREL
0.091796875 -0.3671875 -0.48150634765625
0.123046875 -0.3359375 -0.48162841796875
0.193359375 -0.265625 -0.48126220703125
0.154296875 -0.296875 -0.481689453125
0.224609375 -0.234375 -0.48089599609375
0.099609375 -0.1171875 -0.50225830078125
0.201171875 -0.0234375 -0.50140380859375
0.169921875 -0.046875 -0.50189208984375
0.130859375 -0.078125 -0.50238037109375
0.271484375 0.046875 -0.50152587890625
0.052734375 -0.140625 -0.50482177734375
0.013671875 -0.1640625 -0.50579833984375
0.337890625 0.1171875 -0.50164794921875
0.224609375 0.0234375 -0.50299072265625
0.298828125 0.0859375 -0.50213623046875
-0.033203125 -0.1875 -0.50823974609375
0.357421875 0.1640625 -0.50372314453125
0.384765625 0.203125 -0.50543212890625
0.052734375 0.1015625 -0.18927001953125
0.013671875 0.0703125 -0.18927001953125
-0.033203125 0.0234375 0.03826904296875
0.029296875 0.0859375 -0.255126953125
-0.001953125 0.0546875 -0.05474853515625
-0.009765625 0.0546875 -0.2554931640625
-0.001953125 0.0546875 0.03851318359375
0.060546875 0.1171875 -0.25518798828125
-0.048828125 0.0234375 -0.25677490234375
-0.025390625 0.046875 -0.19012451171875
-0.064453125 0.015625 -0.19097900390625
0.029296875 0.09375 -0.05523681640625
-0.087890625 -0.0078125 -0.05670166015625
0.076171875 0.140625 -0.19024658203125
0.029296875 0.09375 0.03778076171875
-0.080078125 0.0 0.03704833984375
-0.048828125 0.03125 -0.05621337890625
-0.041015625 0.0234375 0.26947021484375
-0.095703125 0.0 -0.2584228515625
-0.048828125 0.03125 0.10614013671875
0.091796875 0.1640625 -0.25653076171875
-0.017578125 0.046875 0.32415771484375
-0.087890625 0.0 0.10589599609375
-0.056640625 0.015625 0.32366943359375
-0.228515625 -0.1328125 0.26800537109375
-0.111328125 -0.0078125 -0.19305419921875
-0.009765625 0.0625 0.26947021484375
0.052734375 0.1328125 -0.05645751953125
-0.017578125 0.0703125 0.10589599609375
-0.087890625 0.0 0.26849365234375
-0.134765625 -0.0234375 0.03509521484375
0.021484375 0.1015625 0.26898193359375
0.005859375 0.0859375 0.32318115234375
-0.134765625 -0.0234375 0.10418701171875
-0.095703125 -0.0078125 0.40228271484375
-0.025390625 0.0546875 0.40277099609375
-0.056640625 0.03125 0.35931396484375
0.013671875 0.109375 0.10516357421875
-0.064453125 0.0234375 0.40228271484375
0.044921875 0.140625 0.03607177734375
-0.080078125 0.0078125 0.43157958984375
-0.095703125 0.0 0.35882568359375
0.005859375 0.0859375 0.40228271484375
-0.009765625 0.0703125 0.43206787109375
-0.017578125 0.0703125 0.35931396484375
-0.048828125 0.0390625 0.43206787109375
-0.205078125 -0.0859375 0.26702880859375
0.037109375 0.125 0.32269287109375
0.091796875 0.1953125 -0.19281005859375
0.076171875 0.1796875 -0.05816650390625
0.044921875 0.1484375 0.10491943359375
-0.111328125 0.0 0.32171630859375
0.044921875 0.140625 0.26800537109375
-0.142578125 -0.015625 0.26654052734375
-0.158203125 -0.0078125 -0.26318359375
0.037109375 0.1328125 0.40130615234375
0.005859375 0.109375 0.35833740234375
0.099609375 0.21875 -0.2601318359375
-0.134765625 -0.015625 0.43011474609375
0.076171875 0.1796875 0.26751708984375
-0.142578125 -0.015625 0.35784912109375
0.013671875 0.1171875 0.43109130859375
-0.158203125 -0.0234375 0.39984130859375
0.052734375 0.171875 0.32122802734375
0.060546875 0.1953125 0.03338623046875
0.060546875 0.1953125 0.10321044921875
0.037109375 0.15625 0.43060302734375
0.107421875 0.25 -0.19586181640625
0.021484375 0.15625 0.35687255859375
0.052734375 0.1796875 0.40032958984375
0.076171875 0.21875 0.32025146484375
0.083984375 0.2421875 0.26507568359375
0.068359375 0.2578125 -0.06378173828125
0.044921875 0.2109375 0.42864990234375
0.099609375 0.2890625 -0.26544189453125
0.037109375 0.2109375 0.35540771484375
0.068359375 0.2578125 0.03021240234375
0.060546875 0.2421875 0.39739990234375
0.060546875 0.265625 0.09906005859375
-0.001953125 0.1953125 0.50823974609375
-0.283203125 -0.015625 -0.06939697265625
0.076171875 0.28125 0.31683349609375
0.091796875 0.328125 -0.20318603515625
0.068359375 0.3203125 0.26019287109375
0.044921875 0.2890625 0.42474365234375
0.060546875 0.3359375 -0.06964111328125
0.029296875 0.2890625 0.35150146484375
0.060546875 0.3125 0.39447021484375
0.083984375 0.3671875 -0.27294921875
0.044921875 0.34375 0.02337646484375
0.060546875 0.3671875 0.31195068359375
-0.384765625 0.0078125 0.34661865234375
-0.244140625 0.2265625 0.49749755859375
-0.283203125 0.203125 0.49700927734375
