CONSTRUCTION_BARREL
-0.11328125 0.23828125 -0.443115234375
-0.05078125 0.24609375 -0.4482421875
-0.08984375 0.18359375 0.111572265625
-0.14453125 0.11328125 -0.1141357421875
-0.11328125 0.15234375 -0.11370849609375
-0.07421875 0.18359375 -0.1141357421875
-0.03515625 0.21484375 -0.423583984375
-0.03515625 0.20703125 0.1097412109375
-0.09765625 0.11328125 0.1077880859375
-0.15234375 0.04296875 -0.118896484375
-0.04296875 0.17578125 0.186279296875
0.02734375 0.25390625 -0.4541015625
-0.06640625 0.12890625 0.1851806640625
-0.04296875 0.13671875 0.290283203125
0.00390625 0.17578125 0.28955078125
0.04296875 0.22265625 -0.43017578125
-0.09765625 0.03515625 0.10302734375
-0.05859375 0.08203125 0.28857421875
-0.06640625 0.05078125 0.1805419921875
0.06640625 0.19140625 0.28662109375
-0.06640625 0.01953125 0.28564453125
-0.08984375 -0.04296875 0.097412109375
0.12890625 0.23046875 -0.466064453125
0.15234375 0.19921875 -0.4423828125
0.02734375 0.01953125 0.466064453125
-0.00390625 -0.02734375 0.465576171875
0.00390625 -0.08203125 0.16943359375
-0.02734375 -0.12890625 0.1685791015625
-0.00390625 -0.09765625 0.462646484375
-0.05859375 -0.17578125 0.16748046875
-0.07421875 -0.23828125 0.1651611328125
0.02734375 -0.14453125 0.270751953125
-0.00390625 -0.19140625 0.27001953125
-0.03515625 -0.23828125 0.26904296875
0.01171875 -0.19140625 0.456787109375
0.00390625 -0.25390625 0.454833984375
