CONSTRUCTION_BARREL
0.05126953125 0.15625 -0.26287841796875
0.01806640625 0.1640625 -0.26409912109375
0.08056640625 0.140625 -0.26287841796875
0.10986328125 0.125 -0.26287841796875
-0.02099609375 0.1484375 -0.26776123046875
0.13330078125 0.1015625 -0.26483154296875
0.16455078125 0.09375 -0.26483154296875
-0.05810546875 0.1484375 -0.27093505859375
0.02783203125 0.125 -0.00433349609375
0.19091796875 0.0703125 -0.26666259765625
0.05908203125 0.109375 -0.00384521484375
0.01220703125 0.1171875 -0.08416748046875
0.04345703125 0.109375 -0.08319091796875
0.07470703125 0.1015625 -0.08245849609375
-0.00537109375 0.125 -0.00604248046875
0.08837890625 0.1015625 -0.00408935546875
0.11962890625 0.0859375 -0.00408935546875
0.13525390625 0.078125 -0.08245849609375
0.10205078125 0.0859375 -0.08343505859375
0.14892578125 0.078125 -0.00408935546875
0.06298828125 0.109375 0.17803955078125
0.02978515625 0.1171875 0.17706298828125
-0.10498046875 0.125 -0.27703857421875
-0.04248046875 0.1171875 -0.00848388671875
-0.02880859375 0.109375 -0.08709716796875
0.09228515625 0.09375 0.17803955078125
-0.03662109375 0.125 0.17510986328125
0.15869140625 0.0546875 -0.08441162109375
-0.00537109375 0.109375 0.17559814453125
-0.14013671875 0.1171875 -0.28009033203125
-0.06591796875 0.1015625 -0.09027099609375
0.17041015625 0.046875 -0.00653076171875
0.11376953125 0.0703125 0.17657470703125
-0.07763671875 0.1171875 0.17266845703125
0.20556640625 0.0234375 -0.27166748046875
-0.08544921875 0.1015625 -0.01312255859375
0.17919921875 0.015625 -0.08709716796875
-0.10693359375 0.0859375 -0.09368896484375
0.13916015625 0.0390625 0.17462158203125
-0.11865234375 0.1015625 0.16973876953125
0.18896484375 0.0 -0.01068115234375
0.20361328125 -0.0078125 -0.08905029296875
-0.13232421875 0.078125 -0.01800537109375
-0.19482421875 0.078125 -0.28936767578125
0.16455078125 0.0078125 0.17266845703125
-0.15185546875 0.0625 -0.09857177734375
-0.16357421875 0.078125 0.16534423828125
0.18505859375 -0.015625 0.17120361328125
-0.19091796875 0.03125 -0.02679443359375
-0.22607421875 0.0234375 0.15655517578125
0.22607421875 -0.1640625 -0.02850341796875
-0.01708984375 -0.125 0.28936767578125
-0.02685546875 -0.1484375 0.27520751953125
0.00048828125 -0.1640625 0.27520751953125
