CONSTRUCTION_BARREL
0.1171875 -0.005859375 -0.24737548828125
0.0859375 0.048828125 -0.247711181640625
0.0859375 0.048828125 0.17987060546875
0.1171875 -0.029296875 -0.3201904296875
0.0859375 0.029296875 -0.32049560546875
0.046875 0.103515625 -0.2483978271484375
0.1171875 -0.037109375 -0.10491943359375
0.125 -0.041015625 0.21942138671875
0.09375 0.013671875 0.21893310546875
0.140625 -0.091796875 -0.321044921875
0.1015625 -0.009765625 0.17938232421875
0.140625 -0.095703125 -0.10504150390625
0.1171875 -0.044921875 0.11102294921875
0.1484375 -0.099609375 0.21868896484375
0.0859375 0.009765625 0.11077880859375
0.078125 0.017578125 -0.1058349609375
0.078125 0.033203125 0.32708740234375
0.0546875 0.068359375 0.21820068359375
0.046875 0.068359375 0.11029052734375
0.1015625 -0.025390625 0.32708740234375
0.03125 0.099609375 0.17840576171875
0.1328125 -0.107421875 0.11004638671875
0.125 -0.083984375 0.32659912109375
0.109375 -0.080078125 -0.2503662109375
0.1484375 -0.158203125 -0.106689453125
0.03125 0.064453125 -0.32379150390625
0.109375 -0.076171875 0.17816162109375
0.15625 -0.169921875 0.21746826171875
-0.015625 0.142578125 -0.2520751953125
0.0 0.115234375 0.10858154296875
0.0234375 0.060546875 -0.1083984375
0.0234375 0.072265625 0.32562255859375
0.125 -0.154296875 0.32513427734375
0.109375 -0.146484375 0.17596435546875
-0.0390625 0.134765625 0.17523193359375
-0.03125 0.107421875 -0.32708740234375
-0.03125 0.099609375 0.21380615234375
-0.0546875 0.099609375 -0.11260986328125
-0.109375 0.169921875 -0.258087158203125
-0.078125 0.095703125 0.32025146484375
-0.109375 0.134765625 0.10223388671875
-0.15625 0.150390625 0.16888427734375
