CONSTRUCTION_BARREL
0.0224609375 0.203125 -0.26751708984375
0.0556640625 0.1875 -0.26690673828125
0.0849609375 0.171875 -0.26690673828125
-0.0126953125 0.1953125 -0.26995849609375
0.1142578125 0.15625 -0.26702880859375
0.1435546875 0.140625 -0.26702880859375
-0.0517578125 0.1953125 -0.27362060546875
0.1708984375 0.125 -0.26824951171875
0.1083984375 0.140625 -0.07647705078125
0.0361328125 0.1640625 -0.00250244140625
0.0771484375 0.1484375 -0.07696533203125
0.0048828125 0.171875 -0.00299072265625
0.0732421875 0.15625 0.18450927734375
0.0439453125 0.1484375 -0.07843017578125
0.0126953125 0.15625 -0.07965087890625
0.1357421875 0.1171875 -0.07745361328125
0.0654296875 0.140625 -0.00299072265625
-0.0244140625 0.1640625 -0.08111572265625
0.1923828125 0.09375 -0.27069091796875
0.0380859375 0.15625 0.18304443359375
0.0009765625 0.1640625 0.18157958984375
0.1220703125 0.1171875 -0.00250244140625
-0.0302734375 0.171875 0.18109130859375
0.1005859375 0.1328125 0.18402099609375
0.0888671875 0.125 -0.00347900390625
0.1494140625 0.1015625 -0.00347900390625
0.1611328125 0.09375 -0.07867431640625
-0.0419921875 0.15625 -0.00811767578125
-0.1025390625 0.1640625 -0.28106689453125
0.1259765625 0.109375 0.18255615234375
-0.0673828125 0.1484375 -0.08502197265625
0.1845703125 0.0703125 -0.08062744140625
-0.0732421875 0.15625 0.17767333984375
0.2060546875 0.046875 -0.27691650390625
-0.0849609375 0.140625 -0.01202392578125
0.1689453125 0.0625 -0.00665283203125
0.1455078125 0.078125 0.18060302734375
0.2041015625 0.03125 -0.08355712890625
-0.1298828125 0.125 -0.01617431640625
-0.1220703125 0.1328125 0.17327880859375
-0.1181640625 0.1171875 -0.09161376953125
0.1669921875 0.046875 0.17864990234375
0.1845703125 0.015625 -0.01129150390625
-0.1572265625 0.109375 -0.09454345703125
-0.1669921875 0.1171875 0.16937255859375
0.1845703125 0.0078125 0.17523193359375
0.2060546875 -0.015625 -0.01373291015625
0.2158203125 -0.0234375 -0.08892822265625
-0.1826171875 0.09375 -0.02276611328125
-0.2255859375 0.0703125 -0.30267333984375
-0.1162109375 0.0234375 0.30267333984375
-0.0908203125 0.0 0.30169677734375
-0.1357421875 0.0 0.29095458984375
-0.0654296875 -0.0234375 0.30072021484375
0.2255859375 -0.1328125 -0.02593994140625
-0.1083984375 -0.0234375 0.29046630859375
-0.0419921875 -0.046875 0.29974365234375
-0.0849609375 -0.046875 0.28948974609375
-0.0205078125 -0.078125 0.29779052734375
-0.0595703125 -0.0703125 0.28851318359375
0.0068359375 -0.1015625 0.29730224609375
-0.0302734375 -0.09375 0.28802490234375
0.0341796875 -0.125 0.29632568359375
0.0634765625 -0.140625 0.29583740234375
-0.0126953125 -0.1328125 0.28509521484375
0.0185546875 -0.1484375 0.28558349609375
0.0869140625 -0.171875 0.29486083984375
0.0751953125 -0.1875 0.28460693359375
0.0380859375 -0.1796875 0.28363037109375
0.1025390625 -0.203125 0.28411865234375
