CONSTRUCTION_BARREL
-0.1015625 0.16015625 -0.41180419921875
-0.0703125 0.19140625 -0.41168212890625
-0.03125 0.22265625 -0.41168212890625
-0.078125 0.15234375 -0.39422607421875
-0.109375 0.11328125 -0.39471435546875
0.015625 0.24609375 -0.41351318359375
-0.0390625 0.18359375 -0.39483642578125
-0.1171875 0.09765625 -0.41571044921875
0.0 0.21484375 -0.39532470703125
0.0078125 0.21484375 -0.112548828125
-0.1328125 0.05859375 -0.39825439453125
-0.0234375 0.17578125 -0.11334228515625
-0.0546875 0.13671875 -0.11419677734375
-0.125 0.05859375 -0.1146240234375
-0.1328125 0.04296875 -0.41912841796875
0.046875 0.23828125 -0.39678955078125
-0.0859375 0.08984375 -0.115478515625
-0.1484375 0.01953125 -0.1163330078125
-0.0234375 0.15234375 0.09246826171875
0.0078125 0.18359375 0.09246826171875
0.078125 0.25390625 -0.41778564453125
-0.046875 0.10546875 0.09100341796875
0.125 0.27734375 -0.41912841796875
-0.0078125 0.12890625 0.16888427734375
0.03125 0.16796875 0.16864013671875
-0.0390625 0.08984375 0.16766357421875
-0.15625 -0.04296875 -0.12060546875
0.0078125 0.12109375 0.25848388671875
0.1171875 0.23046875 -0.40386962890625
-0.0546875 0.03515625 0.08612060546875
0.078125 0.18359375 0.16717529296875
0.046875 0.15234375 0.25799560546875
-0.0234375 0.07421875 0.25750732421875
0.09375 0.17578125 0.25653076171875
-0.015625 -0.00390625 0.16156005859375
-0.015625 -0.00390625 0.25262451171875
0.15625 0.17578125 0.16278076171875
0.109375 0.02734375 0.41912841796875
-0.0234375 -0.14453125 0.07196044921875
0.015625 -0.11328125 0.07196044921875
-0.046875 -0.19921875 0.06976318359375
0.109375 -0.04296875 0.41571044921875
0.0546875 -0.15234375 0.14862060546875
-0.046875 -0.26953125 0.06536865234375
0.0234375 -0.19921875 0.14764404296875
0.0 -0.24609375 0.14569091796875
0.109375 -0.12109375 0.41180419921875
0.0625 -0.21484375 0.40936279296875
0.09375 -0.19140625 0.23553466796875
0.09375 -0.18359375 0.40936279296875
0.0625 -0.23828125 0.23431396484375
0.03125 -0.27734375 0.23358154296875
