CONSTRUCTION_BARREL
0.140625 -0.001953125 0.12939453125
0.125 0.001953125 0.0115966796875
0.125 0.001953125 -0.4591064453125
0.09375 0.064453125 -0.4598388671875
0.15625 -0.068359375 0.12939453125
0.09375 0.060546875 0.0115966796875
0.09375 0.060546875 0.128662109375
0.0625 0.119140625 0.0103759765625
0.109375 0.013671875 0.097900390625
0.078125 0.080078125 0.09765625
0.140625 -0.056640625 -0.45947265625
0.140625 -0.060546875 -0.2242889404296875
0.109375 0.001953125 -0.22432708740234375
0.109375 0.013671875 0.24609375
0.078125 0.060546875 -0.22533416748046875
0.046875 0.134765625 0.0966796875
0.140625 -0.072265625 0.0111083984375
0.078125 0.068359375 0.2451171875
0.15625 -0.130859375 -0.2255706787109375
0.125 -0.052734375 0.245361328125
0.125 -0.060546875 0.0966796875
0.15625 -0.130859375 -0.4609375
0.03125 0.134765625 -0.3704833984375
0.15625 -0.142578125 0.127197265625
0.046875 0.072265625 -0.3701171875
0.0 0.173828125 0.008056640625
0.078125 0.001953125 -0.37060546875
0.03125 0.107421875 0.126220703125
0.015625 0.111328125 -0.22896575927734375
0.015625 0.123046875 0.2431640625
-0.03125 0.181640625 -0.37353515625
0.0 0.107421875 -0.4658203125
-0.03125 0.177734375 0.093505859375
0.078125 -0.076171875 -0.373291015625
0.140625 -0.220703125 -0.466064453125
0.046875 -0.017578125 0.359130859375
0.015625 0.048828125 0.359619140625
-0.046875 0.142578125 0.121826171875
-0.03125 0.107421875 0.358154296875
-0.078125 0.166015625 0.239013671875
-0.078125 0.150390625 -0.2339019775390625
-0.078125 0.150390625 -0.471435546875
-0.109375 0.201171875 0.0013427734375
-0.125 0.220703125 -0.3792724609375
0.015625 -0.103515625 0.356201171875
-0.15625 0.205078125 0.08740234375
-0.0625 -0.064453125 0.471435546875
-0.109375 -0.005859375 0.436279296875
