CONSTRUCTION_BARREL
-0.080078125 0.1484375 -0.3482666015625
-0.107421875 0.1328125 -0.3482666015625
-0.068359375 0.1484375 -0.385009765625
-0.041015625 0.15625 -0.3858642578125
-0.095703125 0.125 -0.387451171875
-0.095703125 0.125 0.014404296875
-0.044921875 0.1484375 -0.350341796875
-0.017578125 0.15625 -0.350341796875
-0.064453125 0.1328125 0.014404296875
-0.119140625 0.1015625 0.012451171875
-0.146484375 0.0859375 0.01123046875
-0.005859375 0.15625 0.014404296875
0.013671875 0.1640625 -0.3509521484375
-0.033203125 0.140625 0.014404296875
-0.119140625 0.09375 -0.391357421875
-0.123046875 0.0859375 -0.356201171875
-0.001953125 0.1484375 -0.3897705078125
-0.173828125 0.0546875 -0.395263671875
-0.142578125 0.0703125 -0.3936767578125
-0.169921875 0.0546875 0.0081787109375
-0.181640625 0.046875 -0.3592529296875
-0.150390625 0.0625 -0.3583984375
0.029296875 0.15625 -0.3905029296875
0.048828125 0.1640625 -0.353759765625
0.060546875 0.1640625 -0.3905029296875
0.029296875 0.1484375 0.0113525390625
-0.087890625 0.09375 0.26708984375
-0.056640625 0.1015625 0.2666015625
-0.033203125 0.109375 0.183349609375
-0.060546875 0.09375 0.182373046875
-0.111328125 0.0703125 0.264892578125
-0.087890625 0.078125 0.181640625
-0.189453125 0.015625 0.0032958984375
0.001953125 0.125 0.2666015625
0.025390625 0.1328125 0.183837890625
-0.001953125 0.1171875 0.183349609375
-0.197265625 0.0078125 -0.364990234375
0.091796875 0.15625 -0.3944091796875
-0.189453125 0.0078125 -0.40234375
0.033203125 0.1328125 0.26611328125
0.068359375 0.140625 0.0081787109375
-0.021484375 0.1015625 0.264892578125
-0.134765625 0.0390625 0.261962890625
0.060546875 0.1328125 0.18212890625
-0.107421875 0.0390625 0.17822265625
-0.220703125 -0.03125 -0.3701171875
-0.130859375 0.015625 0.17626953125
0.091796875 0.1328125 0.18115234375
0.095703125 0.125 -0.3623046875
-0.158203125 0.0 0.259033203125
0.072265625 0.1171875 0.262939453125
0.126953125 0.1328125 -0.3629150390625
-0.154296875 -0.0234375 0.1728515625
-0.177734375 -0.03125 0.255859375
0.115234375 0.1015625 0.000244140625
-0.197265625 -0.0625 -0.0072021484375
-0.232421875 -0.0859375 -0.37939453125
0.173828125 0.125 -0.4053955078125
0.111328125 0.1015625 0.259033203125
0.138671875 0.109375 0.17578125
-0.173828125 -0.0625 0.16943359375
-0.220703125 -0.09375 -0.4195556640625
-0.197265625 -0.078125 0.250732421875
-0.216796875 -0.1015625 -0.0126953125
0.173828125 0.1015625 0.174072265625
0.158203125 0.078125 -0.0052490234375
0.154296875 0.078125 0.25439453125
0.201171875 0.0625 -0.01025390625
0.232421875 0.0703125 -0.421142578125
0.224609375 0.0546875 -0.383544921875
-0.013671875 -0.109375 0.421142578125
0.029296875 -0.1328125 0.417724609375
0.076171875 -0.1640625 0.412353515625
