CONSTRUCTION_BARREL
0.087890625 0.111328125 -0.10793304443359375
0.115234375 0.080078125 -0.10738754272460938
0.080078125 0.115234375 -0.0185546875
0.056640625 0.138671875 -0.10848236083984375
0.146484375 0.044921875 -0.107330322265625
0.111328125 0.083984375 0.2208251953125
0.138671875 0.048828125 -0.01806640625
0.080078125 0.111328125 0.2198486328125
0.103515625 0.080078125 -0.0185546875
0.080078125 0.107421875 -0.3643798828125
0.107421875 0.076171875 -0.3643798828125
0.048828125 0.134765625 -0.3648681640625
0.166015625 0.009765625 -0.10826683044433594
0.041015625 0.134765625 -0.02008056640625
0.134765625 0.044921875 0.2203369140625
0.158203125 0.013671875 -0.01904296875
0.041015625 0.134765625 0.2191162109375
0.130859375 0.037109375 -0.3648681640625
0.009765625 0.154296875 -0.11198806762695312
0.154296875 0.009765625 0.2193603515625
0.185546875 -0.029296875 -0.1096954345703125
0.154296875 0.005859375 -0.3656005859375
0.177734375 -0.029296875 -0.02056884765625
0.001953125 0.154296875 0.2164306640625
-0.005859375 0.150390625 -0.02410888671875
0.169921875 -0.037109375 0.2171630859375
0.193359375 -0.068359375 -0.0225830078125
0.193359375 -0.076171875 -0.11260223388671875
0.166015625 -0.044921875 -0.3692626953125
-0.013671875 0.134765625 -0.3729248046875
-0.052734375 0.162109375 -0.11698150634765625
-0.060546875 0.162109375 0.2120361328125
0.177734375 -0.083984375 -0.3717041015625
0.177734375 -0.083984375 0.2147216796875
-0.068359375 0.150390625 -0.3778076171875
-0.091796875 0.142578125 -0.03271484375
0.169921875 -0.146484375 -0.3790283203125
-0.138671875 0.142578125 -0.1269073486328125
0.154296875 -0.162109375 0.2073974609375
-0.154296875 0.138671875 0.2022705078125
-0.013671875 -0.033203125 0.3790283203125
-0.193359375 -0.123046875 0.3629150390625
