CONSTRUCTION_BARREL
0.21875 -0.099609375 0.4764404296875
0.0 0.029296875 0.0028076171875
0.015625 -0.037109375 0.0023193359375
-0.03125 0.095703125 0.0025634765625
-0.015625 0.033203125 -0.232025146484375
-0.015625 0.037109375 -0.464599609375
-0.03125 0.080078125 0.0706787109375
0.0 -0.025390625 -0.46533203125
-0.015625 0.025390625 0.1180419921875
-0.046875 0.103515625 -0.466064453125
-0.015625 0.005859375 0.0704345703125
0.0 -0.041015625 0.1180419921875
-0.0625 0.138671875 0.0699462890625
-0.046875 0.076171875 -0.3963623046875
-0.03125 0.044921875 0.2342529296875
-0.015625 -0.037109375 -0.23300933837890625
-0.078125 0.154296875 0.0003662109375
-0.0625 0.095703125 -0.23332977294921875
-0.078125 0.142578125 -0.3974609375
0.0 -0.103515625 -0.23398971557617188
0.0 -0.099609375 -0.467529296875
-0.0625 0.083984375 0.1160888671875
0.0 -0.111328125 0.1165771484375
-0.109375 0.205078125 -0.3984375
-0.046875 0.001953125 -0.398681640625
-0.078125 0.103515625 0.2325439453125
-0.015625 -0.091796875 0.2332763671875
-0.109375 0.154296875 -0.23593902587890625
-0.125 0.193359375 0.0675048828125
-0.015625 -0.181640625 -0.470947265625
-0.125 0.142578125 0.1141357421875
-0.0625 -0.068359375 -0.4010009765625
-0.171875 0.255859375 -0.40283203125
-0.15625 0.205078125 -0.0035400390625
-0.15625 0.150390625 0.2293701171875
-0.1875 0.205078125 -0.2408285140991211
-0.203125 0.244140625 0.0635986328125
-0.21875 0.271484375 -0.4764404296875
-0.046875 -0.263671875 -0.47607421875
-0.046875 -0.271484375 -0.0067138671875
-0.203125 0.189453125 0.1099853515625
