CONSTRUCTION_BARREL
0.123046875 0.138671875 -0.10540390014648438
0.091796875 0.166015625 -0.10594558715820312
0.083984375 0.173828125 0.2227783203125
0.107421875 0.142578125 -0.016357421875
0.076171875 0.169921875 -0.01739501953125
0.111328125 0.138671875 0.2227783203125
0.138671875 0.107421875 0.2227783203125
0.130859375 0.107421875 -0.016845703125
0.052734375 0.185546875 -0.10846710205078125
0.169921875 0.064453125 -0.10678482055664062
0.138671875 0.095703125 -0.10683441162109375
0.134765625 0.099609375 -0.3631591796875
0.044921875 0.193359375 0.2210693359375
0.037109375 0.193359375 -0.0189208984375
0.154296875 0.072265625 -0.01739501953125
0.099609375 0.123046875 -0.3651123046875
0.068359375 0.154296875 -0.3658447265625
0.154296875 0.068359375 0.2215576171875
0.037109375 0.181640625 -0.3670654296875
0.173828125 0.029296875 -0.0189208984375
0.181640625 0.017578125 -0.10919952392578125
0.146484375 0.056640625 -0.3658447265625
-0.001953125 0.208984375 0.2181396484375
-0.001953125 0.197265625 -0.11246490478515625
0.169921875 0.021484375 0.2198486328125
-0.009765625 0.201171875 -0.3707275390625
0.169921875 0.017578125 -0.3670654296875
0.189453125 -0.037109375 -0.11260986328125
-0.033203125 0.189453125 -0.0260009765625
-0.056640625 0.208984375 -0.1169586181640625
0.173828125 -0.021484375 0.2169189453125
0.166015625 -0.029296875 -0.02496337890625
-0.072265625 0.208984375 -0.3768310546875
0.162109375 -0.037109375 -0.3736572265625
-0.080078125 0.205078125 0.2117919921875
-0.095703125 0.193359375 -0.03253173828125
0.177734375 -0.083984375 -0.3768310546875
-0.126953125 0.216796875 -0.3829345703125
-0.126953125 0.205078125 -0.1239166259765625
-0.001953125 0.033203125 0.3829345703125
-0.166015625 0.193359375 0.2034912109375
-0.025390625 -0.017578125 0.3792724609375
0.154296875 -0.216796875 -0.0411376953125
-0.189453125 -0.068359375 0.3656005859375
