CONSTRUCTION_BARREL
-0.125 0.1875 -0.1143798828125
-0.109375 0.1875 0.009033203125
-0.078125 0.2421875 0.0087890625
-0.140625 0.109375 -0.11572265625
-0.125 0.1015625 0.007080078125
-0.015625 0.2265625 0.03759765625
-0.0625 0.1328125 0.12939453125
-0.015625 0.1875 0.128173828125
-0.03125 0.1484375 0.035888671875
-0.0625 0.0390625 0.126220703125
0.046875 0.2421875 0.126708984375
-0.03125 0.0625 0.033447265625
-0.109375 -0.1640625 -0.127197265625
-0.046875 -0.0546875 0.122802734375
0.140625 0.296875 -0.001953125
-0.125 -0.234375 -0.12939453125
-0.015625 -0.03125 0.0302734375
-0.015625 -0.0546875 -0.004150390625
-0.078125 -0.1796875 -0.00439453125
-0.03125 -0.1171875 -0.004638671875
-0.015625 -0.1484375 0.119140625
-0.078125 -0.296875 0.117431640625
-0.0625 -0.28125 -0.00830078125
-0.03125 -0.2265625 0.11767578125
