CONSTRUCTION_BARREL
0.083984375 0.15625 -0.0152587890625
0.052734375 0.1875 0.2247314453125
0.107421875 0.12109375 -0.01531982421875
0.044921875 0.1796875 -0.01727294921875
0.107421875 0.12109375 0.2252197265625
0.083984375 0.13671875 -0.10689544677734375
0.076171875 0.1484375 0.2242431640625
0.115234375 0.1015625 -0.106842041015625
0.052734375 0.1640625 -0.1074371337890625
0.154296875 0.05078125 -0.016845703125
0.099609375 0.109375 -0.3651123046875
0.130859375 0.078125 0.2237548828125
0.123046875 0.078125 -0.017333984375
0.068359375 0.13671875 -0.3663330078125
0.005859375 0.203125 0.2220458984375
0.037109375 0.16796875 -0.3668212890625
0.013671875 0.1875 -0.1094512939453125
0.130859375 0.0625 -0.10778045654296875
-0.001953125 0.1953125 -0.02081298828125
0.123046875 0.0703125 -0.3663330078125
-0.001953125 0.19140625 -0.3692626953125
0.146484375 0.0390625 0.2225341796875
0.154296875 0.0234375 -0.109222412109375
0.169921875 0.0078125 -0.01885986328125
-0.033203125 0.203125 -0.1129608154296875
0.138671875 0.02734375 -0.3687744140625
-0.048828125 0.2109375 0.2178955078125
0.166015625 -0.01953125 -0.11163330078125
0.154296875 -0.01171875 0.2196044921875
-0.056640625 0.203125 -0.3741455078125
0.154296875 -0.01953125 -0.3717041015625
0.173828125 -0.05078125 -0.02337646484375
-0.072265625 0.19921875 -0.02685546875
-0.087890625 0.2109375 -0.1174468994140625
0.076171875 0.046875 0.3946533203125
0.166015625 -0.05859375 -0.3743896484375
-0.111328125 0.21484375 0.2127685546875
-0.111328125 0.2109375 -0.3809814453125
-0.126953125 0.20703125 -0.03143310546875
0.138671875 -0.08203125 0.2135009765625
-0.173828125 0.1953125 -0.12738037109375
-0.048828125 0.0234375 0.3836669921875
0.123046875 -0.21484375 -0.3946533203125
-0.150390625 -0.08203125 0.3707275390625
