CONSTRUCTION_BARREL
-0.1328125 0.16796875 -0.1123046875
-0.0703125 0.21484375 0.00927734375
-0.1015625 0.15234375 0.00927734375
-0.1171875 0.08203125 -0.1153564453125
-0.0859375 0.05859375 0.0048828125
-0.0390625 0.13671875 0.033935546875
-0.0234375 0.16796875 0.12939453125
-0.0546875 0.10546875 0.129150390625
0.0078125 0.19921875 0.033935546875
0.0703125 0.24609375 0.03173828125
-0.0703125 -0.02734375 -0.1220703125
-0.0234375 0.00390625 0.124755859375
0.1328125 0.27734375 0.000244140625
0.0078125 0.02734375 0.028564453125
-0.1015625 -0.19140625 -0.1263427734375
-0.0078125 -0.05078125 0.02685546875
-0.0234375 -0.08984375 0.121826171875
-0.0390625 -0.14453125 -0.004150390625
-0.1015625 -0.27734375 -0.12939453125
0.0078125 -0.08203125 -0.00439453125
-0.0546875 -0.22265625 -0.005615234375
-0.0078125 -0.17578125 0.11865234375
-0.0390625 -0.25390625 0.1181640625
