CONSTRUCTION_BARREL
0.1328125 -0.078125 0.1259765625
0.1015625 -0.0078125 0.1259765625
0.1171875 -0.0703125 -0.3466796875
0.1328125 -0.13671875 -0.347412109375
0.0859375 0.0 -0.3466796875
0.0859375 -0.015625 0.195068359375
0.1015625 -0.07421875 -0.11197280883789062
0.0546875 0.0546875 -0.277099609375
0.0546875 0.0546875 0.1240234375
0.1171875 -0.140625 -0.11263656616210938
0.0546875 0.0546875 -0.348876953125
0.1015625 -0.0859375 0.241455078125
0.0703125 -0.00390625 -0.11228179931640625
0.0546875 0.05078125 0.19482421875
0.1171875 -0.1484375 0.1240234375
0.0703125 0.00390625 0.359375
0.0703125 -0.0234375 0.240966796875
0.0859375 -0.06640625 0.359619140625
0.0859375 -0.0859375 0.1943359375
0.0390625 0.046875 -0.11421966552734375
0.1015625 -0.13671875 0.35888671875
0.0546875 -0.015625 -0.278076171875
0.1015625 -0.16015625 0.240478515625
0.0078125 0.1171875 -0.2784423828125
0.0078125 0.10546875 0.12158203125
0.0078125 0.10546875 0.192626953125
0.0234375 0.0390625 0.239501953125
0.1015625 -0.21875 -0.3519287109375
0.0546875 -0.08984375 -0.27978515625
0.0078125 0.0546875 0.357177734375
-0.0390625 0.17578125 -0.281494140625
-0.0234375 0.109375 -0.117462158203125
-0.0234375 0.10546875 -0.35400390625
-0.0546875 0.1640625 0.189697265625
-0.0390625 0.08984375 0.236328125
-0.0703125 0.15625 0.1170654296875
-0.0703125 0.1015625 0.35302734375
-0.1015625 0.16015625 -0.359619140625
-0.1328125 0.21875 -0.28759765625
