CONSTRUCTION_BARREL
0.109375 0.125 -0.013946533203125
0.078125 0.15625 -0.014434814453125
0.046875 0.18359375 -0.01544189453125
0.0625 0.1640625 -0.10430908203125
0.1328125 0.08984375 -0.01446533203125
0.1171875 0.10546875 -0.1032257080078125
0.0859375 0.13671875 -0.103759765625
0.078125 0.1484375 0.22802734375
0.046875 0.1796875 0.22705078125
0.1640625 0.05078125 -0.014984130859375
0.078125 0.140625 -0.36767578125
0.0234375 0.19140625 -0.1058349609375
0.0078125 0.20703125 -0.017974853515625
0.1015625 0.11328125 0.2275390625
0.140625 0.06640625 -0.104156494140625
0.0390625 0.16796875 -0.36962890625
0.125 0.078125 0.2265625
0.0078125 0.19921875 0.224853515625
0.1796875 0.0078125 -0.016998291015625
0.09375 0.1015625 -0.368896484375
0.1171875 0.0703125 -0.36962890625
0.15625 0.0234375 -0.1060791015625
-0.0234375 0.20703125 -0.109344482421875
0.140625 0.03515625 0.225341796875
0.140625 0.03125 -0.370849609375
-0.0078125 0.18359375 -0.373291015625
-0.0546875 0.2109375 -0.024017333984375
0.1796875 -0.0390625 -0.020538330078125
-0.0546875 0.20703125 0.220703125
0.1640625 -0.03125 -0.108978271484375
-0.0546875 0.203125 -0.376953125
0.1484375 -0.01953125 0.222412109375
0.1484375 -0.0234375 -0.375732421875
-0.09375 0.2109375 -0.115814208984375
-0.1171875 0.20703125 -0.385009765625
0.1484375 -0.078125 -0.38134765625
0.0078125 0.06640625 0.396728515625
-0.1328125 0.203125 0.2138671875
-0.140625 0.19921875 -0.033111572265625
-0.1796875 0.1953125 -0.125762939453125
0.015625 0.0 0.392578125
-0.078125 0.03515625 0.387939453125
-0.125 0.07421875 0.388671875
0.125 -0.2109375 -0.396728515625
-0.109375 -0.046875 0.381103515625
-0.1328125 -0.1015625 0.379150390625
