CONSTRUCTION_BARREL
0.234375 -0.177734375 -0.3321533203125
-0.03125 0.095703125 0.1251220703125
-0.015625 0.037109375 -0.348388671875
-0.015625 0.033203125 0.124755859375
-0.046875 0.107421875 0.19482421875
-0.046875 0.099609375 -0.112701416015625
-0.046875 0.103515625 -0.348388671875
-0.03125 0.037109375 -0.112060546875
-0.03125 0.041015625 0.194580078125
-0.078125 0.177734375 -0.2783203125
-0.03125 0.044921875 0.360595703125
-0.03125 0.029296875 0.2421875
-0.0625 0.115234375 -0.2779541015625
-0.015625 -0.033203125 -0.11338043212890625
-0.078125 0.162109375 0.1240234375
-0.015625 -0.033203125 -0.349609375
-0.015625 -0.041015625 0.1231689453125
-0.109375 0.244140625 -0.2794189453125
-0.0625 0.107421875 0.35986328125
-0.015625 -0.044921875 0.241455078125
-0.0625 0.091796875 0.2412109375
-0.09375 0.173828125 0.19384765625
-0.09375 0.166015625 -0.35107421875
-0.03125 -0.025390625 0.35986328125
-0.09375 0.154296875 0.240478515625
-0.0625 0.037109375 -0.2796630859375
-0.125 0.228515625 0.1923828125
-0.015625 -0.111328125 -0.3521728515625
-0.125 0.220703125 0.1220703125
-0.109375 0.162109375 -0.11560821533203125
-0.03125 -0.115234375 -0.1163177490234375
-0.0625 -0.037109375 -0.2816162109375
-0.125 0.162109375 0.357177734375
-0.15625 0.216796875 -0.35546875
-0.171875 0.205078125 -0.120147705078125
-0.203125 0.291015625 -0.285400390625
-0.1875 0.201171875 0.236083984375
-0.21875 0.279296875 0.18798828125
-0.21875 0.259765625 0.1156005859375
-0.203125 0.216796875 0.35400390625
-0.078125 -0.193359375 0.188232421875
-0.234375 0.271484375 -0.360595703125
-0.09375 -0.193359375 -0.2882080078125
-0.125 -0.291015625 -0.1283721923828125
