CONSTRUCTION_BARREL
-0.109375 0.203125 -0.11297607421875
-0.0625 0.2578125 0.00860595703125
-0.09375 0.1953125 0.00885009765625
-0.125 0.1328125 -0.11468505859375
-0.109375 0.125 0.00738525390625
-0.125 0.0390625 -0.11798095703125
-0.015625 0.21875 0.12750244140625
-0.046875 0.140625 0.12701416015625
0.015625 0.25 0.03375244140625
-0.015625 0.1796875 0.03350830078125
-0.046875 0.0625 0.12506103515625
0.078125 0.2734375 -0.12213134765625
0.0 0.0859375 0.02984619140625
-0.078125 -0.0703125 -0.12493896484375
-0.109375 -0.1328125 -0.12493896484375
-0.015625 0.015625 0.02838134765625
0.125 0.265625 0.02911376953125
-0.03125 -0.03125 0.12139892578125
-0.109375 -0.21875 -0.12750244140625
0.0 -0.03125 -0.00408935546875
-0.03125 -0.1015625 -0.00506591796875
-0.0625 -0.1640625 -0.00482177734375
0.0 -0.078125 0.02496337890625
-0.03125 -0.1484375 0.02398681640625
-0.015625 -0.1328125 0.11773681640625
-0.03125 -0.203125 0.11651611328125
-0.0625 -0.2734375 0.11578369140625
-0.046875 -0.2578125 -0.00921630859375
