CONSTRUCTION_BARREL
-0.0625 0.21875 -0.1116943359375
-0.078125 0.140625 -0.1134033203125
0.0 0.265625 0.0081787109375
-0.03125 0.203125 0.0084228515625
-0.046875 0.1328125 0.0069580078125
-0.0625 0.046875 -0.117919921875
0.0 0.1640625 0.1285400390625
0.015625 0.1796875 0.0345458984375
0.046875 0.2109375 0.1270751953125
0.078125 0.2265625 0.0330810546875
0.0 0.0703125 0.1251220703125
-0.03125 -0.0625 -0.123779296875
-0.046875 -0.125 -0.124267578125
0.0625 0.0703125 0.0294189453125
0.015625 -0.0234375 0.1219482421875
0.046875 -0.0078125 0.0277099609375
-0.046875 -0.21875 -0.1285400390625
0.0625 -0.0234375 -0.0045166015625
0.03125 -0.109375 0.1190185546875
0.046875 -0.09375 -0.0054931640625
0.015625 -0.15625 -0.0057373046875
0.015625 -0.1953125 0.1165771484375
0.0 -0.265625 0.1158447265625
0.015625 -0.25 -0.0086669921875
