CONSTRUCTION_BARREL
0.1796875 0.046875 -0.3984375
0.1796875 0.03515625 0.076904296875
0.1953125 -0.0234375 -0.399658203125
0.1484375 0.10546875 0.076904296875
0.1640625 0.03125 0.194580078125
0.1171875 0.1640625 0.0755615234375
0.1328125 0.11328125 0.1484375
0.1328125 0.109375 -0.400390625
0.1796875 -0.04296875 0.075439453125
0.1484375 0.0390625 -0.162750244140625
0.1484375 0.0390625 0.1484375
0.1015625 0.17578125 0.148193359375
0.1640625 -0.03515625 -0.163421630859375
0.1171875 0.109375 -0.3282470703125
0.1171875 0.09765625 -0.163726806640625
0.1640625 -0.0390625 0.19384765625
0.1171875 0.09375 0.193359375
0.1328125 0.046875 0.31298828125
0.0859375 0.17578125 -0.3282470703125
0.0859375 0.16796875 -0.165008544921875
0.0859375 0.16796875 -0.4033203125
0.1484375 -0.01953125 0.3125
0.1484375 -0.03515625 0.14697265625
0.1015625 0.11328125 0.3125
0.1640625 -0.1015625 -0.16473388671875
0.1171875 0.0390625 -0.32958984375
0.1640625 -0.10546875 -0.404052734375
0.0546875 0.21875 0.0721435546875
0.0703125 0.15234375 0.19189453125
0.0390625 0.2421875 -0.3306884765625
0.0390625 0.23046875 0.145263671875
0.0546875 0.171875 0.310546875
0.0234375 0.21875 -0.408447265625
0.0078125 0.21875 -0.1702117919921875
0.1328125 -0.171875 -0.3331298828125
0.0078125 0.20703125 0.188232421875
0.1484375 -0.25390625 -0.408935546875
-0.0390625 0.26953125 0.0673828125
-0.0546875 0.28125 0.14111328125
-0.0703125 0.2734375 -0.41455078125
0.0859375 -0.28125 -0.175811767578125
-0.1953125 0.015625 0.41455078125
