CONSTRUCTION_BARREL
-0.0693359375 0.16796875 -0.37664794921875
-0.0498046875 0.17578125 -0.3441162109375
-0.0771484375 0.16015625 -0.3448486328125
-0.0947265625 0.14453125 -0.37908935546875
-0.1044921875 0.13671875 -0.34710693359375
-0.0380859375 0.16796875 -0.37823486328125
-0.1201171875 0.12890625 -0.38140869140625
-0.1220703125 0.12890625 0.01605224609375
-0.0341796875 0.16796875 0.01800537109375
-0.0615234375 0.15234375 0.01605224609375
-0.0068359375 0.17578125 -0.37823486328125
-0.0927734375 0.13671875 0.01605224609375
0.0126953125 0.18359375 -0.34613037109375
-0.0185546875 0.16796875 -0.34619140625
-0.0068359375 0.17578125 0.01727294921875
-0.1474609375 0.10546875 0.01361083984375
0.0244140625 0.18359375 -0.37908935546875
-0.1552734375 0.09765625 -0.35223388671875
-0.1279296875 0.10546875 -0.3521728515625
0.0517578125 0.19140625 -0.37982177734375
-0.1455078125 0.09765625 -0.38531494140625
0.0439453125 0.18359375 -0.3468017578125
0.0283203125 0.17578125 0.01556396484375
0.0830078125 0.19140625 -0.38067626953125
0.0791015625 0.18359375 -0.349609375
-0.1689453125 0.06640625 0.00872802734375
-0.1767578125 0.05859375 -0.3572998046875
-0.1669921875 0.05859375 -0.39080810546875
-0.0341796875 0.12890625 0.18035888671875
0.0634765625 0.16796875 0.01239013671875
0.0244140625 0.15234375 0.18084716796875
-0.0029296875 0.13671875 0.17987060546875
-0.0615234375 0.10546875 0.17816162109375
-0.0810546875 0.09765625 0.26239013671875
-0.0849609375 0.08984375 0.17718505859375
-0.1142578125 0.07421875 0.17669677734375
-0.0537109375 0.10546875 0.26287841796875
0.1220703125 0.17578125 -0.38690185546875
0.0048828125 0.12890625 0.26287841796875
0.1142578125 0.16796875 -0.3531494140625
-0.1083984375 0.07421875 0.26068115234375
-0.1982421875 0.01953125 -0.36309814453125
-0.0224609375 0.11328125 0.26287841796875
0.0595703125 0.14453125 0.17840576171875
-0.1884765625 0.01953125 -0.39703369140625
-0.1865234375 0.01953125 0.00250244140625
-0.1416015625 0.04296875 0.17425537109375
0.0908203125 0.15234375 0.17864990234375
-0.2119140625 -0.00390625 -0.40106201171875
0.1025390625 0.14453125 0.00799560546875
-0.2216796875 -0.01171875 -0.36737060546875
0.0400390625 0.12109375 0.26141357421875
0.1220703125 0.15234375 0.17718505859375
-0.2099609375 -0.01171875 -0.00177001953125
-0.1279296875 0.03515625 0.25677490234375
-0.1572265625 0.01953125 0.25579833984375
0.0712890625 0.12109375 0.25970458984375
0.1533203125 0.14453125 0.17572021484375
0.1572265625 0.13671875 -0.36236572265625
-0.2392578125 -0.05859375 -0.37530517578125
-0.1787109375 -0.01953125 0.25213623046875
0.1064453125 0.11328125 0.25726318359375
0.1455078125 0.12109375 0.00189208984375
0.1728515625 0.12890625 -0.39788818359375
-0.1533203125 -0.01953125 0.16693115234375
0.1416015625 0.11328125 0.25579833984375
-0.2236328125 -0.07421875 -0.41351318359375
-0.2236328125 -0.07421875 -0.00982666015625
-0.1728515625 -0.06640625 0.16253662109375
-0.1943359375 -0.07421875 0.24554443359375
0.2041015625 0.10546875 0.16864013671875
0.1884765625 0.08984375 -0.00421142578125
0.1845703125 0.08203125 0.25067138671875
0.2392578125 0.02734375 -0.01654052734375
0.0166015625 -0.10546875 0.41351318359375
-0.0341796875 -0.16796875 0.40960693359375
0.0556640625 -0.12890625 0.41058349609375
-0.0615234375 -0.19140625 0.40765380859375
0.1025390625 -0.17578125 0.40423583984375
