CONSTRUCTION_BARREL
-0.140625 0.0538330078125 -0.37896728515625
-0.140625 -0.0494384765625 -0.46685791015625
-0.140625 0.0557861328125 -0.29351806640625
-0.140625 -0.0428466796875 -0.29400634765625
-0.140625 0.1033935546875 0.05145263671875
-0.125 0.0538330078125 -0.46783447265625
-0.125 0.145751953125 -0.37994384765625
-0.125 0.164306640625 -0.29449462890625
-0.125 -0.0535888671875 -0.37969970703125
-0.125 -0.1534423828125 -0.46783447265625
-0.140625 0.2818603515625 0.47137451171875
-0.125 0.0323486328125 -0.12139892578125
-0.125 0.0479736328125 -0.03887939453125
-0.125 -0.0003662109375 0.05145263671875
-0.125 -0.0662841796875 0.22381591796875
-0.125 0.0638427734375 0.30145263671875
-0.109375 -0.0716552734375 -0.12237548828125
-0.109375 -0.0545654296875 -0.03887939453125
-0.109375 0.173828125 0.13104248046875
-0.109375 0.071533203125 0.13153076171875
-0.109375 0.0372314453125 0.22381591796875
-0.109375 -0.0435791015625 0.30145263671875
-0.09375 -0.1468505859375 -0.29571533203125
-0.09375 0.150146484375 -0.03985595703125
-0.09375 -0.1097412109375 0.04998779296875
-0.09375 -0.1705322265625 0.22332763671875
-0.078125 -0.1514892578125 -0.38140869140625
-0.078125 -0.0311279296875 0.13104248046875
-0.0625 -0.1707763671875 -0.12335205078125
-0.0625 -0.1527099609375 -0.04034423828125
-0.046875 -0.2530517578125 -0.47137451171875
-0.046875 -0.1419677734375 0.30047607421875
-0.015625 -0.2701416015625 0.22186279296875
0.015625 -0.2525634765625 -0.30035400390625
0.015625 -0.2818603515625 -0.12677001953125
0.015625 -0.1351318359375 0.12908935546875
0.03125 -0.2159423828125 0.04608154296875
0.046875 0.110595703125 0.39324951171875
0.140625 0.0106201171875 0.39129638671875
