CONSTRUCTION_BARREL
0.125 0.119140625 -0.017181396484375
0.09375 0.150390625 -0.017669677734375
0.0703125 0.169921875 -0.10650634765625
0.1484375 0.083984375 -0.0172119140625
0.171875 0.052734375 -0.0177001953125
0.125 0.099609375 -0.106414794921875
0.09375 0.138671875 -0.3751220703125
0.0546875 0.173828125 -0.019683837890625
0.1171875 0.111328125 0.2276611328125
0.09375 0.130859375 -0.1064453125
0.0546875 0.177734375 0.2274169921875
0.0859375 0.142578125 0.2279052734375
0.1171875 0.107421875 -0.3746337890625
0.03125 0.193359375 -0.108001708984375
0.1484375 0.064453125 -0.10687255859375
0.015625 0.205078125 -0.02117919921875
0.140625 0.072265625 -0.3753662109375
0.1328125 0.072265625 0.2269287109375
0.171875 0.025390625 -0.1072998046875
0.015625 0.197265625 0.2247314453125
0.046875 0.162109375 -0.3787841796875
0.1875 0.001953125 -0.020263671875
0.15625 0.029296875 0.2257080078125
-0.015625 0.208984375 -0.11199951171875
0.15625 0.029296875 -0.3782958984375
0.0078125 0.185546875 -0.3814697265625
0.1875 -0.021484375 -0.1097412109375
0.203125 -0.041015625 -0.022796630859375
0.171875 -0.013671875 0.2239990234375
-0.046875 0.208984375 0.2210693359375
-0.0546875 0.205078125 -0.0282440185546875
0.15625 -0.025390625 -0.3831787109375
-0.0546875 0.197265625 -0.3868408203125
0.0859375 0.041015625 0.4024658203125
-0.0859375 0.212890625 -0.11846923828125
0.171875 -0.072265625 -0.3870849609375
0.0234375 0.080078125 0.4029541015625
0.0078125 0.095703125 0.4002685546875
-0.0234375 0.126953125 0.3995361328125
-0.1171875 0.205078125 0.2144775390625
-0.1171875 0.201171875 -0.3941650390625
-0.0625 0.146484375 0.3975830078125
-0.125 0.201171875 -0.0358123779296875
0.015625 0.044921875 0.3975830078125
0.03125 0.025390625 0.4005126953125
-0.078125 0.107421875 0.3975830078125
-0.0546875 0.072265625 0.3973388671875
0.1484375 -0.150390625 -0.3961181640625
-0.1328125 0.154296875 0.3931884765625
-0.1171875 0.134765625 0.3963623046875
0.03125 -0.056640625 0.3927001953125
-0.203125 0.181640625 -0.13232421875
0.1484375 -0.212890625 -0.4029541015625
