CONSTRUCTION_BARREL
-0.060546875 0.16796875 -0.34326171875
-0.087890625 0.15234375 -0.343994140625
-0.072265625 0.16015625 0.01751708984375
-0.04296875 0.16796875 -0.37567138671875
-0.072265625 0.15234375 -0.37640380859375
-0.02734375 0.16796875 -0.3453369140625
-0.09765625 0.13671875 0.01556396484375
0.03125 0.19140625 -0.344482421875
0.015625 0.18359375 -0.37567138671875
-0.041015625 0.16015625 0.01629638671875
-0.126953125 0.12109375 0.01434326171875
0.001953125 0.17578125 -0.34454345703125
-0.01171875 0.16796875 -0.37725830078125
-0.095703125 0.12890625 -0.38043212890625
-0.138671875 0.10546875 -0.3505859375
-0.154296875 0.09765625 -0.38275146484375
-0.15234375 0.09765625 0.01190185546875
-0.009765625 0.16015625 0.01556396484375
-0.123046875 0.10546875 -0.38275146484375
0.048828125 0.18359375 -0.37799072265625
-0.1640625 0.08203125 -0.353515625
0.060546875 0.18359375 -0.3472900390625
-0.109375 0.10546875 -0.35125732421875
0.021484375 0.16796875 0.01434326171875
-0.17578125 0.07421875 0.00897216796875
-0.17578125 0.06640625 -0.38751220703125
0.0546875 0.16796875 0.01312255859375
0.080078125 0.17578125 -0.38116455078125
-0.1875 0.05078125 -0.35711669921875
-0.015625 0.12890625 0.17767333984375
-0.044921875 0.11328125 0.17718505859375
-0.0703125 0.09765625 0.17572021484375
0.015625 0.13671875 0.17742919921875
-0.060546875 0.10546875 0.26092529296875
-0.087890625 0.08984375 0.25994873046875
-0.197265625 0.02734375 -0.39447021484375
-0.1953125 0.02734375 0.00274658203125
-0.09765625 0.07421875 0.17425537109375
0.091796875 0.15234375 0.00897216796875
-0.2109375 0.01171875 -0.3629150390625
0.046875 0.13671875 0.17645263671875
-0.02734375 0.10546875 0.25994873046875
-0.11328125 0.06640625 0.25799560546875
-0.123046875 0.05078125 0.17205810546875
0.119140625 0.15234375 -0.38751220703125
0.03125 0.12109375 0.25994873046875
0.080078125 0.13671875 0.17547607421875
0.005859375 0.10546875 0.25848388671875
0.111328125 0.13671875 -0.35797119140625
-0.140625 0.03515625 0.25531005859375
-0.146484375 0.02734375 0.16961669921875
0.138671875 0.14453125 -0.35791015625
0.111328125 0.13671875 0.17401123046875
-0.23046875 -0.02734375 -0.36944580078125
-0.21484375 -0.01953125 -0.00347900390625
0.158203125 0.14453125 -0.39215087890625
-0.16015625 0.00390625 0.25189208984375
-0.212890625 -0.03515625 -0.40545654296875
0.072265625 0.10546875 0.25604248046875
-0.185546875 -0.02734375 0.24871826171875
0.150390625 0.12109375 0.17132568359375
0.138671875 0.10546875 0.00030517578125
0.103515625 0.09765625 0.25384521484375
-0.162109375 -0.03515625 0.16278076171875
-0.234375 -0.07421875 -0.41180419921875
-0.234375 -0.07421875 -0.01080322265625
0.134765625 0.09765625 0.25286865234375
0.181640625 0.10546875 -0.366455078125
-0.244140625 -0.09765625 -0.38165283203125
0.193359375 0.09765625 0.16644287109375
0.177734375 0.08203125 -0.00469970703125
-0.185546875 -0.08203125 0.15838623046875
-0.19921875 -0.09765625 0.24066162109375
0.177734375 0.06640625 0.24774169921875
0.224609375 0.03515625 -0.01385498046875
0.244140625 0.01953125 -0.38494873046875
0.001953125 -0.10546875 0.41180419921875
-0.07421875 -0.19140625 0.40545654296875
0.046875 -0.14453125 0.40594482421875
