CONSTRUCTION_BARREL
0.09765625 0.125 -0.0202484130859375
0.12890625 0.08984375 -0.019744873046875
0.06640625 0.1484375 -0.0217742919921875
0.09765625 0.1171875 0.2281494140625
0.08984375 0.12109375 -0.1082763671875
0.14453125 0.05078125 -0.020751953125
0.05859375 0.1484375 0.2269287109375
0.05078125 0.1484375 -0.10931396484375
0.08984375 0.109375 -0.3822021484375
0.12109375 0.07421875 -0.3822021484375
0.10546875 0.08203125 -0.1092529296875
0.01953125 0.17578125 -0.0238037109375
0.11328125 0.07421875 0.2269287109375
0.14453125 0.04296875 -0.3822021484375
0.01953125 0.17578125 0.2254638671875
0.05078125 0.13671875 -0.3846435546875
0.01171875 0.171875 -0.11187744140625
0.12890625 0.04296875 -0.10968017578125
0.16015625 0.00390625 -0.0232696533203125
0.15234375 0.0 -0.111083984375
0.01171875 0.16015625 -0.3870849609375
-0.02734375 0.19140625 -0.02733612060546875
0.12109375 0.03125 0.2247314453125
-0.02734375 0.19140625 0.2225341796875
0.08984375 0.0703125 0.4078369140625
0.02734375 0.13671875 0.4075927734375
0.17578125 -0.04296875 -0.025787353515625
-0.02734375 0.18359375 -0.3902587890625
0.11328125 0.03125 0.4071044921875
0.16796875 -0.04296875 -0.113037109375
-0.04296875 0.1875 -0.1158447265625
0.14453125 -0.015625 -0.3878173828125
-0.01171875 0.16015625 0.4051513671875
0.13671875 -0.015625 0.2230224609375
0.04296875 0.08984375 0.4056396484375
0.12890625 -0.01171875 0.4063720703125
-0.08203125 0.20703125 0.2191162109375
-0.08984375 0.20703125 -0.119384765625
-0.08984375 0.19921875 -0.0334014892578125
0.05859375 0.046875 0.4080810546875
0.08984375 0.01171875 0.4085693359375
0.15234375 -0.06640625 0.2208251953125
0.02734375 0.07421875 0.4075927734375
0.15234375 -0.06640625 -0.3922119140625
-0.03515625 0.140625 0.4071044921875
-0.08984375 0.19140625 -0.3970947265625
-0.07421875 0.171875 0.4058837890625
0.16015625 -0.10546875 -0.117919921875
-0.08203125 0.1640625 0.4007568359375
0.12109375 -0.07421875 0.4014892578125
-0.12109375 0.18359375 0.4029541015625
0.15234375 -0.12109375 -0.3970947265625
0.08203125 -0.05078125 0.4049072265625
-0.16015625 0.1953125 -0.4056396484375
-0.13671875 0.171875 0.3970947265625
-0.17578125 0.19140625 0.2100830078125
0.09765625 -0.15234375 0.3956298828125
0.12890625 -0.20703125 -0.4085693359375
0.01953125 -0.16015625 0.3951416015625
