CONSTRUCTION_BARREL
0.3515625 -0.23046875 0.4931640625
0.2265625 -0.12890625 0.48876953125
0.0390625 -0.046875 0.0009765625
0.0234375 -0.0390625 -0.482177734375
0.0390625 -0.109375 -0.482421875
0.0390625 -0.12109375 -0.000244140625
-0.0078125 0.015625 -0.000244140625
0.0078125 -0.04296875 -0.2415771484375
0.0078125 -0.03125 0.240478515625
-0.0078125 0.00390625 0.07568359375
0.0234375 -0.109375 -0.2415771484375
-0.1015625 0.296875 -0.484619140625
0.0234375 -0.1015625 0.240234375
0.0078125 -0.06640625 0.0751953125
-0.0390625 0.07421875 -0.40625
-0.0234375 0.01953125 -0.243194580078125
-0.0234375 0.0234375 -0.483642578125
0.0234375 -0.125 0.119140625
-0.0390625 0.06640625 0.074462890625
0.0390625 -0.1875 -0.484619140625
-0.0234375 0.0 -0.406494140625
-0.0078125 -0.05078125 0.119140625
-0.0078125 -0.06640625 -0.40673828125
-0.0546875 0.078125 -0.002197265625
-0.0703125 0.12890625 0.073486328125
-0.0390625 0.03125 0.2392578125
-0.0390625 0.015625 0.1181640625
0.0234375 -0.1875 -0.2445068359375
0.0234375 -0.19140625 0.11767578125
-0.0703125 0.08203125 -0.2454833984375
-0.0703125 0.0859375 -0.486083984375
-0.1640625 0.3515625 -0.48876953125
-0.1015625 0.140625 -0.004638671875
0.0234375 -0.265625 -0.488037109375
-0.0859375 0.06640625 0.115478515625
-0.1328125 0.2109375 -0.48876953125
-0.0234375 -0.14453125 -0.4100341796875
-0.1328125 0.140625 -0.248748779296875
-0.0078125 -0.26953125 -0.248077392578125
-0.1171875 0.0859375 0.23583984375
-0.1484375 0.12890625 -0.4931640625
-0.1484375 0.12890625 0.113037109375
-0.0078125 -0.3515625 -0.492919921875
-0.1796875 0.17578125 0.068359375
-0.0546875 -0.234375 -0.4154052734375
-0.1953125 0.18359375 -0.010009765625
-0.1171875 -0.140625 0.35302734375
-0.2578125 -0.11328125 0.34619140625
-0.3515625 -0.0625 0.34228515625
