CONSTRUCTION_BARREL
0.203125 -0.00390625 -0.12139892578125
0.171875 0.08203125 -0.12109375
0.1875 -0.00390625 0.02313232421875
0.171875 0.01953125 0.169189453125
0.15625 0.05078125 -0.00200653076171875
0.125 0.1328125 -0.00252532958984375
0.109375 0.15234375 -0.12335205078125
0.125 0.08203125 -0.41650390625
0.125 0.06640625 0.021392822265625
0.171875 -0.07421875 0.1676025390625
0.109375 0.0859375 0.1668701171875
0.171875 -0.09765625 0.02081298828125
0.0625 0.203125 -0.00496673583984375
0.171875 -0.10546875 -0.12506103515625
0.0625 0.14453125 -0.419677734375
0.015625 0.20703125 -0.129150390625
0.15625 -0.20703125 0.016937255859375
0.03125 0.125 0.01678466796875
0.125 -0.20703125 -0.1309814453125
-0.015625 0.13671875 0.16064453125
0.078125 -0.15234375 -0.011051177978515625
-0.046875 -0.05859375 0.3017578125
-0.171875 0.03515625 0.419677734375
-0.203125 -0.01953125 0.294921875
