CONSTRUCTION_BARREL
-0.1328125 -0.13916015625 -0.47784423828125
-0.1328125 -0.06201171875 -0.4776611328125
-0.1328125 0.01708984375 -0.478271484375
-0.1015625 -0.21533203125 -0.4794921875
-0.1171875 0.09716796875 -0.48052978515625
-0.0859375 0.03173828125 -0.27386474609375
-0.0703125 -0.06201171875 -0.35076904296875
-0.0703125 0.01708984375 -0.35125732421875
-0.0703125 0.01123046875 -0.22161865234375
-0.0546875 -0.13916015625 -0.35174560546875
-0.0703125 0.10986328125 -0.27532958984375
-0.0546875 -0.07080078125 -0.22161865234375
-0.0546875 -0.03662109375 -0.27435302734375
-0.0703125 0.18017578125 -0.48443603515625
-0.0390625 -0.14404296875 -0.22283935546875
-0.0546875 0.09228515625 -0.22332763671875
-0.0234375 -0.28955078125 -0.48382568359375
-0.0546875 -0.03662109375 0.36920166015625
-0.0546875 0.04150390625 0.36871337890625
-0.0078125 -0.11767578125 -0.27679443359375
-0.0234375 0.10009765625 -0.35467529296875
0.0078125 -0.21337890625 -0.35467529296875
0.0234375 -0.21728515625 -0.22601318359375
0.0078125 0.18212890625 -0.35723876953125
0.0390625 -0.18408203125 -0.27923583984375
0.0859375 -0.28662109375 -0.35943603515625
0.0703125 -0.18212890625 0.36627197265625
0.1015625 -0.29150390625 -0.22967529296875
0.0703125 0.26806640625 -0.49420166015625
0.1015625 0.25830078125 -0.23333740234375
0.0859375 0.22509765625 0.49420166015625
0.1328125 -0.25537109375 0.36529541015625
0.1171875 0.14111328125 0.49420166015625
0.1328125 0.29150390625 0.36236572265625
