CONSTRUCTION_BARREL
0.10546875 0.1171875 -0.028486251831054688
0.07421875 0.1484375 -0.028985023498535156
0.12890625 0.08203125 -0.028493881225585938
0.07421875 0.14453125 0.2225341796875
0.09765625 0.11328125 0.2225341796875
0.07421875 0.140625 -0.3946533203125
0.03515625 0.17578125 -0.031000137329101562
0.03515625 0.17578125 0.22119140625
0.09765625 0.109375 -0.3941650390625
0.15234375 0.0390625 -0.030019760131835938
0.12890625 0.0703125 -0.3946533203125
0.07421875 0.11328125 -0.11627197265625
0.09765625 0.08203125 -0.1162109375
0.02734375 0.16796875 -0.3978271484375
0.08203125 0.109375 0.4066162109375
0.01953125 0.17578125 0.4056396484375
0.11328125 0.0625 0.2203369140625
0.03515625 0.14453125 -0.1177978515625
-0.00390625 0.1953125 -0.3983154296875
0.14453125 0.02734375 -0.3966064453125
0.04296875 0.140625 0.4056396484375
0.10546875 0.0703125 0.4058837890625
-0.01171875 0.19140625 0.21826171875
-0.01953125 0.1953125 -0.034534454345703125
-0.00390625 0.17578125 -0.11883544921875
0.16015625 -0.01171875 -0.033061981201171875
0.11328125 0.03515625 -0.11810302734375
0.12890625 0.01953125 0.2191162109375
-0.05078125 0.22265625 -0.4019775390625
0.02734375 0.13671875 0.4107666015625
-0.04296875 0.203125 -0.120849609375
-0.01171875 0.16796875 0.4100341796875
0.15234375 -0.0234375 -0.4010009765625
0.12890625 -0.0078125 -0.12005615234375
0.04296875 0.09765625 0.4102783203125
0.07421875 0.0625 0.4102783203125
0.11328125 0.015625 0.4031982421875
0.16796875 -0.05859375 -0.036102294921875
-0.07421875 0.20703125 -0.039581298828125
0.13671875 -0.02734375 0.2169189453125
-0.07421875 0.20703125 0.2139892578125
-0.08984375 0.21875 -0.1243896484375
0.16796875 -0.06640625 -0.4027099609375
0.14453125 -0.05078125 -0.1219482421875
-0.05859375 0.1875 0.4078369140625
-0.10546875 0.23828125 -0.4075927734375
-0.05078125 0.17578125 0.4002685546875
0.12109375 -0.02734375 0.4014892578125
0.08203125 0.015625 0.4085693359375
-0.13671875 0.21484375 0.2088623046875
0.16796875 -0.12109375 -0.4075927734375
-0.11328125 0.1875 0.3961181640625
-0.12109375 0.19140625 0.4036865234375
0.08203125 -0.04296875 0.4056396484375
-0.15234375 0.20703125 -0.04766845703125
0.12109375 -0.08984375 0.3975830078125
0.18359375 -0.16796875 -0.4107666015625
-0.16796875 0.21484375 0.4017333984375
-0.18359375 0.20703125 -0.13482666015625
0.08203125 -0.09765625 0.4024658203125
0.12109375 -0.18359375 -0.13421630859375
0.04296875 -0.18359375 0.3958740234375
0.07421875 -0.23828125 0.3856201171875
