CONSTRUCTION_BARREL
-0.02734375 0.1796875 -0.3720703125
-0.056640625 0.1640625 -0.3441162109375
-0.0546875 0.1640625 -0.37359619140625
-0.083984375 0.1484375 -0.34564208984375
-0.083984375 0.1484375 -0.3743896484375
-0.025390625 0.171875 -0.34478759765625
0.001953125 0.1796875 -0.3447265625
0.00390625 0.1796875 -0.3736572265625
0.033203125 0.1875 -0.34466552734375
0.033203125 0.1875 -0.3736572265625
-0.078125 0.1328125 0.0113525390625
0.064453125 0.1875 -0.3460693359375
-0.01953125 0.15625 0.0125732421875
-0.10546875 0.1171875 -0.35137939453125
0.064453125 0.1875 -0.37518310546875
0.009765625 0.15625 0.0120849609375
-0.046875 0.1328125 0.0108642578125
-0.103515625 0.109375 0.0089111328125
-0.1328125 0.09375 -0.383056640625
0.09765625 0.1875 -0.37677001953125
0.041015625 0.1640625 0.0113525390625
0.095703125 0.1796875 -0.34814453125
-0.130859375 0.0859375 0.0064697265625
-0.1015625 0.09375 -0.38458251953125
-0.158203125 0.0703125 -0.35650634765625
-0.044921875 0.125 0.1712646484375
0.12890625 0.1875 -0.37835693359375
-0.015625 0.1328125 0.1717529296875
-0.12890625 0.0703125 -0.35791015625
-0.15625 0.0625 0.0040283203125
0.07421875 0.15625 0.0093994140625
0.04296875 0.1484375 0.1719970703125
-0.0703125 0.1015625 0.1693115234375
0.013671875 0.1328125 0.1710205078125
-0.154296875 0.0546875 -0.39013671875
0.07421875 0.15625 0.1715087890625
-0.095703125 0.078125 0.1673583984375
-0.181640625 0.03125 -0.3623046875
0.13671875 0.15625 -0.3544921875
-0.17578125 0.03125 -0.0008544921875
-0.0390625 0.09375 0.2528076171875
0.103515625 0.1484375 0.1705322265625
-0.01171875 0.1015625 0.2537841796875
-0.068359375 0.078125 0.2518310546875
0.109375 0.140625 0.0057373046875
0.01953125 0.109375 0.2532958984375
-0.17578125 0.015625 -0.3970947265625
0.046875 0.1171875 0.2537841796875
0.13671875 0.1484375 0.1693115234375
-0.09375 0.0546875 0.2498779296875
-0.12109375 0.0390625 0.1632080078125
0.078125 0.1171875 0.2523193359375
0.16796875 0.140625 -0.3580322265625
-0.203125 -0.015625 -0.3702392578125
0.173828125 0.1328125 -0.390869140625
-0.119140625 0.0234375 0.2469482421875
-0.19921875 -0.0234375 -0.4041748046875
-0.146484375 0.0078125 0.2454833984375
0.1484375 0.1171875 0.0003662109375
0.177734375 0.125 0.1654052734375
-0.13671875 -0.0078125 0.1578369140625
0.1171875 0.09375 0.2489013671875
-0.193359375 -0.046875 -0.0120849609375
-0.224609375 -0.0625 -0.37750244140625
0.1484375 0.1015625 0.2484130859375
0.185546875 0.09375 -0.0040283203125
-0.162109375 -0.0625 0.2376708984375
0.1875 0.078125 0.2440185546875
-0.15625 -0.0703125 0.1514892578125
0.220703125 0.078125 0.1588134765625
0.224609375 0.0703125 -0.0096435546875
-0.185546875 -0.1015625 0.2332763671875
0.0078125 -0.1015625 0.4041748046875
0.044921875 -0.125 0.4012451171875
0.126953125 -0.1875 0.3919677734375
