BOLLARD
-0.05859375 0.0283203125 0.0126953125
-0.044921875 0.0419921875 0.01611328125
-0.064453125 0.0185546875 0.00927734375
-0.048828125 0.0283203125 0.010986328125
-0.068359375 0.0048828125 0.004150390625
-0.03515625 0.0419921875 0.014404296875
-0.07421875 -0.0068359375 0.000732421875
-0.080078125 -0.0205078125 -0.00439453125
-0.017578125 0.0478515625 0.0126953125
-0.0234375 0.0361328125 0.009521484375
-0.080078125 -0.0478515625 -0.01611328125
0.013671875 0.0458984375 0.006103515625
0.0078125 0.0380859375 0.00439453125
0.001953125 0.0283203125 0.0009765625
0.0234375 0.0458984375 0.00439453125
0.033203125 0.0478515625 0.002685546875
0.044921875 0.0439453125 -0.000732421875
0.052734375 0.0478515625 -0.000732421875
0.068359375 0.0400390625 -0.00732421875
0.080078125 0.0341796875 -0.012451171875
