BOLLARD
-0.0050048828125 -0.1015625 -0.4423980712890625
-0.0098876953125 -0.1015625 -0.1580352783203125
-0.0167236328125 -0.0625 -0.2342071533203125
0.0260009765625 -0.0546875 -0.4485626220703125
-0.0531005859375 -0.0546875 -0.2361602783203125
0.0216064453125 -0.078125 0.1818084716796875
0.0216064453125 -0.0546875 -0.1629180908203125
-0.0150146484375 -0.0703125 0.1808319091796875
0.0570068359375 -0.0546875 0.1798553466796875
0.0145263671875 -0.03125 -0.2378692626953125
-0.0015869140625 -0.0703125 0.4166717529296875
0.0550537109375 -0.03125 -0.1660919189453125
0.0584716796875 -0.0234375 -0.4535064697265625
-0.0177001953125 -0.0625 0.4205780029296875
0.0328369140625 -0.0546875 0.4156951904296875
0.0062255859375 -0.0546875 0.4742889404296875
-0.0101318359375 -0.03125 0.2955780029296875
0.0260009765625 -0.03125 0.2955780029296875
0.0675048828125 -0.0390625 0.4147186279296875
0.0406494140625 -0.0390625 0.4738006591796875
0.0140380859375 -0.03125 0.4191131591796875
-0.0350341796875 -0.0078125 0.4713592529296875
-0.0491943359375 0.015625 0.2916717529296875
0.0562744140625 0.0234375 0.2916717529296875
-0.0675048828125 0.03125 0.4152069091796875
-0.0592041015625 0.1015625 -0.4742889404296875
