BOLLARD
0.08984375 -0.09375 0.35296630859375
0.05078125 -0.078125 -0.22247314453125
0.05078125 -0.0703125 -0.42498779296875
0.05859375 -0.0703125 0.18695068359375
0.04296875 -0.0625 -0.05963134765625
0.04296875 -0.0625 0.10394287109375
0.05859375 -0.015625 -0.22564697265625
0.05078125 -0.0078125 -0.43011474609375
0.05859375 -0.0078125 0.10198974609375
0.02734375 -0.015625 -0.20733642578125
0.01953125 -0.0390625 0.26654052734375
0.04296875 0.0078125 -0.06427001953125
0.01953125 -0.0234375 0.13079833984375
0.05859375 0.0 0.34808349609375
0.05078125 0.0078125 0.18304443359375
0.06640625 0.0 0.43011474609375
0.05078125 0.0078125 0.26605224609375
-0.02734375 -0.046875 0.12933349609375
0.01953125 -0.0234375 0.42962646484375
-0.04296875 -0.0390625 -0.06622314453125
0.04296875 0.0234375 0.12982177734375
0.01953125 -0.015625 0.38275146484375
0.03515625 0.046875 -0.20977783203125
-0.04296875 -0.0390625 0.18060302734375
-0.05078125 -0.015625 -0.21173095703125
0.04296875 0.03125 0.38177490234375
0.02734375 0.0859375 -0.23492431640625
0.03515625 0.09375 0.42620849609375
-0.08984375 0.0234375 0.37786865234375
