BOLLARD
0.0546875 -0.0859375 0.16937255859375
0.0703125 -0.03125 0.07464599609375
0.046875 -0.0703125 0.35491943359375
0.0703125 -0.015625 0.35394287109375
0.0390625 -0.0625 0.53997802734375
-0.0078125 -0.046875 0.07171630859375
0.0234375 0.0078125 -0.11651611328125
0.03125 0.0 0.25872802734375
-0.0078125 -0.03125 0.44427490234375
0.015625 0.015625 0.16302490234375
-0.0234375 -0.015625 0.15472412109375
0.03125 0.0625 -0.30633544921875
-0.046875 -0.0625 0.53704833984375
0.0078125 0.046875 -0.21270751953125
-0.0703125 -0.046875 0.15374755859375
-0.015625 0.03125 -0.53912353515625
0.0078125 0.0390625 0.15374755859375
0.03125 0.0703125 0.06829833984375
-0.0234375 -0.0078125 0.42816162109375
-0.0625 -0.046875 0.42767333984375
-0.0390625 0.015625 -0.21441650390625
0.015625 0.078125 -0.53997802734375
0.0078125 0.03125 0.44329833984375
-0.0625 0.0 -0.30926513671875
0.0078125 0.0390625 0.42767333984375
0.0390625 0.078125 0.44281005859375
0.0078125 0.0390625 0.53656005859375
0.0234375 0.0859375 0.25531005859375
