BOLLARD
0.08203125 -0.0625 -0.296661376953125
0.05859375 -0.1015625 0.173919677734375
0.08203125 -0.0546875 0.269622802734375
0.01953125 -0.078125 -0.111724853515625
0.01171875 -0.015625 -0.539337158203125
-0.00390625 -0.0546875 0.359954833984375
0.00390625 -0.0546875 0.548431396484375
0.02734375 -0.0078125 0.359466552734375
0.01953125 0.0 0.168060302734375
-0.01953125 -0.0390625 0.170501708984375
0.01171875 0.0 0.073577880859375
0.00390625 0.0078125 -0.117095947265625
-0.02734375 -0.015625 -0.203277587890625
-0.01953125 -0.0390625 0.452728271484375
0.02734375 0.0546875 -0.307830810546875
0.00390625 0.015625 0.169525146484375
0.00390625 0.03125 -0.203521728515625
0.01171875 0.0078125 0.452728271484375
0.01953125 0.0078125 0.547454833984375
0.01171875 0.015625 0.446868896484375
0.01171875 0.0625 0.071136474609375
-0.07421875 -0.015625 -0.311248779296875
-0.05859375 -0.015625 0.261810302734375
0.01953125 0.0703125 0.262298583984375
-0.08203125 -0.0078125 -0.548431396484375
-0.01171875 0.078125 -0.547454833984375
0.01953125 0.078125 0.450775146484375
-0.01171875 0.1015625 0.354583740234375
