BOLLARD
0.078125 -0.0625 0.42729949951171875
0.078125 -0.0078125 -0.22675323486328125
0.09375 -0.0078125 0.20903778076171875
0.0234375 -0.046875 -0.10297393798828125
0.0703125 0.0078125 0.09917449951171875
0.015625 -0.046875 -0.44757843017578125
0.015625 -0.03125 -0.5318373441696167
0.0546875 0.015625 -0.12006378173828125
0.0546875 0.015625 -0.01020050048828125
0.0390625 0.015625 -0.44879913330078125
0.0546875 0.0 0.42974090576171875
0.0390625 0.0234375 -0.10419464111328125
0.0625 0.0234375 0.42485809326171875
0.046875 -0.0078125 0.5337448120117188
0.0078125 -0.03125 0.20659637451171875
0.03125 0.03125 -0.5337448120117188
0.0 -0.03125 0.21440887451171875
0.0390625 0.0234375 0.21489715576171875
0.078125 0.0625 0.42925262451171875
0.0234375 0.0390625 0.31450653076171875
0.0 0.03125 0.5337448120117188
-0.09375 0.015625 0.5317916870117188
