BOLLARD
-0.0047607421875 0.0625 -0.33056640625
0.1097412109375 0.03125 -0.33154296875
0.0328369140625 0.03125 0.06201171875
-0.0360107421875 0.03125 0.13818359375
-0.0360107421875 0.03125 0.25732421875
0.0665283203125 0.0 -0.2548828125
-0.0506591796875 0.0 -0.2548828125
-0.0648193359375 0.0 -0.05810546875
0.0787353515625 0.0 0.13818359375
-0.0941162109375 0.0 0.06103515625
-0.0589599609375 0.0 0.33349609375
-0.1297607421875 -0.03125 -0.33349609375
0.0616455078125 -0.03125 -0.1357421875
0.0499267578125 -0.03125 -0.05859375
-0.1741943359375 -0.03125 -0.05908203125
0.0831298828125 -0.03125 0.25634765625
0.0567626953125 -0.03125 0.33349609375
0.1795654296875 -0.0625 -0.25634765625
0.1424560546875 -0.0625 0.06005859375
-0.1795654296875 -0.0625 0.33251953125
