BOLLARD
-0.064453125 -0.0546875 -0.293701171875
-0.029296875 -0.046875 -0.297607421875
-0.080078125 0.0 -0.3031005859375
-0.044921875 -0.015625 0.10595703125
0.001953125 -0.03125 -0.22479248046875
-0.052734375 0.0078125 -0.227783203125
0.013671875 -0.03125 -0.3038330078125
-0.021484375 -0.0078125 -0.22772216796875
0.037109375 -0.03125 -0.22686767578125
0.048828125 -0.03125 -0.3077392578125
-0.001953125 0.0 0.10107421875
-0.025390625 0.0078125 0.3077392578125
0.029296875 -0.015625 0.1016845703125
-0.083984375 0.046875 0.3062744140625
-0.052734375 0.03125 0.3062744140625
0.005859375 0.0078125 0.3070068359375
-0.048828125 0.0546875 0.0960693359375
0.044921875 0.015625 0.3045654296875
0.072265625 0.0078125 0.0955810546875
0.083984375 0.0078125 -0.236083984375
