BOLLARD
0.0048370361328125 -0.078125 -0.3067626953125
-0.0240936279296875 -0.078125 -0.308349609375
0.0109405517578125 -0.078125 0.08197021484375
-0.0596771240234375 -0.0546875 -0.3138427734375
-0.0378875732421875 -0.0390625 -0.28497314453125
0.0243072509765625 -0.03125 -0.28411865234375
-0.0081024169921875 -0.03125 -0.28564453125
0.0316925048828125 -0.03125 -0.3145751953125
0.0543365478515625 -0.0234375 -0.2847900390625
0.0617523193359375 -0.0234375 -0.31536865234375
-0.0301361083984375 -0.0234375 0.07269287109375
0.0344085693359375 -0.015625 0.07293701171875
-0.0652923583984375 -0.0078125 0.06903076171875
0.062774658203125 0.0078125 0.07025146484375
0.0735931396484375 0.03125 -0.2933349609375
-0.0324554443359375 0.03125 0.23504638671875
-0.0119476318359375 0.03125 0.31536865234375
-0.0405120849609375 0.03125 0.31488037109375
-0.0735931396484375 0.03125 0.31341552734375
0.0214080810546875 0.0390625 0.31488037109375
-0.0024261474609375 0.046875 0.23455810546875
-0.0663909912109375 0.046875 0.23236083984375
0.0503692626953125 0.0546875 0.31341552734375
0.0220794677734375 0.078125 0.23162841796875
