BOLLARD
0.011474609375 -0.05078125 -0.31549072265625
0.017822265625 -0.05078125 0.08197021484375
-0.020751953125 -0.05078125 -0.31793212890625
0.000732421875 -0.03515625 -0.29241943359375
0.038330078125 -0.02734375 -0.31866455078125
0.030517578125 -0.01953125 -0.29315185546875
-0.035888671875 -0.01953125 -0.29608154296875
0.064208984375 -0.00390625 -0.32257080078125
0.005615234375 -0.01953125 0.33123779296875
0.037841796875 -0.00390625 0.07574462890625
-0.024658203125 -0.01953125 0.33074951171875
0.057861328125 0.00390625 -0.29522705078125
-0.012939453125 -0.01171875 0.24554443359375
-0.059814453125 -0.01953125 0.32855224609375
-0.027587890625 -0.00390625 0.07330322265625
0.034423828125 -0.00390625 0.33026123046875
0.066650390625 0.01171875 0.07452392578125
0.065185546875 0.00390625 0.33026123046875
-0.082275390625 -0.00390625 0.24261474609375
-0.051025390625 0.00390625 0.24261474609375
0.077880859375 0.04296875 -0.30169677734375
0.082275390625 0.05078125 -0.33123779296875
