BOLLARD
-0.05859375 -0.064453125 -0.274322509765625
-0.0703125 -0.037109375 0.294036865234375
-0.05859375 -0.029296875 0.070404052734375
-0.05078125 -0.013671875 -0.282989501953125
-0.0234375 -0.029296875 -0.220245361328125
-0.05859375 0.017578125 -0.286163330078125
-0.03515625 -0.001953125 -0.222503662109375
0.0 -0.044921875 -0.28533935546875
-0.01953125 -0.029296875 0.066009521484375
-0.00390625 -0.048828125 0.066741943359375
-0.046875 -0.009765625 0.235931396484375
-0.046875 0.021484375 -0.223968505859375
0.0234375 -0.060546875 -0.286102294921875
0.0078125 -0.037109375 -0.223052978515625
-0.05859375 0.021484375 0.233978271484375
0.02734375 -0.056640625 -0.222991943359375
-0.0546875 0.021484375 0.287200927734375
-0.0546875 0.056640625 -0.228363037109375
-0.01953125 -0.013671875 0.233978271484375
-0.0390625 0.029296875 0.061614990234375
-0.05078125 0.064453125 -0.294036865234375
-0.0625 0.056640625 0.230560302734375
0.01171875 -0.021484375 0.232025146484375
0.04296875 -0.044921875 0.061126708984375
0.0 -0.009765625 0.285247802734375
0.0703125 -0.052734375 -0.293975830078125
0.0703125 -0.048828125 -0.228668212890625
0.04296875 -0.041015625 0.284271240234375
0.05859375 -0.013671875 0.227630615234375
