BOLLARD
0.083984375 -0.080078125 0.12569427490234375
0.044921875 -0.080078125 -0.20829010009765625
0.041015625 -0.056640625 -0.30506134033203125
0.025390625 -0.083984375 0.26802825927734375
0.041015625 -0.048828125 -0.06034088134765625
0.033203125 -0.060546875 0.19869232177734375
0.009765625 -0.041015625 0.33687591552734375
0.021484375 -0.001953125 0.19429779052734375
-0.029296875 -0.060546875 0.33589935302734375
-0.037109375 -0.041015625 -0.31374549865722656
0.017578125 0.005859375 0.01827239990234375
0.001953125 -0.001953125 -0.33385467529296875
0.029296875 -0.001953125 0.33589935302734375
-0.033203125 -0.033203125 -0.33480072021484375
-0.021484375 -0.025390625 0.01802825927734375
-0.052734375 -0.048828125 -0.21994781494140625
0.021484375 0.021484375 -0.06754302978515625
0.025390625 0.021484375 0.11519622802734375
0.001953125 0.013671875 -0.21994781494140625
-0.072265625 -0.056640625 -0.33623504638671875
-0.037109375 -0.033203125 0.17305755615234375
-0.041015625 -0.033203125 0.11397552490234375
0.009765625 0.029296875 -0.3149595260620117
-0.083984375 -0.060546875 -0.31674671173095703
-0.005859375 -0.001953125 0.26168060302734375
-0.052734375 -0.025390625 -0.06998443603515625
-0.009765625 0.005859375 0.17305755615234375
0.021484375 0.052734375 -0.22147369384765625
0.009765625 0.044921875 -0.33687591552734375
0.029296875 0.076171875 -0.31711626052856445
0.017578125 0.060546875 0.01387786865234375
0.013671875 0.083984375 -0.07230377197265625
