BOLLARD
-0.0546875 -0.048828125 -0.1302490234375
-0.05859375 -0.013671875 -0.1365966796875
-0.07421875 0.005859375 -0.1390380859375
-0.01953125 -0.033203125 -0.1365966796875
-0.046875 -0.005859375 -0.1195068359375
-0.02734375 -0.021484375 -0.1180419921875
0.00390625 -0.037109375 -0.1383056640625
-0.078125 0.029296875 -0.1231689453125
-0.0546875 -0.013671875 0.1461181640625
-0.05859375 0.017578125 -0.1224365234375
-0.03515625 -0.025390625 0.1461181640625
-0.00390625 -0.025390625 -0.1195068359375
-0.078125 0.044921875 -0.1451416015625
-0.06640625 0.013671875 0.1431884765625
0.01953125 -0.025390625 -0.1217041015625
-0.0078125 -0.025390625 0.1446533203125
0.03515625 -0.029296875 -0.1422119140625
-0.07421875 0.048828125 0.1387939453125
0.015625 -0.021484375 0.1422119140625
0.0625 -0.025390625 -0.1461181640625
0.046875 -0.013671875 -0.1251220703125
0.04296875 -0.025390625 0.1407470703125
0.078125 -0.005859375 -0.1295166015625
