BOLLARD
-0.0458984375 -0.03125 -0.1302490234375
-0.0615234375 -0.01171875 -0.1326904296875
-0.0263671875 -0.03515625 -0.1309814453125
-0.0283203125 -0.05859375 0.1429443359375
-0.0048828125 -0.04296875 -0.1312255859375
-0.0771484375 0.0078125 -0.1348876953125
-0.0498046875 -0.0078125 -0.1258544921875
-0.0673828125 0.0078125 -0.1273193359375
-0.0302734375 -0.01171875 -0.1258544921875
0.0224609375 -0.03515625 -0.1351318359375
-0.0068359375 -0.01171875 -0.1273193359375
-0.0771484375 0.04296875 -0.1331787109375
0.0146484375 -0.015625 -0.1280517578125
0.0458984375 -0.03125 -0.1373291015625
-0.0478515625 0.0078125 0.1341552734375
0.0361328125 -0.01953125 -0.1287841796875
-0.0634765625 0.02734375 0.1326904296875
0.0302734375 -0.0234375 0.1341552734375
-0.0751953125 0.05859375 0.1287841796875
0.0634765625 -0.0078125 -0.1324462890625
0.0771484375 -0.015625 -0.1429443359375
0.0673828125 0.0 0.1287841796875
