BOLLARD
-0.0625 -0.005859375 -0.3074951171875
-0.0625 -0.009765625 -0.0330810546875
-0.046875 -0.037109375 0.1566162109375
-0.0234375 -0.021484375 -0.3125
-0.046875 0.041015625 -0.313720703125
-0.015625 -0.021484375 -0.0382080078125
0.0078125 -0.044921875 -0.31494140625
-0.0234375 -0.025390625 0.2928466796875
-0.015625 0.001953125 -0.0714111328125
0.0 -0.029296875 -0.0714111328125
-0.0234375 0.033203125 -0.0718994140625
-0.0234375 0.013671875 0.1517333984375
0.0078125 -0.048828125 0.1522216796875
0.015625 -0.044921875 -0.0396728515625
-0.03125 0.068359375 -0.0736083984375
0.0390625 -0.068359375 -0.3167724609375
-0.015625 0.056640625 -0.0428466796875
-0.0078125 0.056640625 0.1488037109375
0.046875 -0.068359375 0.1492919921875
0.0546875 -0.060546875 -0.0433349609375
0.0390625 -0.033203125 0.2879638671875
0.0625 -0.033203125 -0.0777587890625
0.046875 -0.044921875 0.3167724609375
0.0390625 -0.017578125 0.3162841796875
0.0234375 0.021484375 0.3157958984375
0.0625 -0.060546875 0.2874755859375
0.0234375 0.033203125 0.2869873046875
