BOLLARD
-0.0859375 -0.04296875 -0.021240234375
-0.078125 -0.0390625 0.15625
-0.0703125 -0.03515625 0.2861328125
-0.0546875 0.01171875 -0.287109375
-0.0390625 -0.015625 -0.2877197265625
0.0 -0.03515625 -0.290771484375
0.0234375 -0.0546875 -0.293212890625
-0.0234375 0.02734375 -0.033447265625
-0.015625 0.0234375 -0.0693359375
-0.03125 0.0078125 0.30126953125
0.0078125 -0.02734375 -0.03271484375
-0.0234375 0.06640625 -0.295654296875
-0.0234375 0.05078125 -0.06982421875
-0.0390625 0.0390625 0.30029296875
0.0078125 -0.00390625 -0.06982421875
-0.0078125 -0.01171875 0.2998046875
0.0234375 -0.02734375 -0.0703125
0.0078125 -0.04296875 0.30029296875
-0.015625 0.03515625 0.146484375
0.015625 -0.02734375 0.14697265625
-0.015625 0.0703125 -0.036865234375
0.046875 -0.04296875 -0.035888671875
-0.0078125 0.03125 0.27783203125
0.0390625 -0.05859375 0.298828125
0.046875 -0.046875 0.14501953125
0.0859375 -0.0546875 -0.30126953125
0.0703125 -0.06640625 0.27587890625
0.046875 -0.0078125 0.275390625
0.0859375 -0.0703125 0.2958984375
