BOLLARD
-0.0419921875 0.0625 -0.04296875
0.0087890625 0.0625 0.251953125
0.0107421875 0.03125 -0.3701171875
0.0712890625 0.03125 -0.0439453125
-0.0068359375 0.03125 -0.16259765625
0.0166015625 0.03125 0.044921875
-0.1416015625 0.03125 -0.25146484375
-0.1240234375 0.03125 -0.16259765625
0.0087890625 0.03125 0.1630859375
0.1298828125 0.0 -0.37060546875
0.1318359375 0.0 0.1630859375
-0.1318359375 0.0 -0.37109375
-0.1064453125 0.0 0.044921875
0.0068359375 0.0 0.37109375
-0.1220703125 0.0 0.2509765625
0.1005859375 -0.03125 -0.25244140625
-0.1064453125 0.0 0.37109375
0.1416015625 -0.03125 0.044921875
-0.1240234375 -0.03125 0.162109375
0.1220703125 -0.0625 0.2509765625
0.1259765625 -0.0625 0.37109375
