BOLLARD
0.01373291015625 -0.08203125 -0.1322021484375
0.032379150390625 -0.0703125 -0.1329345703125
-0.00307464599609375 -0.06640625 -0.1639404296875
0.01912689208984375 -0.0625 -0.1632080078125
-0.0120391845703125 -0.0625 -0.1368408203125
-0.034027099609375 -0.05859375 -0.1383056640625
-0.028961181640625 -0.0546875 -0.1673583984375
-0.058013916015625 -0.05078125 -0.1414794921875
0.048675537109375 -0.05078125 -0.1361083984375
0.0347900390625 -0.046875 -0.1651611328125
0.065887451171875 -0.04296875 -0.1368408203125
-0.05413818359375 -0.0390625 -0.1717529296875
0.052276611328125 -0.03515625 -0.1666259765625
0.071197509765625 -0.01953125 -0.1680908203125
0.081573486328125 -0.015625 -0.1414794921875
-0.0384521484375 -0.03125 0.1158447265625
-0.01727294921875 -0.02734375 0.1158447265625
-0.060577392578125 -0.02734375 0.1138916015625
0.025909423828125 -0.02734375 0.1177978515625
0.097259521484375 0.00390625 -0.1446533203125
0.084869384765625 0.0078125 -0.1724853515625
0.045135498046875 -0.01953125 0.1168212890625
0.06256103515625 -0.00390625 0.1153564453125
0.077362060546875 0.0234375 0.1114501953125
0.039581298828125 0.06640625 0.1724853515625
0.016845703125 0.0703125 0.1715087890625
-0.0079803466796875 0.07421875 0.1700439453125
-0.02978515625 0.078125 0.1690673828125
-0.052642822265625 0.078125 0.1680908203125
-0.097259521484375 0.078125 0.1666259765625
-0.076690673828125 0.08203125 0.1666259765625
