BOLLARD
0.01171875 0.0625 -0.342529296875
-0.107421875 0.03125 -0.344482421875
-0.044921875 0.03125 -0.141357421875
0.046875 0.03125 0.060302734375
-0.005859375 0.03125 0.143310546875
-0.025390625 0.03125 0.344482421875
0.126953125 0.0 -0.344482421875
0.0791015625 0.0 -0.141845703125
-0.033203125 0.0 -0.261474609375
-0.0341796875 0.0 -0.058837890625
-0.1689453125 0.0 -0.142333984375
-0.0751953125 0.0 0.060302734375
-0.15625 0.0 -0.058837890625
-0.015625 0.0 0.261474609375
0.087890625 -0.03125 -0.261474609375
0.083984375 -0.03125 -0.059326171875
0.1689453125 -0.03125 0.059326171875
0.111328125 -0.03125 0.143310546875
0.1015625 -0.03125 0.261474609375
0.09765625 -0.03125 0.344482421875
-0.1328125 -0.03125 0.142333984375
-0.134765625 -0.03125 0.261474609375
-0.1474609375 -0.0625 0.344482421875
