BOLLARD
-0.09765625 -0.078125 0.08380126953125
-0.07421875 -0.0234375 -0.30548095703125
-0.05859375 -0.060546875 -0.08270263671875
-0.06640625 -0.025390625 0.21319580078125
0.00390625 -0.08203125 -0.31304931640625
-0.00390625 -0.044921875 -0.31304931640625
-0.01953125 -0.0078125 -0.08905029296875
-0.01953125 0.04296875 -0.33294677734375
-0.00390625 0.005859375 -0.33245849609375
0.01171875 -0.03125 -0.33245849609375
-0.01171875 0.04296875 -0.31610107421875
0.01953125 -0.078125 0.07354736328125
0.00390625 0.001953125 0.07208251953125
0.00390625 -0.041015625 0.34210205078125
0.03515625 -0.068359375 -0.09197998046875
0.04296875 -0.060546875 -0.33489990234375
-0.00390625 0.0390625 0.20635986328125
0.03515625 -0.064453125 0.12628173828125
0.01171875 0.009765625 0.12579345703125
0.05859375 -0.10546875 -0.09295654296875
0.02734375 -0.02734375 0.12579345703125
0.02734375 -0.0390625 0.20635986328125
0.01171875 -0.001953125 0.34112548828125
0.06640625 -0.103515625 0.07012939453125
0.05078125 -0.07421875 0.20538330078125
0.01953125 0.04296875 0.33966064453125
0.08203125 -0.091796875 0.12335205078125
0.06640625 -0.0625 0.33917236328125
0.04296875 0.10546875 -0.34210205078125
0.09765625 -0.095703125 0.33770751953125
