BOLLARD
0.0556640625 -0.06640625 -0.2213134765625
0.0634765625 -0.0390625 -0.2252197265625
0.0146484375 -0.0546875 -0.2283935546875
0.0283203125 -0.06640625 0.0775146484375
-0.0126953125 -0.05078125 -0.2596435546875
-0.0146484375 -0.05078125 -0.2322998046875
0.0048828125 -0.0390625 -0.2596435546875
0.0732421875 -0.0078125 -0.2291259765625
0.0693359375 0.0 -0.258056640625
0.0458984375 -0.0078125 -0.259521484375
0.0830078125 0.015625 -0.2322998046875
0.0166015625 -0.01171875 -0.26171875
0.0263671875 -0.0234375 0.0721435546875
-0.0224609375 -0.05078125 0.1590576171875
-0.0185546875 -0.0390625 0.0701904296875
0.0791015625 0.03125 -0.26171875
-0.0478515625 -0.05859375 0.1580810546875
-0.0029296875 -0.03515625 0.1590576171875
0.0419921875 -0.00390625 0.0706787109375
-0.0126953125 -0.046875 0.2659912109375
0.0146484375 -0.015625 0.1585693359375
-0.0400390625 -0.05078125 0.2645263671875
0.0888671875 0.0546875 -0.2376708984375
-0.0576171875 -0.02734375 0.0653076171875
-0.0693359375 -0.0546875 0.2625732421875
-0.0888671875 -0.046875 0.1536865234375
0.0517578125 0.02734375 0.0677490234375
0.0849609375 0.06640625 -0.2659912109375
0.0224609375 0.01171875 0.1561279296875
0.0634765625 0.0546875 0.0653076171875
0.0380859375 0.04296875 0.2601318359375
