BOLLARD
-0.05859375 -0.01953125 -0.1256103515625
-0.04296875 -0.03125 -0.1256103515625
-0.06640625 0.0078125 -0.1295166015625
-0.0625 -0.0234375 0.1380615234375
-0.01953125 -0.03515625 -0.1278076171875
-0.04296875 -0.00390625 -0.1036376953125
-0.0546875 0.01171875 -0.1051025390625
0.0 -0.04296875 -0.1295166015625
-0.0234375 -0.01171875 -0.1043701171875
-0.0078125 -0.02734375 -0.1036376953125
-0.06640625 0.04296875 -0.1348876953125
-0.05859375 0.04296875 -0.1087646484375
0.01171875 -0.03125 -0.1048583984375
0.02734375 -0.04296875 -0.1326904296875
-0.05078125 0.0234375 0.1312255859375
0.03515625 -0.0390625 -0.1063232421875
-0.01953125 -0.00390625 0.1322021484375
-0.00390625 -0.015625 0.1322021484375
0.01171875 -0.03125 0.1326904296875
0.0625 -0.03125 -0.1380615234375
0.06640625 -0.02734375 -0.1114501953125
0.04296875 -0.03125 0.1297607421875
0.06640625 -0.03515625 0.1278076171875
