BOLLARD
-0.001953125 0.140625 0.131103515625
0.072265625 0.109375 0.131103515625
0.126953125 0.0625 0.130126953125
0.025390625 0.078125 -0.375732421875
0.041015625 0.078125 -0.122314453125
0.087890625 0.046875 -0.376220703125
-0.033203125 0.09375 -0.249755859375
0.083984375 0.078125 0.383056640625
0.029296875 0.0625 -0.249755859375
0.009765625 0.078125 0.003662109375
0.013671875 0.09375 0.383056640625
0.107421875 0.03125 -0.122802734375
0.068359375 0.046875 0.003173828125
0.017578125 0.078125 0.256103515625
-0.037109375 0.078125 -0.123291015625
-0.095703125 0.109375 0.129150390625
-0.064453125 0.078125 -0.377685546875
-0.072265625 0.09375 0.002685546875
-0.064453125 0.109375 0.383056640625
-0.044921875 0.09375 0.256103515625
-0.119140625 0.09375 -0.251708984375
0.095703125 0.015625 -0.250732421875
0.091796875 0.03125 0.256103515625
0.130859375 0.0 0.382080078125
-0.130859375 0.0625 -0.125732421875
-0.154296875 0.0625 -0.380126953125
-0.134765625 0.078125 0.255126953125
-0.173828125 0.046875 0.000244140625
0.134765625 -0.078125 -0.254150390625
0.173828125 -0.078125 0.381103515625
0.173828125 -0.140625 -0.383056640625
0.158203125 -0.140625 -0.001708984375
