BOLLARD
-0.0546875 -0.05078125 -0.42138671875
-0.0390625 0.052734375 -0.213623046875
-0.0390625 0.048828125 -0.2515869140625
-0.0390625 -0.0703125 0.258056640625
-0.0234375 0.048828125 -0.422119140625
-0.0234375 0.03125 0.2578125
-0.0234375 0.017578125 0.0885009765625
-0.0234375 -0.048828125 -0.2152099609375
-0.0390625 -0.15234375 -0.423095703125
-0.0234375 -0.0546875 -0.2525634765625
-0.0078125 0.0546875 0.28857421875
-0.0234375 -0.080078125 -0.0819091796875
0.0078125 0.15234375 -0.2161865234375
-0.0078125 0.015625 -0.0821533203125
-0.0078125 0.029296875 0.42724609375
-0.0078125 -0.048828125 0.28759765625
-0.0078125 -0.0859375 0.0870361328125
0.0234375 0.134765625 -0.2545166015625
0.0234375 0.115234375 0.0865478515625
0.0234375 0.11328125 -0.0841064453125
0.0078125 -0.076171875 0.42626953125
0.0390625 0.14453125 0.286865234375
0.0390625 0.115234375 0.42626953125
0.0546875 0.134765625 -0.42724609375
0.0546875 0.119140625 0.255126953125
