BOLLARD
-0.0703125 -0.0107421875 -0.287872314453125
-0.0703125 -0.091796875 -0.428436279296875
-0.0546875 0.015625 -0.259735107421875
-0.0546875 -0.0087890625 -0.429351806640625
-0.0546875 -0.0380859375 -0.148406982421875
-0.0546875 -0.0341796875 -0.008880615234375
-0.0546875 -0.177734375 -0.430023193359375
-0.0390625 0.0673828125 -0.289764404296875
-0.0546875 -0.0634765625 0.432525634765625
-0.0390625 0.01953125 0.155670166015625
-0.0390625 -0.0966796875 -0.289825439453125
-0.0390625 0.0537109375 0.270904541015625
-0.0390625 -0.0224609375 0.130767822265625
-0.0390625 -0.119140625 -0.149749755859375
-0.0390625 -0.119140625 -0.009857177734375
-0.0390625 -0.0673828125 0.155670166015625
-0.0390625 -0.025390625 0.270904541015625
-0.0390625 -0.1064453125 0.130767822265625
-0.0390625 0.03125 0.410064697265625
-0.0234375 0.09765625 -0.261077880859375
-0.0390625 0.01953125 0.432037353515625
-0.0390625 -0.052734375 0.410552978515625
-0.0234375 0.048828125 -0.009857177734375
-0.0234375 0.1015625 0.154693603515625
-0.0390625 -0.1328125 0.410552978515625
-0.0234375 -0.0732421875 -0.261016845703125
-0.0078125 0.068359375 -0.432525634765625
-0.0078125 0.04296875 -0.151092529296875
-0.0078125 0.0556640625 0.129302978515625
0.0078125 0.126953125 -0.012054443359375
0.0078125 0.1396484375 0.268951416015625
0.0078125 0.1083984375 0.408599853515625
0.0234375 0.173828125 -0.264251708984375
0.0078125 0.099609375 0.430572509765625
0.0234375 0.15234375 -0.293182373046875
0.0234375 0.12109375 -0.153045654296875
0.0390625 0.177734375 0.152252197265625
0.0546875 0.171875 0.429107666015625
0.0703125 0.1357421875 0.125396728515625
