BOLLARD
-0.0703125 -0.006591796875 0.4327545166015625
-0.0546875 0.007080078125 -0.4674224853515625
-0.0546875 -0.032958984375 -0.0396575927734375
-0.0546875 0.024169921875 0.4674224853515625
-0.0390625 0.043212890625 -0.1976165771484375
-0.0390625 -0.051025390625 -0.1973724365234375
-0.0390625 0.007568359375 -0.0001068115234375
-0.0390625 -0.037353515625 0.1178131103515625
-0.0390625 -0.128173828125 -0.0401458740234375
-0.0390625 0.002685546875 0.3111724853515625
-0.0390625 -0.062255859375 0.2745513916015625
-0.0390625 -0.091064453125 0.3116607666015625
-0.0390625 -0.101318359375 0.4317779541015625
-0.0234375 0.052490234375 0.1173248291015625
-0.0078125 0.026611328125 0.2735748291015625
-0.0078125 0.107177734375 0.4669342041015625
-0.0078125 -0.071044921875 0.4664459228515625
0.0078125 0.180419921875 0.4303131103515625
0.0234375 0.124755859375 0.2725982666015625
0.0390625 0.199462890625 0.4649810791015625
0.0546875 0.192138671875 -0.0040130615234375
0.0390625 -0.199462890625 0.4298248291015625
0.0546875 -0.176025390625 0.4649810791015625
0.0703125 0.186279296875 0.3077545166015625
