BOLLARD
0.1015625 0.078125 -0.0302734375
0.1640625 0.0 -0.0302734375
-0.0390625 0.15625 -0.13330078125
0.0390625 0.09375 0.14453125
0.0390625 0.078125 -0.13330078125
0.1171875 0.015625 0.14453125
0.0390625 0.078125 0.04150390625
0.1015625 0.03125 0.31982421875
0.0390625 0.078125 0.2158203125
0.0859375 0.015625 -0.20703125
-0.0390625 0.140625 0.2158203125
-0.0234375 0.109375 -0.0322265625
0.0078125 0.09375 0.31884765625
-0.0546875 0.125 0.041015625
-0.0078125 0.0625 -0.2080078125
-0.0703125 0.125 0.14306640625
0.0859375 -0.046875 -0.385009765625
-0.1484375 0.1875 0.21484375
0.0078125 0.015625 -0.3857421875
-0.1171875 0.109375 -0.2099609375
-0.1640625 0.15625 0.03955078125
0.1328125 -0.140625 0.03955078125
0.0546875 -0.078125 0.38916015625
0.1015625 -0.1875 -0.38916015625
-0.0546875 -0.03125 0.38818359375
