BOLLARD
-0.06640625 -0.0380859375 -0.393157958984375
-0.07421875 -0.0927734375 0.055450439453125
-0.06640625 -0.0458984375 0.055938720703125
-0.05859375 -0.0283203125 -0.428070068359375
-0.05859375 0.0009765625 0.055450439453125
-0.05859375 -0.0361328125 -0.134857177734375
-0.05078125 0.0087890625 -0.3941650390625
-0.05078125 0.044921875 0.055450439453125
-0.05078125 0.0087890625 -0.135223388671875
-0.06640625 0.0068359375 0.366241455078125
-0.04296875 0.0498046875 -0.3946533203125
-0.05859375 -0.0830078125 -0.135711669921875
-0.05078125 0.017578125 0.109405517578125
-0.04296875 0.0166015625 -0.428497314453125
-0.06640625 -0.0390625 0.366241455078125
-0.06640625 -0.0234375 0.415557861328125
-0.05859375 0.05078125 0.443389892578125
-0.03515625 0.0615234375 -0.428985595703125
-0.05078125 -0.0859375 -0.39569091796875
-0.03515625 0.0546875 -0.135711669921875
-0.05078125 0.06640625 0.415557861328125
-0.05859375 0.009765625 0.443389892578125
-0.05078125 -0.0478515625 0.209503173828125
-0.05078125 0.0205078125 0.415069580078125
-0.04296875 -0.0244140625 0.108673095703125
-0.04296875 0.0 0.209503173828125
-0.02734375 0.087890625 0.053253173828125
-0.05859375 -0.0869140625 0.364776611328125
-0.01953125 0.09375 -0.397186279296875
-0.03515625 0.041015625 0.209014892578125
-0.05078125 -0.142578125 0.052764892578125
-0.02734375 0.0654296875 0.108428955078125
-0.03515625 -0.0771484375 -0.431549072265625
-0.04296875 -0.1318359375 -0.137908935546875
-0.05078125 -0.0380859375 0.442901611328125
-0.03515625 0.05078125 0.364776611328125
-0.01171875 0.1044921875 -0.431365966796875
-0.05078125 -0.072265625 0.414093017578125
-0.04296875 -0.095703125 0.208526611328125
-0.02734375 0.109375 0.414581298828125
-0.03515625 -0.1337890625 -0.39923095703125
-0.02734375 0.0966796875 0.442413330078125
-0.02734375 -0.0751953125 0.106719970703125
-0.04296875 -0.08984375 0.441436767578125
-0.01171875 0.0849609375 0.208038330078125
-0.00390625 0.1083984375 0.106964111328125
-0.02734375 -0.119140625 0.105987548828125
0.00390625 0.095703125 -0.139495849609375
-0.01171875 0.09375 0.363311767578125
0.01953125 0.146484375 -0.434722900390625
-0.02734375 -0.1376953125 0.362823486328125
0.00390625 0.1513671875 0.413116455078125
-0.00390625 -0.125 -0.436492919921875
0.02734375 0.1337890625 -0.4027099609375
0.01953125 0.1279296875 0.206085205078125
-0.01171875 -0.1904296875 0.048370361328125
-0.00390625 -0.18359375 -0.142547607421875
0.01953125 0.1337890625 0.361358642578125
-0.00390625 -0.1455078125 0.205108642578125
0.01953125 0.1376953125 0.439483642578125
-0.00390625 -0.123046875 0.410675048828125
0.04296875 0.12890625 0.047393798828125
-0.00390625 -0.142578125 0.438995361328125
0.05078125 0.142578125 0.102813720703125
0.01953125 -0.189453125 -0.40631103515625
0.04296875 0.1787109375 0.438018798828125
0.06640625 0.1865234375 -0.440032958984375
0.05859375 0.1689453125 0.202667236328125
0.01171875 -0.1904296875 0.359405517578125
0.02734375 -0.17578125 0.101104736328125
0.07421875 0.1318359375 -0.146331787109375
0.06640625 0.1904296875 0.409698486328125
0.05078125 -0.1767578125 -0.443389892578125
