BOLLARD
-0.07421875 -0.05517578125 0.330810546875
-0.05859375 -0.02099609375 0.01611328125
-0.05078125 -0.00732421875 -0.1763916015625
-0.06640625 -0.00927734375 0.330810546875
-0.04296875 0.05224609375 -0.4739990234375
-0.04296875 0.03466796875 -0.43902587890625
-0.05859375 -0.06494140625 0.015625
-0.05078125 -0.05322265625 -0.1763916015625
-0.04296875 0.00537109375 -0.47503662109375
-0.04296875 -0.01025390625 -0.4395751953125
-0.04296875 0.02490234375 0.015625
-0.05078125 0.03857421875 0.330322265625
-0.05078125 0.05615234375 0.379638671875
-0.05859375 -0.00830078125 0.408447265625
-0.05078125 0.03857421875 0.408447265625
-0.04296875 0.09619140625 0.379150390625
-0.03515625 0.07275390625 0.172607421875
-0.04296875 -0.03955078125 0.069091796875
-0.04296875 -0.01708984375 0.172119140625
-0.03515625 -0.04150390625 -0.4765625
-0.02734375 0.03955078125 -0.1776123046875
-0.02734375 0.06787109375 0.0146484375
-0.03515625 0.00634765625 0.068603515625
-0.01953125 0.09130859375 -0.47637939453125
-0.03515625 -0.05810546875 -0.44110107421875
-0.03515625 0.02685546875 0.172119140625
-0.05078125 -0.03759765625 0.378662109375
-0.02734375 0.05126953125 0.06884765625
-0.04296875 -0.06396484375 0.171630859375
-0.04296875 0.00927734375 0.379150390625
-0.03515625 0.08154296875 0.407958984375
-0.03515625 -0.09814453125 -0.178955078125
-0.05078125 -0.02978515625 0.485595703125
-0.01171875 0.07861328125 -0.44207763671875
-0.04296875 0.01708984375 0.485595703125
-0.01171875 0.08251953125 -0.178955078125
-0.02734375 0.08056640625 0.328857421875
-0.00390625 0.14013671875 -0.478271484375
-0.04296875 -0.05712890625 0.406982421875
-0.02734375 -0.10888671875 -0.443115234375
-0.04296875 -0.10107421875 0.328369140625
-0.04296875 -0.07470703125 0.485107421875
-0.01953125 -0.09228515625 -0.47955322265625
-0.02734375 0.06005859375 0.485107421875
-0.00390625 0.09521484375 0.0673828125
-0.01171875 0.12451171875 0.406494140625
-0.01953125 -0.08447265625 0.066650390625
-0.01953125 -0.11669921875 0.011962890625
0.01171875 0.12060546875 -0.444091796875
-0.00390625 0.14404296875 0.377685546875
0.00390625 0.11376953125 0.169677734375
-0.01953125 -0.08935546875 0.376708984375
-0.01171875 -0.11767578125 0.168701171875
0.01953125 0.13720703125 0.06591796875
-0.01953125 -0.12451171875 0.483154296875
0.01953125 0.12451171875 0.325927734375
0.01171875 0.10400390625 0.482666015625
0.03515625 0.10986328125 0.00927734375
0.03515625 0.18115234375 0.375732421875
0.04296875 0.15771484375 0.166748046875
0.03515625 0.16748046875 0.403564453125
0.05078125 0.12451171875 -0.185302734375
0.05078125 0.15576171875 0.00830078125
0.06640625 0.17529296875 -0.485595703125
0.06640625 0.16357421875 -0.45062255859375
0.06640625 0.18017578125 0.062255859375
0.02734375 -0.18115234375 0.479736328125
0.07421875 0.14501953125 0.479736328125
