BOLLARD
-0.05078125 0.0634765625 -0.296630859375
-0.05078125 0.0263671875 -0.298095703125
-0.05078125 -0.0087890625 -0.299560546875
-0.04296875 0.0263671875 0.303955078125
-0.03515625 0.0615234375 0.303466796875
-0.05078125 -0.0380859375 -0.0013036727905273438
-0.04296875 -0.0029296875 -0.0012598037719726562
-0.02734375 0.0947265625 0.302978515625
-0.04296875 -0.0068359375 0.295166015625
-0.02734375 0.0322265625 -0.0018296241760253906
-0.02734375 0.0263671875 0.294677734375
-0.03515625 -0.0126953125 0.301025390625
-0.03515625 -0.0478515625 0.293212890625
-0.03515625 -0.0498046875 -0.303955078125
-0.03515625 -0.0771484375 -0.0044269561767578125
-0.00390625 0.0908203125 -0.302978515625
0.01171875 0.1201171875 0.2998046875
-0.01953125 -0.0888671875 0.2900390625
0.01171875 0.0556640625 0.290283203125
-0.01953125 -0.1201171875 -0.00878143310546875
0.05078125 0.0849609375 0.2861328125
