BOLLARD
-0.08203125 -0.0068359375 0.0611419677734375
-0.07421875 0.0341796875 0.0611419677734375
-0.06640625 -0.0009765625 -0.371246337890625
-0.08203125 -0.0537109375 0.0608978271484375
-0.05859375 0.0400390625 -0.371246337890625
-0.07421875 -0.0458984375 -0.1224517822265625
-0.08203125 -0.0009765625 0.3585052490234375
-0.06640625 -0.0458984375 -0.37225341796875
-0.08203125 -0.0986328125 0.0596771240234375
-0.08203125 -0.0029296875 0.4327239990234375
-0.05859375 -0.0009765625 -0.1234283447265625
-0.05078125 0.0263671875 -0.4216766357421875
-0.06640625 0.0400390625 0.3580169677734375
-0.06640625 -0.0087890625 0.2086029052734375
-0.06640625 -0.0908203125 -0.3732452392578125
-0.05859375 0.0341796875 0.2090911865234375
-0.03515625 0.0849609375 -0.373260498046875
-0.06640625 -0.0927734375 -0.1239166259765625
-0.06640625 0.0400390625 0.4327239990234375
-0.05078125 -0.0205078125 -0.4226531982421875
-0.03515625 0.0693359375 -0.422607421875
-0.08203125 -0.0947265625 0.3575286865234375
-0.07421875 -0.0498046875 0.3575286865234375
-0.06640625 -0.0537109375 0.2081146240234375
-0.07421875 -0.0458984375 0.4322357177734375
-0.04296875 0.0771484375 0.2081146240234375
-0.05078125 0.0751953125 0.3995208740234375
-0.05078125 -0.0146484375 0.1011810302734375
-0.03515625 0.0732421875 0.0582122802734375
-0.03515625 0.0400390625 -0.1246490478515625
-0.05859375 -0.0166015625 0.3990325927734375
-0.04296875 -0.0634765625 -0.4246063232421875
-0.04296875 0.0810546875 0.4317474365234375
-0.03515625 0.0244140625 0.1006927490234375
-0.02734375 0.0693359375 0.1002044677734375
-0.05859375 -0.1005859375 0.2066497802734375
-0.01171875 0.1083984375 -0.425018310546875
-0.05078125 -0.1416015625 -0.3767852783203125
-0.03515625 0.0791015625 0.3565521240234375
-0.06640625 -0.0947265625 0.4312591552734375
-0.05078125 -0.1357421875 -0.1263580322265625
-0.04296875 0.0263671875 0.3990325927734375
-0.04296875 -0.0634765625 0.0999603271484375
-0.06640625 -0.1376953125 0.3560638427734375
-0.05078125 -0.1474609375 0.0565032958984375
-0.05078125 -0.0615234375 0.3980560302734375
-0.03515625 -0.1142578125 -0.42706298828125
-0.00390625 0.0771484375 -0.1273345947265625
-0.01171875 0.1201171875 0.4297943115234375
-0.03515625 -0.1845703125 -0.1292877197265625
-0.02734375 -0.1123046875 0.0977630615234375
0.01953125 0.1201171875 -0.3787994384765625
-0.00390625 0.1103515625 0.3975677490234375
-0.03515625 -0.1513671875 0.2042083740234375
0.01171875 0.1064453125 0.0980072021484375
0.01171875 0.1142578125 0.2042083740234375
-0.04296875 -0.1884765625 0.3536224365234375
-0.02734375 -0.1123046875 0.3965911865234375
0.01953125 0.1513671875 0.3965911865234375
0.03515625 0.1181640625 -0.1307525634765625
0.04296875 0.1455078125 -0.4303131103515625
0.01953125 0.1162109375 0.3531341552734375
-0.01953125 -0.1474609375 0.4278411865234375
0.03515625 0.1572265625 0.4273529052734375
0.05078125 0.1435546875 0.0955657958984375
0.06640625 0.1884765625 -0.4327239990234375
0.06640625 0.1474609375 0.0501556396484375
0.00390625 -0.1630859375 0.3941497802734375
0.08203125 0.1494140625 -0.38686370849609375
0.07421875 0.1435546875 0.1998138427734375
0.08203125 0.1884765625 0.3931732177734375
0.08203125 0.1513671875 0.3497161865234375
