BOLLARD
-0.03125 0.060546875 0.0489501953125
-0.0234375 0.07421875 0.0489501953125
-0.03515625 0.04296875 0.0479736328125
-0.0390625 0.0234375 0.0458984375
-0.0546875 -0.029296875 -0.02947998046875
-0.0390625 0.00390625 -0.029541015625
-0.04296875 -0.013671875 -0.03057861328125
-0.00390625 0.0859375 0.0457763671875
-0.02734375 0.01953125 -0.0306396484375
-0.03515625 0.0 0.0418701171875
-0.05859375 -0.0703125 -0.0338134765625
-0.05078125 -0.0546875 -0.0338134765625
0.0078125 0.09765625 0.043701171875
-0.03515625 -0.041015625 0.0367431640625
-0.02734375 -0.0234375 0.0377197265625
-0.00390625 0.029296875 -0.034912109375
-0.04296875 -0.099609375 -0.04132080078125
0.015625 0.041015625 -0.0382080078125
0.04296875 0.099609375 0.0364990234375
0.05859375 0.0390625 -0.0489501953125
