BOLLARD
-0.068115234375 0.046875 -0.0018310546875
-0.057861328125 0.044921875 -0.0001220703125
-0.046630859375 0.044921875 0.0032958984375
-0.087158203125 0.033203125 -0.0118408203125
-0.039306640625 0.041015625 0.0032958984375
-0.028076171875 0.04296875 0.0067138671875
-0.023193359375 0.03125 0.0032958984375
-0.014892578125 0.02734375 0.0032958984375
-0.008544921875 0.01953125 0.0018310546875
0.003173828125 0.01953125 0.0050048828125
0.007568359375 0.009765625 0.0018310546875
0.015869140625 0.00390625 0.0018310546875
0.022216796875 -0.00390625 0.0001220703125
0.057861328125 0.005859375 0.0118408203125
0.045166015625 0.0 0.0069580078125
0.026611328125 -0.013671875 -0.0032958984375
0.057861328125 -0.013671875 0.0035400390625
0.071044921875 -0.009765625 0.0086669921875
0.067626953125 -0.037109375 -0.0032958984375
0.087158203125 -0.0390625 0.0001220703125
0.072509765625 -0.046875 -0.0064697265625
