BOLLARD
-0.08984375 -0.0126953125 -0.295074462890625
-0.08203125 -0.0498046875 -0.297515869140625
-0.06640625 0.0185546875 -0.296905517578125
-0.08203125 -0.0830078125 -0.298126220703125
-0.06640625 -0.0185546875 -0.021331787109375
-0.07421875 -0.0556640625 -0.021820068359375
-0.05859375 0.0107421875 -0.021820068359375
-0.06640625 0.0146484375 0.170318603515625
-0.05078125 0.0439453125 -0.021820068359375
-0.04296875 0.0498046875 -0.298736572265625
-0.05859375 -0.0048828125 -0.093109130859375
-0.05078125 0.0244140625 -0.093109130859375
-0.03515625 0.0908203125 -0.092620849609375
-0.03515625 0.0771484375 -0.022308349609375
-0.02734375 0.0810546875 -0.299957275390625
-0.06640625 0.0048828125 0.310455322265625
-0.03515625 0.0556640625 -0.093597412109375
-0.01953125 0.1220703125 -0.094085693359375
-0.06640625 -0.1220703125 -0.302459716796875
-0.06640625 -0.0556640625 0.168853759765625
-0.05859375 -0.0224609375 0.168853759765625
-0.04296875 0.0458984375 0.168853759765625
-0.07421875 -0.0595703125 0.309967041015625
-0.06640625 -0.0302734375 0.309967041015625
-0.01953125 0.1064453125 -0.023773193359375
-0.05078125 0.0400390625 0.310455322265625
-0.05859375 -0.0927734375 -0.024749755859375
-0.06640625 -0.0908203125 0.168365478515625
-0.02734375 0.0791015625 0.168853759765625
-0.04296875 -0.0478515625 -0.095550537109375
-0.03515625 0.0693359375 0.309478759765625
0.00390625 0.1533203125 -0.095306396484375
-0.04296875 -0.0849609375 -0.097503662109375
0.00390625 0.1064453125 -0.304290771484375
-0.04296875 -0.0087890625 0.308990478515625
-0.03515625 0.0244140625 0.308990478515625
-0.02734375 0.0537109375 0.308502197265625
-0.05859375 -0.1005859375 0.307525634765625
-0.00390625 0.1044921875 0.166412353515625
-0.04296875 -0.0458984375 0.307525634765625
-0.01171875 0.0986328125 0.308013916015625
-0.01171875 0.0888671875 0.308013916015625
-0.04296875 -0.1650390625 -0.307952880859375
0.01953125 0.1318359375 -0.027679443359375
-0.04296875 -0.1318359375 0.164947509765625
-0.03515625 -0.1357421875 -0.029388427734375
0.01171875 0.1181640625 0.306549072265625
-0.03515625 -0.2021484375 -0.310455322265625
-0.02734375 -0.0830078125 0.306060791015625
0.02734375 0.1474609375 0.306060791015625
-0.03515625 -0.1416015625 0.304595947265625
0.02734375 0.1259765625 0.305084228515625
-0.02734375 -0.1708984375 0.162017822265625
-0.00390625 -0.1259765625 -0.103363037109375
0.04296875 0.1279296875 0.162017822265625
0.06640625 0.1708984375 -0.102142333984375
-0.01171875 -0.1240234375 0.303619384765625
0.05859375 0.1591796875 0.161041259765625
-0.00390625 -0.1787109375 -0.034759521484375
0.08984375 0.2021484375 -0.104583740234375
0.08203125 0.1533203125 -0.034759521484375
-0.00390625 -0.1845703125 0.300689697265625
0.08203125 0.1708984375 0.302154541015625
0.08203125 0.1494140625 0.301177978515625
