BOLLARD
0.05462646484375 0.0859375 0.172698974609375
0.015594482421875 0.0625 0.285003662109375
0.023956298828125 0.078125 0.458343505859375
-0.008880615234375 0.078125 0.458343505859375
-0.010467529296875 0.0703125 0.400726318359375
0.020599365234375 0.0625 0.400238037109375
0.014007568359375 0.015625 -0.170562744140625
-0.014739990234375 0.0234375 0.024261474609375
0.011810302734375 0.03125 0.166839599609375
-0.022552490234375 0.0390625 0.282562255859375
0.017303466796875 0.0 -0.452178955078125
-0.016326904296875 0.0 -0.453399658203125
0.027618408203125 0.0390625 0.379730224609375
-0.006378173828125 0.0390625 0.379730224609375
-0.054779052734375 0.0078125 0.020843505859375
-0.026947021484375 0.015625 0.164886474609375
0.017730712890625 -0.0078125 -0.262847900390625
-0.040496826171875 0.03125 0.378753662109375
-0.023773193359375 -0.0078125 -0.173492431640625
-0.053436279296875 0.03125 0.397308349609375
0.046905517578125 -0.015625 -0.173004150390625
0.019744873046875 0.0 0.145843505859375
-0.059906005859375 -0.0234375 -0.176666259765625
0.011749267578125 -0.015625 0.019866943359375
-0.057098388671875 -0.03125 -0.458343505859375
-0.049896240234375 -0.0078125 0.143890380859375
0.059906005859375 0.0078125 0.378265380859375
0.046844482421875 -0.0390625 -0.457122802734375
-0.016815185546875 -0.015625 0.144378662109375
0.049652099609375 -0.046875 -0.266265869140625
-0.023651123046875 -0.0546875 -0.268707275390625
0.029693603515625 -0.0859375 0.272796630859375
