BOLLARD
-0.049072265625 0.08203125 -0.026702880859375
-0.011474609375 0.06640625 0.243804931640625
0.058349609375 0.05078125 0.112457275390625
0.015869140625 0.05078125 0.111480712890625
0.013427734375 0.06640625 0.374664306640625
0.016357421875 0.01953125 -0.404388427734375
-0.021728515625 0.01953125 -0.405364990234375
0.023681640625 0.04296875 0.232574462890625
-0.017822265625 0.01953125 -0.185150146484375
0.063232421875 0.04296875 0.308746337890625
-0.063232421875 0.01171875 -0.407440185546875
0.020751953125 0.05859375 0.505523681640625
-0.026123046875 0.02734375 0.109527587890625
-0.059814453125 0.01171875 -0.186859130859375
0.024658203125 0.03515625 0.307769775390625
0.010009765625 0.01171875 -0.023284912109375
0.049072265625 0.04296875 0.439117431640625
0.020751953125 0.02734375 0.241851806640625
0.029052734375 0.04296875 0.429351806640625
0.052001953125 -0.01171875 -0.407318115234375
0.017822265625 -0.00390625 -0.186370849609375
0.017333984375 -0.00390625 -0.033050537109375
-0.023193359375 -0.00390625 -0.034027099609375
0.041748046875 0.01953125 0.372711181640625
-0.034912109375 -0.01171875 -0.026214599609375
0.004638671875 -0.04296875 -0.501068115234375
-0.034423828125 -0.04296875 -0.501556396484375
-0.029541015625 0.01171875 0.502593994140625
-0.027587890625 -0.01953125 0.228668212890625
0.036865234375 -0.08203125 -0.505523681640625
