BOLLARD
0.021484375 0.056640625 -0.02557373046875
0.0078125 0.06640625 -0.02777099609375
0.029296875 0.041015625 -0.02557373046875
0.044921875 0.03125 0.04400634765625
-0.009765625 0.078125 -0.03106689453125
0.01953125 0.0546875 0.04107666015625
0.03125 0.041015625 0.04205322265625
-0.02734375 0.087890625 -0.03436279296875
0.033203125 0.0234375 -0.02667236328125
0.0390625 0.00390625 -0.02777099609375
-0.0078125 0.056640625 0.03472900390625
0.03515625 0.0078125 0.03887939453125
0.06640625 -0.029296875 0.04107666015625
0.044921875 -0.0078125 0.03887939453125
0.05078125 -0.01953125 0.03912353515625
-0.029296875 0.0625 0.03057861328125
0.037109375 -0.015625 -0.03094482421875
-0.06640625 0.087890625 -0.04400634765625
0.06640625 -0.046875 0.03912353515625
0.02734375 -0.0390625 -0.03631591796875
0.01171875 -0.068359375 -0.04388427734375
0.033203125 -0.087890625 0.02569580078125
