BOLLARD
0.06298828125 0.0859375 0.3907470703125
0.01904296875 0.0625 0.3887939453125
0.01611328125 0.0390625 0.1461181640625
-0.01611328125 0.0234375 -0.1263427734375
-0.02587890625 0.03125 0.1441650390625
0.00537109375 0.0 0.0216064453125
-0.02001953125 0.0234375 0.2652587890625
0.01708984375 0.015625 0.2657470703125
-0.03369140625 -0.015625 -0.3343505859375
0.03759765625 -0.03125 -0.3331298828125
0.02001953125 0.015625 0.3262939453125
0.03857421875 -0.0078125 0.1427001953125
0.01220703125 0.0234375 0.4298095703125
0.00537109375 -0.0234375 -0.1307373046875
-0.00244140625 -0.03125 -0.3353271484375
0.00341796875 0.0 0.2481689453125
0.04833984375 -0.0078125 0.3253173828125
0.02587890625 -0.0390625 0.0186767578125
0.02197265625 -0.046875 0.0030517578125
0.03076171875 -0.03125 0.2467041015625
-0.02197265625 -0.0625 -0.4273681640625
0.02783203125 -0.0625 -0.1336669921875
-0.04345703125 -0.0234375 0.2462158203125
0.01220703125 -0.078125 -0.4273681640625
0.04443359375 -0.0859375 -0.4273681640625
-0.06298828125 -0.0703125 -0.4298095703125
-0.05712890625 -0.0625 0.0137939453125
