BOLLARD
-0.130859375 -0.0078125 0.09710693359375
-0.017578125 0.0234375 -0.46905517578125
0.025390625 0.0546875 0.09710693359375
-0.021484375 0.015625 -0.42877197265625
-0.029296875 0.015625 -0.04840087890625
-0.076171875 0.0 0.09661865234375
-0.021484375 0.03125 0.23577880859375
-0.044921875 0.0078125 0.00286865234375
0.001953125 0.0234375 -0.09136962890625
-0.048828125 0.0 -0.09185791015625
0.048828125 0.03125 -0.28106689453125
-0.107421875 -0.015625 0.37884521484375
-0.064453125 -0.0078125 0.18988037109375
-0.154296875 -0.046875 0.28363037109375
0.083984375 0.0546875 0.23529052734375
0.048828125 0.046875 0.37884521484375
0.091796875 0.0546875 0.18988037109375
-0.083984375 -0.0078125 0.47210693359375
0.044921875 0.0078125 -0.47210693359375
-0.103515625 -0.0390625 0.28314208984375
-0.130859375 -0.0390625 0.47113037109375
-0.060546875 -0.0234375 0.23431396484375
-0.025390625 0.0 0.47113037109375
-0.107421875 -0.0546875 0.18841552734375
-0.048828125 -0.0234375 0.28314208984375
0.056640625 0.0078125 0.28265380859375
0.072265625 0.0 -6.103515625e-05
0.154296875 0.03125 0.18792724609375
