BOLLARD
0.0498046875 0.07421875 0.32257080078125
-0.0361328125 0.06640625 -0.08953857421875
0.0361328125 0.04296875 -0.08831787109375
0.0009765625 0.05078125 -0.08905029296875
0.0595703125 0.04296875 0.06768798828125
0.0224609375 0.05078125 0.06719970703125
0.0087890625 0.07421875 0.32159423828125
0.0322265625 0.02734375 -0.37591552734375
-0.0146484375 0.05859375 0.06671142578125
-0.0029296875 0.03515625 -0.37689208984375
-0.0283203125 0.08203125 0.32110595703125
0.0048828125 0.05078125 0.06280517578125
-0.0302734375 0.05859375 0.06231689453125
0.0283203125 0.05078125 0.19415283203125
-0.0166015625 0.03515625 -0.30291748046875
0.0400390625 0.03515625 0.06329345703125
-0.0107421875 0.05859375 0.19317626953125
-0.0791015625 0.05859375 -0.09197998046875
-0.0556640625 0.04296875 -0.30487060546875
0.0615234375 0.03515625 0.19415283203125
0.0166015625 0.01953125 -0.30364990234375
-0.0439453125 0.03515625 -0.37872314453125
0.0634765625 0.00390625 -0.37689208984375
0.0517578125 0.00390625 -0.30316162109375
0.0830078125 0.01171875 0.06622314453125
0.0107421875 0.05859375 0.38360595703125
0.0712890625 0.03515625 0.32061767578125
0.0927734375 -0.01171875 -0.37738037109375
-0.0595703125 0.05078125 0.06427001953125
-0.0556640625 0.05859375 0.19171142578125
-0.0732421875 0.07421875 0.31915283203125
0.0712890625 0.01171875 0.06231689453125
-0.0322265625 0.06640625 0.38311767578125
0.0615234375 0.00390625 -0.09051513671875
0.0751953125 0.03515625 0.38360595703125
-0.0732421875 0.05078125 0.06085205078125
0.0439453125 0.04296875 0.38360595703125
0.0927734375 0.01171875 0.19366455078125
0.0361328125 0.03515625 0.31231689453125
0.0029296875 0.04296875 0.31182861328125
0.0830078125 -0.01953125 -0.30413818359375
0.0732421875 0.01953125 0.31231689453125
0.1220703125 -0.03515625 -0.37835693359375
0.1005859375 -0.01171875 0.06134033203125
-0.1025390625 0.02734375 -0.30877685546875
-0.1279296875 0.04296875 -0.09564208984375
-0.0380859375 0.04296875 0.31085205078125
-0.0927734375 0.01953125 -0.38360595703125
-0.0751953125 0.05859375 0.38116455078125
0.1044921875 0.00390625 0.38311767578125
0.1044921875 -0.02734375 0.06378173828125
-0.0810546875 0.04296875 0.30987548828125
-0.1220703125 0.03515625 0.05743408203125
0.0810546875 -0.03515625 -0.09344482421875
0.0947265625 -0.01171875 0.31085205078125
-0.1064453125 0.03515625 0.18829345703125
0.0908203125 -0.01171875 0.31866455078125
-0.1162109375 0.02734375 0.05987548828125
0.1083984375 -0.03515625 0.19024658203125
0.1005859375 -0.06640625 -0.30853271484375
0.1279296875 -0.03515625 0.38165283203125
0.1005859375 -0.08203125 -0.09735107421875
0.1123046875 -0.06640625 0.30889892578125
