BOLLARD
-0.046875 0.06640625 -0.44268798828125
0.0 0.07421875 -0.44281005859375
0.03515625 0.08203125 -0.23443603515625
-0.0859375 0.01953125 -0.44598388671875
-0.03515625 0.02734375 0.19256591796875
0.0 0.02734375 -0.21295166015625
-0.00390625 0.02734375 0.13299560546875
-0.046875 -0.00390625 0.13201904296875
-0.03125 -0.00390625 0.10467529296875
0.0390625 0.03515625 0.27655029296875
-0.07421875 -0.01953125 0.19061279296875
-0.0390625 -0.01953125 -0.21563720703125
-0.0546875 -0.01171875 0.27557373046875
-0.09765625 -0.04296875 0.27508544921875
-0.0390625 -0.01171875 0.39080810546875
0.10546875 0.03515625 0.39080810546875
-0.04296875 -0.03515625 0.36053466796875
-0.12109375 -0.08203125 0.44549560546875
-0.02734375 -0.04296875 0.44598388671875
-0.0859375 -0.07421875 0.35906982421875
-0.07421875 -0.06640625 0.44549560546875
0.07421875 -0.02734375 0.44451904296875
0.12109375 -0.04296875 0.35711669921875
