CONSTRUCTION_CONE
0.1484375 0.21875 -0.27490234375
0.1171875 0.21875 -0.079864501953125
0.1015625 0.1875 0.115478515625
0.1171875 0.09375 -0.08123779296875
0.1171875 0.0859375 -0.278076171875
0.0703125 0.171875 0.08160400390625
0.1171875 0.046875 -0.47900390625
0.0703125 0.1796875 -0.503662109375
0.1015625 0.0625 0.1141357421875
0.0703125 0.0625 -0.50537109375
0.1171875 -0.078125 -0.48095703125
-0.0234375 0.1484375 0.306640625
-0.0234375 0.0234375 0.306396484375
-0.0390625 0.0546875 0.50537109375
-0.0859375 0.171875 0.5048828125
-0.1171875 0.2421875 0.30419921875
-0.1015625 0.140625 0.466796875
-0.1328125 -0.0078125 0.46484375
-0.0703125 -0.1875 0.5029296875
-0.0703125 -0.2421875 0.302490234375
-0.1328125 -0.125 0.46435546875
-0.1484375 -0.140625 0.300048828125
