CONSTRUCTION_CONE
0.0390625 -0.0546875 -0.330108642578125
0.078125 0.0078125 -0.239532470703125
0.09375 0.03125 -0.332061767578125
0.0546875 0.0 -0.333038330078125
-0.0625 -0.1015625 -0.336456298828125
0.0234375 -0.0078125 -0.244659423828125
0.109375 0.078125 -0.334991455078125
-0.109375 -0.125 -0.340362548828125
-0.0390625 -0.0546875 -0.337921142578125
-0.0234375 -0.03125 -0.246124267578125
-0.046875 -0.0390625 0.023895263671875
0.078125 0.0703125 -0.246124267578125
-0.015625 0.0078125 0.022918701171875
0.015625 0.0390625 0.023406982421875
0.0078125 0.0390625 0.063812255859375
-0.078125 -0.046875 -0.251983642578125
0.09375 0.125 -0.250030517578125
-0.0390625 0.015625 0.061859130859375
0.0078125 0.0703125 0.138458251953125
0.015625 0.1015625 0.340362548828125
0.015625 0.1015625 0.059661865234375
