CONSTRUCTION_CONE
-0.04296875 0.095703125 -0.19757080078125
-0.033203125 0.060546875 -0.21441650390625
0.064453125 -0.021484375 -0.21759033203125
0.015625 -0.005859375 -0.22003173828125
0.037109375 -0.017578125 -0.22003173828125
-0.013671875 -0.001953125 -0.22235107421875
-0.015625 -0.001953125 -0.21002197265625
-0.041015625 0.005859375 -0.22467041015625
-0.04296875 0.005859375 -0.21148681640625
0.017578125 -0.005859375 0.10968017578125
0.00390625 -0.017578125 -0.21075439453125
-0.005859375 0.001953125 0.10894775390625
0.025390625 -0.033203125 -0.21075439453125
0.03515625 -0.029296875 0.10845947265625
-0.078125 -0.001953125 -0.21649169921875
-0.041015625 -0.001953125 0.10528564453125
0.068359375 -0.064453125 -0.22467041015625
0.037109375 -0.060546875 -0.21441650390625
0.0 -0.025390625 0.22808837890625
0.025390625 -0.037109375 0.22857666015625
0.046875 -0.060546875 0.10528564453125
0.078125 -0.095703125 -0.22857666015625
0.037109375 -0.064453125 0.22662353515625
