CONSTRUCTION_CONE
-0.0419921875 0.046875 -0.3153076171875
-0.0107421875 0.046875 -0.3153076171875
-0.0654296875 0.03125 -0.26617431640625
-0.0712890625 0.0234375 -0.320068359375
-0.0029296875 0.0390625 -0.26470947265625
-0.0341796875 0.03125 -0.26611328125
0.0205078125 0.0390625 -0.3177490234375
0.0283203125 0.0390625 -0.265380859375
-0.0947265625 0.0078125 -0.26904296875
0.0537109375 0.0390625 -0.3184814453125
0.0849609375 0.0390625 -0.320068359375
0.0615234375 0.015625 -0.2711181640625
-0.0361328125 -0.0078125 0.0711669921875
-0.0048828125 0.0 0.0723876953125
-0.0634765625 -0.03125 0.068115234375
0.0947265625 -0.0078125 -0.27606201171875
0.0283203125 -0.0234375 0.068115234375
0.0341796875 -0.015625 0.258056640625
0.0029296875 -0.03125 0.257080078125
0.0615234375 -0.03125 0.0662841796875
0.0263671875 -0.0390625 0.320068359375
-0.0029296875 -0.046875 0.319091796875
