CONSTRUCTION_CONE
-0.07421875 0.0390625 -0.290283203125
-0.09765625 -0.015625 -0.29150390625
-0.05078125 0.0390625 0.0029296875
-0.05078125 0.03125 -0.0263671875
-0.01171875 0.0625 -0.292724609375
-0.08203125 -0.015625 0.001953125
-0.05859375 0.015625 0.10009765625
-0.07421875 -0.015625 -0.096435546875
-0.03515625 0.0234375 -0.0966796875
-0.11328125 -0.0703125 -0.096923828125
-0.12109375 -0.0703125 0.29541015625
-0.08203125 -0.0390625 0.09912109375
-0.10546875 -0.0859375 -0.29541015625
-0.00390625 0.046875 0.09912109375
0.05078125 0.0859375 -0.29541015625
-0.07421875 -0.0546875 0.1962890625
-0.08984375 -0.0859375 -0.00048828125
-0.05078125 -0.0546875 -0.02978515625
-0.05859375 -0.0546875 0.2939453125
-0.04296875 -0.0546875 0.2626953125
-0.01171875 -0.015625 0.29345703125
0.05078125 0.0234375 -0.10107421875
0.04296875 0.0 0.193359375
0.12109375 0.0859375 0.09521484375
0.09765625 0.0546875 0.26220703125
