CONSTRUCTION_CONE
-0.033203125 0.05859375 -0.334014892578125
-0.025390625 0.05078125 -0.101348876953125
-0.060546875 0.01953125 -0.335968017578125
0.009765625 0.06640625 -0.335479736328125
-0.087890625 -0.00390625 -0.336944580078125
-0.052734375 0.01953125 -0.102813720703125
-0.076171875 -0.01953125 -0.105255126953125
0.029296875 0.04296875 -0.105255126953125
0.060546875 0.05859375 -0.339569091796875
-0.017578125 0.01171875 0.066131591796875
-0.099609375 -0.06640625 -0.343475341796875
0.021484375 0.02734375 0.065155029296875
-0.005859375 0.00390625 0.064666748046875
0.029296875 0.02734375 0.065155029296875
0.021484375 0.02734375 0.206268310546875
0.076171875 0.04296875 -0.107940673828125
-0.005859375 -0.00390625 0.204803466796875
0.099609375 0.05859375 0.064178466796875
0.064453125 0.02734375 0.063690185546875
-0.025390625 -0.04296875 0.062225341796875
0.013671875 -0.02734375 0.343475341796875
