CONSTRUCTION_CONE
0.0673828125 0.03125 -0.2834625244140625
0.0166015625 0.0625 -0.2857513427734375
0.0380859375 0.04296875 -0.2857513427734375
0.0810546875 0.00390625 -0.2857818603515625
-0.0126953125 0.0625 -0.2733612060546875
-0.0205078125 0.0625 -0.290374755859375
0.0029296875 0.03515625 -0.2748565673828125
-0.0498046875 0.0625 -0.2776336669921875
0.0185546875 0.01171875 -0.2763214111328125
0.0849609375 -0.03125 -0.29046630859375
-0.0615234375 0.05859375 -0.2965545654296875
0.0380859375 -0.0078125 -0.2763824462890625
0.0185546875 0.01171875 0.0704803466796875
0.0400390625 -0.00390625 0.0709686279296875
0.0224609375 0.015625 0.2062225341796875
-0.0087890625 0.0234375 0.0692596435546875
-0.0068359375 0.02734375 0.2047576904296875
0.0966796875 -0.0625 -0.2935791015625
0.0517578125 -0.03515625 -0.2785797119140625
-0.0966796875 0.05859375 -0.2841033935546875
0.0380859375 -0.0078125 0.2052459716796875
-0.0400390625 0.03125 0.0668182373046875
0.0634765625 -0.0625 -0.2815093994140625
0.0439453125 -0.04296875 0.0668182373046875
-0.0361328125 0.0078125 0.2965545654296875
-0.0087890625 -0.05078125 0.2936248779296875
