CONSTRUCTION_CONE
-0.037109375 0.0546875 -0.2083587646484375
0.052734375 0.109375 -0.3032073974609375
-0.013671875 0.0625 -0.3042449951171875
0.083984375 0.125 -0.3026580810546875
0.021484375 0.078125 -0.3047332763671875
-0.056640625 0.0 -0.2133636474609375
0.048828125 0.0625 -0.2125091552734375
-0.052734375 0.0 0.0152740478515625
-0.064453125 -0.015625 -0.3102874755859375
-0.017578125 0.015625 0.0157623291015625
0.017578125 0.03125 -0.2134857177734375
0.021484375 0.0390625 0.0155181884765625
-0.080078125 -0.0390625 -0.2162933349609375
-0.076171875 -0.0390625 0.0128326416015625
0.013671875 0.0234375 0.1825103759765625
-0.021484375 0.0 0.1820220947265625
0.017578125 0.015625 0.3187408447265625
0.072265625 0.03125 0.0125885009765625
-0.041015625 -0.046875 0.1790924072265625
0.021484375 -0.0078125 0.1712799072265625
0.095703125 0.0390625 0.1800689697265625
-0.107421875 -0.1171875 -0.3187408447265625
-0.005859375 -0.0390625 0.1703033447265625
0.001953125 -0.0625 -0.3186187744140625
-0.087890625 -0.125 -0.2252044677734375
0.107421875 0.0078125 0.1693267822265625
