CONSTRUCTION_CONE
-0.12890625 0.05078125 -0.36907958984375
-0.08203125 0.07421875 -0.37030029296875
-0.11328125 0.03515625 -0.30364990234375
-0.05859375 0.06640625 -0.30511474609375
-0.02734375 0.09765625 -0.37225341796875
-0.00390625 0.08984375 -0.30682373046875
0.02734375 0.12109375 -0.37493896484375
-0.07421875 -0.01171875 -0.18707275390625
0.05078125 0.11328125 -0.30828857421875
-0.02734375 0.02734375 -0.18756103515625
-0.09765625 -0.06640625 -0.18902587890625
-0.08984375 -0.05859375 0.00091552734375
-0.05859375 -0.03515625 0.18939208984375
-0.01953125 0.00390625 0.18939208984375
-0.04296875 -0.02734375 0.09466552734375
-0.07421875 -0.06640625 0.09417724609375
0.03515625 0.03515625 -0.19049072265625
-0.10546875 -0.12109375 -0.00152587890625
0.01171875 -0.00390625 0.06439208984375
-0.01953125 -0.05078125 0.06390380859375
0.05859375 0.02734375 0.09271240234375
-0.07421875 -0.11328125 0.18695068359375
-0.03515625 -0.06640625 0.28216552734375
0.12890625 0.09765625 0.18743896484375
-0.01171875 -0.06640625 0.34515380859375
0.11328125 0.05078125 0.06195068359375
0.03515625 -0.01953125 0.34515380859375
0.07421875 0.01171875 0.34515380859375
0.02734375 -0.05078125 0.28021240234375
0.00390625 -0.08203125 0.37493896484375
0.04296875 -0.05078125 0.37445068359375
