CONSTRUCTION_CONE
0.001953125 0.09375 -0.28216552734375
-0.044921875 0.0703125 -0.18939208984375
-0.025390625 0.0703125 -0.28424072265625
-0.041015625 0.0703125 0.02496337890625
-0.005859375 0.078125 -0.18988037109375
-0.072265625 0.046875 0.02398681640625
-0.005859375 0.078125 0.02496337890625
0.044921875 0.09375 -0.28411865234375
-0.068359375 0.03125 -0.19293212890625
0.087890625 0.09375 -0.28607177734375
-0.052734375 0.0234375 -0.28863525390625
0.037109375 0.0625 -0.19439697265625
-0.001953125 0.046875 0.17901611328125
0.021484375 0.0390625 0.16583251953125
-0.009765625 0.0234375 0.16534423828125
-0.087890625 -0.0234375 0.01715087890625
0.083984375 0.046875 -0.19744873046875
-0.083984375 -0.046875 -0.20196533203125
-0.064453125 -0.0546875 -0.29669189453125
0.048828125 -0.09375 0.29669189453125
