CONSTRUCTION_CONE
-0.0625 0.01953125 -0.2578125
-0.0234375 0.05859375 -0.08349609375
-0.0546875 0.01953125 0.089599609375
-0.015625 0.04296875 -0.259033203125
-0.0234375 0.03515625 -0.21240234375
-0.09375 -0.01953125 0.089111328125
-0.0546875 -0.01171875 -0.21435546875
-0.078125 -0.03515625 -0.26123046875
-0.046875 0.01171875 0.176025390625
-0.0390625 -0.00390625 -0.086669921875
-0.015625 0.02734375 0.133056640625
-0.078125 -0.04296875 -0.08740234375
0.0390625 0.06640625 -0.08642578125
0.0390625 0.05859375 -0.261474609375
0.03125 0.05078125 -0.214599609375
-0.046875 -0.01171875 0.261474609375
-0.078125 -0.06640625 -0.216796875
0.0 0.01171875 0.260498046875
-0.03125 -0.03515625 0.130126953125
-0.0546875 -0.05859375 0.172607421875
0.09375 0.05078125 -0.2177734375
