CONSTRUCTION_CONE
-0.0625 0.015625 -0.255615234375
-0.0234375 0.046875 -0.255615234375
-0.0625 0.0234375 0.089599609375
-0.0625 0.0078125 -0.083984375
-0.0234375 0.0390625 -0.08349609375
-0.09375 -0.0234375 0.088134765625
-0.09375 -0.0390625 -0.25732421875
-0.015625 0.03125 -0.21435546875
-0.0546875 0.0078125 0.174072265625
-0.015625 0.0390625 0.174072265625
-0.046875 -0.0078125 -0.215087890625
-0.0859375 -0.046875 -0.086181640625
-0.0078125 0.03125 0.128173828125
-0.0546875 -0.0078125 0.259521484375
-0.078125 -0.0546875 -0.216796875
0.0390625 0.0390625 -0.259521484375
-0.0078125 0.0078125 0.258544921875
-0.03125 -0.0234375 0.126220703125
0.0859375 0.0625 -0.21728515625
-0.0625 -0.0703125 0.170166015625
0.09375 0.0703125 0.085205078125
0.046875 0.015625 0.257080078125
