CONSTRUCTION_CONE
-0.0546875 0.0 -0.081787109375
-0.0546875 0.0078125 0.089111328125
-0.0859375 -0.0390625 -0.253662109375
-0.015625 0.0234375 -0.2529296875
-0.046875 -0.0078125 -0.2529296875
0.0078125 0.0234375 -0.206298828125
-0.078125 -0.046875 0.087158203125
0.0 0.015625 -0.08349609375
-0.0234375 -0.015625 -0.20703125
0.0078125 0.0234375 0.133056640625
-0.0703125 -0.0625 -0.085205078125
-0.0234375 -0.015625 0.132080078125
-0.03125 -0.0234375 0.171630859375
0.0859375 0.0703125 -0.08447265625
0.0859375 0.078125 0.086669921875
-0.0390625 -0.03125 0.256591796875
-0.046875 -0.0625 -0.208984375
0.0546875 0.0234375 -0.256591796875
-0.046875 -0.078125 0.169677734375
0.078125 0.015625 -0.210205078125
0.015625 -0.0234375 0.255126953125
