CONSTRUCTION_CONE
-0.039794921875 0.046875 -0.2060394287109375
-0.001708984375 0.046875 -0.20497894287109375
-0.021728515625 0.04296875 -0.20604705810546875
0.033447265625 0.05078125 -0.230377197265625
0.012939453125 0.046875 -0.2324371337890625
0.019287109375 0.03515625 -0.20714950561523438
-0.008544921875 0.02734375 -0.2376251220703125
-0.066162109375 0.015625 -0.2157440185546875
-0.030029296875 0.015625 -0.2417449951171875
0.050048828125 0.02734375 -0.2366180419921875
0.069580078125 0.02734375 -0.2366180419921875
-0.088134765625 0.0 -0.22113037109375
0.036376953125 0.01171875 -0.21256256103515625
0.052978515625 0.0 -0.2158050537109375
0.088134765625 0.00390625 -0.2418365478515625
-0.053466796875 -0.02734375 -0.2531585693359375
-0.009521484375 -0.0234375 0.2531585693359375
0.010009765625 -0.03125 0.2524261474609375
-0.020751953125 -0.04296875 0.2468109130859375
-0.001220703125 -0.046875 0.2460784912109375
0.030029296875 -0.046875 0.2494964599609375
0.019287109375 -0.05078125 0.2460784912109375
