CONSTRUCTION_CONE
-0.12890625 -0.02734375 -0.3236083984375
-0.01171875 0.05078125 -0.323486328125
0.11328125 0.11328125 -0.3260498046875
-0.00390625 0.01953125 -0.1356201171875
-0.00390625 0.01953125 0.0211181640625
0.08203125 0.07421875 -0.3277587890625
-0.03515625 -0.01171875 0.0211181640625
-0.05859375 -0.04296875 -0.3291015625
-0.03515625 -0.01953125 -0.1363525390625
0.03515625 0.03515625 -0.1363525390625
0.00390625 0.01953125 0.1773681640625
-0.02734375 -0.01171875 0.1773681640625
-0.12109375 -0.11328125 -0.3321533203125
0.01953125 0.01953125 0.2008056640625
0.02734375 0.00390625 -0.1146240234375
0.12109375 0.08203125 0.0196533203125
0.01171875 0.00390625 0.2550048828125
-0.00390625 -0.03515625 -0.3321533203125
-0.05078125 -0.07421875 -0.1400146484375
0.07421875 0.02734375 -0.1153564453125
0.00390625 -0.03515625 -0.1158447265625
-0.05078125 -0.06640625 0.1749267578125
-0.01171875 -0.03515625 0.2530517578125
0.12890625 0.08203125 0.2545166015625
-0.05078125 -0.08203125 0.0172119140625
0.01171875 -0.01953125 0.3321533203125
0.00390625 -0.04296875 0.1978759765625
-0.01953125 -0.08203125 -0.1182861328125
0.11328125 0.01953125 -0.1412353515625
0.12890625 0.02734375 -0.1180419921875
