CONSTRUCTION_CONE
-0.12890625 -0.05078125 -0.3228759765625
0.06640625 0.06640625 -0.324951171875
-0.04296875 -0.02734375 -0.325927734375
0.10546875 0.08984375 -0.324951171875
-0.01171875 0.00390625 0.0218505859375
-0.05078125 -0.01953125 0.1776123046875
-0.01171875 0.01171875 0.1781005859375
-0.04296875 -0.02734375 0.0213623046875
0.00390625 -0.00390625 -0.32666015625
-0.04296875 -0.04296875 -0.1358642578125
-0.00390625 -0.01171875 -0.1356201171875
-0.07421875 -0.07421875 -0.1370849609375
-0.07421875 -0.07421875 0.0198974609375
0.01953125 -0.00390625 -0.1141357421875
-0.07421875 -0.06640625 0.1761474609375
0.00390625 -0.00390625 0.2547607421875
-0.05859375 -0.08203125 -0.3302001953125
-0.01171875 -0.04296875 -0.1158447265625
-0.03515625 -0.04296875 0.2542724609375
-0.01171875 -0.04296875 0.1971435546875
-0.03515625 -0.05859375 0.3309326171875
0.06640625 -0.00390625 -0.1163330078125
0.03515625 -0.00390625 0.3314208984375
0.06640625 -0.01171875 -0.3314208984375
-0.03515625 -0.08984375 -0.1180419921875
0.09765625 0.01171875 -0.1395263671875
0.10546875 -0.01171875 0.0155029296875
0.12890625 -0.00390625 -0.1192626953125
