CONSTRUCTION_CONE
-0.1328125 0.0078125 -0.3216552734375
-0.0859375 0.03125 -0.322021484375
-0.046875 0.046875 -0.3233642578125
-0.0078125 0.078125 -0.3228759765625
0.03125 0.1015625 -0.3232421875
-0.03125 0.0078125 0.0167236328125
-0.0546875 -0.03125 0.0157470703125
-0.046875 -0.046875 -0.1414794921875
-0.0078125 -0.015625 -0.1407470703125
-0.046875 -0.03125 0.1705322265625
-0.015625 -0.0078125 0.1710205078125
-0.0078125 -0.0234375 -0.1336669921875
-0.0390625 -0.0546875 -0.1348876953125
0.03125 0.0 -0.1414794921875
-0.0078125 -0.015625 0.2476806640625
0.0390625 0.0 -0.1343994140625
-0.0390625 -0.046875 0.2471923828125
-0.0703125 -0.09375 -0.1436767578125
0.0 -0.0234375 0.1768798828125
-0.0625 -0.1015625 0.0113525390625
-0.0625 -0.09375 0.1676025390625
-0.0234375 -0.0625 0.1754150390625
0.1171875 0.0390625 0.0123291015625
0.0 -0.0390625 0.3233642578125
0.1328125 0.0390625 0.1754150390625
0.1015625 -0.0078125 -0.1375732421875
0.109375 -0.0234375 -0.1478271484375
0.078125 -0.078125 0.3189697265625
