CONSTRUCTION_CONE
-0.13671875 -0.01171875 -0.36709117889404297
-0.06640625 0.04296875 -0.3664989471435547
-0.09765625 0.01171875 -0.36704540252685547
-0.02734375 0.06640625 -0.36644649505615234
0.01171875 0.08984375 -0.36690425872802734
0.05078125 0.09765625 -0.36837100982666016
-0.02734375 -0.01171875 -0.11942195892333984
-0.05859375 -0.05078125 -0.12076473236083984
0.01171875 0.00390625 -0.12027645111083984
-0.03515625 -0.02734375 0.06710147857666016
-0.03515625 -0.02734375 0.21993350982666016
0.00390625 -0.00390625 0.21993350982666016
-0.01171875 -0.02734375 0.07320499420166016
-0.08203125 -0.09765625 -0.12332820892333984
-0.03515625 -0.06640625 0.07198429107666016
0.06640625 0.00390625 -0.12320613861083984
-0.04296875 -0.09765625 0.21553897857666016
0.07421875 -0.02734375 0.061730384826660156
0.01171875 -0.08203125 0.36837100982666016
0.05078125 -0.05859375 0.36788272857666016
0.13671875 -0.04296875 0.21114444732666016
