CONSTRUCTION_CONE
-0.02490234375 0.08984375 -0.304046630859375
-0.06005859375 0.08203125 -0.304046630859375
-0.09326171875 0.06640625 -0.307159423828125
0.01025390625 0.07421875 -0.305877685546875
0.04345703125 0.06640625 -0.307098388671875
-0.03173828125 0.05859375 -0.022735595703125
0.00341796875 0.05859375 -0.023223876953125
-0.06298828125 0.04296875 -0.024200439453125
-0.02685546875 0.05078125 0.174041748046875
0.00830078125 0.05078125 0.174041748046875
-0.00732421875 0.03515625 -0.123809814453125
0.03955078125 0.04296875 -0.024688720703125
0.02783203125 0.03515625 -0.123809814453125
0.06298828125 0.03515625 -0.124298095703125
0.08056640625 0.02734375 -0.313201904296875
-0.04150390625 0.00390625 -0.126739501953125
-0.10009765625 -0.00390625 -0.030792236328125
0.04248046875 0.02734375 0.171600341796875
-0.06103515625 0.00390625 0.169647216796875
0.10009765625 0.00390625 -0.128204345703125
-0.00146484375 -0.01171875 0.313201904296875
0.03173828125 -0.01171875 0.289764404296875
-0.00244140625 -0.02734375 0.288299560546875
0.03564453125 -0.04296875 0.310760498046875
-0.07275390625 -0.08984375 -0.138580322265625
