CONSTRUCTION_CONE
-0.125 0.09765625 -0.32067108154296875
-0.0859375 0.11328125 -0.32061004638671875
-0.04296875 0.12890625 -0.32154083251953125
-0.0390625 0.05859375 -0.24178314208984375
-0.0625 0.01171875 -0.24636077880859375
0.015625 0.05078125 -0.24629974365234375
-0.03125 0.02734375 0.17676544189453125
-0.01953125 0.02734375 -0.00243377685546875
-0.0625 -0.00390625 0.17530059814453125
-0.05078125 -0.00390625 -0.00389862060546875
0.0234375 0.04296875 -0.00341033935546875
-0.0234375 0.01953125 0.32154083251953125
0.05859375 0.05859375 -0.24776458740234375
0.015625 0.03515625 0.17481231689453125
-0.08203125 -0.04296875 -0.25041961669921875
-0.07421875 -0.04296875 -0.00634002685546875
0.0234375 0.01953125 0.17896270751953125
0.078125 0.03515625 -0.00707244873046875
-0.00390625 -0.02734375 0.17700958251953125
0.10546875 0.05078125 0.31909942626953125
0.125 0.03515625 -0.25530242919921875
0.078125 0.01171875 0.17652130126953125
-0.03125 -0.05859375 0.31616973876953125
0.1171875 0.02734375 0.17627716064453125
-0.0859375 -0.12890625 -0.26003265380859375
