CONSTRUCTION_CONE
-0.0625 0.2109375 -0.103759765625
-0.03125 0.109375 -0.109619140625
-0.046875 0.0390625 -0.111328125
-0.171875 -0.203125 -0.1126708984375
-0.171875 -0.2109375 0.00244140625
-0.0625 -0.03125 -0.1126708984375
-0.109375 -0.1640625 -0.1146240234375
-0.0625 -0.1171875 -0.11572265625
0.046875 0.0625 0.00048828125
0.078125 0.1171875 0.000732421875
0.0625 0.0546875 0.019287109375
0.046875 0.03125 0.11572265625
0.09375 0.109375 0.019287109375
-0.0625 -0.1953125 -0.00244140625
0.03125 -0.0390625 0.11474609375
0.046875 -0.0234375 -0.002197265625
0.15625 0.15625 -0.001953125
0.078125 -0.1953125 -0.010009765625
0.15625 -0.171875 0.007568359375
0.171875 -0.171875 -0.01416015625
