CONSTRUCTION_CONE
-0.08203125 0.03515625 -0.3120269775390625
-0.01171875 0.07421875 -0.3108978271484375
-0.1171875 0.01171875 -0.3130645751953125
-0.046875 0.05078125 -0.3119659423828125
0.02734375 0.08984375 -0.3108673095703125
0.06640625 0.10546875 -0.3112945556640625
-0.02734375 0.02734375 -0.2214813232421875
0.01953125 0.02734375 -0.2234344482421875
-0.01171875 0.00390625 0.0074005126953125
-0.0234375 0.00390625 0.1773223876953125
-0.05078125 -0.02734375 -0.2259979248046875
0.02734375 0.01953125 0.0069122314453125
0.015625 0.01171875 0.1768341064453125
-0.04296875 -0.03515625 0.0049591064453125
-0.0546875 -0.03515625 0.1753692626953125
-0.078125 -0.06640625 -0.2295379638671875
-0.07421875 -0.06640625 0.0032501220703125
-0.0078125 -0.02734375 0.1695098876953125
-0.10546875 -0.10546875 -0.2325897216796875
-0.0078125 -0.03515625 0.3130645751953125
-0.03515625 -0.06640625 0.1670684814453125
0.03515625 -0.02734375 0.1680450439453125
0.08203125 -0.01171875 0.0017852783203125
0.1171875 -0.00390625 -0.2321014404296875
0.11328125 0.00390625 0.1680450439453125
0.1171875 -0.01953125 0.3101348876953125
