CONSTRUCTION_CONE
-0.015625 0.19921875 -0.10498046875
-0.015625 0.12109375 -0.108642578125
-0.03125 0.05078125 -0.110107421875
-0.09375 -0.07421875 -0.111328125
-0.046875 -0.01171875 -0.111083984375
0.0625 0.15234375 0.002197265625
0.03125 0.09765625 0.002685546875
-0.140625 -0.19921875 -0.11279296875
0.03125 0.07421875 0.115966796875
0.046875 0.08984375 0.02001953125
0.0 0.00390625 0.114990234375
0.015625 0.01953125 0.0009765625
0.125 0.19140625 0.000732421875
0.09375 0.13671875 0.01953125
-0.078125 -0.16015625 -0.000244140625
-0.0625 -0.16796875 -0.115966796875
-0.0625 -0.19921875 0.112060546875
0.0 -0.12890625 0.014892578125
0.03125 -0.17578125 0.1083984375
0.046875 -0.16015625 -0.0068359375
0.125 -0.13671875 -0.0107421875
0.140625 -0.13671875 0.008056640625
0.125 -0.16015625 0.10400390625
