CONSTRUCTION_CONE
-0.1796875 -0.1640625 0.1173095703125
-0.1640625 -0.15625 0.0030517578125
0.0546875 0.1953125 -0.1090087890625
0.0234375 0.1328125 -0.1092529296875
-0.0078125 0.0703125 -0.1099853515625
0.0390625 0.1171875 0.0025634765625
-0.1015625 -0.125 0.0181884765625
-0.0234375 0.0 -0.1121826171875
0.0390625 0.1015625 0.0186767578125
-0.0546875 -0.0625 -0.1124267578125
0.0859375 0.171875 0.0015869140625
0.0390625 0.09375 0.1153564453125
0.0234375 0.0546875 0.0010986328125
0.0859375 0.1484375 0.0181884765625
-0.0703125 -0.1328125 -0.1141357421875
0.0234375 0.03125 0.1138916015625
-0.1015625 -0.1953125 -0.1148681640625
-0.0390625 -0.1640625 -0.0040283203125
0.1796875 0.1875 -0.1173095703125
-0.0390625 -0.171875 0.1104736328125
0.0234375 -0.125 0.0118408203125
0.0703125 -0.1640625 0.1051025390625
0.1171875 -0.09375 -0.0089111328125
0.0859375 -0.15625 -0.0098876953125
0.1328125 -0.125 0.1029052734375
0.1484375 -0.1328125 0.0057373046875
