CONSTRUCTION_CONE
-0.1953125 -0.12109375 0.0255126953125
-0.1953125 -0.14453125 0.0093994140625
-0.0078125 0.12109375 -0.1014404296875
0.0390625 0.16796875 -0.1024169921875
-0.0234375 0.05078125 -0.1031494140625
0.0546875 0.16015625 0.0074462890625
0.0234375 0.09765625 0.0067138671875
0.0390625 0.11328125 0.0223388671875
0.0859375 0.19140625 0.1165771484375
0.0234375 0.08203125 0.1156005859375
-0.1328125 -0.19140625 -0.1068115234375
-0.0859375 -0.12109375 0.0201416015625
0.0078125 0.02734375 0.0047607421875
-0.0234375 -0.02734375 -0.1068115234375
-0.1015625 -0.15234375 0.1141357421875
0.1171875 0.19140625 0.0042724609375
-0.0859375 -0.14453125 0.0035400390625
-0.0390625 -0.18359375 -0.1116943359375
0.0234375 -0.11328125 0.0159912109375
0.0078125 -0.14453125 0.1087646484375
0.1953125 0.14453125 -0.1119384765625
0.0234375 -0.13671875 -0.0023193359375
0.0546875 -0.16015625 -0.1165771484375
0.1171875 -0.12890625 -0.0067138671875
0.1328125 -0.10546875 0.0108642578125
