CONSTRUCTION_CONE
-0.15625 -0.125 0.0194091796875
0.03125 0.1171875 -0.0977783203125
-0.15625 -0.1640625 0.1148681640625
-0.140625 -0.1484375 0.0081787109375
0.078125 0.15625 -0.0987548828125
0.015625 0.0546875 -0.0989990234375
0.078125 0.15625 0.0079345703125
0.0625 0.109375 0.0174560546875
0.046875 0.078125 0.1134033203125
0.0625 0.09375 0.0069580078125
0.03125 0.03125 0.0057373046875
-0.09375 -0.1875 -0.1029052734375
0.03125 0.0078125 0.1119384765625
-0.046875 -0.125 0.0142822265625
0.15625 0.1875 0.0054931640625
-0.0625 -0.15625 0.1104736328125
-0.046875 -0.140625 0.0035400390625
0.046875 -0.0546875 -0.1053466796875
0.09375 0.0078125 0.0128173828125
0.0 -0.1796875 -0.1080322265625
0.046875 -0.1171875 0.0101318359375
0.0625 -0.1484375 -0.0028076171875
0.0625 -0.1640625 0.1051025390625
0.15625 -0.109375 0.0057373046875
0.109375 -0.1875 -0.1148681640625
0.15625 -0.1328125 -0.0064697265625
