CONSTRUCTION_CONE
0.05078125 0.18359375 -0.13720703125
0.01953125 0.12890625 -0.137939453125
-0.01171875 0.08203125 -0.138916015625
-0.06640625 -0.01953125 -0.140869140625
-0.09765625 -0.06640625 -0.140869140625
-0.16796875 -0.15234375 0.146728515625
0.01953125 0.06640625 0.05078125
0.05859375 0.12109375 0.147705078125
0.12109375 0.19140625 -0.140869140625
0.06640625 0.11328125 0.050537109375
-0.14453125 -0.16015625 0.145751953125
0.06640625 0.10546875 0.146240234375
-0.14453125 -0.18359375 -0.14453125
0.00390625 0.01171875 0.04931640625
0.04296875 0.05078125 0.145263671875
0.01171875 -0.01171875 -0.145263671875
-0.11328125 -0.18359375 0.04638671875
-0.08203125 -0.14453125 0.143310546875
-0.07421875 -0.16015625 -0.147705078125
0.06640625 0.03515625 0.143798828125
-0.05078125 -0.16796875 0.140380859375
-0.01953125 -0.19140625 0.041015625
0.01953125 -0.15234375 0.138916015625
0.02734375 -0.16015625 0.136962890625
0.05078125 -0.17578125 0.0380859375
0.08984375 -0.14453125 0.135986328125
0.14453125 -0.11328125 0.133544921875
0.12890625 -0.16796875 0.132080078125
0.13671875 -0.17578125 0.033935546875
0.16796875 -0.13671875 0.133544921875
