CONSTRUCTION_CONE
-0.0078125 0.17578125 -0.1756591796875
-0.015625 0.11328125 -0.1785888671875
-0.1484375 -0.05078125 -0.1807861328125
-0.046875 0.06640625 -0.1795654296875
-0.0625 0.01953125 -0.1817626953125
0.0546875 0.12890625 -0.0794677734375
0.03125 0.08203125 -0.0811767578125
0.0703125 0.12890625 0.0989990234375
-0.171875 -0.16796875 -0.0831298828125
0.0703125 0.12890625 0.1883544921875
0.1015625 0.15234375 -0.0811767578125
-0.1640625 -0.16015625 0.1864013671875
0.046875 0.07421875 0.0975341796875
0.1484375 0.18359375 -0.0823974609375
0.046875 0.07421875 0.1873779296875
0.078125 0.09765625 0.1717529296875
-0.125 -0.14453125 0.1693115234375
-0.1484375 -0.18359375 0.0946044921875
-0.0390625 -0.07421875 -0.1883544921875
-0.1015625 -0.16015625 -0.0870361328125
0.0390625 0.01171875 0.0950927734375
-0.09375 -0.16015625 0.1834716796875
0.09375 0.01953125 0.1678466796875
-0.0703125 -0.18359375 0.0911865234375
-0.03125 -0.16015625 0.1649169921875
0.0859375 -0.04296875 -0.0916748046875
-0.015625 -0.16796875 -0.0924072265625
-0.015625 -0.16015625 0.1795654296875
0.09375 -0.04296875 0.1800537109375
0.015625 -0.13671875 0.1644287109375
0.0 -0.18359375 0.0872802734375
0.046875 -0.16796875 -0.0963134765625
0.0625 -0.16015625 0.1756591796875
0.078125 -0.17578125 0.0838623046875
0.1015625 -0.14453125 0.1605224609375
0.125 -0.16015625 -0.1002197265625
0.1328125 -0.15234375 0.1732177734375
0.1484375 -0.16796875 0.0809326171875
0.171875 -0.13671875 0.1580810546875
