CONSTRUCTION_CONE
0.05078125 0.171875 -0.15966796875
0.02734375 0.125 -0.160888671875
0.00390625 0.078125 -0.16259765625
0.04296875 0.1171875 -0.056640625
0.11328125 0.1796875 -0.162353515625
0.05078125 0.1171875 0.112548828125
0.08203125 0.140625 -0.057373046875
0.12109375 0.1796875 -0.057373046875
0.08203125 0.140625 0.172607421875
-0.07421875 -0.0546875 -0.16650390625
0.09765625 0.140625 0.112060546875
0.02734375 0.0546875 -0.059326171875
-0.17578125 -0.171875 -0.16845703125
0.17578125 0.1875 -0.165283203125
0.06640625 0.078125 0.170166015625
0.04296875 0.046875 0.109619140625
-0.13671875 -0.140625 0.168212890625
0.01953125 -0.015625 -0.1689453125
-0.15234375 -0.1875 0.106689453125
-0.01171875 -0.0546875 -0.169677734375
-0.11328125 -0.1640625 -0.064697265625
-0.07421875 -0.140625 -0.171875
-0.10546875 -0.1796875 -0.172607421875
-0.07421875 -0.140625 0.166259765625
-0.08984375 -0.171875 0.104736328125
-0.04296875 -0.171875 -0.0693359375
-0.03515625 -0.1640625 0.102294921875
0.00390625 -0.1484375 0.162841796875
0.01953125 -0.1640625 -0.072509765625
0.05859375 -0.1328125 0.161865234375
0.03515625 -0.171875 0.098876953125
0.08203125 -0.15625 -0.0751953125
0.12890625 -0.1171875 0.096923828125
0.13671875 -0.1328125 -0.076904296875
0.12890625 -0.1328125 0.158935546875
0.11328125 -0.171875 0.094970703125
