CONSTRUCTION_CONE
-0.1875 0.13671875 -0.168701171875
-0.1171875 0.12109375 -0.173828125
-0.078125 0.15234375 -0.17333984375
0.0625 0.16015625 -0.1171875
-0.125 -0.01953125 -0.183837890625
0.03125 0.12109375 -0.11865234375
-0.1484375 -0.05078125 -0.1845703125
0.0 0.08203125 -0.11962890625
0.0546875 0.13671875 -0.02294921875
0.109375 0.17578125 -0.119140625
0.03125 0.09765625 -0.02392578125
0.1015625 0.16015625 -0.0234375
0.046875 0.08203125 0.134765625
0.0234375 0.04296875 0.13330078125
-0.1796875 -0.16796875 -0.0302734375
-0.1640625 -0.16796875 -0.1279296875
-0.171875 -0.16796875 0.13037109375
0.1875 0.15234375 -0.1240234375
0.0546875 -0.01171875 -0.03271484375
-0.1015625 -0.16796875 -0.131103515625
-0.0390625 -0.16796875 -0.133544921875
-0.046875 -0.17578125 0.12451171875
0.0703125 -0.08984375 -0.134033203125
-0.0078125 -0.16796875 -0.03857421875
0.0078125 -0.17578125 0.1220703125
0.046875 -0.13671875 0.1845703125
0.0234375 -0.17578125 -0.136962890625
0.0546875 -0.16796875 -0.0419921875
0.0703125 -0.16796875 0.1201171875
0.109375 -0.12890625 0.1826171875
0.078125 -0.17578125 -0.139892578125
0.1171875 -0.16015625 -0.044921875
0.1171875 -0.15234375 0.11865234375
0.1640625 -0.12109375 0.181640625
