CONSTRUCTION_CONE
0.05859375 0.16796875 -0.0592041015625
0.02734375 0.13671875 -0.0599365234375
0.10546875 0.17578125 -0.0609130859375
0.10546875 0.16015625 -0.0435791015625
0.01171875 0.08203125 -0.0631103515625
0.07421875 0.12890625 -0.0443115234375
0.15234375 0.17578125 -0.0447998046875
0.05078125 0.08984375 -0.0462646484375
0.09765625 0.12109375 0.0858154296875
0.13671875 0.14453125 0.0858154296875
0.07421875 0.08203125 0.0838623046875
0.03515625 0.03515625 -0.0487060546875
-0.15234375 -0.15234375 0.0780029296875
-0.14453125 -0.16796875 -0.0745849609375
-0.15234375 -0.17578125 -0.0550537109375
-0.09765625 -0.16015625 -0.0767822265625
-0.08984375 -0.16015625 0.0750732421875
-0.09765625 -0.17578125 -0.0572509765625
-0.05078125 -0.17578125 -0.0594482421875
-0.03515625 -0.16015625 0.0726318359375
-0.03515625 -0.16796875 -0.0804443359375
0.01171875 -0.15234375 -0.0816650390625
0.01171875 -0.16015625 0.0706787109375
0.08984375 -0.10546875 -0.0821533203125
0.01171875 -0.16796875 -0.0616455078125
0.06640625 -0.16015625 0.0682373046875
0.06640625 -0.16796875 -0.0638427734375
0.13671875 -0.10546875 0.0687255859375
0.07421875 -0.16796875 -0.0858154296875
0.12109375 -0.15234375 0.0662841796875
0.12109375 -0.17578125 -0.0665283203125
