CONSTRUCTION_CONE
0.04296875 0.16015625 -0.0596923828125
0.01953125 0.12890625 -0.0611572265625
-0.01953125 0.09765625 -0.0618896484375
0.08984375 0.16796875 -0.0614013671875
0.06640625 0.14453125 -0.0457763671875
0.04296875 0.11328125 -0.0472412109375
0.11328125 0.16796875 -0.0465087890625
0.06640625 0.13671875 0.0843505859375
0.01953125 0.06640625 -0.0491943359375
0.04296875 0.08984375 0.0823974609375
0.11328125 0.14453125 0.0828857421875
0.16015625 0.16796875 -0.0484619140625
-0.15234375 -0.16015625 -0.0579833984375
-0.16015625 -0.16015625 0.0740966796875
-0.16015625 -0.16796875 -0.0758056640625
-0.11328125 -0.16015625 -0.0775146484375
-0.09765625 -0.16015625 -0.0601806640625
-0.07421875 -0.14453125 -0.0782470703125
-0.11328125 -0.16796875 0.0716552734375
-0.05859375 -0.15234375 0.0701904296875
-0.04296875 -0.16796875 -0.0628662109375
-0.01953125 -0.15234375 -0.0816650390625
-0.01171875 -0.14453125 0.0687255859375
0.02734375 -0.13671875 0.0672607421875
0.01171875 -0.16015625 -0.0645751953125
0.06640625 -0.12109375 -0.0828857421875
0.03515625 -0.16015625 -0.0843505859375
0.12109375 -0.11328125 0.0653076171875
0.06640625 -0.16796875 -0.0672607421875
0.09765625 -0.14453125 -0.0672607421875
0.09765625 -0.16015625 0.0633544921875
