CONSTRUCTION_CONE
0.02734375 0.171875 -0.1331787109375
-0.00390625 0.1484375 -0.1339111328125
-0.03515625 0.1171875 -0.1351318359375
-0.0625 0.078125 -0.1373291015625
0.02734375 0.140625 0.0364990234375
0.06640625 0.1640625 0.0374755859375
0.078125 0.1640625 -0.1365966796875
0.0 0.1015625 0.0350341796875
0.0390625 0.125 0.0369873046875
-0.02734375 0.0703125 0.0335693359375
0.0078125 0.0859375 0.0355224609375
0.08203125 0.1328125 0.0360107421875
0.1171875 0.1484375 0.0330810546875
0.125 0.140625 0.0345458984375
0.2109375 0.1875 -0.1412353515625
-0.0625 -0.015625 -0.1461181640625
0.15234375 0.1171875 -0.1446533203125
0.0078125 0.0078125 0.0301513671875
-0.12109375 -0.0859375 -0.1492919921875
-0.15234375 -0.109375 -0.1507568359375
0.19921875 0.1171875 -0.1466064453125
-0.07421875 -0.0859375 -0.1519775390625
-0.2109375 -0.1875 -0.1551513671875
-0.19140625 -0.171875 0.0247802734375
-0.18359375 -0.171875 0.0208740234375
-0.1640625 -0.1796875 -0.1566162109375
-0.14453125 -0.1640625 0.0194091796875
-0.140625 -0.171875 0.0228271484375
-0.1015625 -0.15625 0.0179443359375
-0.08984375 -0.171875 0.0208740234375
-0.05078125 -0.15625 0.0159912109375
-0.05078125 -0.15625 0.0203857421875
-0.00390625 -0.15625 0.0140380859375
0.00390625 -0.1640625 0.0179443359375
0.04296875 -0.15625 0.0120849609375
0.046875 -0.15625 0.1566162109375
0.0546875 -0.1640625 0.0159912109375
0.015625 -0.1875 0.1556396484375
