CONSTRUCTION_CONE
0.056640625 0.17578125 -0.07470703125
0.048828125 0.17578125 0.106201171875
-0.048828125 0.10546875 -0.07666015625
-0.009765625 0.12109375 -0.0771484375
0.025390625 0.13671875 0.103759765625
0.005859375 0.08203125 0.100341796875
0.001953125 0.05859375 0.084716796875
0.158203125 0.14453125 0.099853515625
0.177734375 0.09765625 -0.08740234375
0.216796875 0.11328125 -0.088134765625
-0.216796875 -0.15234375 0.074462890625
-0.173828125 -0.14453125 0.073486328125
-0.201171875 -0.16015625 0.088623046875
-0.197265625 -0.16796875 -0.097412109375
-0.158203125 -0.15234375 0.087646484375
-0.130859375 -0.14453125 0.072021484375
-0.150390625 -0.17578125 -0.10009765625
-0.111328125 -0.16015625 0.086181640625
0.001953125 -0.10546875 -0.099365234375
-0.087890625 -0.15234375 0.070068359375
-0.107421875 -0.17578125 -0.101806640625
-0.068359375 -0.16015625 0.084716796875
-0.064453125 -0.16796875 -0.102783203125
-0.041015625 -0.15234375 0.068115234375
-0.025390625 -0.14453125 0.084228515625
0.017578125 -0.14453125 0.082763671875
0.005859375 -0.15234375 0.066162109375
-0.017578125 -0.17578125 -0.106201171875
0.044921875 -0.14453125 0.065185546875
0.064453125 -0.14453125 0.081298828125
