CONSTRUCTION_CONE
0.033203125 0.171875 -0.1427001953125
-0.00390625 0.1640625 -0.1431884765625
0.0703125 0.171875 -0.1427001953125
-0.0419921875 0.140625 -0.1468505859375
0.0390625 0.1484375 0.0635986328125
0.0 0.140625 0.0631103515625
-0.033203125 0.125 0.0609130859375
0.1064453125 0.1328125 -0.1470947265625
0.1435546875 0.125 -0.1480712890625
0.1806640625 0.125 -0.1480712890625
0.07421875 0.1171875 0.0606689453125
0.111328125 0.109375 0.0599365234375
0.216796875 0.078125 -0.1541748046875
-0.0830078125 0.03125 -0.1602783203125
-0.158203125 -0.0703125 -0.1739501953125
-0.1259765625 -0.09375 -0.1768798828125
-0.1982421875 -0.1171875 -0.1798095703125
-0.080078125 -0.1171875 0.0352783203125
-0.123046875 -0.15625 0.0308837890625
-0.1611328125 -0.1640625 0.0296630859375
-0.140625 -0.15625 0.1798095703125
-0.1962890625 -0.171875 0.0286865234375
-0.216796875 -0.171875 0.1778564453125
-0.06640625 -0.15625 0.1798095703125
-0.1787109375 -0.171875 0.1783447265625
-0.1005859375 -0.1640625 0.1793212890625
