CONSTRUCTION_CONE
0.21630859375 0.20703125 -0.5172119140625
0.04541015625 0.16015625 0.1773681640625
0.0048828125 0.14453125 0.1751708984375
-0.03125 0.13671875 0.1737060546875
0.08154296875 0.14453125 0.1763916015625
0.0107421875 0.12890625 0.3831787109375
0.04736328125 0.12890625 0.3831787109375
0.11474609375 0.12109375 0.1732177734375
-0.02880859375 0.10546875 0.3802490234375
0.15087890625 0.10546875 0.1717529296875
0.08203125 0.08984375 0.3797607421875
0.1865234375 0.08984375 0.1697998046875
0.11865234375 0.08203125 0.3792724609375
-0.07666015625 0.05078125 0.1619873046875
0.22216796875 0.05078125 0.1656494140625
-0.16552734375 -0.08203125 0.1436767578125
-0.0830078125 -0.07421875 0.3602294921875
-0.2041015625 -0.08984375 0.1427001953125
-0.12841796875 -0.09765625 0.1427001953125
-0.22216796875 -0.16796875 0.5079345703125
-0.06982421875 -0.16015625 0.5098876953125
-0.1494140625 -0.16796875 0.5084228515625
-0.109375 -0.16796875 0.5084228515625
-0.1318359375 -0.18359375 0.3477783203125
-0.216796875 -0.18359375 0.5167236328125
-0.18505859375 -0.18359375 0.5069580078125
-0.10595703125 -0.18359375 0.5172119140625
-0.17919921875 -0.19140625 0.5167236328125
-0.171875 -0.19921875 0.3460693359375
-0.14501953125 -0.19140625 0.5167236328125
-0.2109375 -0.20703125 0.3448486328125
