CONSTRUCTION_CONE
0.07861328125 0.19140625 -0.0640869140625
0.03759765625 0.19140625 -0.0653076171875
0.09814453125 0.19140625 0.0928955078125
0.0595703125 0.19140625 0.0919189453125
-0.000732421875 0.18359375 -0.0670166015625
0.11083984375 0.16796875 -0.0657958984375
0.029296875 0.16796875 0.1041259765625
0.065673828125 0.16015625 0.1041259765625
0.103271484375 0.15234375 0.1046142578125
0.01318359375 0.15234375 0.0875244140625
0.1416015625 0.13671875 -0.0692138671875
-0.018310546875 0.10546875 0.0982666015625
0.161865234375 0.03515625 -0.0792236328125
-0.099853515625 -0.10546875 -0.1002197265625
-0.121826171875 -0.12109375 0.0596923828125
-0.161865234375 -0.12109375 0.0587158203125
-0.146240234375 -0.13671875 -0.1046142578125
-0.100830078125 -0.13671875 0.0772705078125
-0.143310546875 -0.15234375 0.0753173828125
0.125732421875 -0.19140625 0.0767822265625
