CONSTRUCTION_CONE
-0.0263671875 -0.1005859375 0.047332763671875
-0.0126953125 -0.1044921875 0.049041748046875
-0.064453125 -0.0830078125 0.038848876953125
-0.0517578125 -0.0869140625 0.040557861328125
-0.0380859375 -0.0888671875 0.042266845703125
0.0 -0.1005859375 0.047332763671875
-0.0771484375 -0.0732421875 0.033782958984375
-0.0908203125 -0.0654296875 0.030426025390625
0.013671875 -0.1005859375 0.047332763671875
-0.10546875 -0.0556640625 0.025360107421875
0.0263671875 -0.0927734375 0.043975830078125
0.0400390625 -0.0927734375 0.043975830078125
-0.119140625 -0.0341796875 0.015228271484375
0.052734375 -0.0849609375 0.040557861328125
-0.1337890625 -0.0087890625 0.003326416015625
0.06640625 -0.0751953125 0.035491943359375
0.0791015625 -0.0576171875 0.027069091796875
0.0927734375 -0.0419921875 0.020294189453125
-0.1494140625 0.0517578125 -0.025360107421875
0.1064453125 -0.0166015625 0.008453369140625
0.1220703125 0.0830078125 -0.038909912109375
0.1357421875 0.1044921875 -0.049041748046875
0.1494140625 0.1044921875 -0.049041748046875
