CONSTRUCTION_CONE
0.2080078125 0.22265625 -0.062744140625
0.2060546875 0.19921875 -0.399658203125
0.2119140625 0.13671875 -0.0728759765625
-0.0048828125 0.19140625 0.3255615234375
0.0341796875 0.17578125 0.3260498046875
0.2041015625 0.09765625 -0.15570068359375
0.0615234375 0.14453125 0.3245849609375
0.1962890625 0.08984375 -0.41552734375
0.0068359375 0.16015625 0.3260498046875
-0.0322265625 0.16796875 0.3255615234375
-0.0576171875 0.17578125 0.3226318359375
0.0400390625 0.13671875 0.3255615234375
0.0205078125 0.14453125 0.4632568359375
-0.0771484375 0.16796875 0.3240966796875
0.0595703125 0.12109375 0.4632568359375
0.2158203125 0.05078125 -0.0819091796875
0.0830078125 0.09765625 0.3211669921875
0.2158203125 0.04296875 0.1514892578125
-0.0283203125 0.12890625 0.4608154296875
0.0634765625 0.08984375 0.3226318359375
0.2119140625 0.01953125 -0.16448974609375
0.0771484375 0.06640625 0.4603271484375
0.1943359375 -0.01953125 -0.4307861328125
0.2119140625 -0.05078125 -0.09393310546875
0.2119140625 -0.06640625 0.1407470703125
0.2080078125 -0.08984375 -0.17669677734375
0.0205078125 -0.13671875 0.2996826171875
-0.0029296875 -0.16015625 0.3021240234375
0.0537109375 -0.17578125 0.4412841796875
0.1416015625 -0.22265625 -0.4632568359375
0.0087890625 -0.16796875 0.4407958984375
0.0361328125 -0.19921875 0.2947998046875
0.0166015625 -0.22265625 0.2982177734375
-0.2158203125 -0.15234375 0.4339599609375
