CONSTRUCTION_CONE
0.1328125 0.1796875 0.1986083984375
0.109375 0.1796875 -0.197723388671875
0.15625 0.1171875 0.1968994140625
0.1328125 0.125 -0.1996612548828125
0.1328125 0.1171875 -0.0020751953125
0.0625 0.1875 -0.10748291015625
0.140625 0.046875 -0.203887939453125
0.140625 0.046875 -0.0054931640625
0.0625 0.1171875 -0.448974609375
0.0625 0.109375 -0.11175537109375
0.1328125 0.0234375 0.1912841796875
0.0703125 0.046875 -0.453369140625
0.046875 0.0234375 -0.11737060546875
0.0703125 -0.0859375 -0.0172119140625
-0.09375 -0.0234375 0.2659912109375
-0.078125 -0.0390625 0.3773193359375
-0.0703125 -0.0625 0.2760009765625
-0.078125 -0.046875 0.4769287109375
-0.046875 -0.09375 0.3768310546875
-0.0390625 -0.1171875 0.2755126953125
-0.0703125 -0.0859375 0.2645263671875
-0.1484375 -0.0234375 0.3748779296875
-0.0625 -0.109375 0.4754638671875
-0.015625 -0.1796875 -0.4769287109375
-0.0390625 -0.171875 -0.23017120361328125
-0.15625 -0.03125 0.4744873046875
-0.1484375 -0.0546875 0.2723388671875
-0.046875 -0.1640625 0.3739013671875
-0.0703125 -0.15625 0.2618408203125
-0.0625 -0.1875 0.4730224609375
-0.1015625 -0.1796875 -0.1380615234375
