CONSTRUCTION_CONE
0.15625 0.2265625 -0.402984619140625
0.1171875 0.25 0.015655517578125
0.140625 0.2109375 -0.194549560546875
0.1484375 0.1953125 0.015411376953125
0.1171875 0.2265625 0.104034423828125
0.171875 0.1328125 0.118682861328125
0.15625 0.140625 -0.196868896484375
0.1328125 0.1640625 0.102813720703125
0.0859375 0.203125 -0.313934326171875
0.078125 0.1796875 0.222442626953125
0.140625 0.09375 0.100860595703125
0.0859375 0.125 -0.317840576171875
0.1015625 0.1171875 0.221466064453125
0.1640625 0.0 -0.415130615234375
0.109375 0.0625 -0.319091796875
0.1640625 -0.03125 0.111602783203125
0.1484375 -0.0234375 -0.205535888671875
-0.0078125 0.109375 0.322052001953125
0.1484375 -0.1015625 -0.209442138671875
0.1171875 -0.0625 0.002716064453125
-0.015625 0.0859375 0.426055908203125
-0.0390625 0.1015625 0.404571533203125
0.109375 -0.125 -0.426055908203125
-0.015625 0.03125 0.318634033203125
0.0859375 -0.1640625 0.102325439453125
0.0234375 -0.09375 0.210235595703125
0.015625 -0.1875 0.206817626953125
-0.0703125 -0.078125 0.398712158203125
-0.0390625 -0.1484375 0.312286376953125
-0.046875 -0.171875 0.417755126953125
-0.0234375 -0.21875 0.310333251953125
-0.03125 -0.25 -0.013641357421875
-0.171875 -0.078125 0.395294189453125
-0.046875 -0.25 0.415313720703125
-0.09375 -0.2421875 -0.3480224609375
-0.0859375 -0.2421875 0.394317626953125
