CONSTRUCTION_CONE
0.171875 0.23046875 -0.4014892578125
0.1640625 0.22265625 -0.1688232421875
0.1796875 0.16015625 -0.40460205078125
0.109375 0.25390625 0.18017578125
0.1484375 0.19140625 0.062744140625
0.1171875 0.23046875 0.08544921875
0.1640625 0.14453125 -0.17242431640625
0.1015625 0.22265625 -0.37371826171875
0.1328125 0.17578125 0.178466796875
0.125 0.16796875 0.083740234375
0.1484375 0.11328125 0.059326171875
0.171875 0.06640625 -0.41015625
0.15625 0.08984375 0.082763671875
0.1640625 0.05859375 -0.17608642578125
0.1015625 0.14453125 -0.3770751953125
0.125 0.09765625 0.17529296875
0.1640625 0.03515625 0.17529296875
0.1484375 0.03515625 0.056884765625
0.1640625 0.01171875 0.08056640625
0.171875 -0.01953125 -0.414306640625
0.1015625 0.06640625 -0.381103515625
0.15625 -0.02734375 -0.1802978515625
0.03125 0.15234375 0.287841796875
-0.015625 0.20703125 0.287353515625
-0.0390625 0.21484375 0.424072265625
-0.03125 0.19140625 0.404541015625
0.1328125 -0.05859375 0.052490234375
0.0 0.13671875 0.404052734375
0.09375 -0.01953125 -0.3851318359375
0.03125 0.07421875 0.285400390625
0.1640625 -0.12109375 0.169677734375
-0.1015625 0.23828125 0.284423828125
0.1328125 -0.12890625 -0.18670654296875
-0.1171875 0.22265625 0.402099609375
-0.046875 0.12109375 0.421630859375
0.1171875 -0.13671875 -0.424072265625
-0.0703125 0.00390625 0.397216796875
-0.0703125 -0.05859375 0.416748046875
-0.03125 -0.13671875 0.276123046875
-0.03125 -0.13671875 0.394775390625
-0.0625 -0.12890625 0.415283203125
-0.015625 -0.20703125 0.274169921875
-0.0390625 -0.19921875 0.064208984375
-0.0234375 -0.21484375 0.393310546875
-0.109375 -0.10546875 0.392822265625
-0.1328125 -0.11328125 0.272705078125
-0.0703125 -0.21484375 -0.405029296875
-0.0390625 -0.25390625 0.0361328125
-0.1796875 -0.04296875 0.413330078125
-0.0703125 -0.21484375 0.412841796875
