CONSTRUCTION_CONE
0.15625 0.2421875 -0.40289306640625
0.15625 0.234375 -0.162872314453125
0.1328125 0.203125 0.07574462890625
0.15625 0.15625 -0.40728759765625
0.0859375 0.2578125 -0.34820556640625
0.15625 0.140625 0.07476806640625
0.1484375 0.140625 -0.167327880859375
0.0859375 0.1796875 -0.35125732421875
0.1640625 0.0625 -0.41094970703125
0.1640625 0.046875 0.07159423828125
0.140625 0.0546875 -0.170867919921875
0.1640625 -0.015625 -0.41461181640625
0.0859375 0.09375 -0.35516357421875
0.1484375 -0.03125 -0.174407958984375
-0.0078125 0.203125 0.11920166015625
-0.0546875 0.25 0.11822509765625
-0.0234375 0.1875 0.18731689453125
0.0859375 0.0078125 -0.35906982421875
0.0078125 0.125 0.18682861328125
-0.0546875 0.1953125 0.30767822265625
-0.0078125 0.1171875 0.11651611328125
-0.0859375 0.234375 0.18560791015625
0.109375 -0.0625 0.06500244140625
-0.0234375 0.140625 0.30718994140625
-0.0625 0.1953125 0.42828369140625
-0.0234375 0.1328125 0.42828369140625
0.0078125 0.078125 0.30670166015625
-0.125 0.2421875 0.42730712890625
0.0078125 0.03125 0.18389892578125
0.078125 -0.1484375 -0.1834869384765625
0.0703125 -0.15625 -0.42828369140625
-0.046875 -0.125 0.29840087890625
-0.046875 -0.1328125 0.41998291015625
-0.078125 -0.1015625 0.10650634765625
-0.046875 -0.1640625 0.17486572265625
-0.03125 -0.203125 0.29693603515625
-0.0234375 -0.234375 0.17364501953125
-0.0703125 -0.1796875 0.10430908203125
-0.046875 -0.2109375 0.41802978515625
-0.1640625 -0.0625 0.10357666015625
-0.09375 -0.1875 -0.37994384765625
-0.0546875 -0.25 0.04888916015625
-0.1484375 -0.109375 0.29449462890625
-0.1484375 -0.109375 0.41705322265625
-0.140625 -0.140625 0.17071533203125
-0.0703125 -0.2578125 0.10186767578125
