CONSTRUCTION_CONE
0.1796875 0.2421875 -0.4278564453125
0.1640625 0.234375 -0.1729736328125
0.1328125 0.203125 0.08038330078125
0.1328125 0.1953125 0.20751953125
0.1640625 0.1484375 -0.4324951171875
0.1015625 0.2265625 -0.2974853515625
0.1484375 0.1328125 -0.177734375
0.1484375 0.109375 0.0777587890625
0.1328125 0.109375 0.204833984375
0.1640625 0.0546875 -0.4371337890625
0.1015625 0.1328125 -0.3009033203125
0.1484375 0.0390625 -0.18212890625
0.1484375 0.03125 0.2039794921875
0.1328125 0.0234375 0.0745849609375
-0.0078125 0.25 0.2047119140625
0.1015625 0.0546875 -0.3040771484375
0.1484375 -0.0390625 -0.183837890625
0.0078125 0.171875 0.2037353515625
0.0078125 0.1640625 0.3311767578125
-0.0390625 0.21875 0.3292236328125
0.0234375 0.0859375 0.3299560546875
-0.0234375 0.1484375 0.4573974609375
-0.0703125 0.2109375 0.4564208984375
0.0859375 -0.09375 0.0679931640625
0.0390625 -0.1953125 -0.1988525390625
0.0390625 -0.1875 -0.4573974609375
-0.0390625 -0.109375 -0.3204345703125
-0.0390625 -0.1328125 0.3201904296875
-0.0390625 -0.1328125 0.4495849609375
-0.0546875 -0.1328125 0.19140625
-0.1015625 -0.0625 0.1915283203125
-0.0234375 -0.203125 0.3197021484375
-0.0390625 -0.21875 0.4476318359375
-0.1796875 -0.015625 0.188232421875
-0.0546875 -0.25 0.05401611328125
-0.0703125 -0.2265625 0.1884765625
-0.1484375 -0.109375 0.4449462890625
-0.1640625 -0.109375 0.3145751953125
-0.0859375 -0.234375 -0.3287353515625
