CONSTRUCTION_CONE
0.1796875 0.25390625 0.140869140625
0.1640625 0.26171875 -0.2557373046875
0.1640625 0.26171875 -0.519775390625
0.1953125 0.18359375 -0.521240234375
0.1953125 0.16796875 0.138427734375
0.1328125 0.23828125 0.0058135986328125
0.1171875 0.26171875 0.1353759765625
0.1171875 0.26171875 -0.388671875
0.1640625 0.17578125 -0.2586669921875
0.1484375 0.19140625 0.134765625
0.1484375 0.14453125 0.003082275390625
0.1796875 0.09765625 -0.52587890625
0.1640625 0.11328125 0.1336669921875
0.1796875 0.08203125 -0.261474609375
0.1796875 0.07421875 0.1348876953125
0.1171875 0.17578125 -0.391845703125
0.1484375 0.05859375 0.0006103515625
0.1796875 -0.00390625 -0.2650146484375
0.1640625 0.01953125 0.1314697265625
0.0859375 0.15234375 0.267578125
0.0390625 0.21484375 0.266357421875
0.1640625 -0.01953125 0.1318359375
0.1015625 0.08984375 -0.395751953125
0.0859375 0.05859375 0.264892578125
0.1328125 -0.03515625 -0.0029754638671875
-0.0546875 0.25390625 0.26220703125
-0.0234375 0.18359375 0.39501953125
0.0078125 0.10546875 0.394287109375
-0.0703125 0.23828125 0.39404296875
0.1328125 -0.11328125 -0.2728271484375
-0.0703125 0.22265625 0.52587890625
0.0390625 -0.03515625 -0.40478515625
-0.0234375 0.07421875 0.525390625
0.1015625 -0.15234375 0.1236572265625
-0.0859375 -0.02734375 0.51171875
-0.0546875 -0.12109375 0.52001953125
-0.0234375 -0.21484375 -0.0192718505859375
-0.1640625 0.01171875 0.50927734375
-0.0546875 -0.18359375 -0.41845703125
-0.0546875 -0.19140625 0.1136474609375
-0.0390625 -0.20703125 0.51806640625
-0.0390625 -0.26171875 0.1124267578125
-0.1640625 -0.08984375 0.51513671875
-0.1953125 -0.09765625 0.379638671875
