BICYCLE
-0.46484375 0.5517578125 -0.02435302734375
-0.45703125 0.5791015625 0.02490234375
-0.44921875 0.5361328125 0.0228271484375
-0.42578125 0.5830078125 -0.0281982421875
-0.41796875 0.6103515625 0.0208740234375
-0.43359375 0.4892578125 0.019287109375
-0.41796875 0.4970703125 -0.03216552734375
-0.42578125 0.4501953125 0.24560546875
-0.41796875 0.4853515625 0.24560546875
-0.40234375 0.5283203125 0.2451171875
-0.37109375 0.6416015625 0.0162353515625
-0.35546875 0.6064453125 -0.03546142578125
-0.38671875 0.4501953125 -0.037109375
-0.40234375 0.3994140625 0.2412109375
-0.33984375 0.6416015625 -0.03643798828125
-0.37890625 0.4345703125 0.01123046875
-0.35546875 0.5595703125 0.2412109375
-0.33203125 0.5947265625 0.239013671875
-0.34765625 0.3974609375 -0.04345703125
-0.35546875 0.3486328125 0.2353515625
-0.33203125 0.3837890625 0.003662109375
-0.33203125 0.3857421875 -0.32861328125
-0.30078125 0.4619140625 -0.3304443359375
-0.30859375 0.3466796875 -0.04937744140625
-0.30859375 0.3349609375 -0.0013427734375
-0.27734375 0.4169921875 -0.33544921875
-0.26171875 0.2783203125 -0.0084228515625
-0.25390625 0.2900390625 -0.05767822265625
-0.22265625 0.2353515625 -0.0635986328125
-0.20703125 0.2236328125 -0.01702880859375
-0.19140625 0.2177734375 0.215087890625
-0.16796875 0.1806640625 -0.07147216796875
-0.16796875 0.1689453125 -0.02410888671875
-0.15234375 0.2119140625 -0.3624267578125
-0.15234375 0.1259765625 -0.36669921875
-0.10546875 0.1201171875 -0.08123779296875
0.08203125 -0.0634765625 -0.1096649169921875
0.09765625 -0.1689453125 -0.0679931640625
0.08203125 -0.2470703125 -0.41650390625
0.15234375 -0.2255859375 -0.427001953125
0.16015625 -0.2431640625 0.342529296875
0.18359375 -0.2685546875 -0.12836456298828125
0.18359375 -0.2822265625 0.1611328125
0.19140625 -0.2705078125 0.37744140625
0.18359375 -0.4150390625 0.157470703125
0.20703125 -0.3349609375 0.156982421875
0.24609375 -0.3056640625 -0.090728759765625
0.23046875 -0.3837890625 0.153564453125
0.25390625 -0.3505859375 -0.09375
0.23828125 -0.4365234375 -0.094757080078125
0.25390625 -0.4248046875 -0.14215087890625
0.26171875 -0.3994140625 -0.09576416015625
0.26171875 -0.4775390625 -0.14561080932617188
0.30078125 -0.3505859375 -0.14548873901367188
0.33984375 -0.1591796875 0.47607421875
0.26953125 -0.4912109375 0.146240234375
0.25390625 -0.5751953125 0.14501953125
0.27734375 -0.5361328125 0.14404296875
0.34765625 -0.4130859375 -0.15285491943359375
0.46484375 -0.0537109375 0.46875
0.39453125 -0.4794921875 -0.474365234375
0.41796875 -0.4404296875 -0.47607421875
0.45703125 -0.6416015625 -0.128570556640625
