BICYCLE
-0.015625 -0.65234375 -0.108062744140625
0.046875 -0.69140625 -0.234527587890625
-0.046875 -0.57421875 -0.110015869140625
-0.03125 -0.58203125 0.014984130859375
-0.03125 -0.56640625 -0.236480712890625
-0.09375 -0.48828125 -0.121490478515625
-0.0625 -0.50390625 0.013031005859375
-0.0625 -0.49609375 -0.112457275390625
0.046875 -0.58984375 -0.239044189453125
-0.09375 -0.43359375 0.011322021484375
-0.078125 -0.41015625 -0.115631103515625
-0.0625 -0.35546875 0.248870849609375
0.03125 -0.41015625 0.131683349609375
-0.0625 -0.29296875 0.257659912109375
0.0 -0.33984375 0.130218505859375
0.09375 -0.44140625 0.257171630859375
0.078125 -0.41796875 0.246917724609375
0.015625 -0.31640625 0.255706787109375
-0.015625 -0.26171875 0.128265380859375
0.0 -0.23046875 -0.000640869140625
0.0625 -0.24609375 -0.257659912109375
-0.015625 0.31640625 -0.152740478515625
-0.03125 0.34765625 -0.158233642578125
-0.046875 0.39453125 -0.154693603515625
-0.09375 0.69140625 -0.166656494140625
