BICYCLE
0.0 -0.67578125 -0.11798095703125
-0.0625 -0.59765625 -0.13641357421875
-0.046875 -0.61328125 0.00653076171875
0.0 -0.65234375 -0.13629150390625
-0.046875 -0.58984375 -0.24468994140625
-0.078125 -0.54296875 0.00457763671875
-0.078125 -0.53515625 -0.12115478515625
-0.078125 -0.51953125 -0.13885498046875
0.09375 -0.66796875 -0.24725341796875
0.046875 -0.50390625 0.22967529296875
0.0625 -0.50390625 0.12225341796875
0.015625 -0.44921875 0.24725341796875
0.03125 -0.44140625 0.12127685546875
-0.015625 -0.37109375 -0.00543212890625
-0.015625 -0.34765625 0.22674560546875
0.0 -0.36328125 0.24481201171875
0.015625 -0.34765625 0.11834716796875
-0.015625 -0.26953125 -0.00933837890625
-0.046875 0.28515625 -0.16094970703125
-0.0625 0.36328125 -0.16387939453125
-0.078125 0.47265625 -0.16851806640625
-0.0625 0.59765625 -0.17572021484375
-0.09375 0.67578125 -0.17718505859375
