BICYCLE
0.07421875 -0.6796875 -0.1727294921875
0.04296875 -0.6171875 -0.1739501953125
0.07421875 -0.6484375 -0.1724853515625
-0.01953125 -0.5390625 -0.1734619140625
-0.00390625 -0.5546875 -0.1751708984375
-0.00390625 -0.5390625 -0.0501708984375
-0.03515625 -0.484375 -0.1766357421875
0.15234375 -0.671875 -0.2989501953125
-0.01171875 -0.4609375 0.1912841796875
0.04296875 -0.4765625 0.1932373046875
-0.03515625 -0.375 0.1898193359375
0.05859375 -0.46875 0.3167724609375
-0.13671875 -0.25 0.3157958984375
0.12109375 -0.5078125 0.1917724609375
-0.18359375 -0.1875 0.3148193359375
0.15234375 -0.5 0.1883544921875
0.12109375 -0.421875 0.0648193359375
0.18359375 -0.4453125 0.0628662109375
0.08984375 -0.3125 -0.1893310546875
0.05859375 -0.2578125 -0.0645751953125
0.12109375 -0.28125 -0.3167724609375
0.02734375 0.2578125 -0.2115478515625
0.02734375 0.2734375 -0.2142333984375
-0.00390625 0.3359375 -0.2137451171875
-0.01171875 0.4609375 -0.2216796875
-0.03515625 0.6796875 -0.2310791015625
