BICYCLE
0.015625 -0.65234375 -0.10626220703125
-0.03125 -0.59765625 -0.10675048828125
-0.0234375 -0.60546875 0.01507568359375
-0.078125 -0.53515625 -0.10772705078125
-0.0625 -0.55078125 0.01385498046875
-0.015625 -0.58984375 -0.22943115234375
-0.0546875 -0.54296875 -0.10772705078125
-0.1015625 -0.48828125 -0.10797119140625
0.0078125 -0.58203125 -0.10797119140625
-0.09375 -0.47265625 0.01165771484375
0.0546875 -0.61328125 -0.23162841796875
-0.09375 -0.44921875 -0.11090087890625
-0.0859375 -0.33984375 -0.11676025390625
-0.0546875 -0.33203125 0.24945068359375
0.046875 -0.43359375 0.24993896484375
0.0078125 -0.36328125 0.12591552734375
0.109375 -0.46484375 0.24847412109375
0.0703125 -0.41015625 0.12542724609375
0.015625 -0.35546875 0.24798583984375
-0.0234375 -0.27734375 0.24603271484375
-0.0703125 -0.23046875 0.24652099609375
0.0 -0.26953125 -0.00054931640625
-0.03125 -0.18359375 -0.00299072265625
0.0703125 -0.26953125 -0.24993896484375
0.0 -0.15234375 -0.12652587890625
0.046875 -0.08984375 -0.13409423828125
-0.0859375 0.43359375 -0.15411376953125
-0.0703125 0.57421875 -0.16143798828125
-0.109375 0.65234375 -0.16363525390625
-0.0390625 0.58984375 -0.15753173828125
