BICYCLE
-0.01953125 -0.60546875 -0.0845947265625
-0.01953125 -0.59765625 -0.0914306640625
-0.00390625 -0.60546875 0.0338134765625
-0.01171875 -0.58984375 -0.204833984375
-0.06640625 -0.53515625 -0.0921630859375
-0.04296875 -0.54296875 0.0325927734375
-0.04296875 -0.53515625 -0.0867919921875
-0.08203125 -0.46484375 -0.0887451171875
0.01171875 -0.48828125 0.2669677734375
0.01953125 -0.48046875 0.1468505859375
-0.02734375 -0.41796875 0.0262451171875
0.09765625 -0.49609375 0.1448974609375
0.09765625 -0.48046875 0.2640380859375
0.08984375 -0.45703125 0.2572021484375
-0.09765625 -0.24609375 0.2557373046875
0.05859375 -0.33203125 0.1400146484375
0.01171875 -0.26171875 0.0179443359375
0.01171875 -0.22265625 -0.1087646484375
0.02734375 -0.23046875 -0.1043701171875
-0.01171875 -0.16796875 -0.1060791015625
-0.01171875 0.27734375 -0.1280517578125
-0.04296875 0.35546875 -0.0072021484375
-0.01953125 0.51171875 -0.2630615234375
-0.04296875 0.60546875 -0.2669677734375
