BICYCLE
0.109375 -0.67578125 -0.19451904296875
0.0234375 -0.56640625 -0.07952880859375
-0.015625 -0.50390625 -0.08123779296875
0.015625 -0.51953125 -0.08050537109375
0.046875 -0.53515625 -0.19891357421875
0.1015625 -0.58203125 -0.08221435546875
0.0703125 -0.55078125 -0.08099365234375
0.0078125 -0.47265625 -0.20050048828125
0.0078125 -0.41015625 -0.08489990234375
0.0625 -0.44140625 0.14678955078125
0.0546875 -0.43359375 0.26348876953125
0.015625 -0.36328125 -0.08905029296875
0.1328125 -0.45703125 0.14483642578125
0.09375 -0.39453125 0.02618408203125
0.1484375 -0.44140625 0.26104736328125
0.0546875 -0.33203125 0.02471923828125
0.0078125 -0.27734375 0.14190673828125
-0.15625 -0.12890625 0.25909423828125
0.15625 -0.34765625 0.26007080078125
0.0625 -0.23828125 -0.09417724609375
0.0546875 -0.20703125 -0.09857177734375
0.0859375 -0.16015625 -0.22076416015625
-0.0234375 0.36328125 -0.00384521484375
0.0703125 0.37890625 -0.00750732421875
0.0859375 0.47265625 -0.12591552734375
0.046875 0.59765625 -0.26019287109375
0.015625 0.67578125 -0.26348876953125
