BICYCLE
0.0234375 -0.6171875 -0.050323486328125
-0.0703125 -0.515625 0.064422607421875
-0.015625 -0.5546875 -0.051788330078125
-0.0625 -0.5078125 -0.2853546142578125
-0.0546875 -0.5 -0.053009033203125
0.0 -0.546875 0.063446044921875
0.078125 -0.5625 -0.289276123046875
-0.0625 -0.40625 0.059051513671875
0.03125 -0.421875 0.289276123046875
0.046875 -0.3984375 0.170867919921875
-0.0078125 -0.34375 0.170379638671875
0.109375 -0.4375 0.287322998046875
0.0859375 -0.3671875 0.047576904296875
0.0390625 -0.3046875 0.046844482421875
0.015625 -0.1953125 0.045379638671875
0.03125 -0.171875 -0.074249267578125
-0.109375 0.4140625 0.019989013671875
0.0 0.3515625 -0.101593017578125
0.0 0.4453125 0.015350341796875
0.0234375 0.6171875 -0.116851806640625
