BICYCLE
-0.015625 -0.51171875 -0.293121337890625
-0.0625 -0.44140625 -0.1409912109375
0.0 -0.52734375 -0.2698535919189453
0.0 -0.51953125 0.009765625
-0.046875 -0.44140625 0.009521484375
0.0 -0.48828125 -0.4462890625
-0.046875 -0.41796875 -0.2946624755859375
-0.03125 -0.43359375 -0.2716941833496094
-0.015625 -0.42578125 0.18212890625
0.03125 -0.48828125 0.15966796875
-0.015625 -0.41015625 0.158935546875
0.015625 -0.39453125 0.3095703125
-0.03125 -0.33203125 0.46142578125
0.0625 -0.33203125 -0.4564208984375
0.0 -0.17578125 -0.2823028564453125
0.0625 -0.23828125 -0.2830047607421875
0.0625 -0.24609375 0.3046875
0.015625 -0.16796875 0.30419921875
0.0625 -0.22265625 -0.46142578125
0.015625 0.52734375 0.157958984375
