BICYCLE
0.0234375 -0.6796875 0.0030517578125
0.0078125 -0.65625 -0.13109874725341797
-0.0390625 -0.59375 -0.40673828125
-0.0234375 -0.609375 0.0023193359375
-0.0859375 -0.53125 -0.40673828125
-0.0234375 -0.609375 0.142578125
-0.0390625 -0.5859375 -0.13194656372070312
-0.0703125 -0.5390625 0.0018310546875
-0.0703125 -0.5078125 0.0032958984375
-0.0546875 -0.5234375 0.140380859375
0.0390625 -0.6328125 0.0028076171875
0.0859375 -0.5078125 0.27099609375
-0.0078125 -0.3828125 0.40625
0.0078125 -0.359375 0.26904296875
0.0546875 -0.40625 0.40673828125
0.0234375 -0.3515625 -0.00933837890625
0.0859375 -0.3984375 0.267822265625
0.0703125 -0.2890625 0.40283203125
0.0546875 -0.21875 0.3994140625
0.0234375 0.5703125 -0.0472412109375
0.0078125 0.6796875 -0.05133056640625
