BICYCLE
-0.0859375 -0.5859375 -0.051513671875
0.0078125 -0.703125 -0.4700927734375
-0.0390625 -0.6328125 -0.4715576171875
-0.0859375 -0.5703125 0.0745849609375
-0.0859375 -0.5625 -0.06201171875
-0.0234375 -0.625 0.0740966796875
-0.0234375 -0.6171875 -0.062744140625
-0.0703125 -0.5546875 -0.4739990234375
-0.0234375 -0.609375 -0.19956588745117188
-0.1015625 -0.46875 -0.4766845703125
0.0546875 -0.640625 -0.20262908935546875
0.0234375 -0.59375 -0.055908203125
-0.0390625 -0.4375 0.3521728515625
0.0078125 -0.4921875 0.3419189453125
-0.0078125 -0.3984375 0.3394775390625
0.0546875 -0.4765625 0.3507080078125
0.1015625 -0.515625 0.3389892578125
0.0078125 -0.390625 0.4766845703125
-0.0234375 -0.3203125 0.3482666015625
-0.0078125 -0.3046875 -0.0650634765625
0.0390625 -0.3671875 0.1993408203125
-0.0078125 -0.2890625 0.3360595703125
0.1015625 -0.421875 0.4742431640625
0.0078125 -0.28125 0.1973876953125
0.0078125 0.59375 -0.1004638671875
-0.0078125 0.625 -0.11639404296875
-0.0078125 0.703125 -0.1043701171875
