BICYCLE
-0.0703125 -0.609375 -0.312255859375
-0.0546875 -0.609375 0.230712890625
-0.0703125 -0.5859375 0.094970703125
-0.0078125 -0.6484375 -0.04167938232421875
-0.0546875 -0.5859375 -0.0414276123046875
0.0078125 -0.6640625 0.108642578125
-0.1015625 -0.5234375 -0.315185546875
-0.0859375 -0.53125 0.107666015625
-0.0859375 -0.53125 0.2294921875
-0.0234375 -0.5859375 0.107177734375
-0.0703125 -0.5 0.091796875
0.0234375 -0.4375 0.509765625
0.0234375 -0.4296875 0.357421875
0.0703125 -0.4921875 0.4951171875
-0.0078125 -0.328125 0.0810546875
0.1015625 -0.46875 0.355712890625
0.0078125 -0.328125 -0.332275390625
0.0234375 -0.328125 0.3544921875
-0.0078125 -0.2421875 0.3525390625
0.0546875 -0.296875 0.48974609375
-0.0078125 0.6640625 0.03875732421875
0.0859375 0.6171875 -0.509765625
