BICYCLE
-0.0859375 -0.51171875 -0.4970703125
-0.0390625 -0.56640625 -0.21124267578125
0.0234375 -0.65234375 0.0745849609375
-0.0234375 -0.56640625 -0.068359375
-0.0703125 -0.49609375 -0.06915283203125
-0.0703125 -0.48828125 -0.21295166015625
0.0390625 -0.63671875 -0.498291015625
-0.0546875 -0.50390625 -0.0469970703125
0.0546875 -0.61328125 -0.2137451171875
-0.0859375 -0.41796875 0.071044921875
-0.0859375 -0.41015625 -0.04931640625
-0.0390625 -0.37890625 0.377685546875
-0.0390625 -0.37890625 0.498291015625
0.0390625 -0.41796875 0.496826171875
0.0546875 -0.41015625 0.375244140625
0.0859375 -0.38671875 0.350341796875
-0.0078125 -0.24609375 0.205322265625
-0.0546875 -0.17578125 0.204833984375
0.0078125 -0.23046875 0.348388671875
0.0703125 -0.29296875 0.34814453125
-0.0234375 0.65234375 0.0281982421875
