BICYCLE
0.0078125 -0.7109375 -0.232208251953125
0.0390625 -0.734375 -0.3326416015625
0.0546875 -0.734375 -0.1087646484375
-0.0390625 -0.6171875 -0.11175537109375
0.0703125 -0.6953125 0.1126708984375
-0.0703125 -0.5703125 -0.1134033203125
0.0234375 -0.640625 0.1119384765625
0.015625 -0.5703125 0.3326416015625
-0.0234375 -0.5234375 0.2073974609375
0.0703125 -0.59375 0.2200927734375
0.015625 -0.5390625 0.1068115234375
0.0234375 -0.546875 0.2196044921875
0.0859375 -0.5859375 0.3311767578125
0.1015625 -0.578125 0.2059326171875
0.0078125 -0.453125 0.2152099609375
-0.015625 -0.3984375 0.2017822265625
0.046875 -0.2890625 -0.137420654296875
0.015625 -0.2265625 -0.13970947265625
-0.1015625 0.046875 -0.27679443359375
0.0390625 0.28125 0.0589599609375
-0.03125 0.734375 -0.32568359375
