BICYCLE
-0.08984375 -0.44140625 -0.326446533203125
-0.02734375 -0.46484375 -0.2211761474609375
-0.07421875 -0.41015625 -0.22281265258789062
-0.01171875 -0.44140625 -0.109283447265625
-0.05859375 -0.39453125 -0.109954833984375
-0.08984375 -0.33984375 -0.112213134765625
-0.05078125 -0.30078125 0.326446533203125
-0.05078125 -0.27734375 0.215362548828125
0.00390625 -0.31640625 0.215118408203125
0.06640625 -0.34765625 0.214385986328125
0.03515625 -0.29296875 0.323516845703125
0.08984375 -0.32421875 0.322540283203125
0.08203125 -0.30859375 0.207550048828125
-0.05078125 -0.15234375 0.097198486328125
0.00390625 -0.19140625 0.096954345703125
-0.04296875 -0.15234375 0.208526611328125
-0.01171875 -0.10546875 -0.2451934814453125
0.01171875 -0.08203125 -0.134246826171875
-0.02734375 -0.01953125 -0.136199951171875
0.00390625 0.02734375 -0.254150390625
-0.01953125 0.46484375 0.060821533203125
-0.01171875 0.46484375 -0.168701171875
