BICYCLE
-0.0703125 -0.515625 -0.229248046875
-0.09375 -0.453125 -0.1389312744140625
-0.0390625 -0.4921875 -0.1385669708251953
-0.0390625 -0.4765625 -0.0150146484375
-0.078125 -0.421875 -0.0169677734375
0.0390625 -0.484375 -0.0185546875
-0.109375 -0.3515625 -0.0198974609375
-0.1015625 -0.3515625 -0.144744873046875
-0.0234375 -0.34375 0.19537353515625
-0.0703125 -0.3046875 0.30499267578125
-0.0625 -0.296875 0.28863525390625
0.0390625 -0.359375 0.19366455078125
0.0 -0.3125 0.30303955078125
0.109375 -0.375 0.19195556640625
0.015625 -0.296875 0.28594970703125
0.0625 -0.3359375 0.30206298828125
0.0 -0.203125 0.18707275390625
0.015625 -0.1796875 -0.2596435546875
-0.015625 -0.109375 -0.04071044921875
0.015625 -0.0859375 -0.167877197265625
-0.0234375 -0.03125 -0.169189453125
-0.03125 -0.0234375 -0.26861572265625
-0.03125 0.3203125 -0.29461669921875
-0.0390625 0.4296875 -0.30242919921875
-0.0234375 0.4296875 -0.19952392578125
-0.078125 0.4921875 -0.30499267578125
-0.046875 0.515625 -0.2047119140625
