BICYCLE
-0.0703125 -0.5234375 -0.1500091552734375
-0.09375 -0.4921875 -0.22882080078125
-0.109375 -0.4609375 -0.152008056640625
-0.03125 -0.5234375 -0.0125732421875
0.0 -0.5390625 -0.1522369384765625
-0.0703125 -0.4609375 -0.01483154296875
-0.1171875 -0.4140625 -0.2332763671875
-0.09375 -0.390625 -0.01812744140625
-0.03125 -0.3984375 0.1983642578125
-0.078125 -0.359375 0.3070068359375
-0.0390625 -0.3671875 0.2750244140625
0.0390625 -0.4140625 0.1964111328125
0.0 -0.3671875 0.3048095703125
0.0390625 -0.375 0.2728271484375
0.0625 -0.390625 0.3028564453125
0.1171875 -0.421875 0.1934814453125
0.015625 -0.234375 0.1873779296875
0.0078125 -0.140625 -0.039306640625
0.015625 -0.1328125 -0.261962890625
-0.0390625 -0.0859375 -0.2623291015625
0.0 -0.1015625 -0.181060791015625
-0.03125 0.265625 -0.2894287109375
-0.0078125 0.3359375 -0.210205078125
-0.0390625 0.3671875 -0.2965087890625
-0.0234375 0.4453125 -0.2164306640625
-0.046875 0.46875 -0.303955078125
-0.0859375 0.5390625 -0.3070068359375
