BICYCLE
-0.12109375 -0.5625 -0.038437843322753906
-0.15234375 -0.515625 -0.040635108947753906
-0.14453125 -0.5 -0.031357765197753906
-0.09765625 -0.5234375 -0.031357765197753906
-0.01953125 -0.578125 -0.042588233947753906
-0.12109375 -0.3515625 0.2867574691772461
-0.09765625 -0.359375 0.3590230941772461
-0.01953125 -0.40625 0.2760152816772461
-0.09765625 -0.34375 0.2755270004272461
0.02734375 -0.4296875 0.2760152816772461
-0.05078125 -0.375 0.3575582504272461
-0.02734375 -0.3828125 0.2857809066772461
-0.00390625 -0.3984375 0.3575582504272461
0.01953125 -0.40625 0.2852926254272461
0.08203125 -0.4375 0.2740621566772461
0.05078125 -0.40625 0.3560934066772461
0.05859375 -0.28125 0.0977926254272461
0.12109375 0.3203125 -0.1212015151977539
0.09765625 0.3828125 -0.1255960464477539
0.12109375 0.40625 -0.3443613052368164
0.14453125 0.4375 0.043349266052246094
0.14453125 0.5546875 -0.3590230941772461
0.15234375 0.578125 -0.1440286636352539
