BICYCLE
-0.1484375 -0.51171875 -0.14892578125
-0.15625 -0.49609375 -0.11767578125
-0.10546875 -0.50390625 -0.118896484375
-0.0625 -0.52734375 -0.118896484375
-0.015625 -0.38671875 0.1572265625
-0.125 -0.31640625 0.18798828125
-0.0546875 -0.35546875 0.15673828125
0.0234375 -0.40234375 0.1572265625
-0.046875 -0.35546875 0.2373046875
-0.0078125 -0.37890625 0.2373046875
-0.0859375 -0.32421875 0.23681640625
-0.12890625 -0.28515625 0.15478515625
-0.0703125 -0.31640625 0.18603515625
-0.1171875 -0.27734375 0.23486328125
-0.0234375 -0.31640625 0.18505859375
0.0234375 -0.33203125 0.1845703125
-0.0078125 -0.26953125 -0.01220703125
0.109375 -0.28515625 0.1796875
0.125 -0.24609375 0.22607421875
0.1171875 0.37109375 -0.189697265625
0.078125 0.44140625 -0.2373046875
0.15625 0.46484375 -0.071044921875
0.125 0.52734375 -0.07470703125
