BICYCLE
-0.412109375 -0.4375 -0.453857421875
-0.57421875 -0.4375 -0.366668701171875
-0.31640625 -0.3125 -0.36956787109375
-0.17578125 -0.1875 -0.45947265625
-0.072265625 -0.125 -0.37261962890625
0.07421875 -0.0625 -0.46142578125
0.025390625 -0.0625 0.0504150390625
0.0625 -0.0625 0.3890380859375
0.068359375 0.0 -0.0377197265625
0.146484375 0.0625 -0.376800537109375
0.044921875 0.0625 0.4715576171875
0.396484375 0.125 -0.378692626953125
0.33203125 0.125 -0.0391845703125
0.318359375 0.125 -0.465576171875
0.3046875 0.125 0.3870849609375
0.267578125 0.1875 0.0472412109375
0.2890625 0.25 0.4696044921875
0.57421875 0.375 -0.0428466796875
0.513671875 0.375 0.0443115234375
0.533203125 0.4375 -0.4715576171875
