BICYCLE
-0.12109375 -0.23046875 -0.39727783203125
-0.12109375 -0.16015625 -0.40155029296875
-0.09765625 -0.19140625 -0.09503173828125
-0.08203125 -0.19921875 -0.16619873046875
-0.10546875 -0.16015625 0.02642822265625
-0.11328125 -0.12890625 -0.09722900390625
-0.12890625 -0.08984375 -0.40582275390625
-0.02734375 -0.23046875 -0.1688232421875
-0.12109375 -0.09765625 0.02398681640625
-0.12890625 -0.06640625 -0.09942626953125
-0.03515625 -0.16796875 0.02203369140625
-0.06640625 -0.05078125 0.40582275390625
-0.06640625 -0.01171875 0.27740478515625
-0.00390625 -0.07421875 0.40386962890625
-0.01953125 -0.04296875 0.27642822265625
-0.05078125 0.02734375 0.30523681640625
0.05078125 -0.11328125 0.40240478515625
0.02734375 -0.05859375 0.30474853515625
0.03515625 -0.06640625 0.27496337890625
-0.03515625 0.04296875 0.01153564453125
0.01953125 0.01953125 0.20489501953125
-0.03515625 0.11328125 0.30084228515625
0.08203125 -0.01171875 0.20269775390625
0.12890625 -0.03515625 0.20098876953125
0.03515625 0.14453125 0.26715087890625
0.02734375 0.17578125 0.00054931640625
0.04296875 0.19921875 -0.1983642578125
0.05859375 0.23046875 -0.12652587890625
