BICYCLE
-0.15625 -0.5 0.1591796875
-0.03125 -0.515625 0.439697265625
0.0234375 -0.5234375 0.437744140625
-0.0078125 -0.4921875 0.522705078125
-0.0859375 -0.40625 0.436279296875
-0.015625 -0.421875 0.519775390625
-0.078125 -0.328125 0.260009765625
-0.15625 -0.2578125 0.483154296875
0.0 -0.3984375 0.26025390625
-0.1796875 -0.1953125 0.481201171875
-0.0390625 -0.2734375 0.082275390625
0.0390625 -0.1015625 -0.14764404296875
0.0703125 0.0078125 -0.158721923828125
0.046875 0.0625 -0.1612701416015625
0.078125 0.1796875 -0.1736297607421875
0.078125 0.1875 0.042236328125
0.1328125 0.2421875 0.098876953125
0.09375 0.2890625 0.0341796875
0.09375 0.296875 -0.522705078125
0.109375 0.3046875 -0.18555450439453125
0.1796875 0.3125 -0.49072265625
0.1328125 0.4140625 0.022705078125
0.140625 0.421875 -0.19749069213867188
0.1484375 0.5234375 0.0137939453125
