BICYCLE
-0.03515625 -0.2890625 -0.09417724609375
-0.08984375 -0.1953125 -0.09588623046875
-0.10546875 -0.1328125 -0.09820556640625
-0.06640625 -0.171875 -0.33026123046875
-0.02734375 -0.2109375 -0.03863525390625
-0.05859375 -0.1640625 -0.03924560546875
-0.08984375 -0.1171875 -0.03948974609375
-0.07421875 -0.125 0.08831787109375
-0.10546875 -0.0625 -0.04180908203125
-0.03515625 -0.15625 0.08758544921875
-0.03515625 -0.015625 0.08001708984375
-0.04296875 0.0 0.32708740234375
0.01171875 -0.046875 0.26922607421875
0.05078125 -0.0859375 0.26898193359375
0.01171875 -0.03125 0.32562255859375
0.02734375 -0.046875 0.36370849609375
0.07421875 -0.0703125 0.36175537109375
0.06640625 -0.0546875 0.32415771484375
0.01171875 0.03125 0.26580810546875
0.03515625 0.125 -0.12420654296875
0.04296875 0.1171875 0.26019287109375
0.10546875 0.109375 -0.36370849609375
0.05859375 0.2109375 0.06219482421875
0.05859375 0.2265625 -0.13201904296875
0.06640625 0.2265625 -0.06744384765625
0.04296875 0.2890625 -0.13421630859375
