BICYCLE
-0.0859375 -0.26953125 -0.12994384765625
-0.140625 -0.17578125 -0.13140869140625
-0.1015625 -0.21484375 -0.13177490234375
-0.0859375 -0.19921875 -0.36029052734375
-0.1171875 -0.16015625 0.05010986328125
-0.0546875 -0.23828125 -0.08734130859375
-0.1171875 -0.15234375 -0.08831787109375
-0.078125 -0.18359375 -0.08905029296875
-0.140625 -0.09765625 -0.09002685546875
-0.1015625 -0.13671875 -0.36328125
-0.0625 -0.18359375 0.04815673828125
-0.125 -0.08984375 -0.13800048828125
-0.1484375 -0.02734375 -0.14031982421875
-0.109375 -0.08203125 0.04547119140625
-0.1015625 0.00390625 0.04034423828125
0.0390625 -0.16796875 -0.3731689453125
-0.0703125 -0.01953125 0.26934814453125
0.03125 -0.10546875 0.22442626953125
-0.0078125 -0.04296875 0.26788330078125
0.0078125 -0.05078125 0.31622314453125
0.0390625 -0.07421875 0.26641845703125
0.0078125 0.16796875 0.02471923828125
0.015625 0.18359375 -0.39581298828125
0.015625 0.19140625 -0.16558837890625
0.0234375 0.19921875 -0.11627197265625
0.0 0.23828125 -0.16705322265625
0.015625 0.26953125 -0.11920166015625
0.1484375 0.13671875 0.39581298828125
