BICYCLE
-0.45703125 -0.40625 -0.4833984375
-0.27734375 -0.21875 -0.057373046875
-0.40234375 -0.21875 0.062744140625
0.22265625 -0.09375 0.373291015625
-0.14453125 -0.15625 0.492431640625
-0.25390625 -0.15625 -0.4862060546875
-0.04296875 -0.09375 0.373291015625
-0.17578125 -0.09375 0.062255859375
-0.04296875 -0.03125 -0.058349609375
0.43359375 0.15625 0.372314453125
-0.05859375 0.09375 -0.4893798828125
0.04296875 0.15625 0.060302734375
0.17578125 0.21875 -0.49072265625
0.16015625 0.21875 -0.060791015625
0.22265625 0.28125 -0.37109375
0.43359375 0.34375 -0.492431640625
-0.00390625 0.28125 0.490478515625
0.25390625 0.34375 0.057861328125
0.45703125 0.40625 -0.373046875
0.37890625 0.40625 -0.062255859375
