BICYCLE
-0.142578125 -0.22265625 -0.3619842529296875
-0.099609375 -0.24609375 0.0771484375
-0.134765625 -0.21484375 0.076416015625
-0.095703125 -0.23046875 -0.36450958251953125
-0.052734375 -0.25390625 0.075439453125
-0.103515625 -0.20703125 0.095703125
-0.154296875 -0.16015625 0.072265625
-0.060546875 -0.21484375 -0.435791015625
-0.056640625 -0.21484375 0.0947265625
-0.119140625 -0.14453125 0.091796875
-0.005859375 -0.22265625 0.093017578125
-0.150390625 -0.10546875 0.09033203125
-0.134765625 -0.03515625 0.215576171875
0.021484375 -0.13671875 0.216064453125
-0.095703125 -0.05859375 0.368896484375
-0.091796875 -0.05078125 0.214599609375
-0.044921875 -0.06640625 0.367919921875
-0.009765625 -0.08984375 0.368408203125
0.033203125 -0.11328125 0.367919921875
0.005859375 -0.06640625 0.211669921875
-0.029296875 -0.03515625 0.211181640625
-0.177734375 0.07421875 0.209228515625
-0.224609375 0.16015625 0.381591796875
-0.177734375 0.16796875 0.435791015625
-0.169921875 0.16796875 0.379638671875
-0.248046875 0.23046875 0.378662109375
-0.201171875 0.21484375 0.433837890625
-0.232421875 0.25390625 0.432373046875
0.185546875 0.15234375 0.425537109375
0.240234375 0.15234375 0.369384765625
0.248046875 0.14453125 0.423583984375
