BICYCLE
-0.072265625 -0.3125 -0.35272216796875
-0.166015625 -0.25 -0.42120361328125
-0.189453125 -0.2109375 -0.424102783203125
-0.083984375 -0.234375 0.071807861328125
-0.041015625 -0.25 0.071075439453125
-0.115234375 -0.203125 0.070343017578125
-0.150390625 -0.171875 0.068878173828125
-0.005859375 -0.1875 -0.119598388671875
-0.060546875 -0.1484375 0.086212158203125
-0.013671875 -0.15625 0.085235595703125
-0.087890625 -0.09375 0.083282470703125
-0.025390625 -0.1171875 -0.125213623046875
-0.060546875 -0.1015625 0.210235595703125
-0.115234375 -0.0546875 0.081817626953125
-0.130859375 -0.0390625 0.208770751953125
-0.220703125 0.03125 0.078399658203125
-0.009765625 -0.1015625 0.208770751953125
-0.041015625 -0.0703125 0.358673095703125
-0.076171875 -0.0390625 0.206329345703125
-0.005859375 -0.0859375 0.358673095703125
-0.154296875 0.015625 0.204864501953125
0.044921875 -0.09375 0.206329345703125
0.048828125 -0.0859375 0.356719970703125
-0.177734375 0.15625 0.371368408203125
-0.216796875 0.1953125 0.424102783203125
-0.119140625 0.1875 0.191192626953125
-0.193359375 0.2265625 0.367950439453125
-0.232421875 0.2578125 0.366973876953125
-0.236328125 0.2578125 0.420684814453125
-0.255859375 0.3125 0.364532470703125
0.177734375 0.1640625 0.414825439453125
0.244140625 0.1875 0.359161376953125
0.255859375 0.2109375 0.409454345703125
