BICYCLE
-0.13671875 -0.15234375 -0.437408447265625
-0.10546875 -0.17578125 -0.37615966796875
-0.08984375 -0.16015625 0.100738525390625
-0.12890625 -0.12890625 0.069976806640625
-0.05078125 -0.17578125 0.070465087890625
-0.01171875 -0.19921875 0.069732666015625
-0.04296875 -0.17578125 0.100250244140625
-0.11328125 -0.11328125 0.098541259765625
-0.14453125 -0.06640625 0.066802978515625
-0.13671875 -0.05859375 0.096099853515625
0.01953125 -0.16796875 -0.125091552734375
0.02734375 -0.06640625 -0.134490966796875
-0.00390625 -0.02734375 0.370513916015625
0.00390625 -0.01953125 0.212310791015625
0.05078125 -0.03515625 0.369049072265625
-0.01953125 0.03515625 0.209869384765625
0.05859375 -0.01953125 0.209869384765625
-0.05078125 0.07421875 0.208892822265625
-0.14453125 0.19921875 0.391998291015625
0.11328125 0.08203125 0.390045166015625
0.14453125 0.09765625 0.437408447265625
