BICYCLE
-0.00244140625 -0.46875 -0.167236328125
-0.0859375 -0.4609375 -0.16796875
-0.0419921875 -0.4609375 -0.167724609375
0.00634765625 -0.4375 -0.1669921875
-0.12255859375 -0.4296875 -0.16845703125
0.04736328125 -0.3984375 -0.169677734375
0.037109375 -0.328125 0.118408203125
-0.03857421875 -0.3203125 0.186279296875
-0.08642578125 -0.3046875 0.184814453125
0.0419921875 -0.3046875 0.112060546875
-0.0537109375 -0.296875 0.116455078125
-0.0029296875 -0.296875 0.111083984375
0.08447265625 -0.2890625 -0.035888671875
0.00390625 -0.296875 0.184326171875
0.03759765625 -0.28125 -0.036865234375
-0.05078125 -0.2734375 0.109619140625
-0.01171875 -0.2734375 0.114990234375
-0.10400390625 -0.265625 0.114013671875
0.07568359375 -0.2578125 -0.186279296875
-0.139404296875 -0.25 0.107177734375
-0.0986328125 -0.2421875 -0.040771484375
-0.136962890625 -0.25 0.181396484375
-0.18798828125 -0.234375 -0.041748046875
-0.009765625 -0.234375 -0.040771484375
-0.14892578125 -0.234375 0.112548828125
-0.144775390625 -0.1875 -0.045166015625
0.123046875 -0.125 0.174072265625
0.169921875 -0.109375 0.173583984375
0.1083984375 -0.09375 0.105224609375
0.19482421875 -0.03125 0.102294921875
-0.19482421875 -0.015625 0.166259765625
0.14306640625 0.0 0.100341796875
0.0888671875 0.46875 -0.097412109375
