BICYCLE
-0.09375 -0.59375 -0.278533935546875
-0.08984375 -0.5859375 -0.039337158203125
-0.1171875 -0.515625 -0.286590576171875
-0.01953125 -0.5078125 0.272674560546875
0.0234375 -0.5234375 0.273651123046875
0.06640625 -0.5390625 0.273651123046875
-0.1328125 -0.4375 0.139617919921875
-0.01171875 -0.5 0.417694091796875
-0.046875 -0.4375 0.122283935546875
0.078125 -0.5078125 0.415740966796875
0.0390625 -0.484375 0.415252685546875
-0.0859375 -0.4140625 0.121307373046875
0.0390625 -0.453125 0.121551513671875
0.1328125 -0.4765625 0.412811279296875
-0.0234375 -0.3671875 0.131805419921875
0.05859375 -0.3984375 0.132537841796875
-0.08984375 -0.3125 0.406463623046875
0.03515625 0.125 -0.37078857421875
0.0546875 0.5078125 -0.417694091796875
0.09765625 0.4921875 -0.417694091796875
0.1328125 0.59375 -0.167510986328125
