BICYCLE
-0.421875 0.5732421875 0.15234375
-0.421875 0.5712890625 0.257080078125
-0.421875 0.5068359375 0.256103515625
-0.40625 0.4697265625 0.254638671875
-0.375 0.6259765625 0.255126953125
-0.375 0.5302734375 0.25439453125
-0.375 0.4287109375 -0.0638427734375
-0.375 0.4345703125 0.14697265625
-0.375 0.4326171875 0.252685546875
-0.375 0.4013671875 0.252197265625
-0.375 0.3759765625 -0.534423828125
-0.375 0.3740234375 0.25244140625
-0.359375 0.4775390625 0.35693359375
-0.375 0.3134765625 -0.535400390625
-0.34375 0.5361328125 0.35693359375
-0.34375 0.4365234375 -0.535888671875
-0.375 0.1845703125 -0.538330078125
-0.359375 0.2470703125 -0.53759765625
-0.375 0.1220703125 -0.538818359375
-0.328125 0.3603515625 -0.069091796875
-0.328125 0.3623046875 0.142822265625
-0.375 0.0615234375 -0.539794921875
-0.375 -0.0029296875 -0.54052734375
-0.28125 0.2900390625 0.138671875
-0.265625 0.2548828125 -0.17645263671875
-0.25 0.2822265625 -0.289215087890625
-0.25 0.2802734375 -0.0755615234375
-0.203125 0.2158203125 0.133544921875
-0.1875 0.2060546875 -0.081787109375
-0.140625 0.1689453125 0.236083984375
-0.140625 0.1337890625 -0.30078125
-0.125 0.2021484375 0.234619140625
-0.125 0.1298828125 -0.088623046875
-0.109375 0.2294921875 0.23583984375
-0.109375 0.0986328125 -0.191650390625
-0.078125 0.0537109375 -0.09326171875
-0.0625 -0.0126953125 -0.3104248046875
-0.015625 -0.0419921875 -0.2003173828125
0.03125 -0.0302734375 -0.10302734375
0.0625 -0.0986328125 -0.1065673828125
0.0625 -0.4306640625 0.54052734375
0.125 -0.2314453125 0.10498046875
0.1875 -0.2705078125 0.4267578125
0.203125 -0.2509765625 0.208251953125
0.21875 -0.3330078125 0.5341796875
0.234375 -0.3349609375 -0.12384033203125
0.234375 -0.3427734375 0.314453125
0.234375 -0.3818359375 0.205078125
0.25 -0.2666015625 0.53369140625
0.25 -0.3232421875 0.2041015625
0.234375 -0.4189453125 0.207275390625
0.265625 -0.2919921875 0.207763671875
0.25 -0.3955078125 0.093505859375
0.265625 -0.3583984375 0.206787109375
0.25 -0.4580078125 0.093017578125
0.25 -0.4560546875 0.203125
0.25 -0.5244140625 0.20166015625
0.28125 -0.5615234375 0.20263671875
0.296875 -0.5576171875 0.30859375
0.34375 -0.4306640625 0.3076171875
0.375 -0.4306640625 -0.13690185546875
0.375 -0.5498046875 0.083251953125
0.421875 -0.2373046875 0.52587890625
0.390625 -0.6259765625 0.08056640625
