BICYCLE
-0.283203125 0.5322265625 -0.05438232421875
-0.302734375 0.5576171875 -0.05560302734375
-0.248046875 0.4482421875 -0.05438232421875
-0.267578125 0.4736328125 -0.05560302734375
-0.240234375 0.4189453125 -0.05487060546875
-0.287109375 0.4990234375 -0.05682373046875
-0.228515625 0.3876953125 -0.05560302734375
0.404296875 -0.5654296875 0.13800048828125
-0.216796875 0.3603515625 -0.05560302734375
-0.205078125 0.3330078125 -0.05560302734375
-0.134765625 0.2333984375 0.19805908203125
-0.150390625 0.2587890625 0.19757080078125
-0.193359375 0.3056640625 -0.05560302734375
-0.177734375 0.2763671875 -0.05560302734375
-0.341796875 0.5751953125 -0.05975341796875
-0.154296875 0.2216796875 -0.05560302734375
0.337890625 -0.5263671875 -0.43280029296875
-0.169921875 0.2470703125 -0.05609130859375
-0.365234375 0.6005859375 -0.45684814453125
0.322265625 -0.5068359375 -0.38616943359375
-0.255859375 0.3896484375 -0.4024658203125
-0.244140625 0.3935546875 0.12359619140625
0.376953125 -0.5810546875 -0.384765625
0.353515625 -0.5498046875 -0.43280029296875
0.333984375 -0.5341796875 -0.38690185546875
0.353515625 -0.5615234375 -0.38623046875
-0.146484375 0.1884765625 -0.05682373046875
-0.072265625 0.0576171875 -0.44830322265625
-0.251953125 0.3583984375 -0.4046630859375
-0.134765625 0.1611328125 -0.05682373046875
-0.119140625 0.1318359375 -0.05682373046875
-0.060546875 0.0283203125 -0.44915771484375
-0.126953125 0.1689453125 0.19512939453125
0.306640625 -0.5107421875 -0.43670654296875
-0.146484375 0.1962890625 0.19464111328125
-0.091796875 0.0791015625 -0.05682373046875
0.353515625 -0.5849609375 -0.43597412109375
-0.111328125 0.1025390625 -0.05755615234375
-0.083984375 0.0498046875 -0.05755615234375
-0.080078125 0.0341796875 -0.402099609375
-0.388671875 0.5673828125 -0.41162109375
-0.298828125 0.4287109375 0.18927001953125
-0.318359375 0.4287109375 -0.41033935546875
0.205078125 -0.3818359375 0.20001220703125
-0.134765625 0.1298828125 0.19219970703125
-0.287109375 0.3623046875 -0.46160888671875
-0.126953125 0.0791015625 -0.4056396484375
-0.337890625 0.4443359375 -0.46392822265625
0.220703125 -0.4287109375 0.12725830078125
0.240234375 -0.4755859375 -0.05218505859375
-0.111328125 0.0712890625 0.19171142578125
-0.138671875 0.1044921875 0.11993408203125
-0.134765625 0.0947265625 0.19073486328125
0.212890625 -0.4560546875 -0.05462646484375
-0.310546875 0.3896484375 0.18634033203125
-0.169921875 0.1103515625 -0.46173095703125
-0.404296875 0.5263671875 -0.41741943359375
0.220703125 -0.4638671875 0.12530517578125
-0.251953125 0.2451171875 -0.46478271484375
0.037109375 -0.2373046875 -0.06121826171875
-0.208984375 0.1416015625 -0.41424560546875
0.068359375 -0.2919921875 -0.06121826171875
-0.361328125 0.3974609375 -0.47259521484375
-0.396484375 0.4501953125 -0.47418212890625
0.275390625 -0.6005859375 -0.05755615234375
-0.111328125 -0.0498046875 -0.4136962890625
-0.119140625 -0.0380859375 -0.46563720703125
-0.095703125 -0.0771484375 -0.4136962890625
0.232421875 -0.5498046875 -0.05950927734375
0.251953125 -0.5771484375 -0.05877685546875
0.166015625 -0.4404296875 0.19219970703125
-0.107421875 -0.0693359375 -0.46636962890625
0.126953125 -0.3935546875 0.19073486328125
0.208984375 -0.5302734375 -0.06072998046875
-0.087890625 -0.1083984375 -0.41522216796875
-0.099609375 -0.0966796875 -0.46722412109375
0.142578125 -0.4404296875 0.11846923828125
0.126953125 -0.4365234375 -0.06439208984375
0.173828125 -0.5224609375 -0.41058349609375
0.076171875 -0.3505859375 0.36212158203125
0.091796875 -0.3779296875 0.36260986328125
0.064453125 -0.4326171875 -0.47039794921875
0.052734375 -0.4208984375 -0.4205322265625
-0.126953125 -0.1630859375 -0.426025390625
0.146484375 -0.5458984375 0.11212158203125
0.005859375 -0.3740234375 -0.42333984375
0.111328125 -0.5498046875 -0.47442626953125
0.087890625 -0.5224609375 0.17828369140625
0.025390625 -0.5107421875 0.47052001953125
0.029296875 -0.5458984375 0.46954345703125
-0.029296875 -0.5146484375 0.47442626953125
