BICYCLE
-0.46240234375 0.6484375 0.0643310546875
-0.43017578125 0.638671875 0.0643310546875
-0.455078125 0.634765625 0.059326171875
-0.4443359375 0.630859375 0.059326171875
-0.423583984375 0.625 0.059326171875
-0.417236328125 0.607421875 0.05255126953125
-0.408203125 0.595703125 0.0491943359375
-0.401611328125 0.583984375 0.04412841796875
-0.395263671875 0.5625 0.03564453125
-0.379638671875 0.53515625 0.0255126953125
-0.392822265625 0.53125 0.02215576171875
-0.265869140625 0.470703125 0.01202392578125
-0.25634765625 0.4609375 0.00860595703125
-0.252685546875 0.42578125 -0.006591796875
-0.2412109375 0.423828125 -0.006591796875
-0.23046875 0.419921875 -0.006591796875
-0.297119140625 0.400390625 -0.02349853515625
-0.22314453125 0.404296875 -0.013336181640625
-0.2158203125 0.3828125 -0.02178955078125
-0.359130859375 0.357421875 -0.0505523681640625
-0.347900390625 0.3515625 -0.05223846435546875
-0.373779296875 0.34765625 -0.05731201171875
-0.20703125 0.36328125 -0.030242919921875
-0.340576171875 0.333984375 -0.05899810791015625
-0.201171875 0.33984375 -0.0403900146484375
-0.332763671875 0.31640625 -0.0657578706741333
-0.1923828125 0.326171875 -0.0454559326171875
-0.18310546875 0.3125 -0.05052947998046875
-0.173828125 0.298828125 -0.05559539794921875
-0.166015625 0.279296875 -0.06404876708984375
-0.1552734375 0.26953125 -0.0674276351928711
-0.146484375 0.251953125 -0.074188232421875
-0.13671875 0.23828125 -0.079254150390625
-0.12841796875 0.21875 -0.08770751953125
-0.12353515625 0.18359375 -0.1029052734375
-0.11474609375 0.1640625 -0.111358642578125
-0.08642578125 0.107421875 -0.135009765625
-0.11376953125 0.1015625 -0.14013671875
-0.0654296875 0.083984375 -0.14349365234375
-0.0791015625 0.080078125 -0.1468505859375
-0.0556640625 0.064453125 -0.15191650390625
-0.0556640625 -0.009765625 -0.18572998046875
0.01171875 -0.005859375 -0.178955078125
0.0244140625 -0.00390625 -0.17730712890625
-0.05126953125 -0.0625 -0.2093505859375
-0.0478515625 -0.12109375 -0.2364501953125
0.00244140625 -0.240234375 -0.287109375
0.15380859375 -0.38671875 -0.3463134765625
0.1337890625 -0.390625 0.3504638671875
0.14794921875 -0.3984375 0.3482666015625
0.13671875 -0.40234375 0.4158935546875
0.1220703125 -0.40625 0.4149169921875
0.240234375 -0.37890625 0.4256591796875
0.26416015625 -0.3828125 0.3555908203125
0.16015625 -0.41796875 0.3431396484375
0.17431640625 -0.41796875 0.3441162109375
0.27685546875 -0.40234375 0.3504638671875
0.1337890625 -0.4453125 -0.3734130859375
0.14794921875 -0.44140625 0.4063720703125
0.189453125 -0.45703125 -0.3768310546875
0.17724609375 -0.4453125 0.4063720703125
0.185546875 -0.453125 0.3348388671875
0.19140625 -0.4453125 0.4063720703125
0.2041015625 -0.46484375 -0.3800048828125
0.1591796875 -0.46484375 0.3997802734375
0.244140625 -0.453125 0.3358154296875
0.22900390625 -0.45703125 0.3348388671875
0.21875 -0.47265625 -0.3834228515625
0.09814453125 -0.48828125 0.3912353515625
0.23046875 -0.48828125 -0.3902587890625
0.2119140625 -0.4921875 0.3255615234375
0.28564453125 -0.4765625 0.3306884765625
0.1953125 -0.5 0.3223876953125
0.07763671875 -0.53125 0.3782958984375
0.2431640625 -0.515625 -0.4019775390625
0.35791015625 -0.4921875 0.3284912109375
0.37158203125 -0.50390625 0.3255615234375
0.25634765625 -0.5390625 -0.4122314453125
0.21044921875 -0.546875 0.3782958984375
0.26904296875 -0.5703125 -0.4256591796875
0.38818359375 -0.55859375 -0.4173583984375
0.40283203125 -0.55859375 -0.4173583984375
0.41845703125 -0.5546875 -0.4156494140625
0.31298828125 -0.57421875 0.3729248046875
0.32861328125 -0.57421875 0.3729248046875
0.43310546875 -0.55859375 -0.4156494140625
0.44775390625 -0.56640625 -0.4190673828125
0.46240234375 -0.57421875 -0.4224853515625
0.24853515625 -0.6328125 0.3555908203125
0.185546875 -0.6484375 0.3489990234375
