BICYCLE
-0.45703125 0.607421875 0.14599609375
-0.44140625 0.5703125 -0.4239501953125
-0.42578125 0.599609375 -0.42529296875
-0.41015625 0.62890625 0.1416015625
-0.42578125 0.5625 0.140380859375
-0.40234375 0.583984375 -0.072509765625
-0.37109375 0.650390625 0.13720703125
-0.39453125 0.544921875 -0.50439453125
-0.37109375 0.572265625 -0.50830078125
-0.38671875 0.517578125 0.134521484375
-0.38671875 0.439453125 -0.0811767578125
-0.36328125 0.474609375 0.129638671875
-0.36328125 0.396484375 -0.086669921875
-0.33203125 0.4296875 0.124755859375
-0.33203125 0.3515625 -0.09344482421875
-0.30859375 0.41015625 -0.529541015625
-0.28515625 0.486328125 -0.456298828125
-0.30859375 0.40625 0.181884765625
-0.30078125 0.384765625 0.118896484375
-0.26953125 0.4375 -0.09832763671875
-0.29296875 0.37109375 0.178955078125
-0.26953125 0.431640625 0.178466796875
-0.29296875 0.302734375 -0.1014404296875
-0.23828125 0.5 -0.10015869140625
-0.27734375 0.369140625 -0.537353515625
-0.24609375 0.462890625 0.177001953125
-0.26171875 0.337890625 0.11279296875
-0.26171875 0.322265625 0.17333984375
-0.21484375 0.48828125 0.17431640625
-0.21484375 0.45703125 -0.105712890625
-0.23046875 0.291015625 0.10693359375
-0.23828125 0.248046875 -0.11187744140625
-0.23046875 0.28125 -0.551513671875
-0.22265625 0.216796875 -0.482421875
-0.20703125 0.201171875 -0.1192626953125
-0.19140625 0.2421875 0.10107421875
-0.16796875 0.150390625 -0.12786865234375
-0.15234375 0.25390625 0.35302734375
-0.13671875 0.28515625 0.3525390625
-0.15234375 0.193359375 0.0947265625
-0.13671875 0.212890625 0.35009765625
-0.11328125 0.095703125 -0.1383056640625
-0.10546875 0.166015625 0.345703125
-0.08984375 0.123046875 0.34228515625
-0.07421875 0.046875 -0.14630126953125
-0.04296875 0.0 -0.153076171875
0.19140625 0.154296875 -0.55712890625
0.17578125 -0.19140625 -0.1949005126953125
0.16015625 -0.263671875 -0.19675445556640625
0.19921875 -0.24609375 0.094482421875
0.19921875 -0.2109375 0.451171875
0.20703125 -0.228515625 0.462890625
0.20703125 -0.25390625 0.44970703125
0.22265625 -0.328125 0.29443359375
0.23828125 -0.3203125 0.02734375
0.23828125 -0.294921875 0.2939453125
0.22265625 -0.37109375 0.0859375
0.23828125 -0.357421875 0.0257568359375
0.23046875 -0.412109375 0.08349609375
0.25390625 -0.341796875 0.083984375
0.24609375 -0.400390625 0.0228271484375
0.23046875 -0.44921875 0.28955078125
0.24609375 -0.4375 0.021728515625
0.28515625 -0.390625 0.285400390625
0.27734375 -0.505859375 -0.227508544921875
0.29296875 -0.43359375 0.283447265625
0.33984375 -0.3203125 0.015625
0.27734375 -0.5390625 -0.2287445068359375
0.35546875 -0.296875 0.282470703125
0.26953125 -0.58203125 0.2802734375
0.31640625 -0.478515625 -0.231201171875
0.31640625 -0.482421875 0.0703125
0.35546875 -0.376953125 -0.2317962646484375
0.34765625 -0.44921875 -0.233642578125
0.30859375 -0.556640625 0.27685546875
0.33984375 -0.533203125 0.064697265625
0.45703125 -0.10546875 0.55712890625
0.39453125 -0.427734375 -0.2404022216796875
0.37890625 -0.529296875 0.002197265625
0.41015625 -0.580078125 -0.0032958984375
0.44140625 -0.650390625 -0.259490966796875
