BICYCLE
-0.439453125 -0.62890625 -0.231201171875
-0.439453125 -0.62890625 -0.318603515625
-0.400390625 -0.61328125 -0.2353515625
-0.376953125 -0.55859375 0.127838134765625
-0.208984375 -0.51171875 -0.356201171875
-0.341796875 -0.44140625 -0.36083984375
-0.294921875 -0.41796875 0.103240966796875
-0.298828125 -0.41796875 0.35595703125
-0.224609375 -0.44921875 0.4033203125
-0.263671875 -0.42578125 0.3564453125
-0.255859375 -0.42578125 0.40234375
-0.326171875 -0.38671875 0.3541259765625
-0.287109375 -0.40234375 0.400390625
-0.392578125 -0.34765625 0.3521728515625
-0.357421875 -0.36328125 0.3526611328125
-0.318359375 -0.37890625 0.39892578125
-0.349609375 -0.35546875 0.397216796875
-0.380859375 -0.33984375 0.396240234375
-0.283203125 -0.37109375 -0.28369140625
-0.173828125 -0.41015625 0.095855712890625
-0.197265625 -0.36328125 0.09033203125
-0.123046875 -0.37890625 0.0878753662109375
-0.048828125 -0.38671875 0.0854034423828125
-0.080078125 -0.36328125 0.08355712890625
-0.240234375 -0.25390625 -0.4033203125
-0.181640625 -0.19140625 -0.31982421875
0.173828125 0.33984375 0.291748046875
0.130859375 0.37109375 0.25
0.201171875 0.45703125 0.236572265625
0.244140625 0.45703125 0.235595703125
0.326171875 0.42578125 -0.052978515625
0.306640625 0.51171875 0.2269287109375
0.396484375 0.49609375 -0.0665283203125
0.294921875 0.57421875 0.2589111328125
0.369140625 0.54296875 0.2593994140625
0.337890625 0.57421875 0.2574462890625
0.388671875 0.62890625 0.21014404296875
0.439453125 0.60546875 0.248779296875
