BICYCLE
-0.359375 -0.54296875 -0.2557373046875
-0.39453125 -0.51953125 -0.2569580078125
-0.34375 -0.51953125 0.1206207275390625
-0.41015625 -0.48828125 -0.3572998046875
-0.22265625 -0.52734375 -0.3636474609375
-0.18359375 -0.52734375 -0.3675537109375
-0.1875 -0.51171875 -0.2728271484375
-0.11328125 -0.45703125 -0.3846435546875
-0.12890625 -0.41015625 0.3997802734375
-0.1640625 -0.38671875 0.3992919921875
-0.19140625 -0.36328125 0.3983154296875
-0.26171875 -0.32421875 0.396728515625
-0.22265625 -0.33984375 0.396728515625
-0.2890625 -0.30078125 0.394775390625
-0.12109375 -0.38671875 0.08740234375
-0.26171875 -0.31640625 -0.3997802734375
-0.1328125 -0.31640625 0.07879638671875
-0.109375 -0.32421875 0.344482421875
-0.14453125 -0.30078125 0.343505859375
-0.1953125 -0.25390625 0.0732421875
-0.16796875 -0.26171875 0.3402099609375
-0.23046875 -0.21484375 0.3377685546875
-0.19140625 -0.22265625 -0.3209228515625
-0.171875 -0.16796875 0.330078125
0.08203125 -0.00390625 0.0203857421875
0.2890625 0.17578125 -0.0177001953125
0.2890625 0.26953125 -0.03125
0.2890625 0.37890625 -0.0472412109375
0.3359375 0.52734375 0.22930908203125
0.41015625 0.54296875 0.26141357421875
