BICYCLE
-0.42578125 -0.625 -0.2784423828125
-0.4453125 -0.578125 -0.2862548828125
-0.3515625 -0.5234375 0.1660308837890625
-0.34765625 -0.5078125 -0.3060302734375
-0.20703125 -0.5546875 -0.3050537109375
-0.296875 -0.484375 0.15743255615234375
-0.30859375 -0.4453125 -0.2210693359375
-0.1484375 -0.5 -0.3209228515625
-0.15625 -0.453125 0.4039306640625
-0.2578125 -0.3984375 0.4014892578125
-0.1875 -0.4296875 0.4024658203125
-0.2890625 -0.375 0.4005126953125
-0.22265625 -0.40625 0.4014892578125
-0.12890625 -0.453125 0.4459228515625
-0.3203125 -0.359375 0.4000244140625
-0.16015625 -0.4375 0.4449462890625
-0.296875 -0.3671875 0.4417724609375
-0.2265625 -0.3984375 0.4434814453125
-0.19140625 -0.4140625 0.4434814453125
-0.2578125 -0.375 0.4412841796875
-0.2109375 -0.3515625 0.1334686279296875
0.0078125 -0.40625 0.130401611328125
-0.234375 -0.296875 -0.3521728515625
-0.09765625 -0.2578125 0.113189697265625
-0.125 -0.2109375 -0.3756103515625
0.01953125 -0.265625 0.4166259765625
0.02734375 -0.265625 0.3756103515625
-0.09765625 -0.046875 -0.3011474609375
0.140625 0.1875 0.036376953125
0.19921875 0.2265625 0.027099609375
0.21875 0.375 -0.3917236328125
0.37890625 0.4765625 -0.0189208984375
0.3125 0.515625 -0.4215087890625
0.4453125 0.546875 -0.032470703125
0.4140625 0.578125 0.2640380859375
0.390625 0.625 0.25970458984375
0.39453125 0.625 -0.4459228515625
