BICYCLE
-0.3515625 0.515625 0.15936279296875
-0.3203125 0.505859375 0.16131591796875
-0.3046875 0.4375 0.04339599609375
-0.2578125 0.361328125 0.03875732421875
-0.1953125 0.546875 0.15423583984375
-0.2109375 0.2890625 0.03460693359375
-0.1796875 0.27734375 -0.300018310546875
-0.1640625 0.275390625 -0.42266845703125
-0.1640625 0.212890625 0.03094482421875
-0.1484375 0.203125 -0.3043212890625
-0.1328125 0.19921875 -0.199005126953125
-0.1328125 0.201171875 -0.42718505859375
-0.1171875 0.12890625 -0.308013916015625
-0.1015625 0.125 -0.43157958984375
-0.0859375 0.056640625 -0.204559326171875
-0.0703125 0.12109375 -0.204864501953125
-0.0703125 0.05078125 -0.31201171875
-0.0546875 0.05078125 -0.43609619140625
-0.1328125 -0.412109375 0.48065185546875
-0.1328125 -0.423828125 0.47723388671875
-0.0234375 -0.0234375 -0.21075439453125
-0.0390625 -0.361328125 0.47772216796875
-0.0234375 -0.453125 0.35760498046875
0.1015625 -0.251953125 -0.33026123046875
0.1015625 -0.255859375 -0.2247467041015625
0.1328125 -0.255859375 -0.45806884765625
0.1328125 -0.25390625 0.12078857421875
0.1171875 -0.32421875 0.46697998046875
0.1328125 -0.32421875 0.47088623046875
0.1484375 -0.2734375 0.23455810546875
0.1484375 -0.255859375 0.47137451171875
0.1484375 -0.267578125 0.46600341796875
0.1484375 -0.46484375 0.12371826171875
0.1796875 -0.33203125 0.12371826171875
0.1796875 -0.333984375 0.11712646484375
0.1796875 -0.349609375 0.23211669921875
0.1796875 -0.40234375 0.00018310546875
0.1953125 -0.40234375 0.12176513671875
0.2109375 -0.546875 0.11932373046875
0.2890625 -0.2265625 0.22772216796875
0.2734375 -0.435546875 0.22625732421875
0.3046875 -0.3671875 -0.24263763427734375
0.2890625 -0.509765625 0.22430419921875
0.3515625 -0.369140625 -0.48065185546875
