BICYCLE
-0.39013671875 -0.64453125 -0.236083984375
-0.37744140625 -0.63671875 -0.3056640625
-0.18603515625 -0.47265625 -0.265869140625
-0.15087890625 -0.47265625 -0.265869140625
-0.22412109375 -0.42578125 0.32080078125
-0.26123046875 -0.41796875 0.3193359375
-0.19091796875 -0.42578125 0.32080078125
-0.23388671875 -0.41015625 0.09271240234375
-0.30712890625 -0.40234375 -0.353515625
-0.22021484375 -0.40234375 -0.279541015625
-0.29638671875 -0.38671875 0.3154296875
-0.23681640625 -0.38671875 -0.356689453125
-0.36767578125 -0.36328125 0.31298828125
-0.30419921875 -0.37109375 0.371337890625
-0.33251953125 -0.36328125 0.31298828125
-0.26904296875 -0.37109375 0.371337890625
-0.27099609375 -0.36328125 -0.361328125
-0.39990234375 -0.33984375 0.309814453125
-0.19677734375 -0.32421875 0.07916259765625
-0.12744140625 -0.30078125 0.07550048828125
0.05419921875 -0.30078125 0.559326171875
-0.08544921875 -0.25390625 0.299560546875
-0.15478515625 -0.20703125 0.293701171875
-0.04833984375 -0.19921875 0.549560546875
-0.22998046875 -0.15234375 0.343505859375
-0.12060546875 -0.16796875 0.546142578125
-0.08544921875 -0.16796875 0.546142578125
-0.12158203125 -0.15234375 0.343994140625
-0.15771484375 -0.14453125 0.343017578125
-0.00732421875 0.01171875 0.02686309814453125
0.11181640625 0.24609375 -0.01007080078125
0.15087890625 0.28515625 -0.0174560546875
0.03955078125 0.34765625 -0.414794921875
0.19287109375 0.33984375 -0.02545166015625
0.15283203125 0.36328125 -0.419189453125
0.23388671875 0.37890625 -0.0328369140625
0.15380859375 0.40234375 -0.516845703125
0.19287109375 0.40234375 -0.425537109375
0.27099609375 0.44140625 -0.042694091796875
0.23388671875 0.51953125 -0.540283203125
0.31396484375 0.51953125 -0.05438232421875
0.35693359375 0.57421875 -0.06365966796875
0.27880859375 0.60546875 -0.559326171875
0.27490234375 0.61328125 -0.4638671875
0.39990234375 0.64453125 -0.07470703125
