BICYCLE
-0.37744140625 -0.61328125 -0.2474365234375
-0.4150390625 -0.61328125 -0.2489013671875
-0.39599609375 -0.59765625 -0.1854248046875
-0.350830078125 -0.58203125 -0.2528076171875
-0.16624736785888672 -0.49609375 -0.1973876953125
-0.3096923828125 -0.49609375 -0.2017822265625
-0.2891845703125 -0.48828125 0.177734375
-0.325927734375 -0.48828125 0.1759033203125
-0.13140869140625 -0.47265625 -0.1995849609375
-0.2254638671875 -0.47265625 -0.2708740234375
-0.33203125 -0.47265625 -0.2733154296875
-0.24334716796875 -0.44921875 -0.2073974609375
-0.2822265625 -0.44140625 -0.2095947265625
-0.182891845703125 -0.42578125 0.3946533203125
-0.21588134765625 -0.42578125 0.3936767578125
-0.10479736328125 -0.42578125 -0.2073974609375
-0.23077392578125 -0.41796875 0.16729736328125
-0.1945953369140625 -0.41796875 0.4547119140625
-0.3065185546875 -0.41015625 -0.2860107421875
-0.27215576171875 -0.40234375 -0.2867431640625
-0.23358154296875 -0.39453125 0.4512939453125
-0.261474609375 -0.37890625 0.3873291015625
-0.2735595703125 -0.37109375 0.4471435546875
-0.131683349609375 -0.35546875 0.159881591796875
-0.094482421875 -0.34765625 0.159881591796875
-0.3035888671875 -0.34765625 0.3824462890625
-0.3431396484375 -0.33203125 0.3795166015625
-0.31494140625 -0.33203125 0.4422607421875
-0.210113525390625 -0.30859375 0.151275634765625
-0.175079345703125 -0.30078125 0.150665283203125
-0.06512451171875 -0.29296875 0.152496337890625
-0.06060791015625 -0.25390625 0.3763427734375
-0.1418609619140625 -0.23046875 0.3714599609375
-0.151580810546875 -0.23046875 -0.3172607421875
-0.107177734375 -0.21484375 0.3704833984375
-0.0799560546875 -0.19140625 0.4285888671875
-0.10687255859375 -0.17578125 -0.2523193359375
-0.121185302734375 -0.16015625 0.4234619140625
-0.0908203125 -0.13671875 -0.3345947265625
0.171875 0.19921875 0.079833984375
0.130859375 0.23046875 0.074310302734375
0.240234375 0.27734375 0.069366455078125
0.275390625 0.30859375 0.0650634765625
0.310546875 0.33984375 0.06011962890625
0.30859375 0.33984375 0.3658447265625
0.34716796875 0.36328125 0.3636474609375
0.3447265625 0.38671875 0.0533447265625
0.26513671875 0.40234375 0.3577880859375
0.38134765625 0.41015625 0.3582763671875
0.38232421875 0.41796875 0.048431396484375
0.4150390625 0.46484375 0.041656494140625
0.36962890625 0.51953125 -0.4547119140625
0.35595703125 0.61328125 0.277587890625
