BICYCLE
-0.2734375 -0.67578125 -0.311279296875
-0.2421875 -0.64453125 -0.3125
-0.22265625 -0.60546875 -0.3162841796875
-0.1953125 -0.56640625 -0.046142578125
-0.3984375 -0.65234375 0.0186767578125
-0.22265625 -0.53515625 -0.325439453125
-0.4453125 -0.65234375 -0.3297119140625
-0.19140625 -0.50390625 0.01763916015625
-0.15234375 -0.48046875 -0.05126953125
-0.2578125 -0.55078125 0.4305419921875
-0.28125 -0.52734375 -0.05633544921875
-0.2734375 -0.53515625 0.4534912109375
-0.17578125 -0.44921875 0.01312255859375
-0.33984375 -0.51171875 0.4229736328125
-0.078125 -0.36328125 0.4256591796875
-0.15625 -0.39453125 0.2471923828125
-0.20703125 -0.39453125 0.2447509765625
-0.25 -0.41015625 0.2435302734375
-0.09765625 -0.33203125 0.4486083984375
-0.27734375 -0.37890625 -0.3499755859375
-0.140625 -0.26953125 0.2369384765625
-0.1796875 -0.28515625 0.4144287109375
-0.18359375 -0.27734375 -0.3551025390625
-0.23828125 -0.27734375 0.4105224609375
0.11328125 0.13671875 -0.0939788818359375
0.15234375 0.16796875 0.2142333984375
0.140625 0.17578125 -0.0323486328125
0.13671875 0.17578125 -0.096771240234375
0.21484375 0.22265625 0.2125244140625
0.16796875 0.21484375 -0.034881591796875
0.1640625 0.22265625 -0.099090576171875
0.19921875 0.24609375 -0.0999755859375
0.24609375 0.26953125 0.2100830078125
0.1953125 0.26171875 -0.03741455078125
0.22265625 0.29296875 -0.1027679443359375
0.22265625 0.29296875 -0.0399169921875
0.26953125 0.31640625 0.2073974609375
0.25390625 0.33203125 -0.041961669921875
0.296875 0.35546875 0.2052001953125
0.24609375 0.33984375 -0.106048583984375
0.328125 0.38671875 0.2034912109375
0.28125 0.37109375 -0.043975830078125
0.27734375 0.37890625 -0.107879638671875
0.35546875 0.42578125 0.2017822265625
0.3046875 0.41015625 -0.1097412109375
0.30859375 0.41796875 -0.0475006103515625
0.3828125 0.46484375 0.1993408203125
0.33984375 0.44921875 -0.049530029296875
0.33203125 0.45703125 -0.112548828125
0.41015625 0.50390625 0.1971435546875
0.3671875 0.48828125 -0.0520477294921875
0.359375 0.49609375 -0.1148681640625
0.4453125 0.54296875 0.1949462890625
0.39453125 0.52734375 -0.0540771484375
0.34765625 0.60546875 -0.4288330078125
0.38671875 0.63671875 -0.0666961669921875
0.41796875 0.67578125 -0.06921768188476562
0.2109375 0.58984375 -0.4368896484375
0.11328125 0.65234375 -0.4534912109375
