BICYCLE
-0.640625 0.09765625 0.1611328125
-0.625 0.03515625 -0.4580078125
-0.609375 0.08984375 0.1708984375
-0.53125 0.25390625 0.4794921875
-0.5625 0.16796875 0.31640625
-0.578125 0.05078125 -0.447265625
-0.53125 0.13671875 -0.29296875
-0.53125 0.08984375 -0.4599609375
-0.53125 0.05859375 -0.3046875
-0.484375 0.14453125 -0.3046875
-0.53125 0.02734375 -0.13671875
-0.46875 0.12109375 0.1611328125
-0.453125 0.10546875 0.0166015625
-0.609375 -0.12890625 0.484375
-0.609375 -0.22265625 0.4853515625
-0.40625 0.07421875 0.171875
-0.34375 0.14453125 0.171875
-0.203125 0.19921875 -0.3095703125
-0.296875 0.00390625 -0.138671875
-0.1875 0.05859375 0.0166015625
-0.171875 0.05078125 -0.2978515625
-0.171875 0.05078125 -0.1533203125
-0.125 0.13671875 0.16015625
0.015625 0.18359375 -0.3134765625
-0.046875 0.08984375 0.015625
0.0625 0.13671875 -0.30078125
-0.03125 -0.01953125 0.1611328125
-0.015625 -0.01953125 0.33203125
0.078125 0.01953125 -0.30078125
0.0625 0.03515625 0.318359375
0.078125 0.00390625 0.478515625
0.171875 0.02734375 -0.4755859375
0.25 0.03515625 0.015625
0.34375 0.19921875 0.1728515625
0.328125 0.09765625 0.0146484375
0.328125 0.11328125 0.16015625
0.390625 0.16796875 0.0
0.390625 0.18359375 0.1591796875
0.40625 0.16796875 0.0146484375
0.46875 0.24609375 0.1728515625
0.265625 -0.24609375 -0.47998046875
0.453125 0.12109375 -0.1455078125
0.5 0.23828125 0.1591796875
0.4375 0.03515625 -0.3056640625
0.34375 -0.17578125 -0.48095703125
0.4375 0.04296875 0.173828125
0.453125 0.02734375 -0.1611328125
0.46875 -0.08203125 0.17578125
0.640625 0.26171875 0.3193359375
0.40625 -0.26171875 0.3212890625
0.578125 -0.08984375 -0.4853515625
