BICYCLE
0.60546875 0.3671875 -0.455078125
0.41015625 0.3828125 -0.091796875
0.33984375 0.3671875 -0.2373046875
0.33203125 0.3515625 -0.056640625
0.30078125 0.3359375 -0.41796875
0.38671875 0.2578125 -0.41796875
0.24609375 0.3046875 -0.091796875
0.41015625 0.1953125 -0.2734375
0.30859375 0.2265625 -0.2744140625
0.17578125 0.2734375 -0.2373046875
0.14453125 0.2734375 -0.41796875
0.11328125 0.2421875 0.0908203125
0.16796875 0.1953125 -0.2744140625
0.15234375 0.1796875 -0.458984375
0.19140625 0.1640625 0.091796875
0.07421875 0.1953125 -0.091796875
-0.01171875 0.1796875 -0.4189453125
0.00390625 0.1015625 -0.275390625
-0.10546875 0.1328125 -0.4609375
-0.17578125 0.0703125 -0.419921875
-0.18359375 0.0078125 -0.2373046875
-0.15234375 -0.0234375 -0.091796875
-0.26953125 -0.0234375 -0.091796875
-0.23046875 -0.0859375 -0.052734375
-0.18359375 -0.1015625 0.09375
-0.30859375 -0.1015625 0.0947265625
-0.26953125 -0.1640625 0.3173828125
-0.27734375 -0.1640625 0.4658203125
-0.44140625 -0.1484375 0.0947265625
-0.49609375 -0.1640625 -0.0517578125
-0.19140625 -0.2578125 0.4677734375
-0.41015625 -0.2109375 0.4677734375
-0.51953125 -0.2734375 -0.091796875
-0.60546875 -0.3828125 -0.4677734375
