BICYCLE
-0.142578125 -0.71484375 -0.17877197265625
-0.126953125 -0.66015625 -0.02203369140625
-0.154296875 -0.61328125 -0.41229248046875
-0.181640625 -0.51953125 -0.45928955078125
-0.126953125 -0.56640625 0.10491943359375
-0.119140625 -0.55078125 -0.19635009765625
-0.087890625 -0.58984375 0.24017333984375
-0.119140625 -0.55859375 0.23870849609375
-0.130859375 -0.48046875 0.23382568359375
-0.169921875 -0.30859375 -0.05084228515625
-0.126953125 -0.33203125 0.36077880859375
-0.068359375 -0.30859375 -0.22271728515625
-0.041015625 -0.32421875 -0.05426025390625
-0.111328125 -0.31640625 0.42816162109375
-0.068359375 -0.30859375 0.08343505859375
-0.169921875 -0.22265625 0.08001708984375
-0.123046875 -0.21484375 0.07806396484375
-0.056640625 -0.26953125 0.35540771484375
-0.041015625 -0.25390625 0.42327880859375
-0.134765625 -0.16796875 -0.02105712890625
-0.064453125 -0.18359375 -0.23565673828125
-0.107421875 -0.20703125 0.49163818359375
-0.099609375 -0.16015625 -0.23663330078125
-0.060546875 -0.16796875 0.07269287109375
-0.052734375 -0.16796875 0.21136474609375
0.017578125 -0.22265625 0.48968505859375
-0.091796875 -0.14453125 0.41937255859375
-0.126953125 -0.12890625 0.45550537109375
-0.005859375 -0.17578125 0.48870849609375
-0.041015625 -0.15234375 0.48773193359375
0.033203125 -0.17578125 0.45550537109375
-0.107421875 -0.05078125 -0.24713134765625
-0.072265625 -0.08984375 0.20697021484375
0.005859375 -0.12890625 0.45355224609375
-0.064453125 -0.04296875 -0.48455810546875
-0.072265625 -0.06640625 0.24554443359375
-0.017578125 -0.08984375 0.27532958984375
-0.091796875 -0.00390625 -0.08062744140625
0.021484375 -0.05078125 -0.48712158203125
0.017578125 -0.05859375 -0.07916259765625
-0.021484375 -0.05859375 0.45159912109375
-0.005859375 -0.00390625 -0.49163818359375
-0.048828125 -0.02734375 0.45062255859375
-0.033203125 -0.01171875 0.27093505859375
0.009765625 0.04296875 0.23773193359375
-0.056640625 0.20703125 -0.05181884765625
-0.099609375 0.23828125 -0.10113525390625
0.103515625 0.18359375 0.22845458984375
-0.064453125 0.30859375 0.03607177734375
-0.064453125 0.31640625 -0.06011962890625
-0.044921875 0.35546875 -0.29083251953125
0.009765625 0.30859375 0.22357177734375
0.005859375 0.37109375 0.02923583984375
0.201171875 0.26953125 0.32073974609375
0.021484375 0.37109375 0.24652099609375
0.060546875 0.35546875 0.24700927734375
-0.025390625 0.38671875 0.46429443359375
0.021484375 0.41015625 -0.29815673828125
0.052734375 0.36328125 0.31927490234375
-0.017578125 0.42578125 0.17181396484375
-0.017578125 0.41015625 0.39056396484375
-0.037109375 0.44140625 0.21673583984375
-0.048828125 0.47265625 0.02337646484375
0.005859375 0.43359375 0.21673583984375
0.009765625 0.41796875 0.43304443359375
-0.037109375 0.47265625 0.24212646484375
-0.201171875 0.54296875 0.46038818359375
-0.201171875 0.55078125 0.38665771484375
-0.009765625 0.46484375 0.31488037109375
-0.037109375 0.50390625 0.16741943359375
0.052734375 0.45703125 0.45941162109375
-0.201171875 0.61328125 0.42718505859375
-0.048828125 0.61328125 0.01263427734375
-0.029296875 0.64453125 0.15765380859375
-0.076171875 0.71484375 -0.09088134765625
0.146484375 0.58203125 0.45257568359375
