BICYCLE
-0.114013671875 -0.62890625 -0.11285400390625
-0.176513671875 -0.53515625 -0.41082763671875
-0.093505859375 -0.52734375 0.03070068359375
-0.220458984375 -0.47265625 -0.41864013671875
-0.092041015625 -0.39453125 0.14495849609375
-0.131103515625 -0.38671875 0.14398193359375
-0.114990234375 -0.34765625 0.01751708984375
-0.059326171875 -0.33203125 0.14007568359375
-0.063720703125 -0.31640625 0.39447021484375
0.008544921875 -0.29296875 0.00921630859375
0.014892578125 -0.26953125 -0.15069580078125
-0.064208984375 -0.24609375 -0.15313720703125
-0.025146484375 -0.24609375 -0.15289306640625
-0.107177734375 -0.24609375 0.39007568359375
-0.093505859375 -0.23828125 0.32562255859375
-0.027587890625 -0.22265625 0.13128662109375
-0.029541015625 -0.20703125 0.38812255859375
-0.102783203125 -0.19140625 0.26458740234375
-0.056884765625 -0.19921875 0.32366943359375
-0.065673828125 -0.16796875 0.26361083984375
-0.117431640625 -0.12890625 -0.38446044921875
-0.081298828125 -0.14453125 -0.00494384765625
0.017333984375 -0.18359375 0.45111083984375
-0.063232421875 -0.17578125 0.45111083984375
-0.024658203125 -0.16796875 0.45111083984375
-0.021240234375 -0.16015625 0.45794677734375
-0.064208984375 -0.15234375 0.45697021484375
-0.103759765625 -0.13671875 0.45697021484375
-0.104248046875 -0.09765625 -0.00250244140625
-0.022705078125 -0.12109375 0.31878662109375
-0.152587890625 -0.07421875 -0.46685791015625
-0.067138671875 -0.08984375 -0.00299072265625
0.033935546875 -0.06640625 -0.01177978515625
0.035888671875 -0.05078125 -0.39251708984375
0.040771484375 -0.03515625 -0.17510986328125
-0.046630859375 -0.03515625 -0.01470947265625
0.042236328125 -0.04296875 0.11712646484375
0.066650390625 0.03515625 -0.02056884765625
-0.008056640625 0.05859375 -0.48040771484375
-0.010986328125 0.05859375 -0.40716552734375
-0.002685546875 0.04296875 0.10980224609375
0.038330078125 0.06640625 -0.01470947265625
0.019775390625 0.13671875 0.24652099609375
0.043212890625 0.13671875 0.30218505859375
0.068603515625 0.23828125 0.22845458984375
0.046630859375 0.26953125 0.23870849609375
0.059326171875 0.30078125 0.35931396484375
0.100830078125 0.30859375 0.35833740234375
0.187255859375 0.32421875 0.22357177734375
0.190185546875 0.37109375 0.28753662109375
0.152587890625 0.37890625 0.28704833984375
0.159912109375 0.38671875 0.23284912109375
0.056884765625 0.41796875 0.07952880859375
0.199951171875 0.40234375 0.23236083984375
0.053466796875 0.45703125 -0.22857666015625
0.098876953125 0.44921875 0.21429443359375
-0.080810546875 0.49609375 -0.46331787109375
0.182373046875 0.49609375 0.41595458984375
0.017822265625 0.51171875 0.41497802734375
-0.012451171875 0.52734375 0.42962646484375
0.031005859375 0.55859375 -0.05474853515625
0.212646484375 0.55078125 0.34515380859375
-0.058349609375 0.56640625 0.42767333984375
0.057373046875 0.57421875 0.48040771484375
0.137451171875 0.57421875 0.41204833984375
-0.207275390625 0.60546875 0.34027099609375
0.220458984375 0.57421875 0.41204833984375
-0.153564453125 0.59765625 0.47943115234375
-0.027587890625 0.59765625 0.47943115234375
0.147216796875 0.59765625 0.42767333984375
-0.070556640625 0.61328125 0.47845458984375
0.106689453125 0.60546875 0.42767333984375
0.053466796875 0.61328125 0.41009521484375
-0.113037109375 0.62109375 0.47845458984375
0.021240234375 0.62109375 0.42669677734375
0.189208984375 0.61328125 0.42767333984375
0.096435546875 0.62890625 0.47845458984375
