BICYCLE
-0.0615234375 -0.35546875 -0.22705078125
-0.0966796875 -0.39453125 0.263671875
-0.0263671875 -0.35546875 0.2626953125
-0.0673828125 -0.34765625 0.26171875
-0.0419921875 -0.31640625 0.05126953125
-0.0634765625 -0.24609375 -0.23583984375
0.0576171875 -0.22265625 0.0478515625
-0.0380859375 -0.22265625 0.04638671875
0.1806640625 0.05078125 0.03564453125
0.1806640625 0.05078125 0.08056640625
0.0185546875 0.12109375 0.02880859375
0.0576171875 0.14453125 0.02880859375
0.0986328125 0.16015625 0.02880859375
0.0068359375 0.19140625 0.2431640625
0.2021484375 0.23828125 0.1416015625
0.2451171875 0.24609375 0.1416015625
0.0400390625 0.23828125 -0.26953125
0.1689453125 0.24609375 0.2841796875
0.2060546875 0.26953125 0.283203125
0.2431640625 0.28515625 0.283203125
0.1884765625 0.32421875 0.240234375
0.1376953125 0.33203125 0.20751953125
0.2294921875 0.34765625 0.240234375
0.0439453125 0.33203125 0.23828125
-0.0966796875 0.33984375 -0.28076171875
0.0849609375 0.35546875 0.23828125
-0.0654296875 0.39453125 -0.2841796875
-0.2451171875 0.33984375 0.234375
