BICYCLE
-0.060546875 -0.734375 -0.034393310546875
-0.076171875 -0.71875 -0.190399169921875
-0.115234375 -0.71875 -0.175506591796875
-0.095703125 -0.6640625 -0.177947998046875
-0.048828125 -0.59375 0.112579345703125
-0.111328125 -0.59375 -0.394500732421875
-0.107421875 -0.515625 -0.400970458984375
-0.056640625 -0.5 0.107208251953125
-0.076171875 -0.484375 0.133087158203125
-0.033203125 -0.453125 0.105255126953125
-0.072265625 -0.4765625 0.183380126953125
0.025390625 -0.3828125 -0.210174560546875
-0.021484375 -0.40625 -0.211395263671875
-0.064453125 -0.421875 -0.212371826171875
0.037109375 -0.3828125 0.339630126953125
-0.060546875 -0.4140625 0.180450439453125
-0.150390625 -0.4453125 -0.194549560546875
-0.119140625 -0.421875 -0.215057373046875
0.025390625 -0.3671875 0.417266845703125
-0.033203125 -0.359375 -0.194549560546875
-0.005859375 -0.3359375 -0.057830810546875
-0.083984375 -0.390625 0.128692626953125
-0.044921875 -0.3515625 0.178497314453125
-0.052734375 -0.34375 0.127716064453125
-0.142578125 -0.375 -0.198699951171875
-0.056640625 -0.328125 0.334259033203125
-0.103515625 -0.3515625 0.368438720703125
-0.208984375 -0.3828125 -0.064666748046875
0.017578125 -0.2734375 0.334259033203125
-0.130859375 -0.328125 -0.064666748046875
-0.029296875 -0.296875 0.368438720703125
0.013671875 -0.265625 0.412384033203125
0.142578125 -0.1484375 -0.222137451171875
-0.025390625 -0.2890625 0.491485595703125
0.111328125 -0.1640625 0.174102783203125
-0.021484375 -0.2265625 0.366485595703125
-0.025390625 -0.21875 0.251739501953125
-0.068359375 -0.234375 0.251251220703125
0.080078125 -0.125 -0.068084716796875
-0.041015625 -0.203125 0.091094970703125
-0.103515625 -0.203125 -0.427825927734375
0.005859375 -0.171875 0.329376220703125
-0.013671875 -0.1640625 0.089630126953125
-0.013671875 -0.15625 0.364044189453125
-0.083984375 -0.15625 -0.233612060546875
0.091796875 -0.0546875 0.167266845703125
0.072265625 -0.0390625 -0.431488037109375
-0.001953125 -0.09375 0.086212158203125
0.037109375 -0.0546875 -0.210418701171875
-0.048828125 -0.109375 -0.075408935546875
0.037109375 -0.0625 0.117950439453125
-0.044921875 -0.1171875 0.245880126953125
-0.072265625 -0.09375 -0.237762451171875
-0.056640625 -0.1015625 0.116485595703125
0.072265625 -0.0234375 0.117462158203125
0.103515625 0.015625 0.244903564453125
0.052734375 0.015625 -0.214080810546875
-0.048828125 -0.0390625 -0.240692138671875
-0.083984375 -0.0546875 -0.216278076171875
-0.021484375 0.0078125 -0.242645263671875
-0.060546875 0.0 -0.218475341796875
-0.072265625 0.0 -0.083709716796875
0.095703125 0.125 0.319610595703125
0.064453125 0.15625 0.356231689453125
0.099609375 0.203125 0.316192626953125
0.193359375 0.3046875 0.233673095703125
0.068359375 0.234375 0.353790283203125
0.103515625 0.28125 0.312774658203125
-0.013671875 0.265625 -0.098846435546875
-0.017578125 0.2734375 0.064727783203125
0.072265625 0.328125 0.146759033203125
0.099609375 0.359375 -0.100067138671875
-0.048828125 0.296875 -0.266815185546875
0.048828125 0.3359375 0.099884033203125
0.095703125 0.3671875 0.063262939453125
0.099609375 0.359375 0.227813720703125
0.064453125 0.34375 0.390899658203125
-0.056640625 0.328125 -0.239471435546875
-0.005859375 0.34375 0.060821533203125
0.220703125 0.4609375 0.308868408203125
0.138671875 0.4140625 0.471954345703125
0.087890625 0.453125 -0.271697998046875
0.064453125 0.421875 0.141387939453125
0.212890625 0.484375 0.471954345703125
0.166015625 0.4609375 0.470977783203125
0.091796875 0.453125 0.058380126953125
0.041015625 0.4296875 0.095489501953125
0.041015625 0.453125 -0.243377685546875
0.072265625 0.4765625 -0.477264404296875
-0.001953125 0.421875 0.056427001953125
0.021484375 0.4765625 -0.480255126953125
0.099609375 0.5234375 -0.480194091796875
0.009765625 0.4296875 0.469024658203125
-0.037109375 0.4140625 0.468048095703125
0.130859375 0.5703125 -0.482330322265625
0.173828125 0.59375 -0.482330322265625
-0.044921875 0.484375 -0.485015869140625
0.029296875 0.4921875 0.467071533203125
-0.103515625 0.4765625 -0.488006591796875
-0.150390625 0.4609375 -0.489349365234375
-0.205078125 0.4453125 -0.491485595703125
-0.095703125 0.5625 -0.122283935546875
-0.169921875 0.5078125 0.378204345703125
-0.220703125 0.4921875 0.377716064453125
0.025390625 0.6484375 0.211212158203125
-0.201171875 0.5625 0.459259033203125
-0.021484375 0.734375 0.121856689453125
