BICYCLE
-0.1640625 -0.578125 -0.0948944091796875
-0.21875 -0.6015625 -0.0968475341796875
-0.09375 -0.5 0.0740509033203125
0.2578125 -0.203125 -0.4767303466796875
0.0859375 -0.328125 -0.4783782958984375
0.125 -0.296875 -0.4783782958984375
0.1640625 -0.265625 -0.4775848388671875
0.203125 -0.234375 -0.4775848388671875
-0.0390625 -0.4140625 -0.4804534912109375
-0.078125 -0.4453125 -0.4813079833984375
0.0 -0.3828125 -0.4800872802734375
0.0390625 -0.3515625 -0.4800872802734375
-0.203125 -0.5390625 -0.2633514404296875
-0.125 -0.46875 -0.4825897216796875
-0.1640625 -0.5078125 0.0711212158203125
-0.1796875 -0.5 -0.4838409423828125
-0.21875 -0.53125 -0.4846954345703125
-0.2578125 -0.5625 -0.4846649169921875
-0.125 -0.4609375 0.1551055908203125
-0.1640625 -0.4375 0.0852813720703125
-0.1171875 -0.3984375 0.2405548095703125
-0.125 -0.3828125 0.1516876220703125
-0.1640625 -0.3671875 0.0823516845703125
-0.140625 -0.296875 0.1472930908203125
-0.140625 -0.2265625 -0.1151580810546875
-0.140625 -0.21875 0.1428985595703125
-0.1953125 -0.2421875 -0.1175994873046875
-0.09375 -0.1875 0.4036407470703125
-0.125 -0.1796875 0.0760040283203125
-0.25 -0.2578125 -0.1195526123046875
-0.0703125 -0.1328125 0.4026641845703125
-0.03125 -0.09375 0.3167266845703125
-0.1328125 -0.15625 0.1404571533203125
-0.0859375 -0.1171875 0.3157501220703125
0.0625 0.0234375 0.0540313720703125
-0.15625 -0.1328125 0.0515899658203125
-0.0859375 -0.046875 0.0506134033203125
-0.015625 0.015625 -0.1232147216796875
-0.125 -0.078125 0.1370391845703125
-0.0703125 -0.0546875 0.3997344970703125
-0.1484375 -0.078125 0.0711212158203125
0.03125 0.0703125 0.1365509033203125
-0.0703125 0.0078125 0.2244415283203125
-0.0078125 0.0859375 -0.3015594482421875
-0.0703125 0.0234375 0.1345977783203125
0.0078125 0.078125 0.2249298095703125
-0.03125 0.0546875 0.1345977783203125
-0.1171875 -0.0234375 0.3382110595703125
0.0 0.0859375 0.0706329345703125
-0.046875 0.0546875 0.0696563720703125
-0.1015625 -0.015625 0.4846954345703125
-0.1875 -0.078125 0.4837188720703125
-0.1328125 0.0 0.2224884033203125
-0.03125 0.109375 -0.1302947998046875
-0.0234375 0.125 -0.2921600341796875
-0.109375 0.046875 0.0447540283203125
-0.1640625 -0.0234375 0.4827423095703125
-0.1328125 0.0703125 -0.1334686279296875
-0.140625 0.0703125 0.0647735595703125
-0.0078125 0.1796875 0.3064727783203125
-0.109375 0.1328125 0.0403594970703125
-0.1171875 0.140625 -0.2983856201171875
-0.0546875 0.21875 -0.3137664794921875
0.015625 0.2421875 0.3045196533203125
0.0078125 0.234375 0.3343048095703125
-0.0078125 0.265625 0.3904571533203125
0.015625 0.328125 0.3889923095703125
-0.1171875 0.296875 -0.3074188232421875
0.0234375 0.3984375 0.3865509033203125
-0.09375 0.3515625 0.0286407470703125
-0.0234375 0.4375 0.2073516845703125
-0.0859375 0.4375 0.1136016845703125
-0.109375 0.4375 0.0506134033203125
-0.1015625 0.4453125 0.0237579345703125
-0.15625 0.4296875 -0.1566619873046875
-0.1328125 0.4765625 -0.1583709716796875
-0.140625 0.4765625 -0.3372039794921875
-0.1484375 0.6015625 0.4641876220703125
