BICYCLE
0.0390625 -0.34375 0.218109130859375
-0.078125 -0.4140625 -0.080963134765625
-0.0546875 -0.3515625 0.015472412109375
-0.09375 -0.390625 0.014984130859375
-0.0859375 -0.359375 0.059417724609375
-0.125 -0.375 -0.283599853515625
-0.078125 -0.296875 -0.037261962890625
-0.0546875 -0.28125 0.114105224609375
-0.078125 -0.2890625 0.056976318359375
-0.1015625 -0.28125 -0.418609619140625
-0.046875 -0.234375 0.150726318359375
0.015625 -0.1484375 -0.228912353515625
-0.0546875 -0.1875 0.209320068359375
-0.0625 -0.1875 0.110198974609375
-0.046875 -0.1640625 0.148284912109375
-0.0859375 -0.1796875 -0.4906005859375
-0.046875 -0.1328125 -0.092193603515625
-0.015625 -0.1015625 0.431976318359375
0.015625 -0.03125 -0.093414306640625
-0.0546875 -0.109375 0.206878662109375
-0.03125 -0.0625 0.005218505859375
0.015625 -0.0078125 -0.045562744140625
-0.0546875 -0.0859375 0.144866943359375
-0.09375 -0.1015625 -0.49578857421875
-0.0234375 -0.0390625 -0.046051025390625
0.0078125 -0.0078125 0.404632568359375
-0.0390625 -0.015625 0.142913818359375
-0.1328125 -0.09375 -0.049224853515625
-0.0234375 0.0078125 0.104339599609375
-0.0625 -0.03125 0.203948974609375
0.140625 0.1796875 0.105316162109375
0.0078125 0.03125 0.429046630859375
-0.09375 -0.0234375 -0.500274658203125
-0.0859375 -0.0234375 -0.099029541015625
0.0546875 0.1171875 0.503265380859375
-0.078125 0.0390625 -0.503265380859375
-0.0390625 0.0625 0.235687255859375
-0.046875 0.0625 0.139495849609375
-0.140625 -0.015625 -0.053131103515625
-0.046875 0.0390625 0.503265380859375
-0.015625 0.0859375 0.401214599609375
0.09375 0.21875 -0.000640869140625
-0.0078125 0.0859375 0.502288818359375
-0.1171875 0.0234375 -0.001617431640625
0.125 0.28125 -0.438446044921875
-0.109375 0.046875 0.041351318359375
-0.03125 0.125 0.137542724609375
0.078125 0.25 -0.439605712890625
0.09375 0.25 0.042327880859375
0.078125 0.25 -0.054840087890625
-0.0546875 0.1171875 0.098968505859375
-0.015625 0.1328125 0.426116943359375
0.0625 0.2421875 -0.103179931640625
0.078125 0.265625 -0.396514892578125
0.0625 0.25 -0.305084228515625
0.0703125 0.25 -0.002105712890625
0.0703125 0.265625 -0.248443603515625
-0.109375 0.1015625 -0.442901611328125
0.09375 0.2890625 -0.103912353515625
-0.0703125 0.1484375 -0.443328857421875
-0.03125 0.171875 0.097503662109375
0.1171875 0.3046875 0.232757568359375
-0.0703125 0.140625 -0.004058837890625
0.0234375 0.234375 0.039398193359375
0.0078125 0.234375 -0.250396728515625
-0.015625 0.1953125 0.231781005859375
0.0546875 0.265625 0.198089599609375
-0.078125 0.1640625 -0.401275634765625
0.0625 0.28125 0.231781005859375
-0.0546875 0.1875 -0.006500244140625
-0.0078125 0.2421875 -0.005035400390625
-0.046875 0.1953125 0.196624755859375
-0.046875 0.2109375 -0.059234619140625
0.09375 0.328125 0.327484130859375
-0.0078125 0.2578125 -0.059722900390625
-0.0390625 0.25 -0.109039306640625
-0.0703125 0.21875 -0.006988525390625
-0.0546875 0.2265625 0.132659912109375
-0.0703125 0.234375 -0.255279541015625
0.0625 0.3359375 0.296234130859375
-0.015625 0.25 0.499359130859375
-0.046875 0.2578125 -0.008941650390625
-0.0234375 0.2734375 0.132171630859375
-0.03125 0.2578125 0.295745849609375
-0.0703125 0.2421875 0.034515380859375
0.015625 0.3125 0.288909912109375
-0.0546875 0.265625 0.093109130859375
-0.0078125 0.4140625 -0.261138916015625
-0.03125 0.40625 -0.319000244140625
