WHEELED_RIDER
0.3828125 -0.068359375 -0.53436279296875
0.3671875 -0.05859375 -0.78326416015625
0.2578125 0.0703125 0.08001708984375
0.2578125 -0.23046875 0.07806396484375
0.1484375 0.228515625 0.20208740234375
0.1171875 0.04296875 -0.05133056640625
0.1015625 0.171875 0.32464599609375
0.1015625 0.052734375 -0.17633056640625
0.1171875 0.056640625 0.44866943359375
0.1171875 0.021484375 0.32415771484375
0.1015625 0.095703125 0.32415771484375
0.0859375 0.20703125 0.44866943359375
0.0703125 0.123046875 -0.17755126953125
0.0703125 0.115234375 -0.05279541015625
0.1171875 -0.0546875 0.32366943359375
0.0859375 0.130859375 0.44866943359375
0.1015625 -0.01953125 0.44866943359375
0.0546875 0.11328125 0.07171630859375
0.1171875 -0.041015625 0.69866943359375
0.0859375 -0.09765625 -0.17852783203125
0.0546875 0.041015625 -0.30426025390625
0.0859375 -0.109375 -0.05328369140625
0.0703125 -0.037109375 0.07171630859375
0.0703125 -0.103515625 -0.30401611328125
0.0546875 -0.03125 -0.17901611328125
0.0390625 0.01953125 -0.43206787109375
0.0546875 -0.0390625 -0.05426025390625
0.0703125 -0.11328125 0.07073974609375
0.0546875 -0.015625 0.19769287109375
0.0390625 0.052734375 0.19720458984375
0.0546875 0.07421875 0.57269287109375
0.0703125 0.021484375 0.69866943359375
0.0234375 0.013671875 -0.55889892578125
0.0859375 -0.048828125 0.82366943359375
0.0859375 -0.23828125 0.19671630859375
0.0703125 -0.134765625 0.32220458984375
0.0078125 0.126953125 0.19622802734375
0.0546875 -0.1015625 0.44769287109375
0.0390625 -0.09765625 0.19622802734375
0.0390625 -0.009765625 0.57171630859375
0.0390625 -0.0859375 0.57171630859375
0.0390625 -0.1875 0.44573974609375
-0.1015625 0.169921875 -0.18585205078125
-0.0078125 -0.2265625 0.31927490234375
-0.0703125 -0.07421875 -0.56597900390625
-0.1171875 0.158203125 -0.06109619140625
-0.0546875 -0.203125 -0.18707275390625
-0.0546875 -0.21484375 -0.06109619140625
-0.0234375 -0.24609375 0.56976318359375
-0.0703125 -0.21484375 0.06439208984375
-0.1328125 -0.001953125 -0.82366943359375
-0.1640625 0.24609375 0.19085693359375
-0.1328125 -0.203125 0.18988037109375
-0.3515625 0.09375 0.28363037109375
-0.3828125 -0.138671875 0.28118896484375
