WHEELED_RIDER
0.3828125 -0.01171875 -0.529754638671875
0.3671875 -0.087890625 -0.409393310546875
0.3046875 0.134765625 0.078155517578125
0.2734375 -0.095703125 0.075225830078125
0.2109375 0.04296875 0.073760986328125
0.1171875 0.09765625 -0.053192138671875
0.1328125 0.078125 0.317413330078125
0.1015625 0.224609375 0.317413330078125
0.1171875 0.03125 -0.176239013671875
0.1015625 0.107421875 -0.176239013671875
0.1171875 0.025390625 -0.053192138671875
0.1328125 0.001953125 0.317413330078125
0.1171875 0.111328125 0.440460205078125
0.1015625 0.181640625 0.439483642578125
0.1015625 0.14453125 0.316436767578125
0.0859375 0.1875 0.193389892578125
0.1171875 0.037109375 0.439483642578125
0.1328125 -0.1953125 0.068878173828125
0.1171875 -0.072265625 0.315460205078125
0.1015625 -0.052734375 0.068878173828125
0.0546875 0.07421875 -0.551239013671875
0.0859375 -0.0546875 -0.056121826171875
0.1015625 -0.037109375 0.439483642578125
0.1171875 -0.18359375 0.191925048828125
0.0703125 0.0390625 0.192413330078125
0.0546875 0.10546875 0.191925048828125
0.0546875 0.021484375 -0.303680419921875
0.1015625 0.0078125 0.685577392578125
0.0546875 0.0 -0.428924560546875
0.0234375 0.15625 -0.057098388671875
0.1015625 -0.0703125 0.685577392578125
0.0546875 -0.044921875 0.190948486328125
0.0703125 -0.0234375 0.561553955078125
0.0390625 -0.05078125 -0.181121826171875
-0.0078125 0.158203125 -0.182098388671875
0.0546875 -0.15625 0.313507080078125
0.0546875 -0.125 0.437530517578125
-0.0234375 0.1484375 0.064971923828125
-0.0390625 0.076171875 -0.308319091796875
-0.0546875 0.150390625 -0.308319091796875
0.0078125 -0.14453125 -0.059539794921875
0.0390625 -0.23828125 0.312530517578125
0.0234375 -0.0078125 0.808624267578125
0.0234375 -0.107421875 0.560577392578125
-0.0390625 -0.01171875 -0.808624267578125
-0.0703125 0.23828125 0.188018798828125
0.0234375 -0.20703125 0.436553955078125
-0.0390625 -0.076171875 -0.310028076171875
-0.0390625 -0.13671875 0.187042236328125
-0.3203125 0.041015625 0.264678955078125
-0.3515625 0.107421875 0.264190673828125
-0.3359375 -0.037109375 0.263702392578125
-0.3828125 -0.123046875 0.261749267578125
-0.3828125 -0.203125 0.261260986328125
