WHEELED_RIDER
0.375 -0.09375 -0.621429443359375
0.328125 -0.109375 -0.27490234375
0.109375 0.234375 0.3056640625
0.15625 -0.064453125 0.0693359375
0.125 0.048828125 0.42236328125
0.109375 0.1171875 0.42236328125
0.09375 0.185546875 0.42236328125
0.09375 0.1484375 0.54052734375
0.09375 0.005859375 -0.05029296875
0.078125 0.07421875 -0.05029296875
0.078125 0.06640625 0.06689453125
0.078125 0.0625 0.18505859375
0.109375 -0.02734375 0.42138671875
0.0625 -0.01171875 -0.8829345703125
0.078125 0.078125 0.53955078125
0.0625 0.0 -0.170654296875
0.046875 0.068359375 -0.1708984375
0.0625 -0.01953125 -0.289794921875
0.0625 -0.0078125 0.06591796875
0.03125 0.125 0.0654296875
0.0625 -0.0078125 0.18408203125
0.015625 0.1328125 -0.05322265625
0.03125 -0.021484375 -0.6484756469726562
0.0625 0.00390625 0.53857421875
0.046875 0.0078125 0.3017578125
0.03125 0.076171875 0.3017578125
0.015625 0.041015625 -0.4105224609375
0.046875 -0.07421875 -0.0537109375
0.078125 -0.017578125 0.77490234375
0.0625 -0.10546875 0.41943359375
0.078125 -0.0859375 0.77392578125
0.03125 0.087890625 0.65673828125
0.046875 0.046875 0.77490234375
0.03125 -0.0859375 0.18212890625
0.03125 -0.0625 0.30078125
0.046875 -0.07421875 0.53759765625
0.0625 -0.09375 0.89306640625
0.046875 -0.18359375 0.41845703125
0.03125 -0.05078125 0.65576171875
-0.03125 0.13671875 0.2998046875
-0.046875 0.12109375 -0.17578125
0.015625 0.01171875 0.65576171875
0.03125 -0.20703125 0.2998046875
0.015625 -0.15234375 0.53662109375
0.015625 -0.033203125 0.89208984375
-0.03125 -0.08984375 -0.177001953125
-0.0625 0.03515625 -0.89306640625
-0.015625 -0.16015625 -0.0576171875
-0.015625 -0.16796875 0.1796875
-0.09375 -0.052734375 -0.41943359375
-0.046875 -0.140625 0.65380859375
-0.140625 0.166015625 0.17724609375
-0.046875 -0.234375 0.53564453125
-0.078125 -0.16015625 0.29638671875
-0.046875 -0.21484375 0.65380859375
-0.328125 0.048828125 0.35693359375
-0.328125 -0.025390625 0.3564453125
-0.375 0.109375 0.3564453125
-0.34375 -0.109375 0.47509765625
-0.375 -0.109375 0.3544921875
-0.359375 -0.1875 0.47412109375
