WHEELED_RIDER
0.390625 -0.1181640625 -0.578399658203125
0.34375 -0.0595703125 -0.582275390625
0.328125 -0.1416015625 -0.23785400390625
0.28125 -0.2080078125 0.10491943359375
0.25 -0.0751953125 0.10443115234375
0.21875 -0.0087890625 0.10394287109375
0.125 0.1103515625 0.21722412109375
0.078125 0.1923828125 0.33148193359375
0.09375 0.0439453125 -0.01763916015625
0.0625 0.2587890625 0.33148193359375
0.109375 0.0146484375 0.44769287109375
0.078125 0.1494140625 0.44769287109375
0.0625 0.0361328125 -0.13555908203125
0.078125 0.1162109375 0.56390380859375
0.046875 0.1044921875 -0.01910400390625
0.046875 0.0986328125 0.09710693359375
0.0625 -0.0458984375 -0.83770751953125
0.0625 0.0283203125 0.21380615234375
0.09375 -0.0576171875 0.44671630859375
0.0625 -0.0341796875 -0.13604736328125
0.078125 0.0400390625 0.56390380859375
0.0625 -0.0517578125 -0.25299072265625
0.03125 0.1005859375 -0.13653564453125
0.046875 0.0126953125 -0.25396728515625
0.0625 -0.0341796875 -0.01959228515625
0.0625 -0.0419921875 0.21331787109375
0.0625 -0.0224609375 0.33001708984375
0.046875 0.0458984375 0.33001708984375
0.03125 0.0048828125 -0.37188720703125
0.0625 -0.1025390625 -0.02056884765625
0.09375 -0.0498046875 0.79534912109375
0.03125 -0.0517578125 -0.606475830078125
0.0625 -0.1142578125 0.21282958984375
0.0625 -0.0283203125 0.56292724609375
0.015625 0.1083984375 0.32904052734375
0.0625 -0.1376953125 0.44573974609375
0.046875 -0.0986328125 0.32855224609375
0.046875 -0.1025390625 0.56195068359375
-0.03125 0.1513671875 0.21087646484375
0.03125 -0.0869140625 0.67816162109375
0.015625 -0.0185546875 0.67816162109375
0.015625 0.0068359375 0.79437255859375
-0.078125 0.1533203125 -0.02496337890625
0.015625 -0.2158203125 0.44378662109375
-0.03125 -0.1220703125 -0.14190673828125
-0.03125 0.0400390625 0.67718505859375
0.015625 -0.1376953125 0.79437255859375
-0.078125 -0.0029296875 -0.84906005859375
0.0 -0.2431640625 0.32659912109375
0.0 -0.1845703125 0.56097412109375
-0.015625 -0.2587890625 0.55999755859375
-0.0625 -0.1884765625 0.32464599609375
-0.171875 0.1982421875 0.20599365234375
-0.328125 0.0126953125 0.38031005859375
-0.328125 -0.0595703125 0.37933349609375
-0.359375 0.0830078125 0.37933349609375
-0.296875 -0.0654296875 0.84906005859375
-0.359375 -0.1455078125 0.49652099609375
-0.390625 -0.1337890625 0.37738037109375
-0.375 -0.2236328125 0.49554443359375
