WHEELED_RIDER
0.3671875 -0.037109375 -0.792022705078125
0.3828125 -0.099609375 -0.575592041015625
0.2890625 0.08984375 -0.038238525390625
0.2890625 0.083984375 0.069671630859375
0.2890625 -0.244140625 -0.042144775390625
0.1484375 0.119140625 0.063323974609375
0.1484375 -0.009765625 -0.046539306640625
0.1015625 0.173828125 0.170745849609375
0.1015625 0.044921875 -0.157867431640625
0.1015625 0.1484375 0.388519287109375
0.1171875 0.021484375 0.387542724609375
0.1015625 0.08203125 0.388519287109375
0.0703125 0.18359375 0.278656005859375
0.0546875 0.248046875 0.278656005859375
0.0859375 -0.021484375 -0.158843994140625
0.0703125 0.099609375 0.168304443359375
0.0859375 -0.041015625 -0.269927978515625
0.1015625 0.052734375 0.496917724609375
0.1171875 -0.048828125 0.387542724609375
0.0703125 0.17578125 0.496917724609375
0.1328125 -0.224609375 0.058929443359375
0.0546875 0.021484375 -0.380035400390625
0.0859375 -0.029296875 0.168304443359375
0.0546875 -0.044921875 -0.601165771484375
0.0703125 -0.037109375 0.057952880859375
0.0546875 0.03125 0.167816162109375
0.0546875 -0.052734375 -0.381744384765625
0.0859375 -0.099609375 0.167327880859375
0.0703125 -0.013671875 0.277191162109375
0.0390625 0.017578125 -0.271636962890625
0.0546875 0.046875 0.277191162109375
0.1015625 -0.119140625 0.386566162109375
0.0234375 0.095703125 -0.051910400390625
0.0703125 -0.103515625 0.057464599609375
0.0078125 0.09375 -0.162261962890625
0.0703125 -0.083984375 0.276702880859375
0.0703125 -0.025390625 0.495941162109375
0.0234375 0.107421875 0.276214599609375
0.0859375 -0.041015625 0.713714599609375
0.0234375 -0.048828125 -0.823089599609375
0.0390625 -0.119140625 -0.273834228515625
0.0703125 -0.091796875 0.494964599609375
0.0546875 -0.162109375 -0.052886962890625
0.0234375 -0.103515625 -0.164215087890625
0.0546875 -0.072265625 0.604339599609375
0.0390625 -0.173828125 0.055023193359375
0.0390625 -0.173828125 0.164886474609375
0.0546875 -0.193359375 0.384613037109375
0.0234375 0.009765625 0.713714599609375
0.0390625 -0.162109375 0.493988037109375
0.0078125 -0.189453125 -0.276519775390625
0.0390625 -0.056640625 0.823089599609375
0.0078125 -0.013671875 0.603363037109375
0.0234375 -0.236328125 -0.055816650390625
-0.0078125 0.046875 0.603363037109375
-0.0078125 -0.166015625 0.273284912109375
0.0078125 -0.228515625 0.273773193359375
0.0078125 -0.216796875 0.603363037109375
-0.0390625 -0.248046875 -0.169097900390625
-0.1015625 -0.146484375 -0.615081787109375
-0.1640625 0.18359375 0.160003662109375
-0.3203125 0.19921875 0.325042724609375
-0.2890625 0.00390625 0.324066162109375
-0.3046875 -0.064453125 -0.227935791015625
-0.3203125 0.072265625 0.324066162109375
-0.3359375 0.12890625 0.324066162109375
-0.3046875 -0.068359375 0.323089599609375
-0.2734375 -0.068359375 0.764495849609375
-0.2890625 -0.005859375 0.764495849609375
-0.3046875 -0.076171875 0.433441162109375
-0.3359375 -0.142578125 0.432464599609375
-0.3515625 -0.142578125 0.321136474609375
-0.3828125 -0.138671875 -0.232818603515625
-0.3515625 -0.216796875 0.431488037109375
-0.3828125 -0.212890625 0.320159912109375
