WHEELED_RIDER
0.375 -0.0595703125 -0.5359725952148438
0.3125 0.1181640625 -0.03084564208984375
0.3125 0.0576171875 -0.03133392333984375
0.2734375 0.1650390625 0.06876373291015625
0.296875 -0.0048828125 -0.03328704833984375
0.3125 -0.0634765625 -0.03279876708984375
0.359375 -0.2431640625 -0.03279876708984375
0.3203125 -0.1298828125 -0.03328704833984375
0.171875 0.2001953125 0.16593170166015625
0.1640625 0.1494140625 -0.03816986083984375
0.171875 -0.0517578125 -0.34700775146484375
0.125 0.0712890625 0.06095123291015625
0.109375 0.0771484375 -0.14363861083984375
0.09375 0.1337890625 -0.14412689208984375
0.109375 -0.0087890625 -0.24861907958984375
0.09375 0.0498046875 -0.24861907958984375
0.09375 0.1689453125 0.36710357666015625
0.0625 0.2587890625 0.26456451416015625
0.1171875 0.0458984375 0.36710357666015625
0.1015625 0.1357421875 0.46964263916015625
0.078125 0.0498046875 -0.35213470458984375
0.125 -0.0166015625 0.36710357666015625
0.078125 0.0068359375 -0.14656829833984375
0.09375 0.0751953125 0.46866607666015625
0.0859375 -0.0048828125 0.05802154541015625
0.0859375 -0.0009765625 0.16056060791015625
0.0703125 0.0576171875 0.16056060791015625
0.0390625 0.1025390625 -0.25154876708984375
0.0703125 0.0771484375 0.26358795166015625
0.078125 0.0185546875 0.26358795166015625
0.09375 0.0068359375 0.46866607666015625
0.0390625 0.1123046875 0.15958404541015625
0.03125 0.0419921875 -0.5613632202148438
0.0859375 -0.0673828125 0.16007232666015625
0.1015625 -0.0791015625 0.36612701416015625
0.1328125 -0.2431640625 0.16007232666015625
0.1015625 -0.0087890625 0.6727676391601562
0.03125 0.1318359375 0.26261138916015625
0.0703125 -0.0673828125 0.05655670166015625
0.015625 0.0419921875 -0.7693710327148438
0.0546875 -0.0634765625 -0.14900970458984375
0.03125 -0.0205078125 -0.5629501342773438
0.078125 -0.0556640625 0.46768951416015625
0.1015625 -0.0673828125 0.7753067016601562
0.0546875 -0.0517578125 0.26261138916015625
0.0703125 -0.0400390625 0.5702285766601562
-0.03125 0.1689453125 -0.04793548583984375
0.046875 0.0185546875 0.5692520141601562
0.03125 0.0771484375 0.5692520141601562
0.0703125 -0.0205078125 0.7753067016601562
0.046875 -0.1376953125 0.15811920166015625
0.0625 -0.1533203125 0.36417388916015625
0.0078125 -0.0947265625 -0.25643157958984375
0.0859375 -0.1337890625 0.7753067016601562
-0.0234375 -0.0400390625 -0.36067962646484375
-0.03125 -0.0322265625 -0.7753067016601562
-0.0703125 0.1572265625 -0.15340423583984375
0.0078125 -0.1572265625 -0.25716400146484375
0.0390625 -0.1259765625 0.46671295166015625
-0.0625 0.1513671875 0.05313873291015625
0.0078125 -0.2001953125 -0.15340423583984375
0.0234375 -0.1884765625 0.25968170166015625
0.0 -0.1298828125 0.25968170166015625
-0.0078125 -0.1220703125 0.5682754516601562
-0.125 0.1943359375 0.15372467041015625
-0.0859375 -0.1064453125 -0.5733261108398438
-0.046875 -0.2236328125 0.15323638916015625
-0.28125 0.0146484375 -0.20467376708984375
-0.3125 0.1904296875 0.31241607666015625
-0.328125 0.2490234375 0.31241607666015625
-0.296875 0.0654296875 0.31143951416015625
-0.3125 0.1181640625 0.41495513916015625
-0.2890625 0.0029296875 0.41495513916015625
-0.296875 0.0029296875 0.31143951416015625
-0.3046875 -0.1181640625 -0.20809173583984375
-0.296875 -0.0634765625 0.41397857666015625
-0.2890625 -0.0048828125 0.7245254516601562
-0.3203125 -0.0673828125 0.30948638916015625
-0.3046875 -0.1298828125 0.41300201416015625
-0.3515625 -0.1337890625 0.30850982666015625
-0.3359375 -0.2080078125 0.41202545166015625
-0.3671875 -0.2041015625 0.30753326416015625
-0.359375 -0.2587890625 0.30753326416015625
-0.375 -0.1533203125 0.7235488891601562
