WHEELED_RIDER
0.4140625 -0.0498046875 -0.6011962890625
0.3828125 0.0048828125 -0.602783203125
0.3515625 -0.0693359375 -0.41180419921875
0.3046875 0.0517578125 0.07720947265625
0.265625 0.1630859375 0.07672119140625
0.25 0.1533203125 0.17340087890625
0.2578125 0.0166015625 -0.85748291015625
0.2734375 -0.0146484375 0.07525634765625
0.296875 -0.1279296875 0.07525634765625
0.328125 -0.2451171875 0.07525634765625
0.125 0.1865234375 0.26666259765625
0.0859375 0.1220703125 -0.03167724609375
0.1015625 0.0478515625 -0.13177490234375
0.0703125 0.2490234375 0.36480712890625
0.09375 0.0634765625 -0.03167724609375
0.125 0.0400390625 0.46343994140625
0.078125 0.2119140625 0.46246337890625
0.09375 -0.0146484375 -0.13323974609375
0.1171875 -0.0185546875 0.46246337890625
0.0859375 0.1259765625 0.56207275390625
0.0703125 0.1513671875 0.46246337890625
0.046875 0.0966796875 -0.13470458984375
0.0703125 0.0498046875 0.16412353515625
0.09375 0.0654296875 0.56109619140625
0.0546875 0.0361328125 -0.23406982421875
0.078125 -0.0068359375 0.26324462890625
0.0625 0.0478515625 0.26324462890625
0.0625 0.0654296875 0.36285400390625
0.0234375 0.0888671875 -0.23602294921875
0.03125 0.0361328125 -0.43524169921875
0.0546875 -0.0068359375 -0.03509521484375
0.0390625 -0.0224609375 -0.635009765625
0.1015625 -0.0107421875 0.75933837890625
0.0625 0.0048828125 0.36285400390625
0.0546875 -0.0146484375 0.16314697265625
0.078125 0.0009765625 0.56109619140625
0.0234375 0.1005859375 0.26177978515625
0.0703125 -0.0732421875 0.26226806640625
0.0859375 -0.0888671875 0.46148681640625
0.015625 0.1162109375 0.36187744140625
0.109375 -0.2451171875 0.26226806640625
0.0546875 -0.0771484375 0.16217041015625
0.0390625 -0.0732421875 -0.03656005859375
-0.0234375 0.1416015625 -0.13861083984375
0.09375 -0.0732421875 0.75933837890625
-0.015625 0.1513671875 0.16119384765625
-0.0234375 0.1572265625 0.06158447265625
0.0390625 0.0732421875 0.65972900390625
0.046875 -0.0576171875 0.36187744140625
0.09375 -0.0771484375 0.85797119140625
0.0625 -0.0654296875 0.56011962890625
-0.0390625 0.1513671875 -0.03851318359375
0.0703125 -0.0224609375 0.85797119140625
0.0703125 -0.1552734375 0.46051025390625
0.0390625 0.0087890625 0.65875244140625
0.0390625 0.0361328125 0.75836181640625
0.0078125 -0.0966796875 -0.23944091796875
0.046875 -0.0458984375 0.65875244140625
0.078125 -0.1435546875 0.85797119140625
-0.0234375 -0.0458984375 -0.24090576171875
-0.0078125 -0.1044921875 -0.14154052734375
0.015625 -0.1513671875 0.25933837890625
0.03125 -0.1318359375 0.55914306640625
-0.0078125 -0.1669921875 -0.14202880859375
-0.0546875 -0.0458984375 -0.44390869140625
0.0 -0.1318359375 0.35894775390625
-0.0078125 -0.1513671875 0.15875244140625
-0.0234375 -0.1474609375 -0.04095458984375
-0.109375 0.1865234375 0.25689697265625
0.015625 -0.1982421875 0.55914306640625
0.015625 -0.2294921875 0.45855712890625
-0.03125 -0.2294921875 -0.14398193359375
-0.015625 -0.1982421875 0.35894775390625
-0.0234375 -0.1279296875 0.65777587890625
-0.0859375 -0.2294921875 -0.04583740234375
-0.078125 -0.2294921875 0.25494384765625
-0.1875 -0.0302734375 -0.90582275390625
-0.2890625 0.0361328125 -0.09271240234375
-0.3125 0.0927734375 -0.09320068359375
-0.3203125 0.2119140625 0.40777587890625
-0.296875 -0.0302734375 -0.09417724609375
-0.3125 0.0830078125 0.50640869140625
-0.296875 0.0205078125 0.50640869140625
-0.3125 0.0244140625 0.40679931640625
-0.328125 0.0830078125 0.40679931640625
-0.2890625 -0.0380859375 0.50640869140625
-0.3046875 -0.0341796875 0.40582275390625
-0.2734375 -0.0380859375 0.80621337890625
-0.2734375 -0.0458984375 0.90582275390625
-0.3203125 0.0126953125 0.80621337890625
-0.3203125 -0.1083984375 0.50543212890625
-0.3203125 -0.1708984375 0.50445556640625
-0.3671875 -0.1083984375 0.40386962890625
-0.390625 -0.1826171875 0.40289306640625
-0.3828125 -0.2490234375 0.50347900390625
-0.3828125 -0.2451171875 0.60406494140625
-0.4140625 -0.1904296875 0.60308837890625
