WHEELED_RIDER
0.33203125 0.1328125 0.08038330078125
0.33984375 0.07421875 0.08038330078125
0.33984375 -0.044921875 0.07891845703125
0.34765625 -0.158203125 0.07794189453125
0.34765625 -0.224609375 0.07647705078125
0.31640625 -0.177734375 0.17218017578125
0.23046875 0.025390625 -0.84686279296875
0.19921875 0.205078125 0.26788330078125
0.26953125 -0.248046875 0.16973876953125
0.15234375 0.083984375 -0.02655029296875
0.15234375 0.080078125 0.16778564453125
0.17578125 0.06640625 0.46026611328125
0.12109375 0.142578125 -0.02752685546875
0.12109375 0.142578125 0.06964111328125
0.10546875 0.263671875 0.36260986328125
0.14453125 0.005859375 -0.12664794921875
0.12890625 0.060546875 -0.12664794921875
0.14453125 0.12109375 0.46026611328125
0.14453125 0.1484375 0.55694580078125
0.12890625 0.205078125 0.55694580078125
0.12890625 0.173828125 0.46026611328125
0.11328125 0.060546875 -0.22552490234375
0.16015625 0.001953125 0.45928955078125
0.12109375 0.021484375 -0.02899169921875
0.13671875 0.0859375 0.55694580078125
0.12890625 0.009765625 0.26348876953125
0.11328125 0.064453125 0.26348876953125
0.08203125 0.05859375 -0.61968994140625
0.11328125 0.009765625 0.16534423828125
0.07421875 0.060546875 -0.42425537109375
0.06640625 0.10546875 -0.13006591796875
0.08203125 0.119140625 0.26300048828125
0.12890625 0.025390625 0.55596923828125
0.09765625 0.08203125 0.36065673828125
0.08203125 -0.001953125 -0.42498779296875
0.10546875 -0.044921875 -0.03094482421875
0.12109375 -0.048828125 0.26251220703125
0.10546875 0.029296875 0.36065673828125
0.16796875 -0.216796875 0.26300048828125
0.13671875 -0.064453125 0.45831298828125
0.08203125 -0.005859375 -0.22845458984375
0.04296875 0.1796875 0.06622314453125
0.10546875 0.091796875 0.65362548828125
0.15234375 -0.052734375 0.75128173828125
0.12890625 0.009765625 0.75128173828125
0.10546875 -0.123046875 -0.13104248046875
0.05859375 0.138671875 0.35968017578125
0.09765625 -0.052734375 0.16387939453125
0.10546875 -0.037109375 0.36065673828125
0.11328125 -0.037109375 0.55596923828125
0.12890625 -0.126953125 0.45831298828125
0.13671875 -0.056640625 0.84893798828125
0.00390625 0.150390625 -0.13299560546875
0.09765625 -0.115234375 0.26104736328125
0.00390625 0.09375 -0.23211669921875
-0.01171875 0.150390625 -0.23211669921875
0.05078125 -0.076171875 -0.13348388671875
0.05859375 -0.111328125 -0.03436279296875
0.08203125 -0.029296875 0.65264892578125
0.08984375 -0.087890625 0.65264892578125
0.05859375 0.021484375 0.65264892578125
0.06640625 -0.099609375 0.35870361328125
0.08203125 -0.107421875 0.55499267578125
0.08203125 -0.166015625 0.55401611328125
0.01171875 -0.083984375 -0.23455810546875
-0.04296875 0.154296875 0.15948486328125
0.07421875 -0.201171875 0.45538330078125
0.05859375 -0.228515625 0.35675048828125
-0.07421875 0.15625 -0.03875732421875
0.05859375 -0.263671875 0.45440673828125
0.05078125 -0.236328125 0.55303955078125
-0.05078125 -0.095703125 -0.43719482421875
-0.10546875 0.1953125 0.25567626953125
-0.00390625 -0.205078125 0.25616455078125
-0.01171875 -0.181640625 0.35479736328125
-0.03515625 -0.197265625 -0.04071044921875
-0.00390625 -0.240234375 0.65069580078125
-0.06640625 -0.232421875 -0.14324951171875
-0.16015625 -0.013671875 -0.88897705078125
-0.23828125 0.013671875 -0.09393310546875
-0.25390625 0.0703125 -0.09344482421875
-0.28515625 0.244140625 0.39874267578125
-0.27734375 0.185546875 0.39776611328125
-0.23828125 0.0703125 0.59405517578125
-0.26171875 0.0625 0.39776611328125
-0.25390625 0.009765625 0.39776611328125
-0.26171875 0.056640625 0.49542236328125
-0.25390625 -0.001953125 0.49542236328125
-0.30078125 0.171875 0.49542236328125
-0.24609375 0.001953125 0.79034423828125
-0.29296875 -0.064453125 -0.09783935546875
-0.26171875 -0.068359375 0.49542236328125
-0.27734375 -0.056640625 0.39581298828125
-0.32421875 0.111328125 0.39678955078125
-0.25390625 -0.009765625 0.88897705078125
-0.23828125 -0.072265625 0.88897705078125
-0.25390625 -0.060546875 0.79034423828125
-0.27734375 -0.126953125 0.49444580078125
-0.28515625 -0.130859375 0.79034423828125
-0.33203125 0.037109375 0.79034423828125
-0.32421875 -0.130859375 0.39483642578125
-0.30078125 -0.193359375 0.49346923828125
-0.34765625 -0.193359375 -0.10272216796875
-0.31640625 -0.251953125 0.39385986328125
-0.32421875 -0.193359375 0.59210205078125
-0.34765625 -0.201171875 0.39288330078125
