WHEELED_RIDER
0.390625 -0.0048828125 -0.58489990234375
0.34375 0.0263671875 -0.82269287109375
0.2890625 0.1513671875 0.07342529296875
0.265625 0.0849609375 0.07098388671875
0.2734375 -0.0244140625 0.07000732421875
0.2265625 0.1298828125 0.16424560546875
0.28125 -0.1376953125 0.06951904296875
0.1640625 0.0419921875 -0.84088134765625
0.1328125 0.2236328125 0.25653076171875
0.140625 -0.0009765625 0.06365966796875
0.1953125 -0.2275390625 0.15936279296875
0.0859375 0.1494140625 0.25360107421875
0.0546875 0.2822265625 0.35028076171875
0.078125 0.1025390625 -0.03350830078125
0.09375 0.0263671875 -0.13116455078125
0.0625 0.2275390625 0.35028076171875
0.0625 0.1494140625 0.15692138671875
0.0859375 0.1357421875 0.44598388671875
0.1171875 0.0224609375 0.44598388671875
0.0859375 0.1630859375 0.54071044921875
0.0703125 0.1904296875 0.44500732421875
0.078125 0.0419921875 -0.03448486328125
0.0625 0.0771484375 -0.13262939453125
0.0390625 0.1494140625 -0.03546142578125
0.0390625 0.0751953125 -0.22979736328125
0.078125 0.1025390625 0.54071044921875
0.0546875 0.0185546875 -0.22979736328125
0.03125 0.1474609375 0.05975341796875
0.0625 0.0302734375 0.15545654296875
0.0859375 0.0478515625 0.54071044921875
0.1015625 -0.0361328125 0.44500732421875
0.0390625 0.0185546875 -0.42340087890625
0.0625 0.0263671875 0.25164794921875
0.0546875 -0.0439453125 -0.13507080078125
0.0 0.1240234375 -0.23175048828125
0.0625 -0.0791015625 -0.03741455078125
0.03125 0.0791015625 0.25067138671875
0.0625 -0.0322265625 0.25115966796875
0.046875 0.0419921875 0.34832763671875
0.078125 -0.0166015625 0.53973388671875
0.0234375 0.0986328125 0.34735107421875
0.046875 -0.0322265625 0.15447998046875
0.1171875 -0.2509765625 0.25164794921875
0.0390625 0.1064453125 0.63543701171875
-0.015625 0.1162109375 -0.13653564453125
0.046875 -0.0126953125 0.34735107421875
0.078125 -0.1025390625 0.44403076171875
0.0234375 -0.0283203125 -0.03839111328125
0.0546875 -0.0947265625 0.25018310546875
-0.046875 0.1904296875 -0.03985595703125
0.078125 -0.0908203125 0.73211669921875
0.0546875 -0.0791015625 0.53973388671875
0.0703125 -0.0361328125 0.82781982421875
0.03125 -0.0986328125 0.15301513671875
0.03125 -0.0791015625 0.34637451171875
-0.0703125 0.1650390625 -0.13946533203125
0.0234375 -0.0126953125 0.63446044921875
0.0234375 0.0107421875 0.73114013671875
-0.0078125 -0.1220703125 -0.13946533203125
0.0390625 -0.1728515625 0.44207763671875
-0.03125 -0.0634765625 -0.23712158203125
0.0234375 -0.0712890625 0.63446044921875
0.0234375 -0.1962890625 0.34539794921875
0.0234375 -0.1455078125 0.53875732421875
0.03125 -0.2548828125 0.34539794921875
0.0234375 -0.2353515625 0.44110107421875
-0.03125 -0.1611328125 -0.04376220703125
0.0 -0.1416015625 0.63446044921875
-0.1015625 -0.0712890625 -0.43634033203125
-0.1328125 0.0263671875 -0.87274169921875
-0.015625 -0.2158203125 0.53680419921875
-0.171875 0.2080078125 0.24383544921875
-0.0703125 -0.1611328125 0.34246826171875
-0.1171875 -0.1455078125 -0.24420166015625
-0.1875 0.1474609375 0.14569091796875
-0.0546875 -0.2158203125 0.63250732421875
-0.1171875 -0.1962890625 0.14520263671875
-0.1328125 -0.2080078125 -0.24639892578125
-0.28125 0.0556640625 -0.09259033203125
-0.3125 0.1083984375 -0.09405517578125
-0.3203125 0.2216796875 0.39031982421875
-0.296875 -0.0087890625 -0.09454345703125
-0.3046875 0.0986328125 0.58270263671875
-0.3046875 0.0380859375 0.48602294921875
-0.3203125 0.0478515625 0.38934326171875
-0.296875 -0.0166015625 0.48602294921875
-0.3125 -0.0087890625 0.38934326171875
-0.359375 0.1533203125 0.38836669921875
-0.3125 0.0380859375 0.58270263671875
-0.3515625 0.0966796875 0.38836669921875
-0.2890625 -0.0283203125 0.87274169921875
-0.3046875 -0.0205078125 0.77606201171875
-0.3203125 -0.0830078125 0.48504638671875
-0.359375 -0.0791015625 -0.09893798828125
-0.34375 -0.0791015625 0.38739013671875
-0.2890625 -0.1455078125 0.87274169921875
-0.359375 0.0263671875 0.77606201171875
-0.3515625 -0.0869140625 0.58074951171875
-0.34375 -0.1455078125 0.48406982421875
-0.359375 -0.1494140625 0.58074951171875
-0.390625 -0.1533203125 0.38543701171875
-0.3828125 -0.2119140625 0.38543701171875
-0.375 -0.2197265625 0.48309326171875
-0.375 -0.2705078125 0.38543701171875
-0.390625 -0.2822265625 0.48211669921875
