WHEELED_RIDER
0.37109375 0.1181640625 -0.8441162109375
0.29296875 0.1650390625 0.14990234375
0.31640625 0.0673828125 0.1494140625
0.31640625 0.0146484375 0.1484375
0.32421875 -0.0888671875 0.14697265625
0.19921875 0.2392578125 0.23046875
0.32421875 -0.1904296875 0.14501953125
0.30859375 -0.1474609375 0.14501953125
0.20703125 0.0380859375 -0.8345947265625
0.17578125 0.2255859375 0.314453125
0.14453125 0.1044921875 -0.872314453125
0.13671875 0.0712890625 -0.841796875
0.14453125 0.1005859375 0.05419921875
0.11328125 0.2607421875 0.3974609375
0.12109375 0.0927734375 -0.588409423828125
0.12109375 0.0966796875 -0.033203125
0.13671875 0.0478515625 0.052734375
0.16796875 -0.0498046875 0.052734375
0.10546875 0.1611328125 0.1396484375
0.10546875 0.1435546875 0.05224609375
0.09765625 0.1455078125 -0.033203125
0.10546875 0.1650390625 0.22509765625
0.09765625 0.2021484375 0.396484375
0.12109375 0.1455078125 0.5673828125
0.10546875 0.1904296875 0.5673828125
0.08203125 0.0947265625 -0.2080078125
0.05859375 0.1865234375 -0.03515625
0.12890625 0.0908203125 0.5673828125
0.08984375 0.0478515625 -0.208251953125
0.05859375 0.2685546875 0.4814453125
0.12109375 0.1123046875 0.65234375
0.05859375 0.0947265625 -0.3818359375
0.04296875 0.1376953125 -0.382080078125
0.06640625 0.2138671875 0.4814453125
0.08203125 0.0341796875 -0.03662109375
0.10546875 0.0458984375 0.39453125
0.09765625 0.0458984375 0.30810546875
0.08203125 0.0947265625 0.30859375
0.09765625 -0.0146484375 0.048828125
0.07421875 0.2060546875 0.65234375
0.11328125 -0.0029296875 0.39453125
0.08203125 0.0908203125 0.3935546875
0.06640625 0.0986328125 0.22216796875
0.08203125 0.1142578125 0.48046875
0.10546875 -0.0068359375 0.3076171875
0.11328125 0.0361328125 0.56640625
0.02734375 0.1767578125 0.04833984375
0.07421875 0.0498046875 0.2216796875
0.08984375 0.0654296875 0.48046875
0.08984375 -0.0029296875 0.22119140625
0.15234375 -0.1943359375 0.2216796875
0.16796875 -0.2412109375 0.22119140625
0.01953125 0.1962890625 0.13525390625
0.12109375 -0.0185546875 0.5654296875
0.01171875 0.1181640625 -0.598541259765625
0.10546875 -0.0576171875 0.3935546875
0.08984375 0.0126953125 0.4794921875
0.03515625 0.1357421875 0.30712890625
0.05859375 -0.0263671875 -0.0400390625
0.13671875 -0.2099609375 0.30615234375
0.08203125 0.0498046875 0.6513671875
0.02734375 0.1318359375 0.392578125
-0.02734375 0.2158203125 -0.04052734375
0.08203125 -0.0654296875 0.3056640625
0.11328125 -0.0068359375 0.8232421875
0.08203125 -0.0458984375 0.478515625
0.09765625 -0.0732421875 0.564453125
0.08203125 -0.0029296875 0.6513671875
0.05859375 -0.0615234375 0.21875
0.12890625 -0.2685546875 0.3046875
-0.04296875 0.2099609375 0.04443359375
-0.06640625 0.2607421875 -0.0419921875
0.09765625 -0.0185546875 0.908203125
0.03515625 -0.0888671875 -0.04248046875
0.03515625 0.1025390625 0.736328125
0.06640625 0.0341796875 0.822265625
0.07421875 -0.1044921875 0.4775390625
-0.04296875 0.2197265625 0.30419921875
0.10546875 -0.0654296875 0.908203125
0.07421875 -0.0419921875 0.736328125
0.06640625 -0.1240234375 0.390625
0.08203125 -0.1357421875 0.5634765625
-0.05078125 0.1142578125 -0.218017578125
0.10546875 -0.1201171875 0.908203125
-0.01171875 -0.0380859375 -0.218017578125
0.04296875 0.0009765625 0.736328125
0.07421875 -0.2294921875 0.3896484375
0.00390625 0.0400390625 0.7353515625
-0.09765625 0.2138671875 0.21533203125
0.03515625 -0.1240234375 0.6484375
-0.07421875 0.0029296875 -0.396484375
0.02734375 -0.1669921875 0.4755859375
0.03515625 -0.2216796875 0.474609375
-0.00390625 -0.2060546875 0.0390625
-0.14453125 0.2548828125 0.2138671875
0.04296875 -0.2529296875 0.5615234375
-0.03515625 -0.1630859375 -0.048828125
-0.05078125 -0.1552734375 -0.22412109375
-0.03515625 -0.1396484375 0.21337890625
-0.16796875 0.2412109375 0.29931640625
0.01171875 -0.2412109375 0.6474609375
-0.02734375 -0.2060546875 0.3857421875
-0.23828125 0.0673828125 0.06982421875
-0.26171875 0.1142578125 0.0693359375
-0.26171875 0.0087890625 0.0673828125
-0.27734375 0.1103515625 0.5
-0.30859375 0.2080078125 0.5009765625
-0.26171875 -0.0498046875 0.06640625
-0.32421875 0.2587890625 0.5009765625
-0.32421875 0.1513671875 0.06689453125
-0.26953125 0.0576171875 0.5
-0.26953125 0.1044921875 0.6728515625
-0.30859375 0.1552734375 0.5
-0.28515625 0.0966796875 0.5869140625
-0.30078125 0.1455078125 0.5869140625
-0.32421875 0.0341796875 -0.931640625
-0.26953125 0.0029296875 0.5
-0.27734375 0.0498046875 0.5869140625
-0.32421875 0.1923828125 0.5869140625
-0.27734375 -0.0068359375 0.5859375
-0.30078125 -0.0576171875 0.32470703125
-0.25390625 -0.2060546875 0.32421875
-0.26953125 -0.0068359375 0.845703125
-0.30859375 0.0400390625 0.671875
-0.30078125 -0.0537109375 0.498046875
-0.25390625 -0.0654296875 0.931640625
-0.31640625 -0.1162109375 0.0625
-0.30859375 -0.0146484375 0.671875
-0.30078125 -0.0693359375 0.5849609375
-0.27734375 -0.0576171875 0.8447265625
-0.30078125 -0.1083984375 0.498046875
-0.28515625 -0.0185546875 0.931640625
-0.25390625 -0.1201171875 0.931640625
-0.30078125 -0.1240234375 0.5849609375
-0.31640625 -0.0224609375 0.7578125
-0.33203125 -0.1201171875 0.32275390625
-0.33203125 0.0283203125 0.845703125
-0.32421875 -0.1787109375 0.583984375
-0.33203125 -0.1279296875 0.6708984375
-0.35546875 -0.1826171875 0.49609375
-0.36328125 -0.2412109375 0.4951171875
-0.35546875 -0.2451171875 0.58203125
-0.37109375 -0.2451171875 0.6689453125
