WHEELED_RIDER
0.38671875 0.08203125 -0.51275634765625
0.40234375 0.03515625 -0.51226806640625
0.33203125 0.02734375 -0.31805419921875
0.31640625 0.1171875 0.09259033203125
0.30078125 0.009765625 0.09014892578125
0.29296875 -0.04296875 0.08868408203125
0.31640625 -0.140625 0.08819580078125
0.32421875 -0.1875 0.08819580078125
0.19140625 0.150390625 0.16876220703125
0.31640625 -0.23828125 0.08673095703125
0.14453125 0.234375 0.24981689453125
0.16796875 0.02734375 -0.7904052734375
0.13671875 0.228515625 0.33184814453125
0.18359375 0.02734375 0.08331298828125
0.11328125 0.2734375 0.33135986328125
0.12109375 0.05859375 -0.81915283203125
0.11328125 0.220703125 0.41290283203125
0.12109375 0.111328125 0.08038330078125
0.11328125 0.107421875 -0.00311279296875
0.15234375 -0.03515625 -0.00262451171875
0.08203125 0.259765625 0.41290283203125
0.08203125 0.15234375 -0.00360107421875
0.08203125 0.09765625 -0.82220458984375
0.08984375 0.05859375 -0.17181396484375
0.08203125 0.05078125 -0.79937744140625
0.07421875 0.103515625 -0.17230224609375
0.19140625 -0.2109375 0.16290283203125
0.08984375 0.05078125 -0.00506591796875
0.08203125 0.16015625 0.41192626953125
0.08203125 0.1796875 0.49493408203125
0.05859375 0.14453125 0.07745361328125
0.03515625 0.19140625 -0.00604248046875
0.03515625 0.1328125 -0.54791259765625
0.05859375 0.224609375 0.49493408203125
0.04296875 0.099609375 -0.34149169921875
0.08203125 0.12890625 0.49493408203125
0.09765625 0.080078125 0.49493408203125
0.07421875 0.0 -0.17425537109375
0.10546875 0.013671875 0.41094970703125
0.08984375 0.060546875 0.41094970703125
0.07421875 0.10546875 0.41094970703125
0.08984375 0.09375 0.57794189453125
0.02734375 0.080078125 -0.549560546875
0.06640625 0.060546875 0.24395751953125
0.07421875 0.0546875 0.32696533203125
0.08203125 0.009765625 0.24395751953125
0.05859375 0.060546875 0.16046142578125
0.01171875 0.138671875 -0.17596435546875
0.10546875 -0.0390625 0.41094970703125
0.05078125 0.1015625 0.32696533203125
0.08203125 0.005859375 0.32696533203125
0.08984375 0.02734375 0.49395751953125
0.04296875 0.103515625 0.24346923828125
0.02734375 0.041015625 -0.34466552734375
0.01953125 0.1484375 0.24249267578125
0.05859375 0.009765625 0.15948486328125
0.05078125 -0.01171875 -0.00897216796875
0.12890625 -0.05859375 0.74298095703125
0.07421875 -0.04296875 0.24249267578125
0.08203125 -0.046875 0.32598876953125
0.07421875 0.0390625 0.57696533203125
0.01171875 0.140625 0.32550048828125
0.07421875 -0.03125 0.49298095703125
0.07421875 -0.013671875 0.57598876953125
0.04296875 0.10546875 0.65997314453125
0.08203125 -0.09765625 0.40899658203125
0.04296875 -0.046875 0.15753173828125
0.08203125 0.0 0.82598876953125
-0.05859375 0.171875 -0.18084716796875
0.07421875 -0.0234375 0.74298095703125
0.10546875 -0.1171875 0.74298095703125
-0.05859375 0.23046875 0.23956298828125
-0.05078125 0.166015625 0.07110595703125
-0.05859375 0.109375 -0.83868408203125
0.05078125 -0.10546875 0.32403564453125
0.05859375 -0.0859375 0.49200439453125
0.08203125 -0.05078125 0.82598876953125
0.05859375 -0.04296875 0.65899658203125
0.02734375 0.05078125 0.65899658203125
0.05859375 -0.0703125 0.57501220703125
0.04296875 0.001953125 0.65899658203125
0.08203125 -0.24609375 0.24053955078125
-0.00390625 -0.07421875 -0.18157958984375
-0.07421875 0.177734375 0.15460205078125
0.08203125 -0.10546875 0.82598876953125
0.01953125 -0.109375 0.23907470703125
0.04296875 -0.140625 0.49102783203125
0.03515625 -0.1640625 0.40704345703125
0.05859375 -0.2578125 0.32257080078125
-0.06640625 0.001953125 -0.23529052734375
0.03515625 -0.21875 0.32208251953125
0.01953125 -0.13671875 0.57403564453125
-0.13671875 0.1953125 -0.01727294921875
-0.01171875 0.02734375 0.82501220703125
-0.16015625 0.2421875 -0.01824951171875
0.01953125 -0.19921875 0.49005126953125
0.01953125 -0.22265625 0.40509033203125
-0.13671875 0.13671875 0.09503173828125
-0.05078125 -0.1484375 0.09503173828125
-0.01953125 -0.12109375 0.65704345703125
-0.06640625 -0.203125 -0.02020263671875
-0.08203125 -0.19921875 -0.19061279296875
-0.16796875 0.029296875 -0.82916259765625
-0.04296875 -0.1796875 0.65606689453125
-0.20703125 0.07421875 -0.83197021484375
-0.08203125 -0.19921875 0.31719970703125
-0.09765625 -0.1953125 0.23223876953125
-0.10546875 -0.1953125 0.14727783203125
-0.31640625 0.138671875 0.08526611328125
-0.31640625 0.19140625 0.50469970703125
-0.30859375 0.138671875 0.50469970703125
-0.30078125 0.08984375 0.50469970703125
-0.33203125 0.033203125 -0.25457763671875
-0.29296875 0.0390625 0.50372314453125
-0.30078125 0.08203125 0.58770751953125
-0.35546875 0.23046875 0.50372314453125
-0.33203125 0.177734375 0.58868408203125
-0.30078125 -0.015625 0.33575439453125
-0.30078125 0.03125 0.58770751953125
-0.32421875 0.03125 0.33575439453125
-0.33984375 0.076171875 0.33575439453125
-0.31640625 0.076171875 0.67169189453125
-0.30859375 -0.013671875 0.50274658203125
-0.40234375 0.16796875 0.08135986328125
-0.31640625 -0.07421875 0.33477783203125
-0.28515625 -0.017578125 0.83868408203125
-0.31640625 -0.02734375 0.58673095703125
-0.27734375 -0.0703125 0.83868408203125
-0.31640625 -0.0703125 0.50274658203125
-0.31640625 -0.078125 0.58673095703125
-0.31640625 -0.125 0.50177001953125
-0.34765625 0.017578125 0.67071533203125
-0.33984375 -0.03125 0.67071533203125
-0.29296875 -0.2734375 0.33282470703125
-0.35546875 -0.140625 0.33184814453125
-0.32421875 -0.234375 0.33184814453125
-0.33984375 -0.13671875 0.58575439453125
-0.33984375 -0.19140625 0.58477783203125
-0.36328125 -0.1875 0.49981689453125
-0.33984375 -0.2421875 0.58477783203125
-0.38671875 -0.25 0.49884033203125
-0.38671875 -0.20703125 0.66876220703125
