WHEELED_RIDER
0.3984375 0.0234375 -0.765167236328125
0.3828125 -0.037109375 -0.511749267578125
0.328125 0.142578125 0.062713623046875
0.34375 -0.033203125 -0.325225830078125
0.3125 0.08984375 0.061248779296875
0.1875 0.21484375 0.134490966796875
0.328125 -0.197265625 0.055877685546875
0.1796875 0.16015625 0.132537841796875
0.2265625 -0.072265625 -0.180938720703125
0.140625 0.244140625 0.209686279296875
0.1328125 0.234375 0.286834716796875
0.1796875 0.0 0.050994873046875
0.109375 0.2265625 0.363006591796875
0.1171875 0.1796875 0.363006591796875
0.1171875 0.080078125 -0.029083251953125
0.1015625 0.12109375 -0.029571533203125
0.1015625 0.12109375 0.048553466796875
0.1015625 0.080078125 -0.186798095703125
0.109375 0.037109375 -0.187774658203125
0.1015625 0.1953125 0.441131591796875
0.0859375 0.236328125 0.441131591796875
0.1171875 0.166015625 0.518280029296875
0.125 0.10546875 0.441131591796875
0.109375 0.1484375 0.440155029296875
0.0625 0.16015625 -0.031036376953125
0.1171875 0.0859375 0.362030029296875
0.1328125 0.041015625 0.362030029296875
0.0703125 0.17578125 0.205291748046875
0.109375 -0.048828125 -0.770721435546875
0.1015625 0.025390625 -0.031524658203125
0.1015625 -0.013671875 -0.189239501953125
0.078125 0.02734375 -0.347442626953125
0.1328125 -0.0078125 0.361053466796875
0.109375 0.033203125 0.281951904296875
0.1171875 0.0546875 0.440155029296875
0.0546875 0.072265625 -0.347686767578125
0.03125 0.25390625 0.281951904296875
0.0546875 0.056640625 -0.542877197265625
0.0390625 0.099609375 -0.543243408203125
0.09375 0.041015625 0.203826904296875
0.078125 0.080078125 0.203826904296875
0.0859375 0.076171875 0.281951904296875
0.0703125 0.08203125 0.125213623046875
0.0390625 0.150390625 0.045135498046875
0.109375 0.068359375 0.517303466796875
0.1171875 0.00390625 0.439178466796875
0.15625 -0.181640625 0.125213623046875
0.03125 0.107421875 -0.191680908203125
0.0859375 -0.029296875 -0.033477783203125
0.09375 -0.009765625 0.202850341796875
0.046875 0.01171875 -0.808624267578125
0.046875 0.119140625 0.202850341796875
0.0546875 0.115234375 0.280975341796875
0.0703125 0.033203125 0.124237060546875
0.1015625 -0.017578125 0.280975341796875
0.1484375 -0.029296875 0.673553466796875
0.015625 0.10546875 -0.350372314453125
0.1171875 -0.060546875 0.360076904296875
0.15625 -0.072265625 0.673553466796875
-0.0078125 0.14453125 -0.194122314453125
-0.015625 0.18359375 -0.035919189453125
0.09375 -0.068359375 0.279998779296875
-0.0234375 0.244140625 0.201385498046875
0.0703125 -0.083984375 -0.035919189453125
0.078125 -0.060546875 0.201385498046875
0.0546875 -0.021484375 0.122772216796875
0.078125 0.013671875 0.516326904296875
0.0859375 -0.033203125 0.516326904296875
0.109375 -0.021484375 0.751678466796875
-0.0078125 0.146484375 0.279022216796875
0.0859375 0.021484375 0.751678466796875
0.0 -0.009765625 -0.550689697265625
0.0703125 -0.056640625 0.437225341796875
0.078125 -0.123046875 0.357147216796875
0.0390625 -0.076171875 0.120330810546875
0.046875 0.0234375 0.593475341796875
0.0625 -0.021484375 0.593475341796875
0.0625 -0.0078125 0.672576904296875
0.0703125 -0.107421875 0.436248779296875
0.015625 -0.091796875 -0.198028564453125
0.09375 -0.072265625 0.750701904296875
-0.015625 -0.041015625 -0.78515625
0.1015625 -0.068359375 0.828826904296875
0.0859375 -0.025390625 0.829803466796875
-0.0546875 0.1328125 0.074432373046875
0.09375 -0.255859375 0.198944091796875
0.0625 -0.216796875 0.197967529296875
0.0234375 0.052734375 0.750701904296875
-0.0703125 0.021484375 -0.822296142578125
0.0390625 0.009765625 0.828826904296875
0.0859375 -0.123046875 0.828826904296875
0.0078125 -0.150390625 -0.041290283203125
0.0078125 -0.130859375 0.196990966796875
-0.078125 0.080078125 0.071990966796875
0.0390625 -0.185546875 0.355194091796875
0.015625 -0.142578125 0.275604248046875
0.046875 -0.228515625 0.275604248046875
-0.0546875 -0.064453125 -0.361358642578125
-0.0390625 -0.056640625 0.071990966796875
0.03125 -0.166015625 0.434295654296875
-0.1171875 0.171875 0.116424560546875
0.0390625 -0.232421875 0.354217529296875
-0.15625 0.255859375 0.194549560546875
-0.1484375 0.212890625 0.115447998046875
-0.140625 0.205078125 0.353240966796875
-0.140625 0.048828125 -0.829803466796875
-0.1640625 0.24609375 0.273162841796875
0.015625 -0.201171875 0.512420654296875
-0.015625 -0.228515625 0.432342529296875
-0.078125 -0.166015625 0.067596435546875
-0.0625 -0.208984375 0.067596435546875
-0.046875 -0.255859375 0.067108154296875
-0.1875 0.208984375 0.431365966796875
-0.2421875 0.21875 0.300506591796875
-0.2578125 0.12109375 0.063201904296875
-0.265625 -0.0234375 -0.813995361328125
-0.2890625 0.021484375 -0.814849853515625
-0.28125 0.017578125 -0.257354736328125
-0.296875 0.0625 -0.257354736328125
-0.296875 0.205078125 0.455780029296875
-0.2890625 0.158203125 0.455780029296875
-0.265625 0.06640625 0.455780029296875
-0.2890625 0.154296875 0.533905029296875
-0.2578125 0.05859375 0.533905029296875
-0.3359375 0.1015625 -0.259307861328125
-0.3359375 0.150390625 0.059295654296875
-0.21875 -0.02734375 0.691131591796875
-0.28125 -0.033203125 0.058807373046875
-0.296875 0.05859375 0.296600341796875
-0.28125 0.01171875 0.296600341796875
-0.359375 0.234375 0.296600341796875
-0.2734375 0.015625 0.454803466796875
-0.28125 -0.037109375 0.295623779296875
-0.328125 0.09765625 0.295623779296875
-0.3515625 0.13671875 0.295623779296875
-0.2890625 0.0078125 0.532928466796875
-0.3125 0.09765625 0.612030029296875
-0.2734375 0.00390625 0.690155029296875
-0.3046875 0.05078125 0.612030029296875
-0.2578125 -0.033203125 0.769256591796875
-0.2734375 0.005859375 0.770233154296875
-0.2890625 -0.044921875 0.532928466796875
-0.296875 -0.091796875 0.294647216796875
-0.3046875 -0.041015625 0.453826904296875
-0.3203125 -0.005859375 0.611053466796875
-0.2734375 -0.087890625 0.769256591796875
-0.3125 -0.091796875 0.452850341796875
-0.390625 -0.064453125 -0.268096923828125
-0.3203125 -0.103515625 0.531951904296875
-0.3515625 0.03125 0.769256591796875
-0.3125 -0.244140625 0.291717529296875
-0.34375 -0.150390625 0.450897216796875
-0.34375 -0.162109375 0.530975341796875
-0.3984375 -0.169921875 0.289764404296875
-0.3828125 -0.212890625 0.449920654296875
