WHEELED_RIDER
0.3359375 0.1396484375 -0.0083770751953125
0.390625 -0.0712890625 -0.4790802001953125
0.34375 0.0068359375 -0.0103302001953125
0.265625 0.1630859375 0.0604705810546875
0.3359375 -0.0400390625 -0.0117950439453125
0.34375 -0.0849609375 -0.0122833251953125
0.3515625 -0.1279296875 -0.0132598876953125
0.3046875 -0.0888671875 -0.3076934814453125
0.3515625 -0.1748046875 -0.0137481689453125
0.3515625 -0.2177734375 -0.0152130126953125
0.171875 0.2392578125 0.1302947998046875
0.1796875 0.1982421875 0.1298065185546875
0.1640625 0.1337890625 -0.0196075439453125
0.125 0.2255859375 0.2010955810546875
0.15625 0.0439453125 -0.1695098876953125
0.1328125 0.0830078125 -0.1699981689453125
0.1171875 0.2158203125 0.2738494873046875
0.09375 0.2607421875 0.2001190185546875
0.1015625 0.2529296875 0.2728729248046875
0.15625 -0.0009765625 -0.1704864501953125
0.1328125 0.1748046875 0.3470916748046875
0.125 0.1708984375 0.2728729248046875
0.171875 0.0478515625 0.3470916748046875
0.15625 0.0888671875 0.3470916748046875
0.109375 0.2138671875 0.3470916748046875
0.125 0.1884765625 0.4203338623046875
0.1328125 0.1279296875 0.3461151123046875
0.1015625 0.2236328125 0.4203338623046875
0.109375 0.0283203125 -0.3213653564453125
0.0859375 0.1123046875 -0.1734161376953125
0.140625 0.1025390625 0.4203338623046875
0.125 0.1416015625 0.4203338623046875
0.1328125 0.0419921875 0.1981658935546875
0.125 0.0263671875 0.0492401123046875
0.1640625 -0.0009765625 0.3461151123046875
0.09375 0.0146484375 -0.5059356689453125
0.109375 0.0830078125 0.1976776123046875
0.109375 -0.0166015625 -0.3225860595703125
0.0703125 0.0517578125 -0.5076446533203125
0.0703125 0.0654296875 -0.3235626220703125
0.125 -0.0205078125 0.0482635498046875
0.109375 0.0361328125 0.1229705810546875
0.1328125 0.0517578125 0.4193572998046875
0.0546875 0.1416015625 -0.0269317626953125
0.109375 -0.0849609375 -0.7369537353515625
0.125 -0.0029296875 0.1971893310546875
0.1015625 0.0751953125 0.2709197998046875
0.1171875 0.0322265625 0.2709197998046875
0.0859375 0.0771484375 0.1229705810546875
0.1484375 -0.0478515625 0.3451385498046875
0.109375 -0.0634765625 -0.1753692626953125
0.0390625 0.1005859375 -0.3252716064453125
0.125 -0.0107421875 0.2709197998046875
0.125 -0.0654296875 0.0472869873046875
0.078125 0.1123046875 0.2699432373046875
0.0625 0.0068359375 -0.7577972412109375
0.171875 -0.0224609375 0.6400604248046875
0.1015625 0.1044921875 0.4925994873046875
0.125 -0.0517578125 0.1962127685546875
0.0625 0.1142578125 0.1962127685546875
0.0703125 -0.0341796875 -0.7588348388671875
0.0546875 0.1123046875 0.1215057373046875
0.125 0.0029296875 0.4183807373046875
0.0546875 -0.0107421875 -0.7406158447265625
0.125 -0.0556640625 0.2699432373046875
0.109375 -0.0537109375 0.1215057373046875
0.125 -0.1513671875 -0.1773223876953125
0.09375 -0.0146484375 0.1219940185546875
0.1640625 -0.0693359375 0.6400604248046875
0.1640625 -0.2216796875 0.1215057373046875
0.1796875 -0.2607421875 0.1219940185546875
0.1484375 -0.0107421875 0.7133026123046875
0.109375 -0.1162109375 0.0453338623046875
0.0859375 0.0537109375 0.4916229248046875
0.125 0.0263671875 0.7133026123046875
0.125 -0.1025390625 0.3431854248046875
0.1640625 -0.1162109375 0.6400604248046875
0.109375 -0.0302734375 0.4916229248046875
0.09375 0.0087890625 0.4916229248046875
0.0625 0.1142578125 0.5658416748046875
0.1015625 -0.0458984375 0.4174041748046875
0.109375 -0.1103515625 0.2679901123046875
0.140625 -0.0556640625 0.7133026123046875
0.1171875 -0.0517578125 0.5658416748046875
0.09375 -0.1083984375 0.1937713623046875
0.125 -0.1513671875 0.3422088623046875
0.1015625 0.0009765625 0.6390838623046875
0.09375 -0.0126953125 0.5658416748046875
0.0625 -0.1240234375 -0.1807403564453125
0.078125 -0.1083984375 0.1190643310546875
0.0703125 0.0263671875 0.5648651123046875
0.1015625 -0.0810546875 0.4906463623046875
0.03125 -0.0849609375 -0.3313751220703125
0.1328125 -0.0634765625 0.7875213623046875
0.09375 -0.0966796875 0.4164276123046875
-0.046875 0.1572265625 -0.0327911376953125
0.046875 0.0654296875 0.5648651123046875
0.0625 0.0556640625 0.7133026123046875
0.0859375 0.0146484375 0.7875213623046875
0.09375 -0.0263671875 0.7875213623046875
0.125 -0.1103515625 0.7865447998046875
0.0859375 -0.1474609375 0.4154510498046875
-0.0234375 -0.0693359375 -0.5208282470703125
0.0859375 -0.2490234375 0.1913299560546875
0.0703125 -0.1357421875 0.4896697998046875
0.0703125 -0.2138671875 0.2650604248046875
0.078125 -0.2138671875 0.3402557373046875
0.0859375 -0.2568359375 0.2650604248046875
-0.0859375 0.0986328125 0.0380096435546875
-0.1171875 0.2001953125 0.1141815185546875
0.0234375 -0.1943359375 0.0389862060546875
0.078125 -0.2607421875 0.3392791748046875
0.03125 -0.1826171875 0.2640838623046875
0.015625 -0.1826171875 0.1888885498046875
-0.1171875 0.1357421875 0.0370330810546875
0.0078125 -0.2373046875 -0.1875762939453125
0.0390625 -0.2060546875 0.4134979248046875
0.046875 -0.1318359375 0.7123260498046875
-0.1328125 0.1513671875 0.0570526123046875
-0.1484375 0.1728515625 0.0355682373046875
0.0390625 -0.2568359375 0.4134979248046875
0.0234375 -0.1982421875 0.4877166748046875
-0.046875 -0.1982421875 0.1107635498046875
-0.09375 -0.2529296875 0.0516815185546875
-0.2578125 0.2021484375 0.2738494873046875
-0.2421875 -0.0185546875 -0.2500762939453125
-0.2578125 0.0205078125 -0.2505645751953125
-0.2734375 0.2001953125 0.4213104248046875
-0.25 0.0205078125 0.0482635498046875
-0.25 0.1162109375 0.4213104248046875
-0.2890625 0.0576171875 -0.2520294189453125
-0.2421875 0.0693359375 0.4203338623046875
-0.2734375 0.1552734375 0.4213104248046875
-0.25 -0.0263671875 0.0477752685546875
-0.25 0.0166015625 0.2718963623046875
-0.2734375 0.1455078125 0.4945526123046875
-0.2734375 -0.0751953125 -0.7809371948242188
-0.2421875 0.0244140625 0.4203338623046875
-0.2421875 -0.0263671875 0.2709197998046875
-0.1875 -0.0634765625 0.6429901123046875
-0.203125 -0.0224609375 0.6429901123046875
-0.28125 0.0556640625 0.2709197998046875
-0.2578125 -0.0732421875 0.0463104248046875
-0.2421875 -0.0712890625 0.2709197998046875
-0.2109375 -0.0224609375 0.7172088623046875
-0.25 -0.0263671875 0.4193572998046875
-0.265625 0.0087890625 0.4945526123046875
-0.2421875 0.0126953125 0.7172088623046875
-0.21875 -0.0673828125 0.7172088623046875
-0.2578125 0.0068359375 0.6429901123046875
-0.2578125 -0.1240234375 0.2699432373046875
-0.2265625 -0.0341796875 0.7914276123046875
-0.265625 -0.0380859375 0.4935760498046875
-0.2109375 -0.0771484375 0.7914276123046875
-0.2890625 0.0498046875 0.5687713623046875
-0.3125 -0.0908203125 -0.2574005126953125
-0.28125 -0.1279296875 0.0438690185546875
-0.25 0.0048828125 0.7914276123046875
-0.3828125 0.0771484375 -0.2583770751953125
-0.2734375 -0.0771484375 0.4183807373046875
-0.2890625 -0.0009765625 0.5677947998046875
-0.28125 -0.0400390625 0.5677947998046875
-0.2890625 -0.1787109375 0.0428924560546875
-0.375 -0.0595703125 -0.7914276123046875
-0.28125 -0.1279296875 0.4174041748046875
-0.2890625 -0.0947265625 0.4925994873046875
-0.34375 -0.1474609375 -0.2613067626953125
-0.3203125 0.0361328125 0.7172088623046875
-0.296875 -0.1826171875 0.4164276123046875
-0.3046875 -0.1435546875 0.4916229248046875
-0.3125 -0.1904296875 0.2660369873046875
-0.390625 -0.2138671875 -0.2671661376953125
-0.34375 -0.2060546875 0.5658416748046875
-0.3515625 -0.2490234375 0.4144744873046875
