WHEELED_RIDER
0.14453125 0.2705078125 0.3868408203125
-0.23046875 0.0986328125 0.1900634765625
0.10546875 -0.0966796875 0.3155517578125
-0.23828125 0.0068359375 0.5753173828125
-0.26171875 -0.2802734375 0.3760986328125
-0.24609375 0.0908203125 0.3819580078125
-0.25390625 0.1630859375 0.6397705078125
0.14453125 0.2705078125 0.3868408203125
-0.37109375 -0.0263671875 -0.5426025390625
-0.26171875 -0.0419921875 0.6387939453125
0.05859375 -0.1845703125 0.5069580078125
0.16015625 0.0947265625 0.5128173828125
0.08984375 0.0517578125 0.7667236328125
-0.30859375 -0.2158203125 0.5059814453125
0.06640625 0.2001953125 0.1256103515625
-0.27734375 -0.1201171875 0.5079345703125
0.12890625 0.1005859375 -0.5003662109375
-0.21484375 0.0224609375 0.5118408203125
-0.23046875 0.1767578125 0.5128173828125
-0.17578125 -0.0576171875 0.8321533203125
0.16015625 0.1572265625 0.0035400390625
0.15234375 0.0654296875 0.1925048828125
-0.18359375 0.1142578125 -0.0643310546875
-0.21484375 0.0556640625 0.5753173828125
0.07421875 0.2119140625 -0.1297607421875
0.16015625 0.0771484375 0.3848876953125
-0.08984375 0.1884765625 0.1148681640625
0.14453125 0.2705078125 0.3868408203125
0.16796875 -0.0048828125 0.8311767578125
0.16796875 0.1572265625 0.4493408203125
0.14453125 -0.0205078125 0.5753173828125
-0.23046875 0.0009765625 0.7032470703125
0.10546875 0.1806640625 0.0001220703125
-0.22265625 0.0166015625 0.3819580078125
-0.21484375 -0.0224609375 0.3819580078125
0.09765625 -0.1318359375 0.5089111328125
0.16015625 0.0322265625 0.7677001953125
0.05859375 -0.1728515625 0.5714111328125
0.16015625 0.1572265625 0.0035400390625
0.12109375 0.1103515625 0.6387939453125
0.12109375 0.1103515625 0.6387939453125
-0.01953125 0.0107421875 -0.5220947265625
0.16015625 0.0810546875 -0.1258544921875
0.18359375 0.1259765625 0.0050048828125
-0.26953125 0.1220703125 0.3819580078125
-0.23046875 0.0634765625 -0.522705078125
0.09765625 -0.1181640625 0.5723876953125
-0.23046875 0.0048828125 0.8321533203125
0.14453125 -0.1298828125 0.4454345703125
-0.26953125 0.2001953125 0.5762939453125
0.10546875 -0.2197265625 0.3135986328125
0.14453125 0.2802734375 0.3243408203125
0.12109375 0.1376953125 -0.5003662109375
0.14453125 0.0634765625 0.1280517578125
0.14453125 0.1123046875 0.3848876953125
-0.26171875 -0.2802734375 0.3760986328125
-0.22265625 0.2587890625 0.3858642578125
0.10546875 0.0478515625 -0.2906494140625
0.05859375 -0.2255859375 0.5059814453125
0.23046875 0.2509765625 0.2008056640625
-0.23828125 -0.0244140625 0.1876220703125
0.16796875 0.1201171875 -0.1243896484375
0.13671875 0.0361328125 0.2559814453125
0.12109375 0.1142578125 0.2564697265625
-0.23046875 0.0009765625 0.7032470703125
-0.23828125 -0.0244140625 0.1876220703125
0.13671875 0.0185546875 0.5753173828125
0.05859375 -0.1728515625 0.5714111328125
0.19140625 0.0478515625 0.4493408203125
-0.25390625 -0.0791015625 0.5743408203125
-0.17578125 -0.0185546875 0.7042236328125
0.07421875 -0.1201171875 0.1192626953125
0.16796875 -0.0849609375 0.7667236328125
0.09765625 -0.1181640625 0.5723876953125
-0.11328125 0.2060546875 0.5050048828125
0.12890625 0.1005859375 -0.5003662109375
0.19140625 0.0849609375 0.4493408203125
0.08984375 0.0517578125 0.7667236328125
-0.18359375 -0.1025390625 0.8321533203125
0.16796875 -0.0419921875 0.4473876953125
0.19921875 0.0751953125 -0.802490234375
0.14453125 -0.1298828125 0.4454345703125
0.13671875 0.1005859375 -0.2855224609375
0.11328125 0.0302734375 0.6387939453125
0.13671875 -0.0439453125 0.3184814453125
0.18359375 -0.0146484375 0.7032470703125
0.16796875 -0.0048828125 0.8311767578125
-0.23046875 0.0634765625 -0.522705078125
0.16015625 0.0517578125 0.5128173828125
0.39453125 0.0302734375 -0.2613525390625
-0.21484375 0.0224609375 0.5118408203125
0.09765625 -0.2607421875 0.3126220703125
0.05859375 -0.1845703125 0.5069580078125
-0.23828125 0.0537109375 0.1885986328125
0.03515625 0.1943359375 -0.0047607421875
0.16796875 0.1201171875 -0.1243896484375
-0.23046875 0.0517578125 0.3819580078125
-0.18359375 -0.1025390625 0.8321533203125
0.19140625 0.0068359375 0.4493408203125
0.14453125 -0.1298828125 0.4454345703125
0.17578125 -0.0419921875 0.7677001953125
0.12890625 -0.0048828125 0.2550048828125
-0.22265625 0.0166015625 0.3819580078125
-0.32421875 0.1884765625 -0.0736083984375
0.08203125 0.1728515625 0.3829345703125
-0.25390625 -0.1181640625 0.3790283203125
-0.19140625 -0.0986328125 0.7677001953125
-0.22265625 0.2177734375 0.3848876953125
-0.32421875 0.1884765625 -0.0736083984375
0.12109375 0.1142578125 0.2564697265625
-0.23046875 0.0185546875 0.1885986328125
-0.22265625 0.0185546875 -0.0697021484375
-0.01953125 0.1259765625 -0.8321533203125
-0.20703125 0.1474609375 0.1925048828125
0.10546875 0.1474609375 0.2559814453125
0.15234375 0.0654296875 0.1925048828125
0.21484375 0.2607421875 0.2637939453125
0.09765625 -0.1181640625 0.5723876953125
0.09765625 -0.2607421875 0.3126220703125
0.17578125 -0.0009765625 0.7677001953125
0.10546875 -0.0205078125 -0.1336669921875
-0.26171875 -0.2392578125 0.3770751953125
-0.18359375 -0.0224609375 0.8321533203125
0.12109375 -0.0693359375 0.5743408203125
0.14453125 0.2705078125 0.3868408203125
0.13671875 0.1005859375 -0.2855224609375
0.16796875 0.1201171875 -0.1243896484375
0.13671875 0.0361328125 0.2559814453125
-0.26171875 -0.0009765625 0.6387939453125
0.25390625 -0.1376953125 0.1309814453125
-0.20703125 -0.0634765625 0.7677001953125
-0.29296875 -0.0927734375 0.6378173828125
0.03515625 0.1943359375 -0.0047607421875
-0.23046875 -0.0634765625 0.1871337890625
0.19921875 -0.0927734375 0.7032470703125
0.08203125 -0.1103515625 -0.0091552734375
0.16015625 -0.0029296875 0.3839111328125
-0.27734375 0.0361328125 0.7677001953125
0.13671875 0.1005859375 -0.2855224609375
-0.27734375 -0.1201171875 0.5079345703125
0.15234375 0.2392578125 0.3233642578125
-0.30078125 -0.1298828125 -0.0794677734375
0.19921875 0.0751953125 -0.802490234375
0.09765625 -0.0654296875 -0.1356201171875
0.12890625 0.1005859375 -0.5003662109375
-0.23046875 0.0634765625 -0.522705078125
0.17578125 -0.0419921875 0.8311767578125
-0.26171875 0.0400390625 0.6387939453125
0.08984375 -0.1923828125 0.4425048828125
0.16796875 0.0419921875 0.3848876953125
-0.23046875 0.0185546875 0.1885986328125
0.09765625 -0.1318359375 0.5089111328125
0.15234375 0.2392578125 0.3233642578125
-0.26171875 -0.2802734375 0.3760986328125
0.05859375 -0.2255859375 0.5059814453125
0.19140625 0.0068359375 0.4493408203125
0.01953125 -0.1318359375 -0.1444091796875
-0.30859375 -0.2158203125 0.5059814453125
0.05859375 -0.1845703125 0.5069580078125
0.10546875 0.1298828125 -0.2877197265625
0.13671875 0.0595703125 0.5753173828125
0.12890625 0.1005859375 -0.5003662109375
-0.27734375 -0.1279296875 0.5733642578125
0.14453125 0.1064453125 0.1290283203125
0.12109375 0.0009765625 0.7022705078125
-0.27734375 0.0361328125 0.7677001953125
0.10546875 0.0478515625 -0.2906494140625
-0.23046875 -0.0634765625 0.1871337890625
0.18359375 0.1259765625 0.0050048828125
-0.19140625 -0.0185546875 0.7686767578125
0.12890625 -0.0380859375 0.5108642578125
0.09765625 -0.1318359375 0.5089111328125
0.14453125 0.1923828125 -0.1243896484375
0.16015625 0.0947265625 0.5128173828125
0.02734375 -0.1630859375 0.3106689453125
-0.21484375 0.0146484375 0.7686767578125
0.08203125 -0.1103515625 -0.0091552734375
-0.23828125 0.2158203125 0.5128173828125
-0.12109375 0.2197265625 0.1134033203125
0.16796875 -0.0419921875 0.4473876953125
-0.24609375 0.0908203125 0.3819580078125
0.16796875 0.1591796875 -0.1229248046875
-0.21484375 0.0224609375 0.5118408203125
-0.29296875 -0.0927734375 0.6378173828125
0.16796875 0.1181640625 0.4493408203125
0.11328125 0.1416015625 0.3839111328125
0.05859375 -0.1591796875 0.3770751953125
0.12890625 -0.0810546875 0.5098876953125
0.16796875 0.1591796875 -0.1229248046875
0.00390625 -0.1884765625 0.1778564453125
-0.26953125 0.1220703125 0.3819580078125
0.12109375 0.1376953125 -0.5003662109375
0.11328125 0.0205078125 -0.1322021484375
-0.23828125 -0.0693359375 0.3800048828125
-0.01953125 0.0107421875 -0.5220947265625
0.12109375 0.0009765625 0.7022705078125
-0.26171875 0.0400390625 0.6387939453125
-0.12109375 0.2685546875 0.3751220703125
-0.23046875 0.0517578125 0.3819580078125
0.01953125 -0.1318359375 -0.1444091796875
