WHEELED_RIDER
-0.3828125 -0.2177734375 0.1399688720703125
0.125 0.0458984375 0.2210235595703125
-0.1953125 -0.0419921875 0.8411407470703125
0.09375 -0.0849609375 0.5921173095703125
0.125 -0.0791015625 0.3440704345703125
0.1484375 0.2041015625 0.3489532470703125
-0.1953125 0.0498046875 -0.0948944091796875
-0.2421875 0.0244140625 0.5911407470703125
-0.265625 0.1044921875 -0.5404510498046875
-0.1875 -0.0673828125 -0.0978240966796875
0.1484375 -0.1123046875 0.4065704345703125
-0.234375 -0.0888671875 0.3391876220703125
0.140625 0.1083984375 -0.812225341796875
-0.234375 -0.0537109375 0.5276641845703125
0.125 0.1884765625 0.0994415283203125
0.1171875 0.1044921875 -0.3060760498046875
0.09375 -0.2509765625 0.4026641845703125
0.1875 -0.0615234375 0.7805938720703125
0.1640625 0.1220703125 0.1004180908203125
-0.21875 -0.0849609375 0.7161407470703125
0.1484375 0.0537109375 0.2845001220703125
0.125 0.2470703125 0.4720001220703125
-0.0703125 0.1689453125 -0.0406951904296875
0.1875 -0.0810546875 0.6565704345703125
0.15625 0.1943359375 0.5345001220703125
-0.234375 -0.0205078125 0.6526641845703125
0.171875 0.1083984375 0.4720001220703125
0.1640625 -0.0400390625 0.8430938720703125
-0.2109375 -0.0009765625 0.3411407470703125
0.15625 0.0498046875 -0.1500701904296875
-0.1171875 0.1826171875 0.0823516845703125
0.0859375 0.1845703125 -0.1529998779296875
-0.234375 -0.0888671875 0.3391876220703125
-0.265625 0.1044921875 -0.5404510498046875
0.1640625 -0.1083984375 0.7180938720703125
0.1484375 0.0048828125 -0.0275115966796875
0.1328125 -0.0478515625 0.5315704345703125
0.171875 0.1083984375 0.4720001220703125
0.21875 -0.0458984375 -0.0236053466796875
0.1875 -0.0224609375 0.4085235595703125
-0.25 -0.0166015625 0.5901641845703125
0.0703125 -0.0166015625 -0.1593475341796875
-0.25 -0.0908203125 0.4641876220703125
0.1484375 0.2177734375 0.4729766845703125
0.15625 0.2509765625 0.2884063720703125
0.1875 0.0986328125 0.4104766845703125
-0.140625 0.1865234375 -0.1725311279296875
-0.25 -0.0908203125 0.4641876220703125
0.1796875 0.1005859375 -0.1461639404296875
0.1484375 0.2177734375 0.4729766845703125
-0.234375 -0.0537109375 0.5276641845703125
0.1171875 -0.0751953125 0.2805938720703125
0.078125 0.1767578125 -0.0289764404296875
0.09375 -0.0849609375 0.5921173095703125
-0.203125 -0.1279296875 0.7786407470703125
0.0859375 0.1337890625 -0.3082733154296875
-0.1953125 0.1259765625 -0.0934295654296875
-0.046875 0.2099609375 0.1507110595703125
0.15625 -0.0009765625 0.8421173095703125
0.1328125 0.0341796875 0.0965118408203125
0.1171875 0.0048828125 0.5940704345703125
0.15625 0.0087890625 0.7190704345703125
0.0859375 0.1923828125 0.2220001220703125
0.140625 0.0751953125 0.0979766845703125
0.1640625 0.1298828125 0.4104766845703125
0.21875 -0.0458984375 -0.0236053466796875
0.1015625 -0.0986328125 0.5305938720703125
-0.21875 -0.0029296875 0.4661407470703125
0.1484375 0.2041015625 0.3489532470703125
0.1171875 0.0048828125 0.5940704345703125
0.140625 0.1162109375 0.1604766845703125
0.0859375 0.1845703125 -0.1529998779296875
-0.0078125 0.0966796875 -0.8356781005859375
0.0546875 -0.1376953125 0.2766876220703125
0.1015625 -0.2451171875 0.3401641845703125
0.1640625 0.0068359375 0.1599884033203125
0.1015625 -0.2041015625 0.3411407470703125
-0.265625 -0.2607421875 0.3352813720703125
-0.015625 0.1787109375 0.1521759033203125
0.1796875 -0.0224609375 0.7805938720703125
-0.21875 -0.0029296875 0.4661407470703125
0.1484375 0.2177734375 0.4729766845703125
0.140625 0.1162109375 0.1604766845703125
0.125 -0.0322265625 0.2200469970703125
0.1171875 -0.0498046875 0.0935821533203125
-0.28125 0.0048828125 0.6526641845703125
-0.015625 0.1787109375 0.1521759033203125
-0.2734375 0.0029296875 0.7786407470703125
0.140625 0.0751953125 0.0979766845703125
0.21875 -0.0458984375 -0.0236053466796875
-0.2421875 0.1826171875 0.3421173095703125
-0.2421875 0.0693359375 0.1536407470703125
-0.265625 -0.0537109375 -0.1036834716796875
0.1015625 -0.2041015625 0.3411407470703125
-0.2421875 0.0244140625 0.5911407470703125
0.125 0.1884765625 0.0994415283203125
-0.2734375 -0.1416015625 0.3372344970703125
0.1171875 -0.0498046875 0.0935821533203125
0.1171875 -0.0263671875 0.6555938720703125
0.03125 0.2490234375 0.2200469970703125
-0.1875 -0.0810546875 0.8411407470703125
0.1015625 0.1376953125 -0.5150604248046875
0.1796875 0.0419921875 -0.8103179931640625
0.0859375 0.0048828125 0.6555938720703125
-0.2109375 0.0419921875 0.4671173095703125
0.1015625 0.0166015625 0.8421173095703125
-0.1328125 0.2021484375 0.4632110595703125
-0.25 -0.0166015625 0.5901641845703125
-0.25 0.1474609375 0.4671173095703125
-0.2109375 -0.0009765625 0.3411407470703125
-0.1328125 0.2216796875 0.1619415283203125
0.265625 -0.1513671875 0.1013946533203125
0.125 0.0458984375 0.2210235595703125
-0.2421875 0.0244140625 0.5911407470703125
0.1171875 0.0048828125 0.5940704345703125
-0.40625 0.1748046875 -0.1080780029296875
0.1640625 -0.0302734375 0.7190704345703125
0.1015625 0.1162109375 0.2220001220703125
0.078125 0.1494140625 0.2210235595703125
-0.1953125 -0.0419921875 0.8411407470703125
-0.3984375 0.1748046875 0.1468048095703125
-0.2265625 -0.0458984375 0.1516876220703125
0.140625 0.1162109375 0.1604766845703125
0.1640625 0.0068359375 0.1599884033203125
0.1015625 -0.2041015625 0.3411407470703125
-0.3203125 -0.1552734375 -0.1105194091796875
0.1875 -0.0224609375 0.4085235595703125
0.1328125 0.0341796875 0.0965118408203125
-0.25 0.1064453125 0.1536407470703125
0.171875 0.0673828125 0.4720001220703125
0.15625 0.0146484375 0.2845001220703125
0.15625 0.2392578125 0.4104766845703125
-0.25 -0.0947265625 0.1497344970703125
0.140625 -0.0263671875 0.2825469970703125
-0.0078125 0.0966796875 -0.8356781005859375
0.1484375 0.2177734375 0.4729766845703125
0.140625 -0.1845703125 0.2180938720703125
-0.1875 0.0908203125 -0.0934295654296875
0.15625 0.0478515625 0.3470001220703125
0.1015625 -0.2041015625 0.3411407470703125
0.1328125 0.0732421875 -0.5135955810546875
-0.2421875 0.0244140625 0.5911407470703125
0.1640625 0.1298828125 0.4104766845703125
0.1484375 0.0849609375 0.3470001220703125
0.1015625 0.1162109375 0.2220001220703125
-0.140625 -0.2099609375 0.1531524658203125
-0.25 0.2607421875 0.3430938720703125
-0.203125 -0.1279296875 0.7786407470703125
0.171875 0.1591796875 0.5345001220703125
0.1796875 0.0419921875 -0.8103179931640625
0.1640625 0.0068359375 0.1599884033203125
-0.2734375 0.0029296875 0.7786407470703125
-0.3828125 -0.2177734375 0.1399688720703125
0.1640625 0.1220703125 0.1004180908203125
0.1484375 -0.0322265625 0.3450469970703125
0.1640625 0.1181640625 0.5335235595703125
-0.1953125 -0.0419921875 0.8411407470703125
0.1640625 0.0068359375 0.1599884033203125
0.1328125 -0.0478515625 0.5315704345703125
0.15625 0.1943359375 0.5345001220703125
0.171875 -0.0458984375 0.6565704345703125
0.140625 0.1083984375 -0.812225341796875
-0.1953125 0.0498046875 -0.0948944091796875
0.1796875 0.0068359375 -0.8115234375
0.140625 -0.1845703125 0.2180938720703125
0.125 -0.0654296875 0.4690704345703125
-0.21875 -0.0029296875 0.4661407470703125
0.1875 -0.0224609375 0.4085235595703125
0.15625 0.1259765625 -0.0236053466796875
0.1171875 -0.0087890625 0.0945587158203125
-0.25 -0.0947265625 0.1497344970703125
0.0859375 0.1923828125 0.2220001220703125
-0.28125 -0.1083984375 0.5891876220703125
-0.2265625 -0.0439453125 0.3401641845703125
0.1328125 0.0869140625 0.5950469970703125
-0.1875 -0.0673828125 -0.0978240966796875
-0.140625 0.1865234375 -0.1725311279296875
0.0859375 0.1337890625 -0.3082733154296875
0.0546875 0.0185546875 -0.5072479248046875
-0.1171875 0.1826171875 0.0823516845703125
-0.3828125 -0.2177734375 0.1399688720703125
-0.2265625 0.0341796875 0.3411407470703125
0.140625 -0.0322265625 -0.0294647216796875
0.15625 0.1669921875 0.4104766845703125
-0.0703125 0.2431640625 0.1497344970703125
0.078125 0.1494140625 0.2210235595703125
0.1484375 0.0849609375 0.3470001220703125
0.15625 0.0087890625 0.7190704345703125
0.125 -0.1630859375 0.4046173095703125
0.0859375 0.0048828125 0.6555938720703125
0.15625 0.2431640625 0.3499298095703125
-0.265625 -0.0595703125 0.5901641845703125
0.03125 0.2490234375 0.2200469970703125
-0.3984375 0.1748046875 0.1468048095703125
0.1484375 0.0791015625 0.1604766845703125
-0.2265625 -0.0458984375 0.1516876220703125
0.1484375 0.0791015625 0.1604766845703125
0.1640625 -0.1083984375 0.7180938720703125
0.1484375 -0.1123046875 0.4065704345703125
0.0859375 0.1337890625 -0.3082733154296875
