WHEELED_RIDER
-0.236328125 0.134765625 0.5810317993164062
-0.306640625 0.0234375 0.7656021118164062
0.279296875 0.228515625 0.11277008056640625
-0.259765625 0.001953125 0.6415786743164062
-0.298828125 -0.123046875 0.5790786743164062
0.076171875 0.171875 0.22165679931640625
0.162109375 0.078125 -0.02101898193359375
0.162109375 0.193359375 0.40915679931640625
0.123046875 -0.037109375 0.6503677368164062
0.037109375 -0.11328125 0.5859146118164062
-0.259765625 0.095703125 -0.5349349975585938
0.115234375 -0.060546875 0.09519195556640625
-0.111328125 0.1796875 0.15866851806640625
0.107421875 0.064453125 0.5888442993164062
-0.228515625 -0.015625 0.14841461181640625
0.154296875 0.15625 -0.14162445068359375
0.107421875 -0.00390625 0.6503677368164062
-0.228515625 0.1015625 0.15036773681640625
0.107421875 -0.119140625 0.46482086181640625
0.091796875 -0.2109375 0.27732086181640625
-0.228515625 0.025390625 0.14939117431640625
0.044921875 -0.21875 0.46091461181640625
-0.267578125 -0.07421875 0.5790786743164062
-0.236328125 -0.0625 0.5185317993164062
-0.267578125 -0.033203125 0.5800552368164062
-0.236328125 -0.0546875 0.45700836181640625
0.201171875 0.251953125 0.22946929931640625
0.201171875 -0.185546875 0.15915679931640625
0.130859375 0.060546875 0.09909820556640625
0.146484375 0.021484375 -0.8001632690429688
0.146484375 0.021484375 -0.8001632690429688
-0.236328125 -0.05859375 0.33298492431640625
0.076171875 -0.224609375 0.40036773681640625
0.060546875 0.189453125 0.09714508056640625
-0.158203125 -0.22265625 0.14743804931640625
0.162109375 -0.0390625 0.40622711181640625
-0.212890625 0.064453125 0.5195083618164062
0.138671875 0.0390625 0.28318023681640625
0.123046875 -0.08984375 0.34177398681640625
-0.369140625 -0.1796875 -0.11525726318359375
-0.259765625 0.0078125 0.7040786743164062
0.162109375 -0.0390625 0.40622711181640625
0.130859375 0.056640625 0.5282974243164062
0.208984375 -0.22265625 0.15915679931640625
-0.228515625 0.025390625 0.14939117431640625
0.076171875 -0.142578125 -0.15724945068359375
-0.228515625 0.025390625 0.14939117431640625
0.115234375 0.177734375 0.34568023681640625
0.091796875 -0.2109375 0.27732086181640625
-0.158203125 -0.22265625 0.14743804931640625
0.123046875 -0.017578125 0.09665679931640625
0.060546875 -0.1015625 0.21579742431640625
0.146484375 -0.0078125 0.7734146118164062
-0.111328125 0.1796875 0.15866851806640625
-0.103515625 0.220703125 0.15964508056640625
-0.236328125 0.17578125 0.45896148681640625
-0.251953125 -0.259765625 0.32907867431640625
-0.275390625 -0.228515625 0.32810211181640625
-0.228515625 -0.0234375 0.5185317993164062
0.123046875 -0.033203125 0.46579742431640625
0.154296875 0.064453125 -0.29592132568359375
0.107421875 -0.087890625 0.27927398681640625
-0.181640625 -0.08984375 0.6425552368164062
0.169921875 -0.259765625 0.21775054931640625
-0.220703125 -0.013671875 0.33396148681640625
0.107421875 -0.107421875 0.5263442993164062
0.060546875 -0.033203125 -0.15578460693359375
-0.306640625 0.0234375 0.7656021118164062
0.107421875 0.107421875 0.22165679931640625
0.154296875 -0.01171875 0.16013336181640625
0.123046875 0.234375 0.46872711181640625
-0.033203125 0.197265625 0.15329742431640625
0.154296875 -0.01171875 0.16013336181640625
0.123046875 -0.08984375 0.34177398681640625
-0.119140625 0.208984375 0.08591461181640625
-0.212890625 -0.0625 0.6415786743164062
-0.251953125 -0.107421875 0.5175552368164062
-0.197265625 -0.09375 0.8271255493164062
-0.259765625 0.001953125 0.6415786743164062
0.130859375 0.037109375 0.22165679931640625
0.130859375 0.056640625 0.5282974243164062
0.185546875 0.083984375 0.40818023681640625
-0.212890625 0.1015625 0.5204849243164062
0.107421875 -0.25 0.33884429931640625
0.162109375 -0.0390625 0.40622711181640625
-0.228515625 0.025390625 0.14939117431640625
0.263671875 0.220703125 0.17185211181640625
0.115234375 0.177734375 0.34568023681640625
0.123046875 -0.08984375 0.34177398681640625
-0.212890625 0.1015625 0.5204849243164062
0.107421875 -0.044921875 0.21970367431640625
-0.259765625 0.001953125 0.6415786743164062
0.044921875 -0.21875 0.46091461181640625
-0.330078125 -0.248046875 0.45212554931640625
0.146484375 0.001953125 0.28318023681640625
-0.259765625 0.095703125 -0.5349349975585938
-0.236328125 0.056640625 0.33396148681640625
-0.212890625 0.064453125 0.5195083618164062
0.162109375 0.0 0.7118911743164062
-0.189453125 0.1171875 -0.09328460693359375
0.146484375 0.021484375 -0.8001632690429688
0.123046875 -0.033203125 0.46579742431640625
0.208984375 -0.22265625 0.15915679931640625
0.107421875 0.064453125 0.5888442993164062
0.376953125 0.029296875 -0.27394866943359375
-0.267578125 -0.14453125 0.45505523681640625
-0.267578125 -0.001953125 0.7656021118164062
-0.259765625 0.08984375 0.33396148681640625
0.138671875 0.26171875 0.34763336181640625
0.123046875 0.103515625 0.34470367431640625
0.185546875 0.083984375 0.40818023681640625
0.146484375 0.025390625 0.16062164306640625
-0.181640625 -0.08984375 0.6425552368164062
0.107421875 0.107421875 0.22165679931640625
0.091796875 -0.220703125 0.33884429931640625
-0.244140625 0.212890625 0.45896148681640625
-0.267578125 -0.15234375 0.5165786743164062
0.146484375 -0.048828125 0.15915679931640625
0.146484375 0.033203125 0.34470367431640625
-0.244140625 -0.09765625 0.45603179931640625
-0.275390625 -0.228515625 0.32810211181640625
0.091796875 -0.220703125 0.33884429931640625
0.162109375 -0.0390625 0.40622711181640625
0.107421875 -0.087890625 0.27927398681640625
0.107421875 -0.00390625 0.6503677368164062
-0.197265625 0.0390625 -0.09621429443359375
0.115234375 0.177734375 0.34568023681640625
0.416015625 0.01171875 -0.47097015380859375
0.029296875 0.224609375 0.40427398681640625
0.154296875 0.150390625 0.40818023681640625
-0.228515625 0.1015625 0.15036773681640625
0.130859375 0.056640625 0.5282974243164062
0.138671875 -0.193359375 0.21775054931640625
-0.220703125 0.025390625 0.33396148681640625
-0.267578125 -0.07421875 0.5790786743164062
-0.220703125 0.02734375 0.45798492431640625
-0.267578125 -0.15234375 0.5165786743164062
-0.197265625 -0.09375 0.8271255493164062
-0.228515625 0.025390625 0.14939117431640625
0.083984375 -0.16796875 0.46286773681640625
0.060546875 0.201171875 -0.14846038818359375
0.076171875 0.171875 0.22165679931640625
0.123046875 -0.072265625 0.46579742431640625
0.130859375 0.07421875 0.28415679931640625
0.185546875 0.083984375 0.40818023681640625
-0.181640625 -0.08984375 0.6425552368164062
0.146484375 -0.0078125 0.7734146118164062
-0.142578125 0.2578125 0.21091461181640625
-0.158203125 -0.22265625 0.14743804931640625
-0.251953125 -0.259765625 0.32907867431640625
0.162109375 0.078125 -0.02101898193359375
0.169921875 0.080078125 -0.14260101318359375
0.185546875 0.15234375 0.16550445556640625
0.099609375 0.0234375 0.5888442993164062
0.037109375 -0.2109375 0.5234146118164062
0.115234375 -0.064453125 0.5263442993164062
0.162109375 0.232421875 0.40915679931640625
-0.291015625 0.119140625 0.33298492431640625
-0.306640625 -0.162109375 0.32810211181640625
-0.142578125 0.2578125 0.21091461181640625
-0.267578125 -0.15234375 0.5165786743164062
0.146484375 0.1640625 0.46872711181640625
0.208984375 0.0546875 -0.01808929443359375
-0.228515625 0.09765625 0.5810317993164062
0.146484375 0.072265625 0.34568023681640625
0.169921875 0.12109375 -0.14113616943359375
-0.236328125 0.171875 0.5820083618164062
-0.181640625 -0.08984375 0.6425552368164062
0.044921875 -0.15234375 0.27536773681640625
0.138671875 0.099609375 -0.29640960693359375
0.037109375 -0.013671875 -0.30983734130859375
0.185546875 -0.033203125 0.7734146118164062
0.130859375 0.0 0.22165679931640625
0.107421875 0.10546875 0.5898208618164062
0.185546875 0.15234375 0.16550445556640625
0.123046875 -0.033203125 0.46579742431640625
0.138671875 0.103515625 0.10056304931640625
-0.259765625 0.0078125 0.7040786743164062
-0.150390625 0.24609375 0.33493804931640625
0.146484375 0.064453125 0.16110992431640625
0.107421875 0.064453125 0.5888442993164062
0.154296875 0.064453125 -0.29592132568359375
0.123046875 -0.037109375 0.6503677368164062
-0.228515625 0.017578125 0.5195083618164062
0.263671875 0.220703125 0.17185211181640625
0.107421875 -0.009765625 0.5888442993164062
0.123046875 0.072265625 0.22263336181640625
0.169921875 -0.03515625 0.7118911743164062
0.029296875 0.224609375 0.40427398681640625
0.091796875 -0.220703125 0.33884429931640625
0.162109375 0.232421875 0.40915679931640625
-0.259765625 0.0078125 0.5800552368164062
-0.228515625 0.017578125 0.5195083618164062
-0.244140625 -0.099609375 0.33200836181640625
-0.072265625 0.2421875 0.21482086181640625
0.037109375 -0.11328125 0.5859146118164062
-0.244140625 0.212890625 0.45896148681640625
0.154296875 0.11328125 -0.02053070068359375
0.138671875 0.0390625 0.28318023681640625
0.091796875 0.138671875 0.28318023681640625
