WHEELED_RIDER
-0.2109375 -0.060546875 0.8624267578125
-0.28125 -0.15625 0.5548095703125
0.17578125 -0.240234375 0.3262939453125
0.17578125 0.095703125 -0.0291748046875
0.38671875 0.244140625 -0.9229736328125
0.13671875 0.111328125 0.2091064453125
0.15625 0.041015625 0.2691650390625
-0.25 0.056640625 -0.4207763671875
-0.1015625 0.228515625 0.4425048828125
0.10546875 -0.07421875 0.3858642578125
-0.0546875 0.205078125 0.5050048828125
0.15234375 0.23828125 0.4532470703125
0.1484375 0.173828125 0.5723876953125
-0.203125 0.146484375 0.0152587890625
0.1171875 0.083984375 0.3292236328125
-0.203125 -0.017578125 0.8018798828125
-0.1875 -0.0546875 0.9229736328125
-0.2421875 0.00390625 0.8624267578125
-0.2734375 0.0 0.6788330078125
-0.234375 0.021484375 0.2540283203125
0.11328125 -0.033203125 0.6905517578125
-0.3359375 -0.17578125 0.4298095703125
0.14453125 0.060546875 0.5714111328125
0.28125 0.236328125 0.2218017578125
0.12109375 -0.0078125 0.2056884765625
-0.2890625 0.025390625 0.8624267578125
-0.0078125 0.185546875 0.0792236328125
0.1875 0.2578125 0.3360595703125
-0.2421875 -0.029296875 0.6182861328125
-0.1875 0.111328125 0.0152587890625
0.1171875 -0.033203125 0.3272705078125
0.14453125 0.060546875 0.5714111328125
0.140625 0.232421875 0.5128173828125
-0.2734375 -0.23046875 0.4317626953125
0.11328125 0.001953125 0.6905517578125
-0.328125 -0.25390625 0.6153564453125
0.109375 0.12109375 0.3292236328125
0.11328125 0.138671875 -0.1829833984375
-0.2421875 -0.029296875 0.6182861328125
-0.234375 0.056640625 0.4366455078125
-0.21875 0.0234375 0.5587158203125
0.13671875 -0.03125 0.4483642578125
0.12890625 0.115234375 0.4503173828125
-0.25 -0.0703125 0.6182861328125
0.15234375 -0.037109375 0.2677001953125
0.015625 -0.05078125 -0.1995849609375
-0.2421875 -0.029296875 0.6182861328125
-0.203125 -0.017578125 0.8018798828125
0.375 0.126953125 0.1070556640625
0.14453125 0.060546875 0.5714111328125
0.13671875 0.111328125 0.2091064453125
0.1015625 -0.05078125 0.2037353515625
0.15625 0.1015625 0.5723876953125
0.10546875 0.140625 -0.3861083984375
0.10546875 -0.07421875 0.3858642578125
0.1875 0.2578125 0.3360595703125
-0.1875 0.111328125 0.0152587890625
0.15625 0.16015625 0.5128173828125
-0.21875 0.212890625 0.4395751953125
0.13671875 0.111328125 0.2091064453125
-0.2421875 -0.029296875 0.6182861328125
-0.2265625 -0.107421875 0.8624267578125
0.13671875 0.248046875 0.5733642578125
0.14453125 0.060546875 0.5714111328125
0.046875 -0.1796875 0.4425048828125
-0.328125 -0.25390625 0.6153564453125
-0.21875 0.0234375 0.5587158203125
-0.1640625 0.232421875 0.2618408203125
0.14453125 0.060546875 0.5714111328125
0.109375 0.12109375 0.3292236328125
0.3515625 -0.21875 0.0958251953125
-0.3984375 -0.033203125 -0.4410400390625
0.12890625 -0.01953125 0.7510986328125
0.15234375 0.048828125 -0.0325927734375
0.1171875 -0.05078125 0.6300048828125
0.09765625 -0.19140625 0.3223876953125
0.15234375 0.19921875 0.5128173828125
-0.078125 0.109375 -0.7076568603515625
0.15625 0.16015625 0.5128173828125
0.078125 0.021484375 -0.3843994140625
0.17578125 -0.240234375 0.3262939453125
0.16796875 -0.025390625 0.8721923828125
-0.28125 0.119140625 -0.4215087890625
-0.328125 -0.248046875 0.5528564453125
0.36328125 0.162109375 0.1070556640625
0.15234375 0.048828125 -0.0325927734375
0.0703125 0.052734375 -0.3934326171875
0.15234375 0.048828125 -0.0325927734375
-0.1875 -0.0546875 0.9229736328125
-0.1015625 0.240234375 0.3809814453125
0.1171875 0.033203125 0.8116455078125
-0.078125 0.193359375 0.1968994140625
0.13671875 0.248046875 0.5733642578125
0.08203125 -0.2109375 0.5050048828125
0.12109375 0.119140625 0.3897705078125
-0.34375 -0.134765625 0.2452392578125
0.0703125 -0.10546875 0.6280517578125
-0.25 0.166015625 0.5596923828125
-0.28125 0.119140625 -0.4215087890625
0.2265625 0.255859375 0.2779541015625
0.12890625 0.068359375 0.6309814453125
0.1484375 -0.068359375 0.5098876953125
-0.1171875 0.271484375 0.3194580078125
-0.2421875 0.130859375 0.2559814453125
0.13671875 0.087890625 0.3907470703125
-0.1015625 0.240234375 0.3809814453125
-0.2421875 0.0546875 0.2540283203125
-0.25 0.1953125 0.6202392578125
-0.3359375 -0.140625 0.6768798828125
-0.2109375 -0.0546875 0.8018798828125
0.078125 -0.01171875 -0.0408935546875
0.12890625 0.068359375 0.6309814453125
0.109375 0.12109375 0.3292236328125
0.0078125 0.228515625 -0.0404052734375
-0.1015625 0.240234375 0.3809814453125
0.125 0.046875 0.3292236328125
-0.015625 -0.017578125 -0.4066162109375
0.15625 0.16015625 0.5128173828125
-0.21875 0.25 0.4405517578125
-0.015625 0.2109375 0.2623291015625
0.15234375 0.19921875 0.5128173828125
-0.3359375 -0.21875 0.6768798828125
0.3984375 0.2109375 -0.9229736328125
-0.34375 -0.134765625 0.2452392578125
0.08984375 0.146484375 0.3292236328125
0.1015625 0.0546875 -0.6843719482421875
0.17578125 0.0546875 0.5118408203125
0.08984375 0.146484375 0.3292236328125
-0.25 0.091796875 0.2545166015625
0.13671875 0.248046875 0.5733642578125
0.12890625 -0.01953125 0.7510986328125
0.13671875 0.087890625 0.3907470703125
0.0625 0.2109375 -0.0360107421875
0.171875 0.091796875 0.5118408203125
0.16796875 -0.185546875 0.2652587890625
0.18359375 -0.216796875 0.2657470703125
-0.234375 0.056640625 0.4366455078125
-0.2734375 -0.23046875 0.4317626953125
0.1484375 0.111328125 0.6319580078125
0.1015625 0.0546875 -0.6843719482421875
0.1328125 -0.01953125 0.5704345703125
-0.03125 0.0859375 -0.7021408081054688
-0.015625 0.2109375 0.2623291015625
-0.2109375 -0.060546875 0.8624267578125
-0.21875 0.0234375 0.5587158203125
0.10546875 0.037109375 0.6905517578125
-0.265625 -0.115234375 0.6173095703125
-0.2734375 -0.23046875 0.4317626953125
-0.328125 0.177734375 0.0064697265625
0.1328125 0.033203125 0.2071533203125
0.109375 0.103515625 -0.3870849609375
0.1015625 -0.05078125 0.2037353515625
-0.2890625 -0.115234375 0.0010986328125
0.0859375 -0.197265625 0.3829345703125
-0.34375 -0.134765625 0.2452392578125
-0.3125 -0.171875 0.6163330078125
-0.2890625 0.267578125 0.4376220703125
-0.28125 -0.03515625 0.0040283203125
-0.25 0.095703125 -0.4193115234375
0.078125 -0.01171875 -0.0408935546875
-0.0078125 0.185546875 0.0792236328125
-0.25 -0.0703125 0.6182861328125
-0.2890625 0.025390625 0.8624267578125
0.12109375 -0.0078125 0.2056884765625
-0.015625 -0.017578125 -0.4066162109375
-0.25 0.095703125 -0.4193115234375
0.08203125 -0.2109375 0.5050048828125
-0.3359375 -0.17578125 0.4298095703125
0.03125 -0.1015625 0.6885986328125
0.09765625 0.150390625 0.3897705078125
-0.125 0.251953125 0.1949462890625
-0.1015625 0.240234375 0.3809814453125
0.08203125 -0.2109375 0.5050048828125
-0.1015625 0.228515625 0.4425048828125
0.03125 0.189453125 0.2042236328125
0.078125 -0.130859375 0.4444580078125
-0.328125 -0.248046875 0.5528564453125
0.015625 -0.05078125 -0.1995849609375
0.171875 -0.021484375 0.5108642578125
-0.3359375 -0.21875 0.6768798828125
0.1015625 -0.05078125 0.2037353515625
0.23046875 -0.158203125 0.2091064453125
-0.34375 -0.134765625 0.2452392578125
-0.28125 0.03515625 0.8018798828125
0.078125 -0.130859375 0.4444580078125
0.36328125 0.162109375 0.1070556640625
0.109375 0.12109375 0.3292236328125
0.1171875 0.033203125 0.8116455078125
-0.265625 -0.107421875 0.5557861328125
0.08203125 -0.2109375 0.5050048828125
-0.03125 0.0859375 -0.7021408081054688
0.0625 -0.12890625 0.3829345703125
-0.2109375 0.06640625 0.5596923828125
0.109375 -0.08984375 0.2637939453125
0.0 -0.1484375 0.3184814453125
0.046875 -0.1796875 0.4425048828125
0.1484375 -0.068359375 0.5098876953125
-0.2265625 -0.01953125 0.4366455078125
0.15234375 0.048828125 -0.0325927734375
0.1875 0.2578125 0.3360595703125
