WHEELED_RIDER
0.36328125 0.0537109375 -0.82073974609375
0.37109375 0.0146484375 -0.577850341796875
0.25390625 0.1748046875 0.10113525390625
0.14453125 0.0908203125 0.09429931640625
0.19140625 -0.1396484375 0.09429931640625
0.11328125 0.1962890625 0.19195556640625
0.09765625 0.0166015625 -0.603515625
0.08984375 0.0595703125 -0.10882568359375
0.07421875 0.1884765625 0.28863525390625
0.08984375 0.1689453125 0.48785400390625
0.07421875 0.0537109375 -0.85150146484375
0.05859375 0.2685546875 0.38922119140625
0.09765625 0.1142578125 0.48785400390625
0.07421875 0.0791015625 -0.00775146484375
0.10546875 0.0556640625 0.48785400390625
0.04296875 0.2412109375 0.28717041015625
0.05078125 0.1357421875 -0.00872802734375
0.07421875 -0.0009765625 -0.11077880859375
0.05078125 0.0556640625 -0.21014404296875
0.03515625 0.1083984375 -0.11175537109375
0.08203125 0.0810546875 0.58551025390625
0.08984375 -0.0068359375 0.48687744140625
0.05078125 0.1923828125 0.58551025390625
0.06640625 -0.0400390625 -0.00970458984375
0.01953125 0.1083984375 -0.21160888671875
0.02734375 0.2001953125 0.38726806640625
0.05078125 0.0615234375 0.28668212890625
0.05078125 0.0107421875 0.08843994140625
0.04296875 0.0634765625 0.18707275390625
0.05859375 0.0068359375 0.28668212890625
0.04296875 0.0830078125 0.38726806640625
0.03515625 0.0146484375 -0.01068115234375
0.01171875 0.0537109375 -0.41192626953125
0.05078125 0.0283203125 0.38726806640625
0.01953125 0.1396484375 0.38629150390625
0.05859375 -0.0556640625 0.28570556640625
0.03515625 0.0009765625 0.18658447265625
0.05859375 0.0166015625 0.58453369140625
0.01171875 0.1142578125 0.28521728515625
0.04296875 -0.0341796875 0.38629150390625
0.03515625 -0.0595703125 0.18609619140625
0.05859375 -0.0751953125 0.48590087890625
0.02734375 -0.0537109375 0.08697509765625
0.08984375 -0.0595703125 0.88238525390625
-0.02734375 0.1728515625 0.08599853515625
0.05078125 -0.0458984375 0.58453369140625
0.05078125 -0.0009765625 0.78375244140625
0.00390625 -0.0751953125 -0.11614990234375
0.05859375 -0.0595703125 0.78375244140625
0.08203125 -0.1201171875 0.88238525390625
-0.05859375 0.1748046875 -0.01458740234375
0.06640625 -0.1201171875 0.78375244140625
0.05078125 -0.2392578125 0.28424072265625
0.02734375 -0.0322265625 0.68218994140625
-0.00390625 0.0791015625 0.68218994140625
-0.03515625 -0.0224609375 -0.21697998046875
0.01171875 -0.1259765625 0.28326416015625
0.01171875 -0.1044921875 0.38531494140625
0.02734375 -0.1416015625 0.48394775390625
-0.08203125 0.1455078125 -0.21844482421875
-0.01171875 -0.1416015625 -0.11810302734375
-0.00390625 0.0185546875 0.68218994140625
-0.02734375 -0.1240234375 -0.01605224609375
0.01171875 -0.0966796875 0.68218994140625
0.00390625 -0.1181640625 0.58258056640625
0.01171875 -0.2080078125 0.48297119140625
-0.05859375 -0.0888671875 -0.21942138671875
-0.04296875 -0.1298828125 0.08209228515625
-0.12890625 0.1376953125 -0.12200927734375
-0.04296875 -0.1748046875 0.38238525390625
-0.08203125 -0.1572265625 -0.22259521484375
-0.01953125 -0.2685546875 0.48199462890625
-0.03515625 -0.2490234375 0.58160400390625
-0.17578125 0.2001953125 0.17828369140625
-0.07421875 -0.2060546875 0.27935791015625
-0.21484375 0.0556640625 -0.88238525390625
-0.30859375 0.0576171875 0.44586181640625
-0.33203125 0.1123046875 0.44586181640625
-0.30859375 0.0029296875 0.44586181640625
-0.33203125 -0.0146484375 0.54351806640625
-0.33203125 -0.0791015625 0.54254150390625
-0.34765625 -0.0654296875 0.44390869140625
-0.36328125 -0.1357421875 0.44293212890625
-0.37109375 -0.1474609375 0.54156494140625
