WHEELED_RIDER
0.083984375 0.0576171875 -0.7702178955078125
-0.091796875 -0.2314453125 0.1164093017578125
-0.025390625 0.0615234375 -0.1999969482421875
0.173828125 -0.1748046875 0.0998077392578125
0.298828125 0.1630859375 0.3092803955078125
0.287109375 0.0908203125 -0.3769989013671875
-0.115234375 -0.0224609375 0.6012725830078125
-0.111328125 -0.0458984375 0.5534210205078125
0.205078125 -0.2275390625 0.2917022705078125
0.166015625 -0.2373046875 0.4333038330078125
0.123046875 0.1708984375 -0.1653289794921875
-0.072265625 -0.0341796875 0.7438507080078125
0.224609375 0.1572265625 -0.1540985107421875
0.298828125 -0.1181640625 0.3483428955078125
0.232421875 -0.1708984375 0.3903350830078125
0.283203125 0.1982421875 0.4030303955078125
-0.052734375 0.1650390625 0.3229522705078125
-0.158203125 -0.2333984375 0.3063507080078125
0.224609375 0.0283203125 -0.6436004638671875
0.083984375 0.0576171875 -0.7702178955078125
0.236328125 -0.0048828125 0.5827178955078125
0.287109375 -0.0537109375 0.2086944580078125
0.283203125 -0.2451171875 0.1061553955078125
-0.052734375 -0.0888671875 0.7438507080078125
-0.091796875 -0.0712890625 0.5534210205078125
0.251953125 0.2119140625 0.4010772705078125
0.224609375 0.0283203125 -0.6436004638671875
0.267578125 0.0048828125 0.6774444580078125
0.240234375 -0.0791015625 0.4879913330078125
-0.044921875 -0.1142578125 0.6012725830078125
0.287109375 -0.0556640625 0.5368194580078125
0.255859375 -0.1279296875 0.3932647705078125
0.287109375 0.1240234375 0.3073272705078125
0.294921875 0.0185546875 0.3991241455078125
-0.123046875 -0.1865234375 0.4547882080078125
0.166015625 -0.2373046875 0.4333038330078125
-0.029296875 0.0263671875 -0.2024383544921875
-0.294921875 0.1787109375 0.3102569580078125
0.224609375 0.0283203125 -0.6436004638671875
0.232421875 -0.0283203125 -0.3921356201171875
-0.029296875 0.0263671875 -0.2024383544921875
0.095703125 0.1689453125 0.3922882080078125
-0.048828125 0.0771484375 0.3209991455078125
0.291015625 -0.0068359375 0.5846710205078125
0.275390625 -0.0576171875 0.1134796142578125
0.251953125 -0.0068359375 0.4899444580078125
0.181640625 -0.1728515625 0.5309600830078125
0.271484375 0.1533203125 0.4938507080078125
0.298828125 -0.0556640625 0.3034210205078125
-0.033203125 0.0537109375 0.4626007080078125
0.263671875 0.1474609375 -0.1501922607421875
0.224609375 -0.1806640625 0.1989288330078125
-0.048828125 0.0439453125 0.3200225830078125
-0.072265625 -0.0283203125 -0.2102508544921875
0.224609375 0.0380859375 0.5358428955078125
0.263671875 0.1474609375 -0.1501922607421875
0.267578125 0.0361328125 0.4440460205078125
0.287109375 0.1240234375 0.3073272705078125
0.287109375 0.1298828125 0.4938507080078125
0.248046875 0.0107421875 -0.6407928466796875
-0.072265625 0.1552734375 0.4626007080078125
0.275390625 -0.0712890625 -0.0037078857421875
0.224609375 0.0283203125 -0.6436004638671875
0.275390625 -0.0576171875 0.1134796142578125
0.224609375 -0.1103515625 0.4391632080078125
-0.275390625 0.0693359375 -0.7216949462890625
0.271484375 0.0068359375 0.4440460205078125
0.283203125 -0.2451171875 0.1061553955078125
-0.033203125 -0.0478515625 0.6501007080078125
0.298828125 0.1630859375 0.3092803955078125
0.248046875 0.0126953125 0.6305694580078125
0.263671875 0.0595703125 0.1168975830078125
0.177734375 0.1298828125 -0.3896942138671875
-0.123046875 -0.0205078125 0.5534210205078125
0.115234375 -0.0595703125 -0.1912078857421875
-0.072265625 -0.0322265625 0.4596710205078125
-0.134765625 -0.0908203125 -0.2200164794921875
-0.294921875 0.1787109375 0.3102569580078125
0.236328125 0.0205078125 0.6774444580078125
0.294921875 0.1923828125 0.3102569580078125
-0.099609375 -0.1064453125 0.1208038330078125
0.279296875 -0.0498046875 0.3961944580078125
0.263671875 0.0595703125 0.1168975830078125
0.275390625 -0.0576171875 0.1134796142578125
0.267578125 0.0361328125 0.4440460205078125
0.271484375 0.0068359375 0.4440460205078125
0.205078125 -0.2275390625 0.2917022705078125
0.298828125 0.0654296875 -0.3769989013671875
0.205078125 -0.2236328125 0.1959991455078125
-0.099609375 0.1474609375 -0.2034149169921875
0.232421875 -0.2392578125 0.1974639892578125
0.251953125 -0.0107421875 0.5368194580078125
0.251953125 -0.0068359375 0.4899444580078125
0.271484375 0.2080078125 0.3551788330078125
0.240234375 -0.0791015625 0.4879913330078125
0.181640625 -0.1728515625 0.5309600830078125
-0.103515625 0.1142578125 0.1281280517578125
0.255859375 0.0869140625 0.1178741455078125
0.298828125 0.1005859375 0.3073272705078125
0.255859375 -0.1279296875 0.3932647705078125
0.267578125 0.0302734375 0.4909210205078125
0.123046875 0.1708984375 -0.1653289794921875
0.244140625 -0.0693359375 0.4411163330078125
-0.041015625 -0.0537109375 0.6022491455078125
-0.025390625 0.0615234375 -0.1999969482421875
-0.048828125 0.0439453125 0.3200225830078125
-0.072265625 -0.0283203125 -0.2102508544921875
0.283203125 0.0693359375 0.4918975830078125
0.298828125 -0.0556640625 0.3034210205078125
0.298828125 -0.0556640625 0.3034210205078125
0.205078125 -0.2275390625 0.2917022705078125
-0.056640625 0.1005859375 0.3209991455078125
-0.037109375 -0.0810546875 0.6491241455078125
0.267578125 -0.1962890625 0.3434600830078125
0.095703125 0.1689453125 0.3922882080078125
0.267578125 -0.1298828125 0.7702178955078125
-0.021484375 -0.0966796875 -0.2082977294921875
-0.216796875 0.1513671875 0.4577178955078125
0.216796875 -0.1474609375 0.4381866455078125
0.177734375 0.1298828125 -0.3896942138671875
0.302734375 0.1435546875 0.4020538330078125
0.291015625 0.1884765625 0.3561553955078125
0.091796875 0.1884765625 0.2965850830078125
-0.072265625 -0.0361328125 0.6022491455078125
-0.029296875 0.0263671875 -0.2024383544921875
0.091796875 0.1884765625 0.2965850830078125
-0.044921875 -0.2392578125 0.1198272705078125
0.240234375 -0.0439453125 0.4879913330078125
-0.052734375 0.0712890625 0.4616241455078125
-0.044921875 0.1103515625 -0.1990203857421875
-0.048828125 -0.0283203125 0.6969757080078125
-0.072265625 -0.0615234375 0.1242218017578125
-0.287109375 0.1884765625 0.1178741455078125
0.298828125 0.1005859375 0.3073272705078125
0.267578125 0.2392578125 0.3102569580078125
0.283203125 0.0693359375 0.4918975830078125
0.240234375 0.1083984375 0.1168975830078125
-0.001953125 0.2216796875 0.1393585205078125
-0.111328125 -0.0458984375 0.5534210205078125
-0.099609375 -0.1064453125 0.1208038330078125
0.294921875 0.0439453125 0.2126007080078125
0.236328125 0.0205078125 0.6774444580078125
0.181640625 -0.1728515625 0.5309600830078125
0.271484375 0.0068359375 0.4440460205078125
0.298828125 0.0361328125 -0.3787078857421875
0.224609375 -0.1806640625 0.1989288330078125
0.248046875 0.0107421875 -0.6407928466796875
0.255859375 0.0869140625 0.1178741455078125
-0.130859375 0.0029296875 0.6491241455078125
0.255859375 0.0771484375 -0.7372894287109375
-0.123046875 -0.1865234375 0.4547882080078125
0.291015625 -0.0068359375 0.5846710205078125
0.287109375 -0.0556640625 0.5368194580078125
0.251953125 -0.0068359375 0.4899444580078125
-0.044921875 0.1064453125 0.4626007080078125
-0.041015625 -0.0537109375 0.6022491455078125
0.279296875 -0.0869140625 0.2067413330078125
0.224609375 0.0380859375 0.5358428955078125
0.287109375 0.2177734375 0.3102569580078125
-0.111328125 0.0498046875 -0.6961517333984375
-0.072265625 -0.0283203125 -0.2102508544921875
0.103515625 0.2001953125 0.1090850830078125
-0.076171875 0.0634765625 0.1286163330078125
-0.111328125 0.0498046875 -0.6961517333984375
-0.123046875 -0.1865234375 0.4547882080078125
-0.111328125 -0.0458984375 0.5534210205078125
0.283203125 -0.0302734375 -0.1575164794921875
0.287109375 0.0908203125 -0.3769989013671875
0.255859375 0.0771484375 -0.7372894287109375
-0.052734375 0.0712890625 0.4616241455078125
-0.080078125 -0.1279296875 0.3131866455078125
0.298828125 -0.0556640625 0.3034210205078125
-0.111328125 -0.0224609375 0.7438507080078125
0.267578125 -0.0341796875 0.5368194580078125
-0.087890625 -0.0146484375 0.6969757080078125
0.232421875 0.1591796875 0.0026397705078125
-0.044921875 -0.0166015625 0.3180694580078125
0.236328125 -0.0048828125 0.5827178955078125
0.236328125 0.0126953125 0.5358428955078125
0.205078125 -0.2275390625 0.2917022705078125
0.271484375 0.0634765625 0.2116241455078125
0.056640625 0.1201171875 0.4362335205078125
0.248046875 0.0126953125 0.6305694580078125
-0.158203125 -0.2333984375 0.3063507080078125
-0.068359375 0.1884765625 0.3219757080078125
0.298828125 0.1298828125 -0.1472625732421875
-0.068359375 0.1884765625 0.3219757080078125
-0.056640625 -0.0283203125 0.6491241455078125
0.201171875 0.1123046875 -0.3872528076171875
0.013671875 0.1982421875 0.1398468017578125
0.083984375 0.0576171875 -0.7702178955078125
-0.138671875 0.1025390625 -0.6967620849609375
-0.072265625 -0.0283203125 -0.2102508544921875
-0.150390625 0.2158203125 0.3190460205078125
0.298828125 0.1298828125 -0.1472625732421875
0.224609375 0.0283203125 -0.6436004638671875
0.240234375 0.1083984375 0.1168975830078125
-0.091796875 -0.0712890625 0.5534210205078125
0.267578125 -0.1962890625 0.3434600830078125
0.263671875 0.0595703125 0.1168975830078125
