WHEELED_RIDER
-0.6484375 -0.154296875 -0.472900390625
-0.4609375 -0.162109375 -0.486083984375
-0.4609375 -0.154296875 0.0286865234375
-0.4765625 -0.076171875 0.0279541015625
-0.4921875 0.009765625 -0.438720703125
-0.4765625 0.025390625 -0.7034912109375
-0.3671875 -0.021484375 -0.7105712890625
-0.2578125 -0.162109375 0.0184326171875
-0.2421875 -0.060546875 -0.4552001953125
-0.2421875 -0.052734375 -0.19140625
-0.2578125 0.025390625 -0.1922607421875
-0.1953125 -0.130859375 -0.0594482421875
-0.2421875 0.025390625 -0.45849609375
-0.1484375 -0.197265625 0.4039306640625
-0.1640625 -0.107421875 -0.19500732421875
-0.1171875 -0.267578125 0.4039306640625
-0.1484375 -0.115234375 0.4029541015625
-0.2109375 0.126953125 -0.19818115234375
-0.1015625 -0.169921875 -0.19696044921875
-0.1484375 -0.037109375 0.4014892578125
-0.1796875 0.041015625 0.6607666015625
-0.1640625 0.048828125 -0.0653076171875
-0.1484375 -0.029296875 0.6612548828125
-0.1640625 0.041015625 0.4010009765625
-0.1328125 -0.021484375 0.0648193359375
-0.2109375 0.205078125 -0.06689453125
-0.1484375 0.048828125 0.0648193359375
-0.1796875 0.126953125 0.4000244140625
-0.0703125 -0.091796875 -0.5177001953125
-0.0703125 -0.091796875 0.0633544921875
-0.0859375 -0.083984375 0.6602783203125
0.0390625 -0.298828125 0.3277587890625
0.0078125 -0.130859375 -0.47265625
-0.0078125 -0.052734375 -0.473388671875
-0.0859375 0.166015625 0.0582275390625
-0.1171875 0.236328125 0.3961181640625
0.0390625 0.041015625 0.3218994140625
0.1328125 -0.185546875 0.1878662109375
0.0546875 0.041015625 0.1873779296875
0.1171875 -0.099609375 0.0535888671875
0.1640625 -0.154296875 -0.08056640625
0.1484375 -0.083984375 -0.081298828125
0.1328125 -0.013671875 0.1846923828125
0.1953125 -0.162109375 -0.5352783203125
0.0390625 0.298828125 0.3175048828125
0.2109375 -0.138671875 -0.4873046875
0.0859375 0.228515625 0.3165283203125
0.2578125 -0.044921875 -0.0115966796875
0.3046875 -0.029296875 -0.5477294921875
0.3203125 -0.021484375 0.3106689453125
0.2421875 0.197265625 0.3106689453125
0.3828125 -0.177734375 0.0408935546875
0.4453125 -0.138671875 -0.5057373046875
0.4140625 0.048828125 0.7105712890625
0.4921875 -0.130859375 0.4415283203125
0.5234375 -0.208984375 0.4410400390625
0.4921875 -0.052734375 0.4405517578125
0.4765625 -0.013671875 0.7095947265625
0.4765625 0.025390625 0.4400634765625
0.5390625 -0.115234375 0.1671142578125
0.4765625 0.111328125 0.4385986328125
0.6015625 -0.169921875 -0.5159912109375
0.5546875 -0.037109375 0.5718994140625
0.6171875 -0.177734375 0.1639404296875
0.6171875 -0.162109375 -0.2437896728515625
0.5390625 0.041015625 0.5714111328125
0.4921875 0.212890625 0.4361572265625
0.6484375 -0.154296875 -0.1092529296875
0.6171875 -0.099609375 0.5709228515625
0.5703125 0.142578125 0.5689697265625
