WHEELED_RIDER
-0.65625 0.072265625 0.2236328125
-0.65625 0.142578125 0.22216796875
-0.53125 0.009765625 -0.66015625
-0.515625 0.017578125 -0.390625
-0.453125 -0.126953125 -0.2171630859375
-0.484375 -0.064453125 0.21875
-0.59375 0.314453125 0.21435546875
-0.4375 -0.021484375 -0.66650390625
-0.484375 0.111328125 -0.669189453125
-0.390625 0.001953125 -0.400634765625
-0.4375 0.126953125 -0.4010009765625
-0.5 0.291015625 0.210205078125
-0.296875 -0.107421875 -0.1798095703125
-0.34375 0.017578125 -0.1805419921875
-0.3125 -0.044921875 -0.18017578125
-0.3125 -0.037109375 -0.4053955078125
-0.359375 0.087890625 -0.18218994140625
-0.328125 0.080078125 0.20703125
-0.328125 0.166015625 -0.18646240234375
-0.234375 -0.021484375 0.20458984375
-0.296875 0.181640625 0.2021484375
-0.1875 -0.056640625 0.035888671875
-0.15625 -0.126953125 0.203125
-0.140625 -0.130859375 -0.2397003173828125
-0.1875 0.017578125 0.03369140625
-0.109375 -0.177734375 0.533447265625
-0.09375 -0.173828125 -0.2422332763671875
-0.125 -0.103515625 0.033447265625
-0.21875 0.064453125 0.753173828125
-0.203125 0.087890625 0.032470703125
-0.15625 -0.056640625 0.533447265625
-0.109375 -0.095703125 -0.19403076171875
-0.171875 0.017578125 0.531982421875
-0.1875 0.072265625 0.531982421875
-0.15625 0.033203125 -0.69677734375
-0.203125 0.142578125 0.531005859375
-0.140625 0.111328125 0.140869140625
-0.109375 0.048828125 0.140869140625
-0.0625 -0.005859375 0.139892578125
-0.171875 0.228515625 0.528564453125
0.03125 -0.189453125 0.251708984375
-0.03125 0.080078125 0.247802734375
-0.078125 0.212890625 0.134521484375
0.09375 -0.169921875 -0.25543975830078125
0.09375 -0.150390625 0.0205078125
0.15625 -0.123046875 -0.212158203125
0.03125 0.259765625 0.240478515625
0.140625 0.009765625 0.127685546875
0.203125 -0.103515625 -0.4456787109375
0.015625 0.330078125 0.239013671875
0.078125 0.205078125 0.239501953125
0.25 -0.150390625 0.0107421875
0.359375 -0.330078125 -0.730224609375
0.359375 -0.255859375 -0.734130859375
0.34375 -0.193359375 0.006591796875
0.359375 -0.181640625 -0.7373046875
0.34375 -0.099609375 -0.73974609375
0.328125 -0.048828125 0.1181640625
0.25 0.134765625 0.231689453125
0.359375 -0.107421875 -0.4586181640625
0.359375 -0.029296875 -0.74462890625
0.40625 -0.099609375 0.229736328125
0.359375 0.025390625 0.688720703125
0.453125 -0.154296875 0.343505859375
0.375 0.056640625 -0.749267578125
0.484375 -0.216796875 0.343505859375
0.46875 -0.134765625 -0.4666748046875
0.390625 0.033203125 0.573486328125
0.453125 -0.083984375 0.342529296875
0.453125 -0.068359375 0.111328125
0.375 0.134765625 -0.753173828125
0.453125 -0.072265625 0.457275390625
0.4375 -0.021484375 0.687255859375
0.390625 0.111328125 0.686767578125
0.453125 0.001953125 0.340087890625
0.53125 -0.201171875 0.456787109375
0.453125 -0.005859375 0.456298828125
0.4375 0.056640625 0.340087890625
0.4375 0.064453125 0.455810546875
0.421875 0.126953125 0.339111328125
0.46875 0.001953125 0.571533203125
0.421875 0.134765625 0.454833984375
0.546875 -0.103515625 -0.2422332763671875
0.515625 -0.052734375 0.570556640625
0.453125 0.134765625 0.569580078125
0.4375 0.212890625 0.336669921875
0.546875 -0.029296875 -0.244873046875
0.4375 0.220703125 0.451904296875
0.578125 -0.095703125 0.10546875
0.4375 0.298828125 0.450439453125
0.65625 -0.126953125 -0.4833984375
