WHEELED_RIDER
-0.53125 -0.21875 -0.168212890625
-0.625 -0.00390625 -0.5576171875
-0.59375 -0.0625 -0.556396484375
-0.5625 -0.09765625 -0.1710205078125
-0.46875 -0.0625 -0.568359375
-0.40625 -0.09375 -0.5738525390625
-0.359375 -0.01171875 -0.3329010009765625
-0.28125 -0.10546875 -0.584228515625
-0.328125 0.00390625 -0.1309814453125
-0.25 -0.15625 -0.33512115478515625
-0.21875 -0.2421875 0.210693359375
-0.265625 -0.13671875 0.210205078125
-0.46875 0.29296875 0.209228515625
-0.296875 -0.04296875 -0.33624267578125
-0.265625 -0.1015625 -0.1318359375
-0.28125 -0.046875 -0.1322021484375
-0.21875 -0.1875 0.209716796875
-0.328125 0.07421875 -0.1337890625
-0.21875 -0.14453125 -0.1337890625
-0.3125 0.08203125 -0.34107208251953125
-0.25 -0.06640625 0.207763671875
-0.171875 -0.18359375 -0.34142303466796875
-0.21875 -0.07421875 -0.341064453125
-0.171875 -0.16015625 -0.1968994140625
-0.25 0.00390625 0.205810546875
-0.25 0.00390625 0.508056640625
-0.296875 0.16796875 -0.34627342224121094
-0.25 0.06640625 0.204345703125
-0.078125 -0.27734375 0.169677734375
-0.1875 -0.03515625 0.506103515625
-0.25 0.13671875 0.202392578125
-0.15625 -0.0859375 0.506103515625
-0.078125 -0.18359375 -0.201904296875
-0.09375 -0.1484375 -0.60009765625
-0.109375 -0.08203125 -0.6025390625
-0.078125 -0.13671875 -0.14453125
-0.1875 0.10546875 0.503173828125
-0.25 0.26953125 0.198974609375
-0.109375 -0.01171875 0.06005859375
-0.03125 -0.1875 0.164306640625
-0.015625 -0.17578125 -0.6064453125
0.0 -0.20703125 -0.20751953125
-0.078125 -0.00390625 0.162353515625
-0.171875 0.24609375 0.195068359375
-0.078125 0.06640625 0.159423828125
-0.046875 0.08203125 0.052978515625
0.109375 -0.1875 -0.1558837890625
0.109375 -0.18359375 -0.617919921875
-0.0625 0.21484375 0.154541015625
-0.078125 0.26171875 0.154052734375
0.15625 -0.16015625 -0.3688812255859375
0.234375 -0.1953125 -0.1646728515625
0.328125 -0.29296875 0.14697265625
0.09375 0.22265625 0.1455078125
0.28125 -0.15625 -0.63671875
0.3125 -0.23046875 0.146240234375
0.25 0.08984375 0.034912109375
0.328125 -0.078125 0.034912109375
0.375 -0.1171875 0.03369140625
0.328125 -0.00390625 0.032958984375
0.4375 -0.2421875 0.243896484375
0.328125 -0.01953125 0.559814453125
0.421875 -0.17578125 0.242431640625
0.3125 0.04296875 0.558837890625
0.421875 -0.109375 0.240966796875
0.359375 -0.01171875 0.662841796875
0.453125 -0.15234375 -0.39410400390625
0.390625 -0.0625 0.557861328125
0.40625 -0.05078125 0.240478515625
0.46875 -0.1484375 0.028564453125
0.390625 0.01953125 0.239013671875
0.4375 -0.09765625 0.450927734375
0.421875 -0.04296875 0.344970703125
0.5 -0.21484375 0.344970703125
0.46875 -0.11328125 -0.2447509765625
0.375 0.08203125 0.238037109375
0.453125 -0.09765625 0.344482421875
0.421875 -0.0546875 0.661865234375
0.484375 -0.15234375 0.450439453125
0.4375 -0.03515625 0.449951171875
0.421875 0.02734375 0.343505859375
0.53125 -0.1875 -0.39892578125
0.53125 -0.1875 0.02587890625
0.421875 0.02734375 0.449462890625
0.390625 0.16015625 0.235595703125
0.421875 0.09765625 0.341552734375
0.53125 -0.11328125 -0.662841796875
0.453125 0.11328125 0.446533203125
0.4375 0.17578125 0.339111328125
0.4375 0.17578125 0.445556640625
0.421875 0.23046875 0.338623046875
0.421875 0.24609375 0.231201171875
0.625 -0.14453125 -0.1951904296875
