WHEELED_RIDER
-0.640625 -0.078125 0.198486328125
-0.59375 -0.09375 0.196044921875
-0.6328125 -0.015625 0.195068359375
-0.65625 0.1328125 0.188232421875
-0.515625 -0.03515625 -0.656494140625
-0.4609375 -0.0859375 -0.314697265625
-0.46875 -0.0546875 -0.660400390625
-0.515625 0.01953125 -0.662109375
-0.4765625 -0.00390625 -0.311614990234375
-0.4453125 -0.0390625 -0.311676025390625
-0.4765625 0.046875 -0.31561279296875
-0.3984375 -0.0546875 -0.66845703125
-0.390625 -0.046875 -0.316802978515625
-0.296875 -0.16796875 0.467041015625
-0.40625 0.06640625 -0.3318939208984375
-0.203125 -0.20703125 -0.3308563232421875
-0.2890625 -0.08203125 -0.078125
-0.3125 -0.0390625 -0.680908203125
-0.2578125 -0.0859375 -0.3344879150390625
-0.2421875 -0.10546875 -0.08056640625
-0.2265625 -0.1171875 -0.335601806640625
-0.2109375 -0.13671875 -0.081298828125
-0.2421875 -0.078125 0.171630859375
-0.171875 -0.1640625 -0.082763671875
-0.2578125 -0.03515625 0.170654296875
-0.2109375 -0.07421875 -0.3328399658203125
-0.265625 0.01171875 0.169189453125
-0.1484375 -0.13671875 -0.3339996337890625
-0.21875 -0.01953125 -0.694580078125
-0.1796875 -0.0859375 0.168212890625
-0.109375 -0.1640625 -0.3361053466796875
-0.140625 -0.15625 0.459228515625
-0.109375 -0.1875 0.458740234375
-0.2421875 -0.015625 0.676025390625
-0.265625 0.0703125 0.165771484375
-0.2734375 0.06640625 0.675048828125
-0.2421875 0.03515625 0.674072265625
-0.25 0.11328125 -0.094482421875
-0.1171875 -0.08984375 0.164306640625
-0.21875 0.0859375 -0.095947265625
-0.1796875 -0.02734375 0.674072265625
-0.265625 0.1640625 -0.096923828125
-0.1171875 -0.05859375 0.088134765625
-0.0859375 -0.09375 0.087646484375
-0.078125 -0.109375 0.162353515625
-0.09375 -0.04296875 -0.3466644287109375
-0.1640625 0.0703125 -0.3489837646484375
-0.171875 0.04296875 0.453369140625
-0.140625 0.0390625 -0.34905433654785156
-0.15625 0.07421875 -0.099853515625
-0.1875 0.0859375 0.452392578125
-0.015625 -0.16796875 0.453369140625
-0.03125 -0.10546875 0.084228515625
-0.125 0.046875 0.08251953125
-0.015625 -0.1171875 0.158935546875
-0.09375 0.01171875 0.08251953125
-0.1796875 0.1484375 0.449951171875
-0.125 0.1015625 0.07958984375
0.015625 -0.08984375 -0.3613739013671875
0.0703125 -0.15625 -0.36211395263671875
-0.1875 0.1953125 0.448486328125
0.0546875 -0.1171875 -0.3629913330078125
0.03125 -0.0078125 0.224853515625
0.140625 -0.1484375 -0.1112060546875
0.15625 -0.15234375 -0.3707122802734375
-0.1640625 0.28125 0.444091796875
0.1015625 -0.07421875 0.223388671875
0.1875 -0.16796875 -0.1143798828125
-0.015625 0.125 0.220947265625
0.2890625 -0.3125 -0.730712890625
0.09375 -0.01953125 0.220947265625
0.28125 -0.26171875 -0.73388671875
0.2578125 -0.22265625 -0.735107421875
0.21875 -0.15234375 -0.377288818359375
0.25 -0.17578125 -0.738037109375
0.2265625 -0.13671875 -0.738525390625
0.203125 -0.09765625 0.06640625
0.234375 -0.1328125 0.06591796875
0.21875 -0.0859375 -0.3755645751953125
0.1484375 0.03125 -0.12353515625
0.2734375 -0.15625 0.06396484375
0.203125 0.015625 -0.3815460205078125
0.0078125 0.3125 0.210205078125
0.2265625 0.03125 -0.130126953125
0.421875 -0.2265625 0.361572265625
0.359375 -0.08984375 -0.389984130859375
0.390625 -0.1328125 0.053955078125
0.3984375 -0.12109375 -0.3916015625
0.46875 -0.25 0.360107421875
0.3046875 0.03125 0.05126953125
0.3203125 0.03515625 0.203857421875
0.4375 -0.15625 0.357666015625
0.4453125 -0.1640625 0.434326171875
0.4296875 -0.1171875 0.433349609375
0.484375 -0.19140625 0.433349609375
0.390625 -0.01953125 0.201416015625
0.453125 -0.08203125 -0.14306640625
0.4453125 -0.09765625 0.355224609375
0.5234375 -0.22265625 0.432373046875
0.421875 -0.0546875 0.354736328125
0.484375 -0.1171875 -0.1435546875
0.4609375 -0.08984375 0.124755859375
0.34375 0.046875 0.662353515625
0.375 0.00390625 0.738525390625
0.375 0.015625 0.661376953125
0.5078125 -0.16796875 0.508056640625
0.4453125 -0.0390625 0.198974609375
0.40625 -0.01953125 0.661376953125
0.359375 0.046875 0.737548828125
0.4140625 -0.015625 0.584228515625
0.4765625 -0.07421875 0.198486328125
0.5078125 -0.1015625 0.04296875
0.4296875 0.00390625 0.352294921875
0.4296875 0.0 0.428955078125
0.421875 -0.01953125 0.737548828125
0.3515625 0.1015625 0.736572265625
0.4140625 0.05078125 0.350830078125
0.484375 -0.0703125 0.506103515625
0.546875 -0.13671875 0.196533203125
0.390625 0.09375 0.350341796875
0.5546875 -0.125 -0.1492919921875
0.421875 0.046875 0.427490234375
0.53125 -0.09375 0.195556640625
0.5234375 -0.1015625 0.505615234375
0.40625 0.09375 0.426513671875
0.6015625 -0.15234375 -0.1514892578125
0.5859375 -0.171875 0.505126953125
0.3984375 0.1484375 0.424560546875
0.4609375 0.078125 0.11669921875
0.46875 0.03515625 0.503173828125
0.5859375 -0.10546875 0.037353515625
0.5 -0.0078125 0.580322265625
0.40625 0.1640625 0.346435546875
0.625 -0.12890625 -0.414764404296875
0.4609375 0.08203125 0.502197265625
0.65625 -0.16796875 -0.155517578125
0.46875 0.1484375 0.499755859375
0.4296875 0.2265625 0.420166015625
0.578125 -0.0078125 0.576904296875
0.6015625 0.0234375 -0.42889404296875
0.4453125 0.25 0.340576171875
0.421875 0.2890625 0.340087890625
0.484375 0.21875 0.496337890625
