WHEELED_RIDER
-0.609375 -0.32421875 0.24176025390625
-0.609375 -0.26171875 0.23785400390625
-0.625 -0.06640625 0.22711181640625
-0.484375 -0.18359375 -0.21624755859375
-0.4375 -0.19921875 -0.21868896484375
-0.484375 -0.1328125 -0.22064208984375
-0.546875 -0.046875 -0.52374267578125
-0.5078125 -0.07421875 -0.5244140625
-0.3203125 -0.2890625 0.22222900390625
-0.40625 -0.1640625 0.22027587890625
-0.28125 -0.3046875 0.22076416015625
-0.234375 -0.3125 0.21881103515625
-0.375 -0.09765625 -0.53680419921875
-0.640625 0.19140625 0.21197509765625
-0.609375 0.17578125 0.21148681640625
-0.3359375 -0.1171875 -0.53924560546875
-0.6484375 0.24609375 0.20904541015625
-0.5703125 0.16015625 0.21002197265625
-0.296875 -0.1328125 -0.541748046875
-0.296875 -0.1328125 -0.22760009765625
-0.265625 -0.15625 -0.22808837890625
-0.234375 -0.18359375 -0.22857666015625
-0.28125 -0.1484375 0.21197509765625
-0.2890625 -0.07421875 -0.23309326171875
-0.1875 -0.1953125 -0.23162841796875
-0.234375 -0.12890625 -0.54913330078125
-0.234375 -0.08984375 -0.24639892578125
-0.140625 -0.19921875 -0.23626708984375
-0.1171875 -0.25390625 0.20806884765625
-0.1796875 -0.14453125 -0.24652099609375
-0.1953125 -0.11328125 -0.24749755859375
-0.3046875 0.0234375 -0.24066162109375
-0.1953125 -0.1171875 0.20513916015625
-0.1328125 -0.16015625 -0.24896240234375
-0.265625 0.0078125 -0.24273681640625
-0.15625 -0.1171875 -0.02117919921875
-0.203125 -0.05078125 -0.02239990234375
-0.09375 -0.171875 -0.25152587890625
-0.125 -0.13671875 -0.02264404296875
-0.171875 -0.078125 -0.02288818359375
-0.296875 0.0859375 -0.24676513671875
-0.0625 -0.19140625 -0.02313232421875
-0.3125 0.12890625 -0.24981689453125
-0.0546875 -0.1875 -0.25396728515625
-0.0859375 -0.15234375 -0.02435302734375
-0.2578125 -0.00390625 0.65240478515625
-0.203125 -0.0625 0.65240478515625
-0.2265625 -0.02734375 0.65240478515625
-0.046875 -0.1640625 -0.5665283203125
-0.1953125 0.01171875 -0.02801513671875
-0.0859375 -0.16015625 0.45904541015625
-0.015625 -0.1953125 -0.56591796875
-0.109375 -0.06640625 -0.56951904296875
-0.1015625 -0.12109375 0.45806884765625
-0.15625 -0.0703125 0.65142822265625
-0.296875 0.17578125 -0.26458740234375
-0.109375 -0.07421875 0.45660400390625
0.0390625 -0.20703125 -0.26043701171875
-0.1953125 0.078125 -0.03314208984375
-0.03125 -0.16015625 0.45660400390625
0.0390625 -0.1953125 -0.57269287109375
-0.1484375 -0.0078125 0.45562744140625
-0.03125 -0.1015625 -0.57452392578125
-0.125 -0.03515625 0.45562744140625
0.078125 -0.21875 -0.57452392578125
-0.15625 0.04296875 0.45367431640625
-0.0390625 -0.05078125 -0.57940673828125
0.0390625 -0.16015625 0.19390869140625
0.0625 -0.17578125 0.12799072265625
0.109375 -0.1875 -0.03729248046875
0.140625 -0.2109375 -0.58258056640625
0.15625 -0.2578125 0.26031494140625
-0.140625 0.109375 0.45025634765625
0.1484375 -0.2109375 -0.03851318359375
0.0546875 -0.0703125 0.12164306640625
0.0390625 -0.03515625 0.12115478515625
0.1796875 -0.17578125 -0.26776123046875
0.15625 -0.13671875 -0.26922607421875
-0.1328125 0.17578125 0.44683837890625
0.2109375 -0.203125 -0.59124755859375
0.2109375 -0.203125 -0.04412841796875
0.015625 0.0546875 0.11676025390625
0.2265625 -0.1875 -0.27081298828125
0.046875 0.03125 0.11627197265625
0.25 -0.109375 -0.28814697265625
0.3125 -0.16796875 -0.05487060546875
0.3203125 -0.16015625 -0.60858154296875
0.0859375 0.1171875 0.24371337890625
0.046875 0.19921875 0.10455322265625
0.328125 -0.16015625 0.24468994140625
0.3671875 -0.171875 -0.61285400390625
0.0078125 0.26953125 0.10308837890625
0.25 -0.01171875 -0.06097412109375
0.3828125 -0.1640625 -0.06048583984375
0.421875 -0.234375 0.24273681640625
0.46875 -0.25 0.24078369140625
0.5 -0.27734375 0.24029541015625
0.40625 -0.140625 0.23883056640625
0.4453125 -0.15625 -0.62396240234375
0.421875 -0.13671875 0.37408447265625
0.4609375 -0.1484375 -0.06829833984375
0.4375 -0.1015625 -0.29876708984375
0.4765625 -0.19140625 0.37359619140625
0.5 -0.22265625 0.37408447265625
0.4609375 -0.15234375 0.23638916015625
0.46875 -0.1328125 -0.29925537109375
0.1328125 0.26953125 0.23248291015625
0.53125 -0.25 0.37310791015625
0.421875 -0.0703125 0.09674072265625
0.3984375 -0.03515625 0.09625244140625
0.5078125 -0.15625 -0.30084228515625
0.46875 -0.15234375 0.44049072265625
0.4921875 -0.18359375 0.44097900390625
0.53125 -0.18359375 -0.30084228515625
0.453125 -0.08984375 0.09576416015625
0.4765625 -0.140625 0.37164306640625
0.3828125 0.01171875 0.09429931640625
0.53125 -0.20703125 0.44000244140625
0.125 0.32421875 0.36724853515625
0.375 -0.01953125 0.64361572265625
0.40625 -0.046875 0.57525634765625
0.46875 -0.09765625 0.43853759765625
0.359375 0.01953125 0.64361572265625
0.375 0.05859375 0.09185791015625
0.5859375 -0.1953125 -0.30487060546875
0.4140625 -0.0390625 0.64361572265625
0.5078125 -0.1015625 0.09283447265625
0.3671875 0.03515625 0.57427978515625
0.4453125 -0.0625 0.57427978515625
0.453125 -0.0546875 0.43707275390625
0.4453125 -0.0625 0.64263916015625
0.5390625 -0.12890625 0.09234619140625
0.5625 -0.16015625 0.09234619140625
0.3984375 0.07421875 -0.31683349609375
0.3203125 0.17578125 -0.31182861328125
0.4140625 0.03125 0.22857666015625
0.21875 0.29296875 0.22613525390625
0.4921875 -0.07421875 0.57330322265625
0.40625 0.078125 0.22662353515625
0.4453125 0.0 0.50347900390625
0.453125 0.0 0.43511962890625
0.453125 0.0078125 0.36578369140625
0.5703125 -0.1015625 -0.64373779296875
0.6484375 -0.19921875 -0.31048583984375
0.53125 -0.0859375 0.50299072265625
0.4453125 0.046875 0.43316650390625
0.4453125 0.05859375 0.36383056640625
0.6171875 -0.12109375 -0.08245849609375
0.4296875 0.09375 0.36285400390625
0.640625 -0.1484375 -0.08294677734375
0.515625 0.02734375 -0.32379150390625
0.5234375 -0.0390625 0.50152587890625
0.5 -0.0078125 0.50152587890625
0.4296875 0.09375 0.43170166015625
0.640625 -0.14453125 0.08599853515625
0.6328125 -0.09765625 -0.65240478515625
0.5078125 0.0703125 -0.32623291015625
0.4296875 0.15234375 0.42926025390625
0.4375 0.16796875 0.21978759765625
0.453125 0.17578125 0.35748291015625
0.4375 0.20703125 0.42633056640625
0.4765625 0.25390625 0.21246337890625
0.453125 0.29296875 0.21197509765625
0.4296875 0.32421875 0.21148681640625
