WHEELED_RIDER
-0.0970458984375 -0.224609375 0.0735626220703125
0.2047119140625 -0.162109375 -0.3854217529296875
-0.1546630859375 -0.228515625 0.0716094970703125
0.3302001953125 -0.146484375 -0.4188079833984375
0.3140869140625 -0.146484375 -0.3818817138671875
-0.1273193359375 -0.220703125 0.0720977783203125
-0.0194091796875 -0.205078125 0.0745391845703125
0.2608642578125 -0.150390625 -0.3840789794921875
0.0093994140625 -0.201171875 0.0755157470703125
0.0382080078125 -0.197265625 0.0760040283203125
0.2310791015625 -0.150390625 -0.3861541748046875
-0.0452880859375 -0.205078125 0.0735626220703125
0.2872314453125 -0.142578125 -0.3840789794921875
0.3541259765625 -0.134765625 -0.4196014404296875
-0.0736083984375 -0.205078125 0.0725860595703125
-0.3275146484375 -0.244140625 0.0662384033203125
-0.1859130859375 -0.220703125 0.0696563720703125
0.1724853515625 -0.150390625 -0.3890838623046875
-0.2161865234375 -0.220703125 0.0681915283203125
0.0587158203125 -0.177734375 0.0745391845703125
0.2681884765625 -0.130859375 -0.4250946044921875
0.6331787109375 -0.134765625 0.1482696533203125
0.1402587890625 -0.142578125 -0.3926239013671875
-0.3040771484375 -0.224609375 0.0647735595703125
-0.0106201171875 -0.154296875 -0.4368133544921875
0.0191650390625 -0.150390625 -0.4352264404296875
0.2930908203125 -0.119140625 -0.4258880615234375
-0.2513427734375 -0.208984375 0.0652618408203125
-0.0667724609375 -0.154296875 -0.4399261474609375
0.1075439453125 -0.130859375 -0.3962860107421875
0.3721923828125 -0.099609375 -0.4258880615234375
0.6185302734375 -0.083984375 -0.4172821044921875
-0.0413818359375 -0.142578125 -0.4407196044921875
0.0772705078125 -0.146484375 0.0716094970703125
0.5906982421875 -0.080078125 -0.4188690185546875
0.0748291015625 -0.123046875 -0.3998870849609375
0.0465087890625 -0.119140625 -0.4020233154296875
-0.2884521484375 -0.189453125 0.0613555908203125
0.0372314453125 -0.119140625 -0.4407806396484375
0.5323486328125 -0.072265625 -0.4235687255859375
-0.1038818359375 -0.130859375 -0.4470062255859375
0.0621337890625 -0.107421875 -0.4415740966796875
0.3507080078125 -0.076171875 -0.3927459716796875
0.5042724609375 -0.064453125 -0.4259490966796875
0.5577392578125 -0.060546875 -0.4243621826171875
0.0123291015625 -0.103515625 -0.4063568115234375
0.4739990234375 -0.056640625 -0.4290618896484375
0.4288330078125 -0.052734375 -0.3927459716796875
0.0933837890625 -0.103515625 0.0672149658203125
0.1207275390625 -0.099609375 0.0681915283203125
0.0816650390625 -0.080078125 -0.4454803466796875
0.3985595703125 -0.048828125 -0.3949432373046875
0.3702392578125 -0.048828125 -0.3964080810546875
0.1470947265625 -0.091796875 0.0681915283203125
-0.2484130859375 -0.123046875 -0.4192962646484375
0.6148681640625 -0.044921875 -0.0819549560546875
0.1734619140625 -0.083984375 0.0681915283203125
0.4527587890625 -0.037109375 -0.3942718505859375
-0.0257568359375 -0.083984375 -0.4121551513671875
0.5372314453125 -0.029296875 -0.3914031982421875
-0.2806396484375 -0.119140625 -0.4221649169921875
-0.4173583984375 -0.162109375 0.0525665283203125
-0.2249755859375 -0.107421875 -0.4207611083984375
0.4385986328125 -0.029296875 -0.4361419677734375
0.5635986328125 -0.021484375 -0.3914031982421875
0.5926513671875 -0.017578125 -0.3906707763671875
0.5836181640625 -0.029296875 -0.0851287841796875
-0.5667724609375 -0.158203125 -0.4350433349609375
-0.5980224609375 -0.158203125 -0.4372406005859375
0.1939697265625 -0.056640625 0.0657501220703125
-0.5423583984375 -0.146484375 -0.4357757568359375
0.1622314453125 -0.048828125 -0.0990447998046875
0.5020751953125 -0.005859375 -0.3971405029296875
0.1319580078125 -0.044921875 -0.1009979248046875
0.0963134765625 -0.033203125 -0.4533538818359375
-0.6331787109375 -0.150390625 -0.4415130615234375
0.2169189453125 -0.037109375 0.0642852783203125
0.5469970703125 0.005859375 -0.0917205810546875
-0.4925537109375 -0.130859375 0.0452423095703125
0.5155029296875 0.017578125 -0.0948944091796875
0.4635009765625 0.033203125 -0.4058685302734375
0.0943603515625 -0.009765625 -0.1078338623046875
-0.5032958984375 -0.091796875 -0.4423675537109375
0.1138916015625 0.005859375 -0.4596099853515625
-0.4798583984375 -0.080078125 -0.4423675537109375
0.6309814453125 0.017578125 0.2815704345703125
-0.5394287109375 -0.080078125 -0.4467010498046875
0.0587158203125 0.013671875 -0.1127166748046875
0.2266845703125 0.021484375 0.0579376220703125
0.1944580078125 0.041015625 -0.1107635498046875
-0.1790771484375 0.005859375 -0.4776458740234375
0.1641845703125 0.044921875 -0.1127166748046875
-0.4681396484375 -0.033203125 -0.4496307373046875
0.6202392578125 0.041015625 0.3914337158203125
0.5916748046875 0.041015625 0.3909454345703125
0.5985107421875 0.033203125 0.4832305908203125
0.5706787109375 0.033203125 0.4822540283203125
0.6263427734375 0.037109375 0.4832305908203125
0.5614013671875 0.052734375 0.3894805908203125
0.5328369140625 0.052734375 0.3885040283203125
0.5384521484375 0.048828125 0.4807891845703125
-0.0364990234375 0.025390625 0.3777618408203125
0.1055908203125 0.044921875 0.3797149658203125
-0.0081787109375 0.033203125 0.3777618408203125
0.0186767578125 0.037109375 0.3782501220703125
0.0738525390625 0.052734375 0.3787384033203125
0.0430908203125 0.052734375 0.3777618408203125
-0.4622802734375 0.033203125 -0.4604949951171875
0.4925537109375 0.099609375 0.3836212158203125
0.2252197265625 0.119140625 0.0457305908203125
0.1236572265625 0.080078125 0.3777618408203125
0.3531494140625 0.193359375 -0.4832305908203125
-0.4583740234375 0.095703125 -0.4713592529296875
-0.2357177734375 0.244140625 -0.4823455810546875
