WHEELED_RIDER
0.552734375 -0.2578125 0.308349609375
0.681640625 -0.13671875 0.10986328125
0.642578125 -0.1484375 0.107177734375
0.603515625 -0.16015625 0.104736328125
0.599609375 -0.140625 0.05078125
0.560546875 -0.16796875 0.102294921875
0.654296875 -0.09375 0.05126953125
0.673828125 -0.05859375 0.0498046875
0.611328125 -0.1015625 0.04833984375
0.517578125 -0.171875 0.0986328125
0.505859375 -0.1640625 -0.194061279296875
0.544921875 -0.13671875 0.045166015625
0.517578125 -0.125 -0.1971435546875
0.458984375 -0.16796875 0.093017578125
0.615234375 -0.046875 -0.577392578125
0.580078125 -0.0625 -0.580322265625
0.482421875 -0.125 0.039306640625
0.541015625 -0.078125 -0.583251953125
0.439453125 -0.1328125 0.035888671875
0.501953125 -0.0859375 -0.5869140625
0.373046875 -0.17578125 0.033935546875
0.400390625 -0.15234375 0.086669921875
0.369140625 -0.17578125 0.287841796875
0.392578125 -0.140625 0.032958984375
0.279296875 -0.234375 0.285400390625
0.330078125 -0.1875 0.285888671875
0.291015625 -0.203125 0.283935546875
0.357421875 -0.1171875 -0.2149810791015625
0.287109375 -0.19140625 0.462158203125
0.259765625 -0.2109375 0.461181640625
0.306640625 -0.16015625 0.461181640625
0.291015625 -0.140625 0.023681640625
0.197265625 -0.2109375 -0.22235107421875
0.330078125 -0.1328125 0.461181640625
0.357421875 -0.10546875 0.461181640625
0.208984375 -0.21484375 0.458740234375
0.248046875 -0.15625 0.073486328125
0.150390625 -0.26171875 0.457763671875
0.373046875 -0.06640625 0.459716796875
0.232421875 -0.14453125 -0.225433349609375
0.138671875 -0.20703125 -0.2291259765625
0.251953125 -0.11328125 -0.22666168212890625
0.185546875 -0.1484375 -0.23035049438476562
0.380859375 -0.0234375 0.457763671875
0.228515625 -0.08203125 0.06494140625
0.169921875 -0.12890625 0.063232421875
0.166015625 -0.125 0.01123046875
0.380859375 0.03125 0.454833984375
0.123046875 -0.13671875 0.00830078125
0.080078125 -0.1484375 0.00537109375
0.220703125 -0.02734375 0.059326171875
0.376953125 0.08203125 0.451416015625
0.029296875 -0.1484375 0.0008544921875
-0.044921875 -0.18359375 -0.0025634765625
-0.017578125 -0.16015625 -0.0020751953125
0.201171875 -0.01171875 0.698486328125
-0.087890625 -0.1953125 -0.005615234375
0.166015625 -0.0234375 0.697509765625
-0.123046875 -0.2109375 -0.007568359375
0.216796875 0.02734375 0.697509765625
-0.166015625 -0.2265625 -0.010009765625
0.345703125 0.16796875 0.444580078125
0.115234375 -0.02734375 0.695068359375
-0.251953125 -0.25 -0.3297119140625
-0.064453125 -0.05859375 -0.2678680419921875
-0.318359375 -0.29296875 0.430908203125
-0.396484375 -0.3203125 -0.677734375
-0.220703125 -0.17578125 0.430419921875
-0.373046875 -0.2890625 -0.678466796875
-0.353515625 -0.25390625 -0.6796875
-0.333984375 -0.2265625 -0.680419921875
-0.310546875 -0.1953125 -0.68115234375
-0.291015625 -0.16015625 -0.6826171875
-0.263671875 -0.1328125 -0.682373046875
-0.376953125 -0.2421875 0.351806640625
-0.349609375 -0.21484375 0.352294921875
-0.333984375 -0.17578125 -0.0296630859375
-0.326171875 -0.18359375 0.352294921875
-0.419921875 -0.26171875 0.349853515625
-0.244140625 -0.09375 -0.6845703125
-0.353515625 -0.20703125 0.482177734375
-0.435546875 -0.24609375 -0.35223388671875
-0.341796875 -0.171875 0.188720703125
-0.486328125 -0.30859375 0.347900390625
-0.224609375 -0.0625 -0.68603515625
-0.392578125 -0.23046875 0.481201171875
-0.419921875 -0.21484375 -0.3533935546875
-0.201171875 -0.03125 -0.6865234375
-0.173828125 -0.00390625 -0.685791015625
-0.248046875 -0.0390625 -0.290008544921875
-0.494140625 -0.2578125 -0.35791015625
-0.193359375 0.015625 -0.290008544921875
-0.458984375 -0.22265625 -0.03759765625
-0.158203125 0.03515625 -0.688720703125
-0.134765625 0.06640625 -0.690185546875
-0.107421875 0.09375 -0.689453125
-0.412109375 -0.16015625 -0.0380859375
-0.412109375 -0.1640625 0.18212890625
-0.240234375 0.00390625 -0.2943115234375
-0.423828125 -0.15625 -0.35943603515625
-0.451171875 -0.1796875 -0.0400390625
-0.396484375 -0.125 -0.0401611328125
-0.091796875 0.1328125 -0.692138671875
-0.068359375 0.15625 -0.692138671875
-0.521484375 -0.21875 -0.0435791015625
-0.044921875 0.1875 -0.693603515625
-0.439453125 -0.13671875 -0.0433349609375
-0.021484375 0.21875 -0.694091796875
0.001953125 0.25 -0.69482421875
-0.498046875 -0.14453125 -0.0479736328125
0.017578125 0.29296875 -0.698486328125
0.044921875 0.3203125 -0.698486328125
-0.544921875 -0.15625 -0.0516357421875
-0.525390625 -0.12109375 0.16943359375
-0.623046875 -0.1953125 -0.056396484375
-0.599609375 -0.1640625 -0.0562744140625
-0.662109375 -0.21484375 -0.05859375
-0.470703125 -0.05859375 0.666259765625
-0.587890625 -0.1171875 0.164306640625
-0.658203125 -0.1640625 -0.3870849609375
-0.509765625 -0.078125 0.665283203125
-0.537109375 -0.05078125 0.595947265625
-0.681640625 -0.14453125 0.158447265625
