WHEELED_RIDER
0.640625 -0.09765625 -0.2083740234375
0.6640625 -0.06640625 -0.2083740234375
0.58984375 -0.109375 -0.2122802734375
0.54296875 -0.125 -0.2156982421875
0.5078125 -0.15234375 -0.216796875
0.4765625 -0.171875 -0.21826171875
0.4296875 -0.19140625 -0.22119140625
0.3515625 -0.17578125 -0.22998046875
0.28125 -0.17578125 -0.23687744140625
0.375 -0.0390625 0.2486572265625
0.34375 -0.06640625 0.2476806640625
0.39453125 -0.00390625 0.2481689453125
0.30078125 -0.0859375 0.2462158203125
0.34375 -0.01953125 -0.58837890625
0.40234375 0.04296875 0.2462158203125
0.19921875 -0.1640625 0.2437744140625
0.1640625 -0.19140625 0.2427978515625
0.25 -0.09765625 0.2437744140625
0.3515625 0.02734375 -0.592041015625
0.1328125 -0.21875 0.2418212890625
0.26953125 -0.015625 -0.5982666015625
0.39453125 0.10546875 0.2423095703125
0.06640625 -0.21875 0.2374267578125
0.21875 -0.03125 -0.6026611328125
0.17578125 -0.09375 0.2384033203125
0.0625 -0.17578125 -0.6090087890625
0.39453125 0.16015625 0.2393798828125
0.07421875 -0.13671875 -0.6107177734375
0.09375 -0.09765625 -0.6126708984375
0.0078125 -0.1875 -0.6146240234375
0.265625 0.04296875 0.5177001953125
-0.0390625 -0.2109375 -0.6190185546875
0.27734375 0.0859375 0.5167236328125
0.21875 0.02734375 0.5162353515625
0.12890625 -0.015625 -0.26910400390625
0.1015625 -0.04296875 -0.2696533203125
0.0625 -0.0703125 -0.271728515625
0.1171875 -0.0078125 -0.6180419921875
-0.0078125 -0.125 -0.27435302734375
0.359375 0.2421875 0.2330322265625
0.1328125 -0.01171875 0.5137939453125
0.015625 -0.0859375 -0.27532958984375
-0.109375 -0.20703125 -0.6275634765625
0.046875 -0.0078125 -0.6260986328125
-0.1171875 -0.15234375 -0.283538818359375
0.0 -0.0234375 -0.0406494140625
-0.09375 -0.1171875 -0.28399658203125
-0.09375 -0.1015625 -0.27899169921875
-0.0390625 -0.046875 -0.0428466796875
-0.1640625 -0.171875 -0.287109375
0.07421875 0.0859375 -0.0413818359375
-0.078125 -0.06640625 -0.0450439453125
0.09375 0.12109375 -0.0423583984375
-0.1640625 -0.1484375 -0.28240966796875
0.0 0.03125 -0.0440673828125
-0.2109375 -0.19140625 -0.6412353515625
0.11328125 0.16796875 -0.0435791015625
0.01171875 0.078125 -0.0462646484375
-0.2265625 -0.17578125 -0.293243408203125
-0.28125 -0.1875 -0.29833984375
-0.2890625 -0.1640625 0.2115478515625
-0.2734375 -0.125 0.2105712890625
-0.25 -0.08984375 0.2105712890625
-0.234375 -0.0546875 0.1212158203125
-0.34375 -0.1875 0.2662353515625
-0.265625 -0.0859375 0.1204833984375
-0.2890625 -0.12109375 0.2667236328125
-0.265625 -0.08984375 0.2667236328125
-0.3671875 -0.1796875 -0.307525634765625
-0.2421875 -0.05078125 0.2667236328125
-0.21875 -0.01171875 0.1197509765625
-0.328125 -0.14453125 0.2652587890625
-0.390625 -0.2109375 0.2642822265625
-0.421875 -0.2421875 0.2637939453125
-0.3125 -0.10546875 0.1177978515625
-0.359375 -0.13671875 -0.6658935546875
-0.3515625 -0.1328125 0.1163330078125
-0.234375 0.0 0.2647705078125
-0.2890625 -0.0703125 0.4107666015625
-0.3203125 -0.10546875 0.4102783203125
-0.21875 0.04296875 0.1168212890625
-0.359375 -0.1328125 0.4093017578125
-0.3984375 -0.15234375 0.1136474609375
-0.328125 -0.046875 -0.0679931640625
-0.3515625 -0.06640625 -0.306396484375
-0.3828125 -0.09765625 -0.307861328125
-0.2890625 -0.0234375 0.4088134765625
-0.234375 0.05078125 0.2618408203125
-0.4453125 -0.15625 -0.309356689453125
-0.4765625 -0.203125 0.1107177734375
-0.421875 -0.125 -0.309844970703125
-0.21875 0.09765625 0.1138916015625
-0.375 -0.06640625 -0.0706787109375
-0.40625 -0.1015625 -0.0711669921875
-0.2734375 0.02734375 0.4073486328125
-0.234375 0.109375 0.2589111328125
-0.4609375 -0.11328125 -0.0750732421875
-0.21875 0.15234375 0.1104736328125
-0.46875 -0.109375 -0.6820068359375
-0.28125 0.08984375 0.4044189453125
-0.3671875 -0.00390625 0.4766845703125
-0.53125 -0.125 -0.6883544921875
-0.53125 -0.12109375 -0.0809326171875
-0.359375 0.0390625 0.4757080078125
-0.3515625 0.04296875 0.5504150390625
-0.390625 0.01171875 0.5499267578125
-0.2890625 0.140625 0.4019775390625
-0.265625 0.19140625 0.2530517578125
-0.46875 -0.046875 0.4732666015625
-0.3984375 0.01953125 0.6226806640625
-0.5859375 -0.13671875 -0.6944580078125
-0.3515625 0.09375 0.4737548828125
-0.5859375 -0.12890625 -0.0858154296875
-0.375 0.05859375 0.6226806640625
-0.265625 0.2421875 0.1024169921875
-0.6640625 -0.19140625 -0.0885009765625
-0.6328125 -0.15234375 -0.0880126953125
-0.296875 0.203125 0.3990478515625
-0.4609375 0.0078125 0.5465087890625
-0.375 0.11328125 0.6212158203125
-0.4375 0.046875 0.6944580078125
-0.4140625 0.078125 0.6944580078125
-0.5078125 -0.00390625 0.6187744140625
