WHEELED_RIDER
0.6796875 -0.1640625 -0.513427734375
0.6328125 -0.1953125 -0.516845703125
0.6796875 0.01171875 -0.524658203125
0.4375 -0.19921875 -0.536865234375
0.40625 -0.23828125 -0.537841796875
0.3671875 -0.10546875 0.3941650390625
0.2734375 -0.21875 -0.5533447265625
0.3828125 -0.05859375 0.3936767578125
0.375 -0.04296875 0.0496826171875
0.34375 -0.0859375 0.0494384765625
0.3984375 0.0 0.0494384765625
0.40625 -0.0078125 0.3936767578125
0.3203125 -0.13671875 0.3931884765625
0.28125 -0.171875 0.3922119140625
0.3359375 -0.046875 -0.5775146484375
0.40625 0.05078125 0.3917236328125
0.3515625 0.0 -0.5792236328125
0.3828125 0.06640625 0.0457763671875
0.2578125 -0.09765625 0.0433349609375
0.3984375 0.12109375 0.0445556640625
0.3984375 0.11328125 0.3892822265625
0.2265625 -0.05078125 -0.5892333984375
0.390625 0.1796875 0.3868408203125
0.234375 0.0078125 -0.298797607421875
0.1640625 -0.09765625 0.0367431640625
0.2890625 0.05859375 0.6441650390625
0.0703125 -0.203125 -0.5975341796875
0.234375 0.06640625 -0.3022308349609375
0.2421875 0.02734375 0.6431884765625
0.2578125 0.11328125 -0.302215576171875
0.140625 -0.0546875 -0.30484771728515625
0.1953125 -0.00390625 0.6422119140625
0.0859375 -0.11328125 0.0318603515625
0.0078125 -0.23046875 -0.6029052734375
0.125 -0.0390625 -0.089599609375
0.0859375 -0.09375 -0.6024169921875
0.328125 0.27734375 0.3809814453125
0.0703125 -0.0703125 -0.0921630859375
0.0 -0.18359375 0.0286865234375
0.0234375 -0.14453125 0.0289306640625
0.2421875 0.14453125 0.6407470703125
0.0078125 -0.10546875 -0.3147602081298828
0.15625 0.12109375 -0.0943603515625
0.125 0.07421875 -0.0943603515625
-0.078125 -0.23828125 -0.6121826171875
0.0078125 -0.09765625 -0.095947265625
-0.0390625 -0.1640625 -0.5904541015625
0.0546875 -0.01171875 -0.6116943359375
0.1328125 0.18359375 -0.6151123046875
-0.109375 -0.1875 -0.5963134765625
-0.1171875 -0.15625 -0.32381439208984375
-0.09375 -0.109375 -0.1041259765625
-0.1953125 -0.2421875 -0.6253662109375
-0.1953125 -0.17578125 -0.3302764892578125
-0.1328125 0.03125 -0.33453369140625
-0.25 -0.13671875 0.0638427734375
-0.2265625 -0.09375 0.2432861328125
-0.234375 -0.08984375 0.0631103515625
-0.203125 -0.05078125 0.2437744140625
-0.2890625 -0.1796875 0.3321533203125
-0.234375 -0.0859375 0.3321533203125
-0.265625 -0.1328125 0.3321533203125
-0.21875 -0.03515625 0.0621337890625
-0.2578125 -0.125 0.4229736328125
-0.1875 0.00390625 0.2423095703125
-0.328125 -0.22265625 0.3311767578125
-0.2421875 -0.078125 0.4219970703125
-0.28125 -0.125 0.2413330078125
-0.2265625 -0.03125 0.3311767578125
-0.3125 -0.13671875 -0.6212158203125
-0.2265625 -0.02734375 0.4215087890625
-0.3125 -0.15625 0.4205322265625
-0.328125 -0.1640625 0.2398681640625
-0.359375 -0.2109375 0.2393798828125
-0.3671875 -0.20703125 -0.6466064453125
-0.1875 0.0703125 0.2403564453125
-0.2265625 0.02734375 0.0592041015625
-0.2265625 0.03125 0.3292236328125
-0.359375 -0.14453125 0.0562744140625
-0.2265625 0.04296875 0.4200439453125
-0.34375 -0.08984375 -0.12548828125
-0.421875 -0.234375 0.2359619140625
-0.1953125 0.13671875 0.2374267578125
-0.453125 -0.27734375 0.3253173828125
-0.234375 0.09765625 0.0557861328125
-0.2265625 0.09375 0.3267822265625
-0.3671875 -0.109375 -0.0006103515625
-0.3125 0.0078125 -0.3504638671875
-0.2421875 0.109375 0.4171142578125
-0.40625 -0.1171875 -0.1295166015625
-0.484375 -0.265625 0.2330322265625
-0.46875 -0.21484375 -0.6578369140625
-0.2421875 0.16015625 0.0528564453125
-0.328125 0.03515625 0.5050048828125
-0.2734375 0.1796875 0.3218994140625
-0.265625 0.1875 0.4136962890625
-0.4921875 -0.1328125 -0.135986328125
-0.3828125 0.0 0.5938720703125
-0.359375 0.046875 0.5938720703125
-0.3828125 0.00390625 0.6846923828125
-0.3984375 0.0078125 0.5025634765625
-0.4296875 -0.03125 0.5020751953125
-0.59375 -0.26953125 0.2261962890625
-0.375 0.05859375 0.6837158203125
-0.5703125 -0.15625 -0.1412353515625
-0.3046875 0.2578125 0.2266845703125
-0.5546875 -0.09765625 0.0406494140625
-0.6328125 -0.18359375 -0.1456298828125
-0.609375 -0.1328125 0.0377197265625
-0.65625 -0.171875 0.0357666015625
-0.6796875 -0.16796875 -0.6846923828125
-0.6328125 -0.0859375 -0.6590576171875
-0.640625 -0.01953125 -0.6634521484375
