WHEELED_RIDER
0.375 -0.0576171875 -0.7847900390625
0.3671875 -0.0556640625 -0.5706787109375
0.3046875 -0.0126953125 -0.3594970703125
0.140625 0.0947265625 0.1729736328125
0.09375 0.2451171875 0.2818603515625
0.078125 0.0986328125 -0.0467529296875
0.078125 0.0888671875 0.0616455078125
0.109375 0.0048828125 0.3887939453125
0.09375 0.0712890625 0.3887939453125
0.09375 0.1005859375 0.4971923828125
0.0625 0.1962890625 0.3887939453125
0.09375 0.0341796875 0.4971923828125
0.0625 0.0263671875 -0.0477294921875
0.03125 0.1494140625 -0.0487060546875
0.046875 0.0126953125 -0.81475830078125
0.046875 0.2216796875 0.4962158203125
0.03125 0.1455078125 0.0596923828125
0.046875 0.1240234375 0.3878173828125
0.046875 0.1591796875 0.4962158203125
0.0625 -0.0458984375 0.0601806640625
0.0625 0.1123046875 0.6046142578125
0.046875 0.0146484375 0.0596923828125
0.078125 -0.0634765625 0.3878173828125
0.109375 -0.0478515625 0.8233642578125
0.03125 0.0224609375 -0.1585693359375
0.015625 0.0654296875 -0.3790283203125
0.046875 0.0107421875 0.1685791015625
0.046875 -0.0400390625 -0.0496826171875
0.03125 -0.0029296875 -0.2694091796875
0.015625 0.0849609375 -0.1580810546875
0.015625 0.1376953125 0.1680908203125
0.046875 -0.0576171875 0.1676025390625
0.0625 -0.0361328125 0.4962158203125
0.03125 0.0341796875 0.2779541015625
0.015625 0.0927734375 0.2779541015625
0.03125 -0.0322265625 0.2779541015625
0.0625 0.0068359375 0.8223876953125
0.046875 -0.0263671875 0.6046142578125
0.046875 -0.1357421875 0.3858642578125
0.03125 -0.1259765625 0.1671142578125
0.046875 -0.1044921875 0.4952392578125
0.03125 0.0029296875 0.7139892578125
0.03125 -0.0966796875 0.6036376953125
-0.046875 0.1533203125 0.2764892578125
-0.0625 0.0576171875 -0.8233642578125
-0.015625 -0.1201171875 -0.0535888671875
-0.015625 -0.1279296875 0.0557861328125
-0.015625 -0.1123046875 0.2755126953125
0.015625 -0.1650390625 0.6036376953125
-0.03125 0.0537109375 0.7130126953125
-0.0625 -0.0595703125 -0.1639404296875
-0.109375 0.1298828125 -0.1654052734375
0.0 -0.2451171875 0.4932861328125
-0.015625 -0.2138671875 0.3839111328125
-0.015625 -0.1826171875 0.4942626953125
-0.0625 -0.2060546875 0.0523681640625
-0.078125 -0.2080078125 0.1617431640625
-0.09375 -0.1982421875 -0.0579833984375
-0.078125 -0.0810546875 0.7120361328125
-0.109375 -0.1943359375 0.2720947265625
-0.21875 0.1630859375 0.1588134765625
-0.34375 0.0283203125 0.3399658203125
-0.34375 -0.0361328125 0.3389892578125
-0.375 0.0966796875 0.3389892578125
-0.375 -0.1083984375 0.3380126953125
