WHEELED_RIDER
0.359375 0.02734375 -0.36602783203125
0.359375 -0.04296875 -0.25518798828125
0.28125 0.158203125 0.19110107421875
0.28125 0.09375 0.19061279296875
0.296875 -0.044921875 0.19012451171875
0.234375 0.083984375 -0.82318115234375
0.296875 -0.173828125 0.18914794921875
0.296875 -0.2421875 0.18865966796875
0.15625 0.224609375 0.29949951171875
0.109375 0.13671875 -0.04180908203125
0.09375 0.2421875 0.41033935546875
0.109375 0.060546875 0.07049560546875
0.09375 0.12890625 0.07049560546875
0.125 0.076171875 0.52362060546875
0.09375 0.068359375 -0.04278564453125
0.09375 0.173828125 0.41033935546875
0.125 0.0078125 0.52264404296875
0.109375 0.0390625 0.40936279296875
0.15625 -0.076171875 0.86151123046875
0.109375 -0.029296875 0.40936279296875
0.078125 0.1015625 0.40936279296875
0.078125 0.13671875 0.52264404296875
0.09375 0.087890625 0.63592529296875
0.0625 0.203125 0.52264404296875
0.125 -0.017578125 0.86151123046875
0.03125 0.10546875 -0.38751220703125
0.09375 0.021484375 0.63494873046875
0.0625 -0.015625 0.06756591796875
0.09375 -0.068359375 0.52166748046875
0.0625 0.0078125 0.29510498046875
0.03125 0.05859375 -0.15948486328125
0.046875 0.07421875 0.29510498046875
0.046875 -0.009765625 -0.04571533203125
0.03125 0.134765625 0.29461669921875
0.09375 -0.193359375 0.29510498046875
0.015625 0.04296875 -0.61651611328125
0.125 -0.15234375 0.86151123046875
0.078125 -0.1015625 0.40838623046875
0.015625 0.03515625 -0.27545166015625
0.078125 -0.046875 0.63494873046875
0.0 0.1171875 -0.16094970703125
-0.015625 0.177734375 0.06561279296875
-0.015625 0.177734375 0.17987060546875
0.03125 -0.08984375 0.06561279296875
0.0625 -0.142578125 0.52069091796875
0.03125 -0.068359375 0.29364013671875
0.046875 -0.02734375 0.74725341796875
-0.046875 0.1796875 -0.16290283203125
0.015625 0.1015625 0.74725341796875
0.0 -0.083984375 -0.04913330078125
0.046875 -0.125 0.63397216796875
0.015625 0.037109375 0.74725341796875
-0.0625 0.177734375 -0.04962158203125
-0.03125 -0.021484375 -0.16387939453125
0.015625 -0.181640625 0.40643310546875
-0.078125 -0.1796875 0.05975341796875
-0.15625 0.240234375 0.28875732421875
-0.171875 0.076171875 -0.86151123046875
-0.109375 -0.16796875 0.28826904296875
-0.328125 -0.01171875 0.34686279296875
-0.34375 0.056640625 0.34686279296875
-0.359375 -0.087890625 0.34490966796875
-0.359375 -0.228515625 0.34393310546875
