WHEELED_RIDER
0.390625 -0.0087890625 -0.60394287109375
0.3125 0.0478515625 -0.83905029296875
0.265625 0.0322265625 -0.61322021484375
0.234375 -0.0458984375 -0.26934814453125
0.25 -0.1728515625 0.19281005859375
0.1875 0.0966796875 0.19183349609375
0.140625 0.1552734375 0.19085693359375
0.203125 -0.2529296875 0.18988037109375
0.109375 0.2451171875 0.30511474609375
0.09375 0.1982421875 0.42034912109375
0.09375 0.0791015625 0.07171630859375
0.109375 0.0595703125 0.42034912109375
0.078125 0.0888671875 -0.04498291015625
0.0625 0.1572265625 -0.04498291015625
0.0625 0.1455078125 0.07122802734375
0.109375 -0.0166015625 0.41937255859375
0.09375 0.0908203125 0.53656005859375
0.0625 0.2255859375 0.53558349609375
0.0625 0.1240234375 0.41937255859375
0.0625 0.1572265625 0.53558349609375
0.078125 0.1083984375 0.65179443359375
0.125 -0.0634765625 0.88323974609375
0.0625 0.0009765625 0.18646240234375
0.078125 0.0166015625 0.53558349609375
0.03125 0.0791015625 -0.16363525390625
0.03125 0.0595703125 -0.28082275390625
0.046875 0.0927734375 0.30218505859375
0.015625 0.1240234375 -0.39825439453125
0.046875 0.0068359375 -0.04693603515625
0.046875 -0.0029296875 0.06878662109375
0.078125 -0.0849609375 0.41839599609375
0.046875 0.0244140625 0.30218505859375
0.046875 -0.0595703125 -0.04791259765625
0.09375 -0.0693359375 0.76702880859375
0.046875 -0.0654296875 0.06878662109375
0.078125 -0.0048828125 0.76702880859375
0.046875 -0.0693359375 0.18548583984375
0.0625 -0.0517578125 0.53460693359375
0.0 0.0615234375 -0.86761474609375
0.0 0.1552734375 0.30120849609375
0.0625 -0.1865234375 0.30120849609375
0.09375 -0.1416015625 0.88323974609375
0.03125 -0.0478515625 0.30120849609375
0.046875 -0.0400390625 0.65081787109375
-0.03125 0.0576171875 -0.635894775390625
-0.015625 0.0009765625 -0.16656494140625
0.046875 -0.0146484375 0.88323974609375
0.03125 -0.1279296875 0.53363037109375
-0.0625 0.1943359375 0.06536865234375
-0.078125 0.2021484375 -0.05230712890625
0.015625 -0.1650390625 0.41644287109375
-0.078125 0.1318359375 -0.16949462890625
0.0 -0.1142578125 0.64984130859375
-0.078125 0.0400390625 -0.40460205078125
0.0 -0.2451171875 0.41546630859375
-0.046875 -0.1552734375 0.18157958984375
-0.09375 -0.1435546875 0.29681396484375
-0.171875 0.1025390625 -0.88323974609375
-0.1875 0.2685546875 0.29583740234375
-0.0625 -0.2685546875 0.64886474609375
-0.34375 0.0302734375 0.34906005859375
-0.359375 -0.0380859375 0.34808349609375
-0.390625 -0.2548828125 0.34613037109375
