WHEELED_RIDER
0.28125 0.0263671875 -0.83203125
0.265625 0.1689453125 0.245849609375
0.25 0.0712890625 0.484619140625
0.21875 0.0986328125 0.004638671875
0.25 -0.0458984375 0.124755859375
0.203125 0.2568359375 0.364990234375
0.28125 -0.1904296875 0.244384765625
0.21875 0.0908203125 0.124267578125
0.234375 0.1044921875 0.603759765625
0.21875 0.1416015625 0.483642578125
0.203125 0.2119140625 0.483642578125
0.28125 -0.2568359375 0.244384765625
0.234375 -0.0068359375 0.483642578125
0.21875 -0.0419921875 0.003662109375
0.203125 0.1767578125 0.603759765625
0.171875 0.1669921875 0.002685546875
0.171875 0.1611328125 0.122314453125
0.21875 0.0283203125 0.603759765625
0.1875 0.0849609375 0.241943359375
0.171875 0.0927734375 -0.11767578125
0.1875 0.0166015625 0.002197265625
0.1875 0.0146484375 0.241943359375
0.1875 0.0361328125 0.363525390625
0.15625 0.0791015625 -0.843017578125
0.171875 0.1064453125 0.363037109375
0.203125 -0.0771484375 0.482666015625
0.15625 -0.0029296875 -0.24169921875
0.203125 0.0068359375 0.843017578125
0.171875 -0.0576171875 0.240966796875
0.171875 -0.0361328125 0.362060546875
0.1875 -0.0458984375 0.602783203125
0.140625 0.0146484375 -0.120361328125
0.1875 -0.0263671875 0.721923828125
0.125 0.0615234375 -0.3636474609375
0.125 0.1708984375 0.361572265625
0.09375 0.1533203125 -0.1220703125
0.140625 0.1103515625 0.721923828125
0.171875 -0.1630859375 0.481689453125
0.140625 0.0400390625 0.721923828125
0.15625 -0.1240234375 0.601806640625
0.046875 0.2041015625 0.237060546875
0.109375 -0.1416015625 0.238037109375
0.125 -0.1923828125 0.359619140625
0.078125 -0.1396484375 -0.125244140625
0.109375 -0.2099609375 0.599853515625
0.078125 -0.1259765625 0.358642578125
-0.265625 -0.1103515625 0.430908203125
-0.28125 -0.1865234375 0.429931640625
