WHEELED_RIDER
0.390625 -0.0771484375 -0.57098388671875
0.25 -0.0244140625 -0.8245849609375
0.15625 -0.2626953125 0.2659912109375
0.078125 0.1494140625 0.5111083984375
0.078125 0.0302734375 0.0203857421875
0.046875 0.2626953125 0.3885498046875
0.09375 -0.0009765625 0.5101318359375
0.078125 0.0712890625 0.5111083984375
0.046875 0.1865234375 0.3875732421875
0.046875 0.0986328125 0.0189208984375
0.0625 0.0185546875 0.1414794921875
0.078125 0.0322265625 0.6331787109375
0.0625 0.1064453125 0.6331787109375
0.03125 0.0888671875 0.1409912109375
0.078125 -0.0751953125 0.5101318359375
0.046875 -0.0458984375 0.0174560546875
0.0625 -0.0380859375 0.6322021484375
0.046875 -0.0361328125 0.3865966796875
0.03125 0.0166015625 0.2630615234375
0.015625 0.0224609375 -0.1051025390625
0.015625 -0.0009765625 -0.2310791015625
0.0 0.0693359375 -0.354248046875
0.03125 -0.0576171875 0.1395263671875
0.03125 -0.0595703125 0.2625732421875
0.015625 0.0341796875 0.3861083984375
0.0625 -0.0673828125 0.8773193359375
0.03125 -0.1318359375 0.1390380859375
0.046875 -0.1591796875 0.5081787109375
0.015625 -0.1298828125 0.0155029296875
0.03125 -0.1181640625 0.6312255859375
0.015625 -0.1376953125 0.2611083984375
-0.015625 -0.0576171875 -0.1080322265625
0.03125 -0.1005859375 0.7532958984375
-0.015625 -0.0791015625 -0.2332763671875
-0.03125 0.0966796875 0.3846435546875
0.0 0.0400390625 0.7532958984375
0.0 -0.1201171875 0.3846435546875
0.0 -0.0302734375 0.7532958984375
0.0 -0.0009765625 0.8763427734375
0.015625 -0.2001953125 0.6302490234375
-0.078125 0.1455078125 0.1361083984375
-0.0625 -0.0048828125 -0.60577392578125
-0.0625 -0.0146484375 -0.3594970703125
0.0 -0.2412109375 0.5072021484375
-0.09375 0.0751953125 -0.1114501953125
-0.125 0.1494140625 0.0106201171875
-0.125 -0.0947265625 -0.364013671875
-0.09375 -0.2236328125 0.0086669921875
-0.125 -0.1552734375 -0.1153564453125
-0.109375 -0.2333984375 0.1322021484375
-0.109375 -0.2333984375 0.2557373046875
-0.125 -0.2177734375 0.3797607421875
-0.21875 0.1220703125 0.2537841796875
-0.3125 -0.0458984375 -0.8773193359375
-0.390625 -0.1279296875 0.4583740234375
