WHEELED_RIDER
0.40625 -0.0166015625 -0.60650634765625
0.375 0.0498046875 -0.853271484375
0.109375 0.2568359375 0.361083984375
0.140625 0.0673828125 0.484130859375
0.109375 0.0966796875 -0.010009765625
0.171875 -0.2021484375 0.237548828125
0.109375 0.1376953125 0.484130859375
0.09375 0.2080078125 0.483154296875
0.09375 0.0810546875 0.112060546875
0.125 -0.0087890625 0.483154296875
0.109375 0.0966796875 0.607177734375
0.09375 0.1689453125 0.606201171875
0.09375 0.0166015625 -0.011962890625
0.0625 0.1630859375 -0.011962890625
0.0625 0.1513671875 0.111083984375
0.078125 0.0791015625 0.235107421875
0.0625 0.2392578125 0.606201171875
0.09375 0.0205078125 0.606201171875
0.078125 -0.0595703125 -0.012939453125
0.0625 0.0029296875 0.110595703125
0.09375 -0.0908203125 0.482177734375
0.0625 0.0029296875 0.234130859375
0.0625 0.0244140625 0.358642578125
0.046875 0.1005859375 0.358154296875
0.03125 0.0869140625 -0.137451171875
0.09375 -0.0029296875 0.853271484375
0.03125 0.0595703125 -0.263916015625
0.0625 -0.0732421875 0.110107421875
0.078125 -0.0595703125 0.605224609375
0.03125 -0.0146484375 -0.26416015625
0.046875 0.1103515625 0.728271484375
0.046875 -0.0751953125 0.233154296875
0.015625 0.0029296875 -0.1396484375
-0.015625 0.1513671875 -0.14013671875
0.03125 -0.0478515625 0.357177734375
0.046875 -0.0380859375 0.728271484375
0.03125 0.0322265625 0.728271484375
-0.015625 0.1669921875 0.356689453125
-0.015625 0.0498046875 -0.3909912109375
0.046875 -0.1689453125 0.480224609375
0.046875 -0.1396484375 0.604248046875
-0.0625 0.2177734375 -0.018310546875
-0.078125 0.2041015625 0.105224609375
0.0 -0.2568359375 0.479248046875
0.0 -0.1982421875 0.727294921875
-0.046875 -0.1513671875 -0.019775390625
-0.046875 -0.1669921875 0.104248046875
-0.046875 -0.1669921875 0.228759765625
-0.125 0.0439453125 -0.64862060546875
-0.109375 -0.0419921875 -0.3985595703125
-0.078125 -0.1435546875 0.352783203125
-0.1875 0.1884765625 0.224853515625
-0.40625 -0.1201171875 0.429443359375
-0.40625 -0.1962890625 0.428955078125
