WHEELED_RIDER
0.203125 0.2666015625 0.262054443359375
0.296875 -0.2666015625 0.138031005859375
0.28125 -0.1943359375 0.138031005859375
0.203125 0.1025390625 -0.111968994140625
0.203125 0.0869140625 0.011566162109375
0.21875 0.0732421875 0.385589599609375
0.21875 -0.0029296875 0.384613037109375
0.1875 0.0869140625 0.135589599609375
0.203125 -0.0458984375 -0.112945556640625
0.1875 0.1396484375 0.384613037109375
0.171875 0.2119140625 0.384613037109375
0.15625 0.1669921875 -0.113922119140625
0.1875 0.0986328125 0.508636474609375
0.171875 0.1767578125 0.508636474609375
0.171875 0.0107421875 0.009613037109375
0.140625 0.1591796875 0.009613037109375
0.1875 0.0283203125 0.508636474609375
0.15625 0.0205078125 -0.114898681640625
0.171875 -0.0634765625 0.009613037109375
0.1875 -0.0830078125 0.383636474609375
0.15625 0.0068359375 0.134124755859375
0.15625 0.0322265625 0.259613037109375
0.125 0.0888671875 -0.240631103515625
0.125 0.0654296875 -0.366851806640625
0.171875 -0.0517578125 0.507659912109375
0.15625 -0.0439453125 0.258636474609375
0.125 0.0126953125 -0.241119384765625
0.125 0.1025390625 0.258636474609375
0.171875 0.0009765625 0.756683349609375
0.140625 -0.0693359375 0.132659912109375
0.109375 -0.0126953125 -0.368560791015625
0.09375 0.0576171875 -0.494049072265625
0.171875 -0.2666015625 0.258636474609375
0.15625 -0.1728515625 0.382659912109375
0.140625 -0.0361328125 0.631683349609375
0.140625 -0.1982421875 0.257659912109375
0.109375 0.0341796875 0.631683349609375
0.0625 0.1689453125 0.256683349609375
0.125 -0.1357421875 0.506683349609375
0.0625 -0.0947265625 -0.372711181640625
0.03125 0.1376953125 0.129730224609375
0.015625 0.1474609375 -0.246002197265625
0.109375 -0.2490234375 0.380706787109375
0.09375 -0.1181640625 0.630706787109375
0.09375 -0.2138671875 0.505706787109375
0.0625 -0.1357421875 0.255218505859375
0.03125 -0.0791015625 -0.247467041015625
-0.03125 0.2041015625 0.127288818359375
-0.015625 -0.0341796875 -0.502960205078125
-0.0625 0.0478515625 -0.756683349609375
-0.296875 -0.2353515625 0.330902099609375
