WHEELED_RIDER
0.3828125 0.0244140625 -0.5498046875
0.2890625 0.0966796875 0.074462890625
0.2578125 0.1669921875 0.073486328125
0.2890625 -0.0537109375 0.073486328125
0.2890625 -0.1318359375 0.072509765625
0.2578125 0.0146484375 0.072509765625
0.1484375 0.2509765625 0.196533203125
0.1484375 0.0498046875 0.321533203125
0.1015625 0.1474609375 -0.1865234375
0.1015625 0.1435546875 -0.060302734375
0.1171875 0.1142578125 0.321044921875
0.1015625 0.1904296875 0.321044921875
0.1015625 0.0791015625 -0.186767578125
0.1015625 0.0673828125 -0.060302734375
0.1328125 -0.0283203125 0.321044921875
0.1171875 0.0830078125 0.447509765625
0.1015625 0.1552734375 0.447509765625
0.1015625 -0.0107421875 -0.061279296875
0.1171875 0.0048828125 0.447509765625
0.0703125 0.2294921875 0.447509765625
0.0703125 0.0849609375 0.193115234375
0.0546875 0.0576171875 -0.827392578125
0.0859375 0.0966796875 0.573486328125
0.0390625 0.1220703125 -0.5728759765625
0.0703125 0.0068359375 0.192626953125
0.1171875 -0.0966796875 0.701416015625
0.0390625 0.0654296875 -0.317626953125
0.0546875 -0.0068359375 -0.190673828125
0.0859375 -0.0771484375 0.446533203125
0.0859375 -0.1201171875 0.319580078125
0.0703125 0.0185546875 0.573486328125
0.0234375 0.1533203125 0.191650390625
0.0234375 0.0361328125 -0.448486328125
0.1015625 -0.1064453125 0.827392578125
0.0546875 0.0478515625 0.700439453125
0.0546875 -0.0634765625 0.572509765625
0.0546875 -0.0283203125 0.827392578125
-0.0390625 0.1943359375 0.060791015625
0.0390625 -0.1572265625 0.445556640625
0.0390625 -0.2001953125 0.317626953125
-0.0546875 0.1962890625 -0.067138671875
0.0234375 -0.2783203125 0.317138671875
-0.0546875 -0.0263671875 -0.3232421875
-0.1015625 0.1923828125 -0.197265625
-0.1484375 0.2607421875 -0.071044921875
-0.1484375 0.2783203125 0.186279296875
-0.3828125 -0.1025390625 0.279541015625
