WHEELED_RIDER
0.390625 0.0283203125 -0.55328369140625
0.28125 0.0283203125 0.0728759765625
0.25 0.0966796875 0.0723876953125
0.25 -0.1259765625 0.0714111328125
0.15625 -0.0732421875 0.0670166015625
0.109375 0.0791015625 -0.0614013671875
0.09375 0.1552734375 -0.0614013671875
0.09375 0.2021484375 0.3223876953125
0.109375 0.0927734375 0.4498291015625
0.109375 0.0458984375 0.3223876953125
0.078125 0.2353515625 0.4488525390625
0.078125 0.0751953125 -0.1895751953125
0.109375 -0.0224609375 0.3218994140625
0.109375 0.0087890625 0.4498291015625
0.078125 0.1669921875 0.4488525390625
0.09375 0.1083984375 0.5767822265625
0.0625 0.0576171875 -0.8326416015625
0.046875 0.1513671875 -0.1910400390625
0.125 -0.0888671875 0.7047119140625
0.046875 0.1669921875 0.1934814453125
0.03125 0.1318359375 -0.57794189453125
0.0625 -0.0126953125 -0.0638427734375
0.0625 0.0166015625 0.1934814453125
0.046875 0.0908203125 0.1934814453125
0.03125 0.0751953125 -0.3197021484375
0.03125 0.0458984375 -0.4512939453125
0.109375 -0.0869140625 0.8326416015625
0.078125 -0.0673828125 0.4488525390625
0.078125 -0.0458984375 0.5758056640625
0.0625 0.0244140625 0.5758056640625
0.03125 -0.0029296875 -0.1929931640625
0.078125 -0.0166015625 0.8326416015625
0.0625 -0.1103515625 0.3199462890625
0.015625 -0.0927734375 -0.0667724609375
0.015625 -0.0712890625 0.1910400390625
-0.046875 0.2294921875 0.1900634765625
0.03125 -0.1533203125 0.4468994140625
0.03125 -0.1943359375 0.3189697265625
0.03125 -0.1357421875 0.5748291015625
-0.03125 -0.0908203125 -0.1968994140625
-0.078125 -0.1650390625 0.1876220703125
-0.375 -0.0810546875 0.2852783203125
-0.390625 -0.2353515625 0.2838134765625
