WHEELED_RIDER
0.28125 -0.013671875 -0.43023681640625
0.015625 0.240234375 0.32623291015625
0.015625 0.10546875 0.06793212890625
0.0 0.26953125 0.45367431640625
0.015625 0.076171875 0.32525634765625
-0.015625 0.09765625 -0.06195068359375
0.015625 0.0078125 0.32574462890625
0.015625 0.0390625 0.45367431640625
0.0 0.11328125 0.45367431640625
0.0 0.138671875 0.58160400390625
-0.03125 0.103515625 -0.19036865234375
-0.015625 0.0234375 0.06646728515625
0.0 0.060546875 0.58160400390625
-0.03125 0.185546875 0.45269775390625
0.03125 -0.0546875 0.83941650390625
-0.0625 0.16796875 -0.06341552734375
-0.046875 0.12109375 0.19586181640625
-0.0625 0.169921875 0.06500244140625
-0.0625 0.083984375 -0.83941650390625
-0.0625 0.078125 -0.45257568359375
-0.015625 -0.078125 0.32379150390625
-0.03125 -0.0546875 0.06549072265625
-0.015625 -0.044921875 0.45269775390625
-0.046875 0.046875 0.19537353515625
-0.015625 -0.01953125 0.58062744140625
-0.078125 0.103515625 -0.32147216796875
-0.0625 0.029296875 -0.19281005859375
-0.0625 0.013671875 -0.06439208984375
0.0 -0.138671875 0.83941650390625
-0.0625 -0.033203125 0.19488525390625
-0.03125 -0.09765625 0.58062744140625
-0.046875 0.009765625 0.71051025390625
-0.125 0.173828125 -0.19525146484375
-0.078125 0.080078125 0.70953369140625
-0.09375 0.15625 0.70953369140625
-0.078125 -0.166015625 0.32183837890625
-0.078125 -0.1328125 0.45074462890625
-0.09375 -0.189453125 0.57867431640625
-0.203125 0.2265625 -0.06976318359375
-0.09375 -0.26953125 0.57867431640625
-0.15625 -0.16015625 -0.07025146484375
-0.171875 -0.13671875 0.19000244140625
-0.171875 -0.240234375 0.05767822265625
-0.28125 0.2421875 0.18804931640625
