WHEELED_RIDER
0.3671875 -0.0126953125 -0.3759765625
0.3046875 0.1494140625 0.13427734375
0.2265625 0.0302734375 -0.9013671875
0.1484375 0.2314453125 0.2578125
0.1328125 0.0908203125 -0.00244140625
0.1015625 0.2548828125 0.384765625
0.1171875 0.0185546875 -0.00341796875
0.0859375 0.0927734375 -0.13330078125
0.1171875 -0.0087890625 0.255859375
0.1171875 0.0263671875 0.384765625
0.1015625 0.0673828125 0.255859375
0.1015625 0.1279296875 0.513671875
0.0859375 0.2001953125 0.513671875
0.1640625 -0.0810546875 0.9013671875
0.1015625 -0.0439453125 0.1259765625
0.1171875 -0.0224609375 0.513671875
0.0546875 0.1552734375 -0.13525390625
0.0546875 0.1630859375 -0.00537109375
0.0546875 0.0947265625 -0.26416015625
0.0546875 0.0654296875 -0.525634765625
0.1015625 -0.0498046875 0.384765625
0.0859375 -0.0634765625 -0.0048828125
0.0703125 0.0361328125 0.1259765625
0.0703125 0.1025390625 0.3837890625
0.0546875 0.1689453125 0.3837890625
0.0390625 0.1865234375 0.12548828125
0.0390625 0.0927734375 -0.39453125
0.1171875 -0.0146484375 0.9013671875
0.1171875 -0.0732421875 0.7724609375
0.0546875 0.0029296875 -0.1357421875
0.0859375 -0.0927734375 0.25439453125
0.0703125 0.0791015625 0.6435546875
0.0390625 0.0146484375 -0.265380859375
0.1171875 -0.1494140625 0.7724609375
0.0859375 -0.1044921875 0.5126953125
0.0078125 0.1298828125 0.2529296875
0.0546875 -0.0068359375 0.7724609375
0.0703125 -0.1923828125 0.5126953125
0.0390625 -0.0068359375 0.642578125
0.0078125 -0.0810546875 -0.138671875
0.0390625 -0.1396484375 0.3828125
0.0078125 -0.1826171875 0.251953125
-0.0390625 -0.0791015625 -0.270263671875
-0.0234375 -0.1357421875 0.12109375
-0.0078125 -0.0986328125 0.6416015625
-0.0859375 -0.1748046875 -0.1435546875
-0.1171875 -0.1689453125 -0.275390625
-0.1015625 -0.2548828125 -0.013671875
-0.3203125 -0.0400390625 0.220703125
-0.3359375 0.0380859375 0.22119140625
-0.3671875 0.1103515625 0.220703125
