WHEELED_RIDER
0.21875 -0.0361328125 -0.3903074264526367
0.203125 -0.0498046875 -0.2567625045776367
0.140625 0.0146484375 -0.8017606735229492
0.0 0.1025390625 0.008862495422363281
0.0 0.1962890625 0.4175539016723633
0.0 0.0537109375 0.14460468292236328
-0.015625 0.1767578125 0.2808351516723633
0.0 0.0654296875 0.5532960891723633
-0.015625 0.0166015625 0.2808351516723633
-0.03125 -0.0029296875 -0.12980937957763672
-0.03125 0.0244140625 0.006909370422363281
-0.03125 0.0908203125 0.2808351516723633
-0.015625 0.0361328125 0.4165773391723633
-0.0625 0.1748046875 0.006909370422363281
-0.03125 0.1435546875 0.5532960891723633
-0.046875 0.2275390625 0.5532960891723633
-0.0625 0.0732421875 -0.2670164108276367
-0.03125 -0.0576171875 0.006909370422363281
-0.03125 -0.0283203125 0.14313983917236328
-0.015625 -0.0439453125 0.4165773391723633
-0.0625 0.0732421875 -0.13078594207763672
-0.078125 0.0791015625 -0.4042234420776367
0.015625 -0.1123046875 0.8257570266723633
-0.03125 -0.0126953125 0.5523195266723633
-0.09375 0.0771484375 -0.5416746139526367
-0.078125 -0.0224609375 -0.6799802780151367
-0.046875 -0.0771484375 0.2788820266723633
-0.046875 0.0439453125 0.8257570266723633
-0.046875 -0.0986328125 0.5523195266723633
-0.0625 -0.0205078125 0.6890382766723633
-0.0625 -0.1376953125 0.4156007766723633
-0.109375 -0.0986328125 -0.13322734832763672
-0.09375 0.0517578125 0.6890382766723633
-0.09375 -0.2275390625 0.4146242141723633
-0.1875 0.1884765625 0.13972187042236328
-0.125 -0.1962890625 0.5513429641723633
-0.21875 0.2275390625 0.2769289016723633
-0.21875 0.0361328125 -0.8257570266723633
-0.15625 -0.1787109375 0.2759523391723633
