WHEELED_RIDER
0.3671875 -0.080078125 -0.5334863662719727
0.3671875 -0.099609375 -0.8072290420532227
0.1484375 0.1796875 0.14302730560302734
0.1015625 0.21484375 0.27876949310302734
0.1015625 0.1015625 0.5531835556030273
0.0703125 0.05078125 0.0024023056030273438
0.0703125 0.15234375 0.41548824310302734
0.0546875 0.029296875 -0.13626956939697266
0.0703125 0.0 0.13960933685302734
0.0859375 -0.01171875 0.41548824310302734
0.0390625 0.01171875 -0.8285741806030273
0.0546875 -0.0546875 -0.13724613189697266
0.0546875 0.068359375 0.41548824310302734
0.0234375 0.126953125 0.0014257431030273438
0.0859375 0.0 0.8285741806030273
0.0390625 0.0390625 0.27681636810302734
0.0546875 -0.0859375 0.13912105560302734
0.0390625 -0.0390625 0.0009374618530273438
0.0234375 0.076171875 0.13863277435302734
0.0078125 0.029296875 -0.41483402252197266
0.0078125 0.01953125 -0.27689456939697266
0.0390625 -0.044921875 0.27681636810302734
0.0546875 -0.1015625 0.41451168060302734
0.0390625 0.0078125 0.5522069931030273
-0.0078125 0.0234375 -0.5539941787719727
0.0703125 -0.15234375 0.6908788681030273
-0.0078125 0.115234375 0.27681636810302734
0.0390625 -0.078125 0.5522069931030273
0.0078125 -0.126953125 -0.0005273818969726562
-0.0078125 -0.1484375 -0.14017581939697266
-0.0390625 -0.072265625 -0.27982425689697266
0.0078125 -0.19140625 0.41353511810302734
-0.0078125 -0.16796875 0.5512304306030273
-0.0546875 -0.1875 0.13521480560302734
-0.0703125 -0.21484375 -0.003945350646972656
-0.1640625 0.21484375 0.13423824310302734
-0.3671875 0.0 0.08443355560302734
