WHEELED_RIDER
0.28125 -0.1376953125 -0.6717605590820312
-0.046875 0.1240234375 0.14147186279296875
-0.03125 -0.1904296875 -0.8311843872070312
-0.046875 -0.0400390625 0.14049530029296875
-0.0625 -0.0126953125 -0.13733673095703125
-0.03125 -0.0517578125 0.41783905029296875
-0.078125 0.0908203125 0.00231170654296875
-0.078125 0.1572265625 0.27916717529296875
-0.09375 0.2412109375 0.27916717529296875
-0.078125 -0.0302734375 -0.8328781127929688
-0.015625 -0.0361328125 0.8328781127929688
-0.078125 0.0400390625 0.14000701904296875
-0.078125 0.0048828125 0.00182342529296875
-0.078125 0.1103515625 0.41686248779296875
-0.0625 0.0185546875 0.41686248779296875
-0.0625 0.0537109375 0.5555343627929688
-0.09375 0.1826171875 0.41686248779296875
-0.078125 -0.0009765625 0.27819061279296875
-0.0625 -0.1259765625 0.14000701904296875
-0.078125 -0.0791015625 0.00133514404296875
-0.109375 -0.0126953125 -0.41663360595703125
-0.109375 -0.0185546875 -0.27747344970703125
-0.078125 -0.0849609375 0.27819061279296875
-0.078125 -0.0322265625 0.6942062377929688
-0.109375 -0.1083984375 -0.13977813720703125
-0.125 0.0712890625 0.27819061279296875
-0.09375 -0.0361328125 0.5555343627929688
-0.09375 -0.1494140625 0.41588592529296875
-0.15625 -0.0205078125 -0.5577468872070312
-0.15625 -0.0400390625 -0.6989822387695312
-0.171875 0.0478515625 -0.14075469970703125
-0.125 -0.1240234375 0.5545578002929688
-0.125 -0.2412109375 0.41588592529296875
-0.21875 0.1806640625 0.13658905029296875
-0.203125 -0.1123046875 -0.42224884033203125
-0.171875 -0.1865234375 0.27623748779296875
-0.25 0.1474609375 -0.00354766845703125
-0.1875 -0.2294921875 0.13610076904296875
-0.28125 0.1240234375 -0.14466094970703125
