WHEELED_RIDER
0.25 -0.1025390625 -0.6813507080078125
-0.078125 -0.0009765625 0.1432342529296875
-0.09375 0.0224609375 -0.1380157470703125
-0.09375 0.0498046875 0.0030975341796875
-0.109375 0.2041015625 0.2838592529296875
-0.078125 0.0634765625 0.4244842529296875
-0.109375 0.0166015625 -0.2801055908203125
-0.09375 -0.0654296875 -0.1389923095703125
-0.078125 -0.0947265625 0.1427459716796875
-0.078125 -0.0224609375 0.4244842529296875
-0.109375 0.0732421875 0.1427459716796875
-0.125 0.1552734375 0.1427459716796875
-0.109375 0.1435546875 0.4244842529296875
-0.09375 0.0849609375 0.5641326904296875
-0.125 0.0009765625 -0.8447418212890625
-0.046875 -0.0908203125 0.8453826904296875
-0.0625 -0.0068359375 0.8453826904296875
-0.09375 -0.0517578125 0.2838592529296875
-0.109375 0.0322265625 0.2838592529296875
-0.140625 0.1201171875 0.0021209716796875
-0.140625 0.0302734375 -0.4212188720703125
-0.109375 -0.1669921875 -0.8453826904296875
-0.140625 0.1103515625 0.2828826904296875
-0.15625 0.0966796875 -0.1399688720703125
-0.078125 -0.1650390625 0.7047576904296875
-0.109375 -0.1123046875 0.4235076904296875
-0.140625 0.0029296875 0.5641326904296875
-0.1875 0.0205078125 -0.5648956298828125
-0.140625 0.0048828125 0.7047576904296875
-0.171875 -0.1494140625 0.2809295654296875
-0.15625 -0.2041015625 0.4225311279296875
-0.25 0.0791015625 -0.2859649658203125
-0.203125 -0.2001953125 0.1388397216796875
-0.203125 -0.0927734375 0.5631561279296875
-0.234375 -0.1748046875 -0.2869415283203125
