WHEELED_RIDER
0.2265625 -0.091796875 -0.6848602294921875
-0.0859375 0.037109375 -0.1378021240234375
-0.1171875 0.1796875 0.1439361572265625
-0.0859375 0.076171875 0.4256744384765625
-0.1171875 0.216796875 0.2850494384765625
-0.1015625 0.01171875 0.1439361572265625
-0.1015625 0.046875 0.2850494384765625
-0.1171875 0.064453125 0.0028228759765625
-0.0859375 -0.0078125 0.4256744384765625
-0.1171875 0.15625 0.4256744384765625
-0.1015625 -0.03515625 0.2850494384765625
-0.1015625 -0.07421875 0.1434478759765625
-0.1171875 -0.052734375 -0.1392669677734375
-0.1328125 0.091796875 0.1429595947265625
-0.1484375 0.142578125 0.0023345947265625
-0.1171875 0.107421875 0.5662994384765625
-0.1484375 0.01171875 -0.8485260009765625
-0.0859375 -0.056640625 0.7079010009765625
-0.1484375 0.025390625 -0.2818450927734375
-0.1640625 0.041015625 -0.4234466552734375
-0.1015625 0.001953125 0.8485260009765625
-0.1171875 -0.099609375 0.4256744384765625
-0.1640625 0.125 0.2840728759765625
-0.1015625 -0.080078125 0.8485260009765625
-0.1953125 0.10546875 -0.1421966552734375
-0.1953125 0.0390625 -0.5663909912109375
-0.1484375 0.017578125 0.7079010009765625
-0.1640625 0.017578125 0.5662994384765625
-0.1484375 -0.185546875 0.4246978759765625
-0.2109375 -0.06640625 -0.2852630615234375
-0.1640625 -0.216796875 0.2830963134765625
-0.1796875 -0.1328125 0.2830963134765625
-0.1953125 -0.146484375 -0.1431732177734375
-0.2109375 -0.076171875 0.5653228759765625
-0.2265625 -0.181640625 0.1395416259765625
