WHEELED_RIDER
0.25 -0.05078125 -0.7551727294921875
0.09375 0.052734375 0.0834503173828125
0.078125 0.138671875 0.0834503173828125
0.109375 -0.11328125 0.0829620361328125
0.09375 -0.03515625 0.0829620361328125
0.109375 -0.19921875 0.0824737548828125
-0.078125 0.23046875 0.2201690673828125
-0.0625 0.001953125 -0.0640106201171875
-0.09375 0.080078125 -0.0644989013671875
-0.078125 -0.02734375 0.2191925048828125
-0.078125 0.037109375 0.5043487548828125
-0.09375 0.123046875 0.5033721923828125
-0.109375 -0.001953125 -0.2085418701171875
-0.09375 0.015625 0.3617706298828125
-0.09375 -0.087890625 -0.0654754638671875
-0.078125 -0.046875 0.5033721923828125
-0.109375 0.052734375 0.2187042236328125
-0.0625 -0.09765625 0.7875518798828125
-0.09375 -0.076171875 0.3607940673828125
-0.125 0.095703125 0.3607940673828125
-0.140625 0.181640625 0.3607940673828125
-0.140625 0.001953125 -0.3523406982421875
-0.109375 -0.1171875 0.2182159423828125
-0.140625 -0.0859375 -0.3533172607421875
-0.171875 0.076171875 -0.2104949951171875
-0.109375 -0.138671875 0.5023956298828125
-0.15625 -0.025390625 0.6439971923828125
-0.203125 -0.009765625 -0.4984588623046875
-0.21875 0.119140625 0.2157745361328125
-0.203125 -0.109375 -0.2134246826171875
-0.1875 -0.189453125 -0.0698699951171875
-0.15625 -0.23046875 0.5014190673828125
-0.203125 0.056640625 0.6439971923828125
-0.25 0.048828125 -0.7875518798828125
-0.1875 -0.173828125 0.3588409423828125
-0.203125 -0.12109375 0.6430206298828125
-0.25 -0.12890625 -0.6462860107421875
-0.234375 -0.23046875 0.2138214111328125
