WHEELED_RIDER
0.265625 -0.056640625 -0.62005615234375
0.21875 -0.0390625 -0.479248046875
0.078125 -0.216796875 0.0809326171875
0.015625 -0.01171875 -0.7779541015625
-0.03125 0.08203125 -0.0645751953125
-0.03125 -0.00390625 -0.0650634765625
-0.0625 0.22265625 0.2215576171875
-0.03125 -0.02734375 0.2210693359375
-0.03125 -0.091796875 -0.0655517578125
-0.046875 0.048828125 0.2210693359375
-0.0625 0.1015625 0.0780029296875
-0.078125 0.078125 -0.2095947265625
-0.046875 0.0078125 0.3641357421875
-0.0625 0.095703125 0.3641357421875
-0.078125 0.1796875 0.3641357421875
-0.046875 0.033203125 0.5067138671875
-0.078125 0.00390625 -0.3533935546875
-0.09375 0.080078125 -0.3533935546875
-0.078125 -0.01171875 -0.2100830078125
-0.078125 0.009765625 0.0770263671875
-0.0625 -0.08203125 0.3631591796875
-0.078125 -0.07421875 0.0765380859375
-0.0625 -0.0546875 0.5067138671875
-0.0625 -0.029296875 0.6492919921875
-0.078125 -0.125 0.2196044921875
-0.078125 -0.146484375 0.5057373046875
-0.15625 0.07421875 -0.499755859375
-0.09375 -0.0234375 0.7928466796875
-0.109375 -0.177734375 0.3621826171875
-0.15625 -0.111328125 -0.2144775390625
-0.203125 0.044921875 -0.7928466796875
-0.140625 -0.22265625 0.2171630859375
-0.1875 -0.103515625 -0.3597412109375
-0.171875 -0.171875 0.0726318359375
-0.265625 -0.201171875 -0.3641357421875
-0.265625 -0.216796875 -0.2205810546875
