WHEELED_RIDER
0.2421875 -0.0390625 -0.6214599609375
0.1640625 -0.029296875 -0.4810791015625
0.0859375 -0.19921875 0.083740234375
-0.0234375 0.1328125 0.081298828125
-0.0703125 0.013671875 -0.066162109375
-0.0859375 0.099609375 -0.065673828125
-0.1015625 0.23828125 0.221435546875
-0.0703125 0.02734375 0.364501953125
-0.0703125 -0.017578125 0.221435546875
-0.1015625 0.1953125 0.364501953125
-0.0859375 -0.076171875 -0.067626953125
-0.1015625 0.109375 0.363525390625
-0.1171875 0.005859375 -0.21142578125
-0.0859375 -0.103515625 0.220458984375
-0.1328125 0.08984375 -0.2119140625
-0.1171875 0.03125 0.077392578125
-0.1171875 0.0625 0.220458984375
-0.1328125 0.013671875 -0.355224609375
-0.1015625 -0.0625 0.363525390625
-0.1015625 -0.03515625 0.507080078125
-0.1015625 -0.009765625 0.794189453125
-0.1328125 -0.0625 0.075927734375
-0.1171875 -0.0078125 0.650634765625
-0.1171875 -0.125 0.506103515625
-0.1953125 0.08984375 -0.358154296875
-0.1484375 -0.1484375 0.074951171875
-0.2109375 0.166015625 -0.21484375
-0.1328125 -0.23828125 0.362548828125
-0.2265625 0.17578125 -0.359375
-0.1640625 -0.16015625 0.361572265625
-0.2265625 0.0625 -0.794189453125
-0.2109375 -0.095703125 -0.216796875
-0.1796875 -0.205078125 0.217041015625
-0.2421875 -0.087890625 -0.36181640625
-0.2265625 -0.1875 -0.21826171875
-0.2421875 -0.17578125 -0.36279296875
