WHEELED_RIDER
0.28125 -0.0244140625 -0.55145263671875
0.203125 -0.0029296875 -0.411346435546875
0.140625 0.0830078125 0.156158447265625
0.109375 0.1689453125 0.155670166015625
0.140625 -0.0869140625 0.155181884765625
0.125 -0.0009765625 0.155181884765625
0.140625 -0.1748046875 0.154693603515625
-0.046875 0.2607421875 0.293365478515625
-0.046875 0.1123046875 0.004302978515625
-0.046875 0.0283203125 0.004302978515625
-0.046875 0.0068359375 0.291900634765625
-0.046875 0.0419921875 0.435943603515625
-0.046875 0.0673828125 0.579498291015625
-0.078125 0.2177734375 0.435943603515625
-0.078125 0.0244140625 -0.141204833984375
-0.0625 -0.0634765625 0.002838134765625
-0.046875 -0.0205078125 0.578521728515625
-0.078125 0.0791015625 0.291412353515625
-0.078125 0.1494140625 0.578521728515625
-0.0625 -0.0419921875 0.434967041015625
-0.0625 -0.0830078125 0.290924072265625
-0.09375 0.1259765625 0.434967041015625
-0.09375 -0.0478515625 -0.286468505859375
-0.109375 0.0380859375 -0.286224365234375
-0.125 0.1103515625 -0.142669677734375
-0.0625 -0.2607421875 0.290435791015625
-0.140625 0.0927734375 -0.722076416015625
-0.078125 -0.1123046875 0.577545166015625
-0.078125 -0.2197265625 0.433990478515625
-0.109375 0.0068359375 0.722076416015625
-0.125 0.0947265625 0.722076416015625
-0.109375 -0.1376953125 0.433013916015625
-0.1875 0.2119140625 0.144927978515625
-0.109375 -0.2060546875 0.576568603515625
-0.203125 0.1767578125 -0.002044677734375
-0.171875 -0.0732421875 -0.146575927734375
-0.171875 -0.0888671875 0.721099853515625
-0.203125 -0.1923828125 0.286529541015625
-0.28125 -0.1787109375 -0.152679443359375
