WHEELED_RIDER
0.359375 -0.025390625 -0.88360595703125
0.328125 0.01953125 -0.88604736328125
0.25 -0.00390625 -0.60992431640625
0.171875 -0.0078125 -0.40496826171875
-0.0234375 0.205078125 0.27862548828125
0.0 -0.0546875 -0.24700927734375
-0.0625 0.154296875 0.18927001953125
-0.0625 0.0859375 0.01300048828125
-0.0859375 0.248046875 0.36358642578125
-0.09375 0.201171875 0.18878173828125
-0.0625 0.029296875 0.01251220703125
-0.078125 0.09765625 0.10089111328125
-0.1015625 0.130859375 0.01153564453125
-0.09375 0.19140625 0.36260986328125
-0.1015625 0.076171875 -0.07684326171875
-0.0859375 0.177734375 0.53741455078125
-0.1171875 0.123046875 -0.07733154296875
-0.125 0.255859375 0.44952392578125
-0.0859375 0.125 0.53741455078125
-0.078125 0.07421875 0.53741455078125
-0.125 0.203125 0.44952392578125
-0.0703125 0.021484375 0.53741455078125
-0.140625 0.13671875 0.09796142578125
-0.0859375 -0.083984375 0.00958251953125
-0.1171875 0.193359375 0.62432861328125
-0.09375 -0.064453125 0.09796142578125
-0.109375 -0.033203125 0.00860595703125
-0.1328125 0.0859375 0.18536376953125
-0.1015625 0.048828125 0.44952392578125
-0.140625 0.01953125 -0.25653076171875
-0.1328125 0.013671875 -0.07977294921875
-0.1015625 0.09375 0.62432861328125
-0.109375 0.02734375 0.36065673828125
-0.1171875 0.025390625 0.27276611328125
-0.1640625 0.068359375 -0.43316650390625
-0.1328125 0.078125 0.27276611328125
-0.125 0.095703125 0.44854736328125
-0.1015625 -0.021484375 0.36065673828125
-0.1640625 0.068359375 -0.25750732421875
-0.109375 -0.02734375 0.27276611328125
-0.1328125 0.03125 0.18438720703125
-0.171875 0.056640625 -0.6517333984375
-0.1875 0.1171875 -0.43463134765625
-0.15625 0.125 0.27227783203125
-0.1015625 0.037109375 0.62432861328125
-0.125 -0.021484375 0.18438720703125
-0.109375 -0.005859375 0.44854736328125
-0.09375 -0.037109375 0.53643798828125
-0.1015625 -0.080078125 0.35968017578125
-0.1953125 0.177734375 0.09552001953125
-0.1484375 0.07421875 0.35968017578125
-0.171875 0.123046875 0.35968017578125
-0.0625 -0.07421875 0.88604736328125
-0.21875 0.15234375 -0.08319091796875
-0.1171875 -0.01953125 0.62335205078125
-0.125 -0.064453125 0.44757080078125
-0.0859375 -0.078125 0.79815673828125
-0.1015625 -0.02734375 0.79815673828125
-0.171875 -0.05078125 -0.08319091796875
-0.09375 -0.029296875 0.88604736328125
-0.140625 -0.087890625 0.27032470703125
-0.15625 0.09765625 0.71124267578125
-0.0703125 -0.130859375 0.88604736328125
-0.125 -0.099609375 0.53448486328125
-0.1640625 -0.083984375 0.18194580078125
-0.1328125 -0.076171875 0.62237548828125
-0.140625 0.015625 0.79815673828125
-0.1328125 -0.05859375 0.71026611328125
-0.25 0.146484375 0.00274658203125
-0.1328125 -0.15625 0.53448486328125
-0.2734375 0.1953125 0.00177001953125
-0.1796875 -0.15625 0.00225830078125
-0.1640625 -0.015625 0.71026611328125
-0.1796875 0.0390625 0.71026611328125
-0.1640625 -0.126953125 0.44561767578125
-0.1484375 -0.248046875 0.35675048828125
-0.2421875 -0.05859375 -0.26556396484375
-0.3046875 0.189453125 -0.08807373046875
-0.1875 -0.150390625 0.35577392578125
-0.3125 0.205078125 0.17755126953125
-0.1640625 -0.21875 0.53253173828125
-0.3203125 0.072265625 -0.6673660278320312
-0.296875 -0.013671875 -0.44683837890625
-0.1953125 -0.14453125 0.62139892578125
-0.1875 -0.2421875 0.44366455078125
-0.234375 -0.15625 0.17706298828125
-0.203125 -0.19140625 0.44366455078125
-0.359375 0.25 0.17608642578125
-0.359375 0.244140625 0.26446533203125
-0.203125 -0.255859375 0.62042236328125
-0.25 -0.220703125 0.35284423828125
-0.2734375 -0.216796875 0.08575439453125
-0.3046875 -0.19140625 -0.09490966796875
