WHEELED_RIDER
0.2421875 -0.0029296875 -0.5562744140625
0.1484375 0.0048828125 -0.41741943359375
-0.0390625 0.0810546875 0.15008544921875
-0.0390625 -0.0205078125 -0.28448486328125
-0.0703125 0.2802734375 0.29364013671875
-0.0546875 -0.0107421875 0.14910888671875
-0.0859375 0.0478515625 0.00262451171875
-0.0859375 0.0166015625 0.29217529296875
-0.1171875 0.1279296875 0.00213623046875
-0.1015625 0.0654296875 0.43670654296875
-0.0859375 0.0009765625 0.58123779296875
-0.1328125 0.2314453125 0.43670654296875
-0.1015625 -0.0263671875 0.43670654296875
-0.1328125 0.0966796875 0.29119873046875
-0.1328125 0.1708984375 0.58026123046875
-0.1640625 0.1142578125 -0.72576904296875
-0.1484375 0.0419921875 -0.14459228515625
-0.1171875 -0.0712890625 0.29119873046875
-0.1484375 0.1455078125 0.43572998046875
-0.1640625 0.1787109375 0.29071044921875
-0.1328125 0.1142578125 0.72576904296875
-0.1640625 0.0458984375 -0.29010009765625
-0.1171875 -0.0908203125 0.58026123046875
-0.1484375 -0.0478515625 -0.00030517578125
-0.1484375 -0.1103515625 0.14569091796875
-0.1640625 0.0224609375 0.72479248046875
-0.2265625 0.2275390625 0.14422607421875
-0.1484375 -0.1787109375 0.57928466796875
-0.2265625 0.1201171875 -0.14752197265625
-0.2421875 0.2021484375 -0.00274658203125
-0.1796875 -0.1181640625 0.43377685546875
-0.2265625 -0.1787109375 0.28729248046875
-0.2265625 -0.0751953125 0.72381591796875
-0.2109375 -0.2802734375 0.57830810546875
-0.2265625 -0.1630859375 0.72381591796875
