WHEELED_RIDER
0.28125 0.0205078125 -0.7689208984375
0.09375 0.1123046875 0.0845947265625
0.078125 0.1982421875 0.0845947265625
0.078125 0.0302734375 0.0836181640625
-0.0625 0.0693359375 -0.0672607421875
-0.0625 -0.0029296875 -0.5008544921875
-0.078125 0.0439453125 0.2222900390625
-0.109375 0.2529296875 0.3677978515625
-0.046875 -0.0322265625 0.8013916015625
-0.078125 -0.0029296875 0.3668212890625
-0.078125 -0.0517578125 0.2222900390625
-0.09375 0.0791015625 0.3668212890625
-0.078125 0.0205078125 0.5113525390625
-0.09375 0.1064453125 0.5113525390625
-0.125 0.1494140625 -0.0692138671875
-0.125 0.2041015625 0.2218017578125
-0.125 0.0595703125 -0.2147216796875
-0.109375 -0.0224609375 -0.0692138671875
-0.125 0.1904296875 0.5113525390625
-0.140625 0.0751953125 -0.3597412109375
-0.140625 0.1142578125 0.2208251953125
-0.078125 -0.1181640625 0.8013916015625
-0.109375 -0.0693359375 0.5113525390625
-0.171875 0.1416015625 -0.2161865234375
-0.109375 -0.2236328125 0.2203369140625
-0.171875 0.1552734375 0.3658447265625
-0.15625 0.1240234375 0.6558837890625
-0.171875 -0.0263671875 -0.3629150390625
-0.140625 -0.1025390625 0.3658447265625
-0.203125 0.1220703125 -0.8013916015625
-0.15625 0.0361328125 0.6558837890625
-0.1875 -0.0322265625 -0.2181396484375
-0.140625 -0.1630859375 0.5103759765625
-0.171875 -0.1220703125 -0.0726318359375
-0.15625 -0.1943359375 0.3648681640625
-0.1875 -0.1474609375 0.2188720703125
-0.171875 -0.2529296875 0.5093994140625
-0.203125 -0.0498046875 0.6549072265625
-0.28125 -0.1396484375 -0.2232666015625
