WHEELED_RIDER
0.25 0.0224609375 -0.767822265625
0.09375 0.1259765625 0.08538818359375
0.03125 0.2060546875 0.08392333984375
-0.0625 0.0771484375 -0.06500244140625
-0.078125 0.2216796875 0.22454833984375
-0.09375 0.2646484375 0.36810302734375
-0.078125 0.0498046875 0.22357177734375
-0.109375 0.1572265625 -0.06695556640625
-0.078125 0.0048828125 0.36810302734375
-0.078125 -0.0361328125 0.22357177734375
-0.09375 -0.0146484375 -0.06695556640625
-0.09375 0.0908203125 0.36810302734375
-0.078125 0.0283203125 0.51263427734375
-0.09375 0.1123046875 0.51263427734375
-0.125 0.0712890625 -0.21270751953125
-0.140625 0.0810546875 -0.35821533203125
-0.09375 -0.0244140625 0.80169677734375
-0.109375 -0.0634765625 0.51165771484375
-0.171875 0.1474609375 -0.21466064453125
-0.15625 0.1240234375 0.22161865234375
-0.09375 -0.1123046875 0.80169677734375
-0.125 -0.0908203125 0.36614990234375
-0.1875 0.0732421875 -0.50567626953125
-0.140625 -0.1337890625 0.22064208984375
-0.171875 -0.0224609375 -0.21539306640625
-0.15625 -0.1123046875 -0.07037353515625
-0.1875 0.1591796875 0.36614990234375
-0.140625 -0.2216796875 0.22015380859375
-0.140625 -0.1572265625 0.51068115234375
-0.140625 -0.2646484375 0.36517333984375
-0.1875 0.0478515625 0.65618896484375
-0.203125 0.1337890625 0.65618896484375
-0.25 0.1240234375 -0.80169677734375
-0.1875 -0.0400390625 0.65618896484375
-0.1875 -0.1826171875 0.36517333984375
-0.25 -0.0498046875 -0.657470703125
