WHEELED_RIDER
0.37109375 -0.00390625 -0.89666748046875
0.30078125 0.029296875 -0.90411376953125
0.23828125 0.013671875 -0.620697021484375
0.08203125 0.05078125 0.11260986328125
-0.01953125 0.234375 0.28546142578125
-0.01953125 0.1875 0.19708251953125
0.05859375 -0.1171875 0.10919189453125
0.02734375 -0.013671875 0.10870361328125
-0.05078125 0.052734375 0.01495361328125
-0.07421875 0.21875 0.37188720703125
-0.08984375 0.267578125 0.37188720703125
-0.07421875 0.12109375 0.10479736328125
-0.07421875 0.1015625 0.01446533203125
-0.10546875 0.09765625 -0.07635498046875
-0.07421875 0.095703125 0.54864501953125
-0.12109375 0.2265625 0.45977783203125
-0.10546875 0.197265625 0.54864501953125
-0.13671875 0.14453125 -0.07781982421875
-0.11328125 0.041015625 -0.07781982421875
-0.09765625 -0.009765625 0.01202392578125
-0.04296875 -0.19921875 0.19122314453125
-0.08203125 0.037109375 0.54766845703125
-0.11328125 0.119140625 0.45880126953125
-0.15234375 0.138671875 0.01055908203125
-0.09765625 0.1171875 0.63751220703125
-0.09765625 -0.00390625 0.27960205078125
-0.11328125 0.05078125 0.27960205078125
-0.10546875 0.0703125 0.45880126953125
-0.13671875 0.107421875 0.19024658203125
-0.16015625 0.091796875 -0.43853759765625
-0.12890625 0.099609375 0.27911376953125
-0.09765625 0.0 0.36895751953125
-0.14453125 0.0390625 -0.25872802734375
-0.16015625 0.15625 0.10040283203125
-0.11328125 0.046875 0.36895751953125
-0.08203125 -0.015625 0.54766845703125
-0.04296875 -0.25390625 0.19073486328125
-0.15234375 0.150390625 0.27862548828125
-0.11328125 -0.068359375 0.00958251953125
-0.10546875 0.015625 0.45880126953125
-0.13671875 0.048828125 0.18975830078125
-0.14453125 -0.013671875 -0.25970458984375
-0.09765625 -0.056640625 0.36895751953125
-0.12890625 0.0 0.18975830078125
-0.19921875 0.185546875 -0.08123779296875
-0.11328125 0.05859375 0.63653564453125
-0.15234375 0.09375 0.36798095703125
-0.07421875 -0.212890625 0.27862548828125
-0.15234375 -0.025390625 -0.08123779296875
-0.16796875 0.162109375 0.45782470703125
-0.09765625 -0.07421875 0.54669189453125
-0.08984375 -0.00390625 0.81427001953125
-0.12890625 -0.060546875 0.27813720703125
-0.12109375 -0.041015625 0.45684814453125
-0.05859375 -0.107421875 0.90411376953125
-0.07421875 -0.267578125 0.27813720703125
-0.12109375 0.0 0.63653564453125
-0.08984375 -0.05859375 0.81427001953125
-0.19140625 0.138671875 0.36700439453125
-0.12109375 -0.12109375 0.36700439453125
-0.09765625 -0.009765625 0.90313720703125
-0.15234375 -0.0625 0.18731689453125
-0.23046875 0.17578125 0.00616455078125
-0.16796875 -0.078125 -0.08319091796875
-0.08984375 -0.11328125 0.81427001953125
-0.13671875 0.0390625 0.81427001953125
-0.09765625 -0.064453125 0.90313720703125
-0.13671875 -0.099609375 0.45684814453125
-0.23828125 0.193359375 0.18634033203125
-0.12890625 -0.037109375 0.72540283203125
-0.12109375 -0.1328125 0.54571533203125
-0.16796875 -0.140625 0.00518798828125
-0.23046875 0.0234375 -0.44586181640625
-0.25390625 0.189453125 0.09600830078125
-0.16015625 0.005859375 0.72442626953125
-0.18359375 -0.119140625 0.09600830078125
-0.19921875 0.052734375 0.72442626953125
-0.15234375 -0.234375 0.36505126953125
-0.23828125 -0.091796875 -0.26873779296875
-0.28515625 0.052734375 -0.6733989715576172
-0.17578125 -0.119140625 0.63458251953125
-0.19140625 -0.169921875 0.45391845703125
-0.21484375 -0.1953125 0.36309814453125
-0.18359375 -0.26171875 0.54376220703125
-0.34765625 0.224609375 0.18096923828125
-0.20703125 -0.2265625 0.45294189453125
-0.34765625 0.21484375 0.27081298828125
-0.19921875 -0.236328125 0.63360595703125
-0.37109375 0.087890625 -0.68182373046875
