WHEELED_RIDER
0.1640625 0.1787109375 0.0843505859375
0.1640625 0.1005859375 0.0838623046875
0.1640625 0.0146484375 0.0833740234375
0.1640625 -0.0712890625 0.0833740234375
0.0234375 0.2802734375 0.2230224609375
-0.0078125 0.1357421875 -0.0655517578125
-0.0234375 0.0322265625 -0.6431884765625
-0.0078125 0.0185546875 0.2210693359375
-0.0234375 0.0458984375 -0.0665283203125
-0.0078125 0.0888671875 0.5086669921875
-0.0234375 0.1005859375 0.2210693359375
-0.0234375 0.1630859375 0.5086669921875
-0.0546875 0.1357421875 -0.3558349609375
-0.0234375 0.0595703125 0.3651123046875
-0.0546875 0.1279296875 -0.2115478515625
-0.0703125 0.2060546875 -0.0675048828125
0.0078125 -0.0537109375 0.7957763671875
-0.0234375 -0.0009765625 0.5086669921875
-0.0546875 0.1416015625 0.3641357421875
-0.0703125 0.2255859375 0.3641357421875
-0.0859375 0.2314453125 0.0755615234375
-0.0390625 -0.0302734375 0.3641357421875
-0.0546875 -0.0537109375 -0.0684814453125
-0.0546875 0.1083984375 0.6512451171875
-0.1015625 0.1279296875 -0.502197265625
-0.0546875 -0.0791015625 0.2196044921875
-0.1015625 0.0341796875 -0.2139892578125
-0.1171875 0.1748046875 0.2186279296875
-0.0703125 -0.1025390625 0.5076904296875
-0.0859375 0.0283203125 0.6512451171875
-0.1484375 0.2001953125 -0.2159423828125
-0.1640625 0.1845703125 -0.7957763671875
-0.1015625 -0.1279296875 0.3621826171875
-0.1171875 -0.1689453125 0.2176513671875
-0.1171875 -0.2802734375 0.5067138671875
