WHEELED_RIDER
0.25 0.0419921875 -0.6365966796875
0.125 0.2099609375 -0.0728759765625
0.015625 0.0869140625 -0.2203369140625
0.0 0.2275390625 0.0657958984375
0.015625 0.0556640625 0.0648193359375
-0.015625 0.1669921875 -0.2208251953125
-0.015625 0.2685546875 0.2088623046875
-0.015625 0.0830078125 -0.3653564453125
0.0 0.0966796875 0.2078857421875
-0.03125 0.0888671875 -0.5091552734375
0.0 0.0126953125 0.2078857421875
0.0 -0.0341796875 0.0643310546875
-0.046875 0.1650390625 -0.3658447265625
0.015625 -0.0185546875 0.4930419921875
-0.03125 0.1357421875 0.0643310546875
-0.015625 0.1201171875 0.3514404296875
-0.03125 -0.0087890625 -0.2227783203125
-0.046875 0.1005859375 -0.0792236328125
-0.046875 0.1787109375 0.2078857421875
-0.078125 0.1689453125 -0.5108642578125
-0.046875 0.0107421875 -0.0802001953125
-0.046875 0.0302734375 0.3504638671875
-0.109375 0.2431640625 -0.3682861328125
-0.046875 -0.0810546875 0.2069091796875
-0.09375 -0.0146484375 -0.3692626953125
-0.109375 -0.0087890625 -0.5140380859375
-0.0625 -0.0283203125 0.6365966796875
-0.078125 -0.1318359375 0.0614013671875
-0.125 -0.2685546875 0.2039794921875
-0.125 -0.2451171875 0.3475341796875
-0.171875 -0.0908203125 -0.0845947265625
-0.25 0.2451171875 -0.0855712890625
