WHEELED_RIDER
0.265625 -0.048828125 -0.630523681640625
0.21875 -0.033203125 -0.491546630859375
-0.015625 0.154296875 0.206207275390625
0.0 -0.0703125 -0.077484130859375
0.0 -0.013671875 0.206207275390625
-0.03125 0.08984375 -0.220550537109375
-0.015625 0.005859375 -0.077972412109375
-0.015625 0.060546875 0.206207275390625
-0.03125 0.091796875 -0.077972412109375
-0.03125 0.193359375 0.348297119140625
-0.03125 0.00390625 -0.221038818359375
-0.015625 0.021484375 0.348297119140625
-0.03125 0.103515625 0.348297119140625
-0.0625 0.015625 -0.364837646484375
-0.03125 -0.060546875 0.347320556640625
-0.078125 0.091796875 -0.364837646484375
-0.0625 0.02734375 0.062164306640625
-0.078125 0.111328125 0.062164306640625
-0.046875 -0.115234375 0.204742431640625
-0.125 0.1796875 -0.367279052734375
-0.078125 -0.060546875 0.061187744140625
-0.125 0.16796875 -0.224456787109375
-0.078125 0.0390625 0.488922119140625
-0.0625 -0.01171875 0.630523681640625
-0.0625 -0.150390625 0.346343994140625
-0.09375 -0.083984375 -0.224456787109375
-0.0625 -0.2578125 -0.080902099609375
-0.078125 -0.046875 0.488922119140625
-0.109375 -0.0859375 -0.368255615234375
-0.078125 -0.19921875 0.203277587890625
-0.109375 -0.134765625 0.487945556640625
-0.265625 0.2578125 0.056304931640625
-0.21875 -0.16796875 0.055816650390625
