WHEELED_RIDER
0.2734375 -0.01953125 -0.5275115966796875
0.2734375 -0.099609375 -0.3927001953125
0.1796875 -0.013671875 0.1492919921875
0.1796875 -0.18359375 0.1478271484375
0.0078125 0.12109375 0.1424560546875
0.0078125 0.09375 0.4168701171875
-0.0078125 0.173828125 0.4168701171875
-0.0234375 0.119140625 0.0042724609375
0.0078125 0.009765625 0.4163818359375
-0.0234375 0.20703125 0.5540771484375
0.0390625 -0.26953125 0.2786865234375
-0.0234375 0.03125 0.0032958984375
-0.0078125 0.046875 0.5540771484375
-0.0390625 0.041015625 -0.1346435546875
-0.0546875 0.123046875 -0.1346435546875
-0.0546875 0.05078125 0.2777099609375
-0.0703125 0.0234375 -0.8275146484375
-0.0546875 -0.056640625 0.0013427734375
-0.0390625 -0.041015625 0.5531005859375
-0.0390625 -0.080078125 0.4149169921875
-0.1015625 0.09375 -0.5526351928710938
-0.0703125 -0.03515625 0.2767333984375
-0.0546875 0.01171875 0.8275146484375
-0.1015625 0.126953125 0.2767333984375
-0.1015625 0.029296875 -0.2757568359375
-0.1015625 0.00390625 -0.41522216796875
-0.1328125 0.181640625 0.1375732421875
-0.0703125 -0.125 0.5521240234375
-0.0859375 -0.025390625 0.6898193359375
-0.1328125 -0.056640625 -0.1405029296875
-0.1015625 -0.173828125 0.4124755859375
-0.1640625 -0.064453125 -0.2808837890625
-0.1484375 -0.109375 0.6878662109375
-0.2265625 0.1640625 -0.0054931640625
-0.2421875 0.1796875 -0.1439208984375
-0.2734375 0.26953125 0.2713623046875
-0.2109375 -0.140625 0.2713623046875
