WHEELED_RIDER
0.3828125 -0.0751953125 -0.509490966796875
0.2734375 0.0849609375 0.154296875
0.1015625 0.2392578125 0.283203125
0.1015625 0.0556640625 0.01171875
0.1171875 0.0302734375 0.41650390625
0.1171875 -0.0908203125 -0.257080078125
0.0859375 0.0615234375 -0.123291015625
0.0859375 0.1083984375 0.416015625
0.0859375 0.1455078125 0.55126953125
0.0703125 0.1865234375 0.416015625
0.0703125 -0.0322265625 -0.8018798828125
0.0546875 0.0380859375 -0.395751953125
0.0703125 -0.0322265625 0.009765625
0.0859375 -0.0517578125 0.41552734375
0.0859375 -0.0146484375 0.55029296875
0.0703125 -0.0283203125 0.14501953125
0.0703125 0.0673828125 0.55029296875
0.0390625 0.1240234375 0.009765625
0.0390625 -0.0224609375 -0.1259765625
0.0546875 -0.1142578125 0.0087890625
0.0703125 -0.1416015625 0.41455078125
0.0390625 -0.0068359375 0.27978515625
0.0703125 -0.0380859375 0.81982421875
0.0234375 0.0654296875 0.27978515625
0.0078125 0.1259765625 0.1435546875
0.0390625 -0.1083984375 -0.126953125
0.0078125 0.0283203125 -0.5345001220703125
0.0390625 -0.1142578125 0.1435546875
-0.0078125 0.1435546875 0.2783203125
-0.0078125 0.0458984375 -0.262939453125
-0.0234375 0.1279296875 -0.12841796875
0.0078125 0.0830078125 0.68408203125
-0.0078125 -0.0283203125 -0.263671875
0.0234375 -0.1044921875 0.54931640625
0.0078125 -0.0947265625 0.27783203125
0.0078125 0.0009765625 0.68408203125
0.0078125 -0.0810546875 0.68310546875
-0.0078125 0.0224609375 0.81884765625
-0.0078125 -0.1923828125 0.54833984375
-0.0078125 -0.1337890625 0.81884765625
-0.0234375 -0.2392578125 0.41162109375
-0.0859375 -0.0693359375 -0.5416717529296875
-0.0859375 -0.2177734375 0.1376953125
-0.1640625 0.1884765625 -0.13525390625
-0.1796875 0.1787109375 -0.00048828125
-0.1640625 0.0087890625 -0.81982421875
-0.1171875 -0.2001953125 0.2734375
-0.3828125 -0.1083984375 0.36279296875
