WHEELED_RIDER
0.3828125 -0.09765625 -0.37603759765625
0.2734375 -0.115234375 -0.78253173828125
0.1953125 0.0390625 0.14569091796875
0.1328125 0.115234375 0.14373779296875
0.1328125 0.087890625 0.40985107421875
0.1171875 0.033203125 0.00897216796875
0.1328125 0.0078125 0.40936279296875
0.1015625 0.15625 0.40936279296875
0.1015625 0.0390625 -0.12481689453125
0.0859375 0.1171875 -0.12506103515625
0.0859375 0.1015625 0.00799560546875
0.1015625 0.1171875 0.54217529296875
0.1015625 0.044921875 0.54217529296875
0.1015625 -0.0859375 0.40789794921875
0.0546875 0.029296875 -0.26129150390625
0.0703125 -0.060546875 0.00604248046875
0.0703125 -0.056640625 0.14031982421875
0.0546875 0.04296875 0.27410888671875
0.1015625 -0.068359375 0.80780029296875
0.0390625 0.12109375 0.27362060546875
0.0546875 -0.05859375 -0.12847900390625
0.0390625 0.001953125 -0.39691162109375
0.0859375 -0.19140625 0.27313232421875
0.0703125 -0.044921875 0.54119873046875
0.0703125 0.0078125 0.80780029296875
0.0703125 -0.171875 0.40692138671875
0.0390625 -0.0390625 0.27313232421875
0.0390625 -0.14453125 0.13787841796875
0.0390625 -0.029296875 0.67401123046875
0.0390625 -0.126953125 0.54022216796875
0.0234375 -0.109375 0.67303466796875
-0.0546875 0.16015625 0.00213623046875
-0.0078125 -0.1484375 -0.13214111328125
0.0078125 -0.2265625 0.13592529296875
-0.0546875 0.0 -0.80780029296875
-0.0078125 -0.21875 0.53826904296875
-0.0078125 -0.259765625 0.40399169921875
-0.0390625 -0.13671875 0.26922607421875
-0.1171875 0.259765625 0.26922607421875
-0.0703125 -0.234375 -0.13653564453125
-0.0859375 -0.244140625 -0.00274658203125
-0.3203125 0.044921875 0.35565185546875
-0.3203125 -0.0390625 0.35516357421875
-0.3828125 -0.130859375 0.35272216796875
-0.3828125 -0.2109375 0.35223388671875
