PEDESTRIAN
-0.171875 0.015625 -0.26611328125
-0.171875 0.0 -0.0439453125
-0.140625 -0.1171875 -0.26611328125
-0.171875 0.140625 -0.044921875
-0.140625 0.0703125 -0.490234375
-0.109375 -0.0625 -0.490234375
-0.078125 -0.0859375 -0.33154296875
-0.078125 -0.0625 -0.5537109375
-0.109375 0.1640625 -0.267578125
-0.140625 0.2890625 -0.0458984375
-0.015625 -0.2109375 -0.33154296875
-0.078125 0.015625 0.1796875
-0.046875 -0.0703125 -0.1103515625
-0.078125 0.1484375 0.1787109375
-0.015625 -0.1015625 -0.0458984375
-0.046875 0.0703125 -0.1103515625
-0.015625 -0.109375 0.1787109375
0.015625 -0.1640625 0.1103515625
-0.015625 0.0859375 -0.5556640625
0.046875 -0.2890625 0.1103515625
0.046875 -0.171875 -0.1103515625
-0.015625 0.0390625 0.4033203125
0.015625 -0.0390625 0.1103515625
0.015625 0.078125 -0.33349609375
-0.046875 0.296875 0.1787109375
0.078125 -0.21875 -0.046875
0.046875 -0.015625 0.3330078125
0.015625 0.21875 -0.111328125
0.078125 -0.140625 0.3330078125
0.140625 -0.296875 -0.111328125
0.046875 0.21875 -0.3349609375
0.078125 0.1171875 0.109375
0.078125 0.1328125 0.33203125
0.078125 0.2578125 0.109375
0.171875 -0.0078125 0.5556640625
