PEDESTRIAN
0.0859375 0.02734375 0.14776611328125
0.0703125 0.046875 0.25762939453125
0.0859375 -0.05078125 0.14776611328125
0.0859375 -0.02734375 0.25665283203125
0.0390625 0.0703125 -0.12030029296875
0.0546875 0.0 -0.11981201171875
0.0546875 0.0 0.00518798828125
0.0546875 0.015625 0.13165283203125
0.0234375 0.05859375 -0.62298583984375
0.0390625 0.0 -0.24530029296875
0.0234375 0.06640625 0.00421142578125
0.0546875 -0.07421875 0.00469970703125
0.0234375 0.1171875 0.25567626953125
0.0546875 -0.05859375 0.13116455078125
0.0703125 -0.15234375 0.00469970703125
0.0703125 -0.12890625 0.14678955078125
0.0703125 -0.109375 0.25665283203125
0.0234375 -0.01953125 -0.62457275390625
0.0078125 0.0703125 -0.24627685546875
0.0546875 -0.14453125 -0.24578857421875
0.0390625 -0.08203125 -0.24676513671875
0.0390625 -0.08984375 -0.12127685546875
0.0234375 0.08203125 0.38067626953125
0.0078125 0.0859375 0.13067626953125
-0.0078125 0.15625 0.14581298828125
0.0546875 -0.1328125 0.13067626953125
-0.0078125 0.0703125 -0.37249755859375
0.0078125 -0.00390625 -0.37225341796875
-0.0234375 0.12890625 -0.12225341796875
0.0234375 0.00390625 0.38067626953125
0.0078125 -0.08203125 -0.37298583984375
-0.0390625 0.140625 -0.24822998046875
-0.0390625 0.1484375 0.12921142578125
0.0234375 -0.078125 0.38067626953125
0.0078125 -0.15625 -0.37396240234375
-0.0546875 0.12890625 0.00177001953125
-0.0390625 0.140625 0.37969970703125
-0.0546875 -0.03515625 -0.50421142578125
-0.0078125 -0.03125 0.63165283203125
-0.0859375 0.03515625 -0.50494384765625
-0.0546875 -0.12109375 -0.63165283203125
-0.0390625 -0.05859375 0.50469970703125
-0.0703125 0.00390625 0.50372314453125
-0.0859375 -0.1171875 -0.50738525390625
