PEDESTRIAN
-0.03515625 -0.140625 -0.525390625
-0.01953125 -0.125 -0.49169921875
-0.01171875 -0.125 -0.3466796875
-0.01171875 -0.109375 -0.234375
-0.08203125 -0.0625 -0.2021484375
0.03515625 -0.125 -0.380859375
0.06640625 -0.140625 -0.49267578125
-0.07421875 -0.0625 -0.0888671875
-0.08203125 -0.046875 -0.2353515625
-0.00390625 -0.09375 -0.2021484375
-0.01171875 -0.09375 -0.0576171875
-0.14453125 0.0 -0.0888671875
-0.02734375 -0.0625 -0.380859375
0.07421875 -0.140625 -0.2021484375
-0.05859375 -0.03125 -0.34765625
-0.07421875 -0.046875 0.203125
-0.05859375 -0.046875 0.0576171875
0.08203125 -0.125 -0.2353515625
-0.00390625 -0.09375 0.2333984375
0.01171875 -0.078125 -0.0888671875
0.00390625 -0.078125 0.087890625
-0.07421875 -0.015625 0.087890625
-0.13671875 0.015625 0.349609375
-0.06640625 0.0 -0.05859375
-0.12109375 0.046875 -0.203125
-0.13671875 0.03125 0.203125
-0.12109375 0.03125 0.0576171875
-0.05859375 -0.03125 0.349609375
0.01953125 -0.0625 0.203125
0.10546875 -0.0625 0.087890625
0.05078125 0.03125 0.525390625
0.08203125 0.015625 0.4970703125
-0.06640625 0.140625 0.2333984375
0.14453125 0.0 0.380859375
0.02734375 0.078125 0.4970703125
0.13671875 0.0 0.525390625
0.07421875 0.0625 0.380859375
