PEDESTRIAN
-0.046875 0.224609375 -0.158203125
-0.078125 0.013671875 0.033203125
-0.046875 0.126953125 0.033203125
-0.015625 0.240234375 0.033203125
-0.015625 0.166015625 -0.2255859375
-0.046875 -0.013671875 -0.158203125
-0.015625 0.099609375 -0.158203125
-0.046875 0.005859375 0.2236328125
-0.015625 0.119140625 0.2236328125
-0.046875 -0.107421875 0.033203125
-0.015625 0.068359375 0.154296875
0.015625 0.181640625 -0.0361328125
-0.015625 -0.068359375 -0.2255859375
0.015625 0.044921875 -0.2265625
-0.015625 -0.048828125 0.154296875
0.015625 0.060546875 -0.0361328125
-0.015625 -0.134765625 -0.158203125
-0.015625 -0.185546875 -0.2255859375
-0.015625 -0.115234375 0.224609375
0.015625 -0.044921875 -0.0361328125
0.078125 0.205078125 -0.3505859375
0.078125 0.166015625 -0.416015625
-0.015625 -0.232421875 0.033203125
0.015625 -0.041015625 0.416015625
0.015625 -0.169921875 -0.0361328125
0.015625 -0.173828125 0.154296875
0.015625 -0.240234375 0.224609375
0.078125 0.064453125 0.416015625
0.078125 -0.052734375 0.345703125
