PEDESTRIAN
-0.15625 0.04296875 0.4169502258300781
-0.09375 -0.02734375 0.3485908508300781
-0.125 0.13671875 0.3485908508300781
-0.03125 -0.06640625 -0.4067802429199219
-0.03125 -0.05078125 0.14253616333007812
-0.03125 -0.02734375 -0.19804000854492188
-0.09375 0.23046875 0.4159736633300781
-0.03125 -0.03515625 0.07564163208007812
0.03125 -0.22265625 -0.4070243835449219
0.0625 -0.37109375 -0.4717216491699219
0.0 -0.09765625 0.4159736633300781
-0.03125 0.12890625 0.07466506958007812
0.03125 -0.13671875 -0.13236618041992188
0.0625 -0.19921875 -0.4733085632324219
0.0625 -0.16015625 -0.6832466125488281
0.125 -0.30078125 -0.6843605041503906
0.09375 -0.15234375 -0.19999313354492188
0.0 0.23828125 0.6903877258300781
0.0625 0.01953125 -0.13383102416992188
0.125 -0.28515625 -0.13383102416992188
0.0625 0.16796875 -0.20096969604492188
0.0625 0.16015625 0.6210517883300781
0.09375 0.12109375 -0.4111747741699219
0.125 -0.01953125 -0.4763603210449219
0.125 0.14453125 -0.4770927429199219
0.125 0.29296875 -0.4126396179199219
0.15625 0.20703125 -0.6892662048339844
0.15625 0.20703125 -0.13676071166992188
0.15625 0.37109375 -0.6903877258300781
