PEDESTRIAN
-0.3515625 0.01171875 0.261993408203125
-0.3359375 0.0234375 0.343048095703125
-0.3203125 0.04296875 0.247344970703125
-0.3046875 0.05859375 0.261016845703125
-0.3359375 -0.05078125 0.261016845703125
-0.3359375 -0.03515625 0.343048095703125
-0.3046875 0.0078125 0.354766845703125
-0.2734375 0.0625 0.342071533203125
-0.2890625 0.0 0.449493408203125
-0.2421875 0.109375 0.341094970703125
-0.2421875 0.078125 0.245391845703125
-0.2578125 0.046875 0.353790283203125
-0.2421875 0.0234375 -0.043182373046875
-0.3046875 -0.078125 0.436798095703125
-0.2890625 -0.05859375 0.449493408203125
-0.2265625 0.1015625 0.353790283203125
-0.2734375 -0.02734375 0.436798095703125
-0.2734375 -0.05859375 0.353790283203125
-0.2421875 -0.01953125 0.068634033203125
-0.2421875 -0.02734375 0.052032470703125
-0.2265625 0.0234375 0.148223876953125
-0.2265625 -0.03515625 -0.218475341796875
-0.2421875 -0.03125 0.148223876953125
-0.2109375 0.02734375 0.068145751953125
-0.2109375 0.0234375 0.052032470703125
-0.2421875 -0.08203125 0.067657470703125
-0.2421875 0.00390625 0.532501220703125
-0.1796875 0.07421875 0.147735595703125
-0.2265625 -0.05078125 0.243438720703125
-0.2734375 -0.15234375 0.435821533203125
-0.2421875 -0.0546875 0.532501220703125
-0.2109375 0.01171875 0.435821533203125
-0.1796875 0.00390625 -0.142791748046875
-0.1640625 0.05859375 -0.046112060546875
-0.1796875 -0.0390625 -0.336883544921875
-0.1640625 0.015625 -0.239959716796875
-0.1953125 0.02734375 0.448516845703125
-0.1640625 0.00390625 -0.220428466796875
-0.1484375 0.06640625 0.066192626953125
-0.1484375 0.05859375 0.049591064453125
-0.1328125 0.11328125 0.146270751953125
-0.2265625 -0.15234375 0.257110595703125
-0.1640625 0.0546875 0.434844970703125
-0.1328125 0.046875 -0.144256591796875
-0.2265625 -0.14453125 0.447540283203125
-0.1484375 0.07421875 0.447540283203125
-0.1328125 0.0 -0.339324951171875
-0.1171875 0.0546875 -0.242401123046875
-0.0859375 0.16015625 0.256134033203125
-0.1640625 0.015625 0.723907470703125
-0.1796875 -0.03125 0.733673095703125
-0.1171875 0.04296875 0.255157470703125
-0.1015625 0.0859375 0.240509033203125
-0.0859375 0.1015625 0.064727783203125
-0.1328125 0.06640625 0.627227783203125
-0.1328125 0.0625 0.637969970703125
-0.1484375 0.01171875 0.637969970703125
-0.1484375 0.0078125 0.627227783203125
-0.1796875 -0.15234375 0.337188720703125
-0.0546875 0.20703125 0.255157470703125
-0.0859375 0.0390625 -0.223846435546875
-0.1640625 -0.04296875 0.637969970703125
-0.1484375 0.01953125 0.733673095703125
-0.1328125 0.015625 0.542266845703125
-0.1796875 -0.1015625 0.637969970703125
-0.1484375 -0.04296875 0.542266845703125
-0.1015625 0.11328125 0.627227783203125
-0.1015625 -0.08203125 -0.733673095703125
-0.1171875 0.0703125 0.733673095703125
-0.0546875 0.08203125 -0.148162841796875
-0.0390625 0.1875 0.240509033203125
-0.1171875 0.05859375 0.723907470703125
-0.1484375 -0.0546875 0.723907470703125
-0.1015625 0.015625 0.530548095703125
-0.0859375 0.10546875 0.723907470703125
-0.0859375 0.05859375 0.542266845703125
-0.0390625 0.12890625 0.239532470703125
-0.0234375 0.0859375 -0.246795654296875
-0.0234375 0.07421875 -0.227264404296875
-0.1171875 -0.0625 0.626251220703125
-0.0390625 0.09375 0.349884033203125
-0.0234375 0.07421875 0.044219970703125
-0.0078125 0.12890625 0.141387939453125
-0.0234375 0.09765625 0.335235595703125
0.0078125 0.05859375 -0.054901123046875
0.0546875 0.12109375 -0.250701904296875
0.0546875 0.10546875 -0.153533935546875
-0.0703125 -0.20703125 0.348907470703125
0.0390625 0.0 -0.350067138671875
0.0078125 0.03515625 0.528594970703125
0.0234375 0.046875 0.430938720703125
0.0546875 0.046875 0.251251220703125
0.1171875 0.078125 -0.060272216796875
0.1171875 0.03125 -0.354949951171875
0.0859375 0.0390625 0.443634033203125
0.1640625 0.0078125 -0.556121826171875
0.2734375 0.02734375 0.049591064453125
0.1484375 -0.20703125 0.733673095703125
0.2890625 0.0234375 0.029571533203125
0.3359375 0.0703125 -0.246307373046875
0.3515625 -0.00390625 -0.643035888671875
