PEDESTRIAN
0.2421875 0.03515625 -0.79302978515625
0.2109375 0.1015625 -0.793365478515625
0.1484375 0.14453125 -0.569915771484375
0.1640625 0.078125 -0.570159912109375
0.1484375 0.078125 -0.457122802734375
0.1171875 0.15625 -0.229583740234375
0.1328125 0.0859375 -0.343353271484375
0.1484375 0.0234375 -0.343353271484375
0.1171875 0.0859375 -0.230560302734375
0.1015625 0.14453125 -0.116790771484375
0.0859375 0.1484375 -0.345062255859375
0.1953125 -0.1328125 0.225006103515625
0.1796875 -0.109375 0.339263916015625
0.0546875 0.19921875 -0.117767333984375
0.1015625 -0.00390625 -0.461517333984375
0.0703125 0.0703125 -0.454681396484375
0.0859375 -0.00390625 -0.454193115234375
0.1328125 -0.078125 0.224029541015625
0.0703125 0.06640625 -0.118743896484375
0.0859375 0.04296875 0.224029541015625
0.0546875 0.0625 -0.005950927734375
0.0703125 0.015625 0.109283447265625
0.0859375 -0.02734375 0.223052978515625
0.1015625 -0.05859375 0.337310791015625
0.0234375 0.12109375 -0.005950927734375
0.0390625 0.10546875 0.223052978515625
0.1328125 -0.20703125 0.224029541015625
0.0390625 0.07421875 0.108795166015625
0.0546875 -0.00390625 -0.005950927734375
0.1015625 -0.14453125 0.224029541015625
0.0546875 -0.05859375 0.107818603515625
0.0234375 0.06640625 0.336334228515625
0.0078125 0.04296875 0.108795166015625
0.0078125 -0.015625 -0.237396240234375
-0.0078125 0.12890625 0.336334228515625
-0.0234375 0.12890625 0.106842041015625
0.0234375 -0.01171875 0.336334228515625
-0.0390625 0.15625 0.221099853515625
-0.0078125 -0.02734375 -0.123626708984375
-0.0078125 0.07421875 0.450592041015625
0.0078125 -0.09375 -0.008880615234375
-0.0078125 -0.0234375 0.108306884765625
0.0234375 -0.0546875 0.449615478515625
-0.0703125 0.1640625 -0.009368896484375
-0.0546875 0.17578125 0.335357666015625
0.0234375 -0.13671875 0.106353759765625
-0.0390625 0.13671875 0.449615478515625
-0.0078125 -0.0390625 0.222076416015625
-0.0078125 0.01171875 0.449615478515625
0.0078125 -0.109375 0.222076416015625
-0.0859375 0.18359375 0.105377197265625
-0.0078125 -0.09375 0.107818603515625
-0.0234375 -0.09375 -0.240325927734375
-0.0390625 0.02734375 0.221099853515625
0.0234375 -0.2109375 0.105865478515625
-0.0703125 0.09375 0.107330322265625
-0.0234375 -0.1015625 -0.125091552734375
-0.0234375 -0.04296875 0.334381103515625
-0.0078125 -0.1640625 0.107330322265625
-0.1015625 0.19921875 0.449615478515625
-0.0078125 -0.13671875 0.449615478515625
-0.0234375 -0.11328125 0.334381103515625
-0.0390625 0.0234375 0.679107666015625
-0.0234375 -0.04296875 0.679107666015625
-0.0390625 -0.17578125 -0.011810302734375
-0.0390625 0.01171875 0.793365478515625
-0.1328125 0.1484375 0.105377197265625
-0.0546875 -0.171875 -0.242767333984375
-0.0078125 -0.2578125 0.219146728515625
-0.0859375 0.078125 0.563873291015625
-0.0703125 0.015625 0.563873291015625
-0.1484375 0.1953125 0.218170166015625
-0.0546875 -0.18359375 -0.127532958984375
-0.0703125 0.07421875 0.793365478515625
-0.0546875 -0.05078125 0.563873291015625
-0.1171875 0.0703125 0.220123291015625
-0.1171875 0.140625 0.563873291015625
-0.1796875 0.26171875 0.218170166015625
-0.0546875 -0.12109375 0.563873291015625
-0.1796875 0.2265625 0.333404541015625
-0.1796875 0.24609375 0.447662353515625
-0.1171875 -0.12109375 -0.360931396484375
-0.1171875 0.07421875 0.679107666015625
-0.0703125 -0.1875 0.333404541015625
-0.0546875 -0.21875 0.447662353515625
-0.0703125 -0.07421875 0.793365478515625
-0.2109375 0.28125 0.332427978515625
-0.0859375 -0.07421875 0.676177978515625
-0.2421875 0.26953125 -0.015228271484375
-0.1171875 -0.00390625 0.676177978515625
-0.1328125 -0.0078125 0.561920166015625
-0.0859375 -0.19921875 0.562896728515625
-0.1015625 -0.25390625 0.331451416015625
-0.1796875 0.0546875 0.561920166015625
-0.1796875 -0.1484375 -0.471527099609375
-0.1484375 -0.27734375 -0.017181396484375
-0.2109375 -0.16796875 -0.483489990234375
-0.1484375 -0.28125 0.332427978515625
-0.2109375 -0.21875 -0.474212646484375
-0.2109375 -0.16015625 0.560943603515625
