PEDESTRIAN
0.3046875 -0.02734375 0.18060302734375
0.3046875 -0.12890625 0.18060302734375
0.1953125 -0.078125 0.00677490234375
0.1640625 0.06640625 -0.16656494140625
0.1796875 -0.01171875 0.35150146484375
0.1640625 -0.0390625 -0.16705322265625
0.1171875 0.1875 0.35052490234375
0.1171875 -0.00390625 -0.68756103515625
0.1171875 0.015625 0.00482177734375
0.1171875 0.04296875 0.17767333984375
0.1171875 0.07421875 0.35052490234375
0.1484375 -0.12109375 0.35052490234375
0.1171875 -0.10546875 -0.51470947265625
0.0859375 0.1171875 0.00482177734375
0.0859375 0.14453125 0.17767333984375
0.1171875 -0.140625 -0.16851806640625
0.1171875 -0.06640625 0.39739990234375
0.0859375 -0.0859375 -0.34234619140625
0.1015625 -0.19140625 -0.34234619140625
0.0390625 0.21484375 0.00433349609375
0.0234375 0.16015625 -0.16998291015625
0.1015625 -0.17578125 0.39739990234375
-0.0078125 0.0078125 -0.34478759765625
0.0078125 0.046875 0.69622802734375
0.0390625 -0.25 0.34954833984375
-0.0859375 0.30078125 -0.34576416015625
-0.0078125 -0.046875 0.52239990234375
-0.0703125 0.08984375 -0.34625244140625
-0.0390625 0.05078125 0.52239990234375
-0.1015625 0.171875 -0.69610595703125
-0.0859375 0.0703125 -0.69622802734375
-0.0546875 0.140625 0.69622802734375
-0.1015625 0.06640625 -0.52252197265625
-0.3046875 -0.30078125 0.52044677734375
