PEDESTRIAN
-0.0400390625 0.2470703125 0.37493896484375
0.2607421875 -0.1435546875 -0.71319580078125
-0.1572265625 0.1572265625 0.50775146484375
-0.1689453125 -0.0224609375 0.12982177734375
0.1591796875 0.1552734375 -0.01129150390625
0.0146484375 -0.1748046875 0.47943115234375
-0.0673828125 0.0595703125 0.49212646484375
0.0576171875 0.1669921875 0.46478271484375
-0.0244140625 0.0830078125 0.63177490234375
0.0419921875 0.2236328125 0.35736083984375
-0.0791015625 0.0869140625 0.68841552734375
-0.0205078125 0.2060546875 0.14447021484375
-0.0751953125 0.0087890625 0.49017333984375
-0.1455078125 0.0126953125 0.50384521484375
-0.0556640625 0.0791015625 -0.61871337890625
0.3271484375 -0.1162109375 -0.71734619140625
0.0537109375 0.2177734375 0.41302490234375
0.0146484375 0.3193359375 0.31048583984375
-0.1259765625 0.1298828125 0.14349365234375
0.0068359375 0.2861328125 0.37591552734375
-0.1533203125 -0.1435546875 0.21282958984375
-0.0751953125 0.0673828125 0.63275146484375
-0.1572265625 0.0947265625 0.00872802734375
-0.0673828125 0.1943359375 0.41595458984375
-0.1259765625 0.0400390625 0.22747802734375
-0.1025390625 0.1474609375 0.49700927734375
-0.1806640625 0.0673828125 0.00677490234375
-0.0791015625 0.0869140625 0.68841552734375
0.1005859375 0.1904296875 0.49310302734375
0.0498046875 0.1923828125 0.13763427734375
0.0029296875 0.0869140625 0.53118896484375
-0.1689453125 0.1845703125 0.37591552734375
-0.1689453125 -0.0224609375 0.12982177734375
-0.0166015625 -0.1904296875 0.45013427734375
-0.2119140625 0.0634765625 -0.57891845703125
-0.1259765625 -0.1005859375 0.28509521484375
0.2216796875 -0.2138671875 -0.72357177734375
-0.0322265625 0.3037109375 0.31243896484375
-0.1494140625 0.1142578125 0.50677490234375
0.1982421875 -0.2138671875 -0.72052001953125
-0.0908203125 0.0908203125 0.66107177734375
-0.0908203125 0.0048828125 0.29193115234375
-0.1103515625 0.0556640625 0.53216552734375
0.2412109375 -0.1787109375 -0.71844482421875
-0.0322265625 0.1103515625 0.61419677734375
-0.1025390625 0.0322265625 0.71575927734375
-0.1103515625 0.1142578125 -0.60308837890625
-0.0283203125 -0.0498046875 0.42864990234375
-0.1689453125 0.0830078125 0.00823974609375
-0.1455078125 0.0712890625 -0.20660400390625
0.1044921875 0.2255859375 0.06878662109375
-0.1416015625 0.0322265625 0.50482177734375
0.0068359375 0.1064453125 0.60443115234375
-0.1689453125 0.0595703125 0.61419677734375
-0.0947265625 0.2333984375 0.24407958984375
0.0107421875 0.0947265625 0.50384521484375
-0.1455078125 0.2041015625 0.08245849609375
0.0654296875 0.2236328125 0.07122802734375
0.1630859375 0.1611328125 0.05804443359375
-0.1455078125 0.2041015625 0.08245849609375
0.1044921875 0.1103515625 0.51751708984375
-0.1181640625 -0.2451171875 0.10198974609375
-0.0634765625 0.1572265625 -0.20123291015625
-0.0712890625 0.2373046875 0.37591552734375
-0.1376953125 0.0947265625 0.61419677734375
0.0966796875 0.2412109375 0.43939208984375
0.3271484375 -0.1162109375 -0.71734619140625
0.0224609375 0.1142578125 0.60443115234375
0.0029296875 0.0791015625 0.50384521484375
-0.0634765625 0.0830078125 0.63275146484375
0.0458984375 0.1064453125 0.60345458984375
-0.0908203125 0.0712890625 0.68841552734375
-0.0751953125 0.0947265625 0.66107177734375
0.1591796875 0.1650390625 0.46185302734375
0.1044921875 0.0791015625 0.54486083984375
0.3271484375 -0.1162109375 -0.71734619140625
-0.0751953125 0.0166015625 0.51849365234375
0.0185546875 0.0830078125 0.51849365234375
-0.0830078125 0.1689453125 0.46966552734375
-0.0673828125 0.1103515625 0.57806396484375
0.0732421875 0.0986328125 0.53118896484375
0.0419921875 0.2685546875 0.45404052734375
-0.1904296875 0.0244140625 0.00189208984375
0.0185546875 0.2119140625 0.07269287109375
-0.0205078125 0.0830078125 0.50384521484375
-0.0087890625 0.1103515625 0.64154052734375
0.0224609375 0.1142578125 0.60443115234375
-0.0322265625 0.1103515625 0.61419677734375
-0.2119140625 0.0634765625 -0.57891845703125
-0.0908203125 0.0908203125 0.66107177734375
-0.0634765625 0.0869140625 0.68841552734375
-0.0791015625 0.0361328125 0.57611083984375
-0.1025390625 0.1572265625 0.41497802734375
-0.1220703125 0.0673828125 0.36907958984375
-0.1025390625 0.1630859375 0.01312255859375
-0.1259765625 -0.0029296875 0.63177490234375
-0.2822265625 -0.2177734375 -0.02398681640625
-0.1416015625 -0.0927734375 0.21673583984375
-0.0322265625 0.1455078125 0.57806396484375
-0.1025390625 0.1533203125 0.14447021484375
-0.1728515625 0.0361328125 0.61419677734375
-0.1298828125 0.0166015625 0.22650146484375
-0.0400390625 0.2041015625 0.14544677734375
-0.0791015625 0.2724609375 0.24603271484375
-0.0908203125 0.0712890625 0.68841552734375
-0.0400390625 0.2041015625 0.14544677734375
-0.1142578125 0.0439453125 0.63275146484375
0.2763671875 -0.1396484375 -0.71429443359375
0.0498046875 0.0595703125 0.48822021484375
-0.1142578125 0.1025390625 0.64154052734375
0.0419921875 0.0947265625 0.57513427734375
0.0537109375 0.2431640625 0.41400146484375
-0.0634765625 0.2060546875 0.36126708984375
0.1005859375 0.2060546875 0.00042724609375
-0.0361328125 0.2236328125 0.36126708984375
-0.1728515625 0.1591796875 0.07952880859375
-0.1025390625 0.1533203125 0.14447021484375
-0.1181640625 0.1474609375 0.41497802734375
-0.0869140625 0.1494140625 0.49700927734375
-0.0244140625 0.1904296875 0.00970458984375
-0.1376953125 0.0595703125 0.13665771484375
0.0927734375 0.2119140625 0.06829833984375
0.0146484375 0.1826171875 -0.20611572265625
-0.0908203125 0.0673828125 0.63275146484375
-0.1376953125 -0.0341796875 0.22161865234375
-0.1923828125 0.0947265625 -0.57476806640625
-0.1259765625 0.0400390625 0.22747802734375
-0.1298828125 0.1455078125 0.01312255859375
0.2841796875 -0.1435546875 -0.70306396484375
-0.1298828125 0.0869140625 0.72259521484375
-0.0244140625 -0.0888671875 0.42669677734375
-0.1298828125 0.1533203125 0.53411865234375
0.0732421875 0.2099609375 0.13763427734375
0.0341796875 0.2158203125 0.07220458984375
-0.1298828125 0.0869140625 0.72259521484375
-0.0400390625 0.1064453125 0.66107177734375
0.2919921875 -0.1318359375 -0.71527099609375
-0.1298828125 -0.2568359375 0.10198974609375
-0.1455078125 0.0087890625 -0.21783447265625
0.0498046875 0.2138671875 0.07122802734375
0.0732421875 0.0634765625 0.51654052734375
-0.1455078125 0.0869140625 0.72259521484375
0.0224609375 0.2958984375 0.26849365234375
0.0615234375 0.1943359375 0.50579833984375
-0.1884765625 -0.2529296875 -0.03570556640625
-0.0947265625 0.1611328125 0.46966552734375
0.0419921875 0.1337890625 0.50482177734375
-0.1259765625 0.1103515625 -0.58013916015625
0.0224609375 0.0947265625 0.66009521484375
0.0224609375 0.2021484375 0.41302490234375
0.0302734375 0.2236328125 0.44134521484375
-0.0908203125 0.1943359375 0.41693115234375
-0.1494140625 -0.0146484375 -0.22174072265625
0.2294921875 -0.1904296875 -0.71942138671875
-0.1455078125 0.2392578125 0.37786865234375
-0.0556640625 0.0791015625 -0.61871337890625
-0.1455078125 0.0087890625 -0.21783447265625
-0.1259765625 0.0244140625 0.66009521484375
-0.2119140625 -0.0029296875 -0.59527587890625
0.1083984375 0.1025390625 0.53021240234375
0.2763671875 -0.1396484375 -0.71429443359375
0.1982421875 -0.2138671875 -0.72052001953125
-0.0244140625 0.2763671875 0.37591552734375
0.1044921875 0.1318359375 -0.22320556640625
-0.1142578125 0.1455078125 0.44232177734375
0.0458984375 0.1552734375 0.46478271484375
-0.0283203125 0.2236328125 0.07708740234375
0.0185546875 0.0830078125 0.51849365234375
-0.0908203125 0.1396484375 -0.20123291015625
-0.1220703125 -0.0771484375 0.28704833984375
-0.0634765625 0.0869140625 0.68841552734375
0.1240234375 0.1396484375 -0.22564697265625
-0.0673828125 0.1591796875 0.55169677734375
-0.0751953125 0.0673828125 0.63275146484375
-0.0712890625 0.2744140625 0.31243896484375
-0.1298828125 0.1103515625 -0.20220947265625
-0.1181640625 0.1474609375 0.41497802734375
0.0458984375 0.1064453125 0.60345458984375
-0.0166015625 0.2216796875 0.36029052734375
0.0224609375 0.2919921875 0.37493896484375
-0.1416015625 -0.0927734375 0.21673583984375
-0.0205078125 0.1064453125 0.66009521484375
0.1552734375 0.1845703125 0.12884521484375
-0.0947265625 0.2333984375 0.24407958984375
-0.1142578125 0.2509765625 0.31243896484375
-0.1220703125 -0.0771484375 0.28704833984375
-0.0517578125 0.1982421875 0.41595458984375
-0.1904296875 0.0244140625 0.00189208984375
-0.0478515625 0.1025390625 0.60443115234375
0.1044921875 0.0791015625 0.54486083984375
-0.2607421875 -0.2255859375 -0.02642822265625
0.1044921875 0.1103515625 0.51751708984375
0.0849609375 0.0751953125 0.51654052734375
-0.0634765625 0.0947265625 0.54974365234375
-0.0908203125 0.0048828125 0.29193115234375
-0.1455078125 0.0712890625 -0.20660400390625
-0.0986328125 0.1904296875 0.07806396484375
-0.1103515625 0.0556640625 0.53216552734375
-0.0986328125 0.0517578125 0.63275146484375
0.0458984375 0.2021484375 0.00482177734375
