PEDESTRIAN
-0.1875 -0.12890625 0.3505859375
-0.15625 -0.09765625 0.42822265625
-0.15625 -0.04296875 0.1728515625
-0.125 -0.13671875 -0.16015625
-0.15625 0.01171875 -0.160400390625
-0.125 -0.09765625 0.0947265625
-0.09375 -0.11328125 -0.08349609375
-0.0625 -0.19140625 0.171875
-0.125 0.05078125 0.09375
-0.03125 -0.26953125 -0.161376953125
-0.125 0.05859375 0.34814453125
-0.15625 0.21484375 0.34765625
-0.09375 0.05078125 -0.6724853515625
-0.03125 -0.14453125 -0.595947265625
0.0 -0.23046875 0.34814453125
-0.03125 -0.08984375 -0.673828125
-0.125 0.22265625 0.42578125
-0.0625 0.03515625 0.6806640625
-0.0625 0.13671875 0.169921875
0.0 -0.01953125 -0.34259033203125
0.0625 -0.21484375 0.091796875
0.09375 -0.27734375 -0.599365234375
-0.03125 0.23046875 -0.087890625
0.0 0.11328125 0.6015625
-0.03125 0.26953125 0.6015625
0.0 0.22265625 0.6796875
0.09375 -0.00390625 0.6015625
0.1875 -0.18359375 -0.6806640625
0.09375 0.27734375 0.08740234375
