PEDESTRIAN
-0.125 0.177734375 -0.281005859375
-0.0859375 0.099609375 0.256103515625
-0.09765625 -0.083984375 -0.306884765625
-0.0078125 0.216796875 0.346923828125
-0.03515625 0.166015625 0.368408203125
-0.15625 0.080078125 0.309814453125
-0.08203125 -0.111328125 0.362548828125
0.01953125 0.193359375 -0.227294921875
-0.1171875 0.025390625 0.570556640625
-0.12890625 -0.017578125 0.215087890625
-0.2109375 -0.158203125 -0.035888671875
-0.14453125 -0.025390625 -0.105712890625
-0.109375 0.095703125 -0.006591796875
-0.09375 0.271484375 -0.017333984375
-0.19921875 -0.056640625 0.607666015625
-0.09375 0.017578125 0.062744140625
-0.01171875 0.224609375 0.070556640625
-0.01171875 0.119140625 0.442626953125
-0.1875 0.111328125 -0.281982421875
-0.02734375 0.201171875 0.257080078125
-0.19140625 -0.044921875 0.120361328125
-0.09375 -0.115234375 0.457275390625
-0.03515625 0.166015625 0.368408203125
-0.15625 -0.017578125 -0.011474609375
-0.1171875 -0.048828125 0.631103515625
-0.01171875 0.119140625 0.442626953125
-0.09765625 0.033203125 0.682861328125
-0.09375 -0.080078125 0.554931640625
-0.07421875 0.130859375 -0.406005859375
-0.203125 0.037109375 -0.025146484375
-0.109375 0.068359375 -0.100830078125
0.19140625 0.091796875 -0.734375
-0.09765625 -0.189453125 0.245361328125
-0.03515625 -0.123046875 0.438720703125
-0.1875 0.048828125 0.309814453125
-0.1328125 -0.142578125 0.228759765625
-0.1171875 -0.033203125 0.252197265625
0.01953125 0.201171875 0.405517578125
-0.0546875 0.013671875 0.403564453125
-0.19921875 -0.056640625 0.607666015625
-0.1171875 -0.025390625 0.458251953125
-0.0859375 0.001953125 0.669189453125
-0.09375 -0.017578125 0.327392578125
-0.0390625 0.189453125 0.182861328125
-0.02734375 0.201171875 0.257080078125
-0.046875 0.041015625 0.608642578125
-0.05859375 0.138671875 0.256103515625
-0.08984375 0.080078125 0.141845703125
-0.00390625 0.212890625 0.309814453125
-0.05859375 0.107421875 0.141845703125
-0.05078125 0.169921875 0.144775390625
-0.1796875 0.072265625 0.125244140625
-0.1640625 0.009765625 0.682861328125
-0.08984375 0.072265625 0.217041015625
-0.19140625 0.052734375 0.124267578125
-0.140625 0.001953125 0.720947265625
-0.125 -0.041015625 0.593017578125
-0.09375 -0.115234375 0.457275390625
-0.08203125 -0.091796875 -0.430419921875
-0.09375 0.271484375 -0.017333984375
-0.04296875 0.134765625 0.405517578125
-0.09765625 -0.052734375 0.707275390625
-0.15234375 0.138671875 -0.281982421875
-0.17578125 0.130859375 -0.281005859375
0.02734375 0.166015625 0.479736328125
-0.140625 0.068359375 0.346923828125
-0.09765625 0.021484375 0.458251953125
-0.109375 -0.134765625 0.054931640625
-0.0390625 0.001953125 0.533447265625
-0.0390625 0.189453125 0.182861328125
-0.08203125 -0.021484375 0.495361328125
-0.1328125 0.029296875 0.178955078125
-0.09375 0.044921875 0.291259765625
-0.05078125 0.162109375 0.331298828125
-0.09765625 0.146484375 -0.024169921875
-0.09765625 0.087890625 0.180908203125
-0.17578125 -0.123046875 0.230712890625
-0.14453125 -0.060546875 0.137939453125
-0.07421875 -0.193359375 0.419189453125
-0.109375 -0.232421875 -0.255126953125
0.0390625 0.083984375 -0.7138671875
-0.06640625 0.103515625 0.367431640625
-0.19140625 0.052734375 0.124267578125
0.03515625 0.216796875 0.421142578125
-0.08984375 0.080078125 0.141845703125
-0.08203125 0.068359375 0.292236328125
0.03125 0.205078125 0.293212890625
-0.0390625 0.021484375 0.669189453125
0.0 -0.263671875 0.435791015625
-0.17578125 -0.123046875 0.230712890625
-0.10546875 0.060546875 0.330322265625
-0.0390625 -0.048828125 0.439697265625
-0.125 -0.123046875 0.248291015625
-0.1328125 -0.177734375 -0.024169921875
-0.08984375 0.064453125 0.367431640625
-0.11328125 0.033203125 0.292236328125
-0.0078125 0.037109375 0.478759765625
-0.046875 0.224609375 0.236572265625
-0.015625 0.041015625 0.533447265625
-0.03125 0.173828125 0.294189453125
-0.05859375 0.107421875 0.141845703125
-0.03515625 0.166015625 0.368408203125
-0.0234375 -0.111328125 0.476806640625
-0.06640625 -0.107421875 0.400634765625
-0.11328125 -0.123046875 -0.430908203125
-0.15234375 -0.041015625 0.533447265625
-0.1171875 -0.029296875 0.669189453125
0.015625 0.177734375 0.367431640625
-0.10546875 0.029296875 0.720947265625
-0.03515625 -0.017578125 0.707275390625
-0.0859375 0.138671875 -0.096923828125
-0.0078125 0.037109375 0.478759765625
-0.15625 -0.017578125 -0.011474609375
-0.05078125 0.162109375 0.331298828125
-0.01171875 0.087890625 -0.68310546875
-0.1328125 -0.177734375 -0.024169921875
-0.171875 -0.162109375 -0.114501953125
-0.10546875 0.048828125 0.367431640625
-0.109375 -0.107421875 -0.307373046875
-0.03125 -0.177734375 0.496337890625
-0.09375 0.076171875 0.255126953125
-0.04296875 0.134765625 0.405517578125
-0.0546875 0.017578125 0.631103515625
-0.125 -0.041015625 0.593017578125
-0.04296875 0.224609375 0.146728515625
-0.109375 -0.126953125 -0.245361328125
0.0703125 0.232421875 0.179931640625
-0.0625 -0.091796875 -0.700927734375
-0.21484375 0.017578125 -0.025146484375
-0.08203125 0.103515625 0.458251953125
-0.08203125 -0.021484375 0.495361328125
-0.08984375 0.080078125 0.141845703125
-0.1640625 -0.142578125 0.115478515625
0.24609375 0.068359375 -0.745361328125
-0.09765625 0.052734375 0.458251953125
0.0234375 -0.072265625 -0.734375
0.09375 0.205078125 0.328369140625
-0.12109375 -0.150390625 0.381103515625
-0.05078125 0.169921875 0.144775390625
0.09375 0.205078125 0.328369140625
-0.01953125 0.201171875 -0.222900390625
-0.08984375 0.111328125 0.180908203125
-0.109375 0.056640625 -0.67529296875
-0.17578125 -0.033203125 0.645751953125
-0.04296875 0.181640625 0.219970703125
-0.09375 -0.107421875 -0.430908203125
-0.109375 0.056640625 0.255126953125
0.03515625 0.216796875 0.421142578125
-0.15234375 0.138671875 -0.281982421875
0.0859375 0.099609375 -0.7177734375
-0.1875 0.048828125 0.309814453125
-0.1171875 0.037109375 0.330322265625
-0.125 0.087890625 0.346923828125
-0.04296875 0.220703125 0.385009765625
0.015625 0.001953125 0.554931640625
-0.01953125 0.005859375 0.516845703125
-0.03125 0.037109375 0.441650390625
-0.10546875 0.126953125 0.384033203125
-0.09375 -0.107421875 -0.430908203125
-0.17578125 -0.126953125 0.135986328125
0.0 0.064453125 0.478759765625
-0.1015625 -0.072265625 -0.240966796875
-0.0546875 0.017578125 0.593017578125
-0.01171875 0.189453125 0.331298828125
-0.0859375 -0.158203125 0.457275390625
-0.0390625 0.021484375 0.669189453125
-0.04296875 0.224609375 0.146728515625
-0.078125 0.005859375 0.631103515625
-0.0625 -0.021484375 0.707275390625
0.05859375 0.189453125 0.404541015625
-0.04296875 0.013671875 0.571533203125
-0.12109375 0.087890625 -0.405517578125
0.01953125 0.212890625 0.218994140625
0.05859375 0.189453125 0.404541015625
-0.0546875 0.134765625 0.293212890625
-0.12109375 0.076171875 -0.007568359375
-0.0234375 -0.052734375 0.401611328125
-0.09375 0.044921875 0.291259765625
-0.05078125 0.255859375 0.000244140625
0.0 0.021484375 0.631103515625
-0.08984375 0.240234375 -0.089111328125
-0.10546875 0.064453125 -0.227783203125
0.0546875 0.177734375 0.442626953125
-0.1015625 -0.115234375 0.248291015625
0.0078125 0.123046875 0.479736328125
-0.06640625 0.103515625 0.367431640625
-0.08203125 -0.021484375 0.495361328125
0.0546875 0.205078125 0.367431640625
-0.08203125 -0.021484375 -0.422119140625
-0.05859375 0.205078125 0.146728515625
-0.05859375 0.009765625 0.554931640625
-0.03125 0.025390625 0.631103515625
-0.05859375 0.009765625 0.554931640625
-0.11328125 -0.193359375 -0.438720703125
-0.10546875 -0.271484375 -0.259033203125
-0.05859375 0.138671875 0.256103515625
-0.0546875 0.134765625 0.293212890625
0.1171875 0.126953125 -0.113525390625
-0.171875 -0.162109375 -0.114501953125
-0.1328125 -0.064453125 0.593017578125
