PEDESTRIAN
-0.16015625 -0.00390625 -0.5278472900390625
-0.140625 0.0 -0.5289459228515625
-0.26953125 -0.08203125 -0.1156158447265625
-0.12109375 0.00390625 -0.5301055908203125
-0.166015625 -0.0390625 -0.5364532470703125
-0.103515625 0.00390625 -0.5323638916015625
-0.27734375 -0.109375 -0.1195220947265625
-0.244140625 -0.09375 -0.1190338134765625
0.03125 0.07421875 -0.5295562744140625
-0.076171875 -0.01171875 -0.5389556884765625
-0.21875 -0.09765625 -0.1222076416015625
0.015625 0.05859375 -0.5316925048828125
-0.2578125 -0.12890625 -0.1073150634765625
0.00390625 0.0390625 -0.5359649658203125
0.17578125 0.2421875 0.1622161865234375
0.05078125 0.07421875 -0.5328521728515625
0.1640625 0.23046875 0.1617279052734375
-0.236328125 -0.12890625 -0.1087799072265625
-0.205078125 -0.109375 -0.1082916259765625
0.15234375 0.203125 0.1587982177734375
-0.216796875 -0.12890625 -0.1107330322265625
0.0 0.03515625 -0.0980377197265625
0.01953125 0.0390625 -0.0990142822265625
0.03515625 0.05078125 -0.0980377197265625
-0.0078125 0.015625 -0.1009674072265625
0.00390625 -0.00390625 -0.5468292236328125
0.078125 0.0546875 -0.5405426025390625
-0.0234375 -0.00390625 -0.1034088134765625
-0.04296875 -0.046875 -0.5520782470703125
0.20703125 0.21875 0.1573333740234375
-0.02734375 0.01953125 0.1456146240234375
-0.01171875 0.03125 0.1461029052734375
0.01953125 0.0546875 0.1475677490234375
-0.04296875 0.00390625 0.1446380615234375
0.0546875 0.05078125 -0.0995025634765625
-0.03515625 -0.0234375 -0.1058502197265625
0.03515625 0.0625 0.1475677490234375
0.05078125 0.07421875 0.1480560302734375
-0.048828125 -0.0390625 -0.1073150634765625
0.07421875 0.05859375 -0.0999908447265625
0.08984375 0.0703125 -0.0999908447265625
-0.052734375 -0.015625 0.1421966552734375
-0.0625 -0.0546875 -0.1097564697265625
0.0078125 0.03125 0.1451263427734375
-0.078125 -0.0703125 -0.1112213134765625
-0.06640625 -0.03125 0.1407318115234375
0.0703125 0.078125 0.1470794677734375
0.16015625 0.15234375 0.1514739990234375
-0.080078125 -0.05078125 0.1387786865234375
0.11328125 0.0625 -0.1029205322265625
0.109375 0.03125 -0.5504302978515625
0.09375 0.0703125 0.1446380615234375
-0.080078125 -0.109375 -0.1180572509765625
0.1484375 0.07421875 -0.1038970947265625
0.1328125 0.05859375 -0.1053619384765625
0.16015625 0.13671875 0.3033294677734375
0.17578125 0.14453125 0.3033294677734375
0.171875 0.07421875 -0.1063385009765625
-0.087890625 -0.140625 -0.1229400634765625
0.12109375 0.0546875 0.1402435302734375
0.13671875 0.10546875 0.4083099365234375
0.04296875 -0.0546875 -0.1361236572265625
0.05078125 0.046875 0.4854583740234375
0.203125 0.13671875 0.3003997802734375
0.06640625 0.0546875 0.4854583740234375
0.08203125 0.06640625 0.4864349365234375
0.0390625 0.02734375 0.4844818115234375
-0.01953125 -0.05859375 0.2911224365234375
-0.095703125 -0.17578125 -0.1292877197265625
0.04296875 -0.01171875 0.2930755615234375
-0.03515625 -0.07421875 0.2901458740234375
0.05859375 0.0 0.2935638427734375
-0.00390625 -0.05078125 0.2911224365234375
0.01171875 -0.0390625 0.2916107177734375
0.06640625 -0.0546875 -0.1383209228515625
0.02734375 -0.02734375 0.2920989990234375
0.01953125 -0.09375 -0.1405181884765625
0.03515625 -0.08203125 -0.1397857666015625
0.08203125 -0.046875 -0.1383209228515625
0.07421875 0.00390625 0.2925872802734375
0.1015625 -0.03515625 -0.1383209228515625
-0.044921875 -0.09375 0.2881927490234375
0.1171875 -0.0234375 -0.1375885009765625
-0.060546875 -0.109375 0.2872161865234375
0.13671875 0.0703125 0.4053802490234375
0.01953125 -0.0625 0.2086029052734375
0.13671875 -0.015625 -0.1380767822265625
0.20703125 0.04296875 -0.1151275634765625
-0.123046875 -0.19140625 0.1212005615234375
0.09765625 0.0078125 0.2920989990234375
0.03515625 -0.0078125 0.4815521240234375
-0.00390625 -0.13671875 -0.1454010009765625
0.11328125 0.015625 0.2920989990234375
0.01171875 -0.125 -0.1446685791015625
0.12890625 0.02734375 0.2925872802734375
0.15625 -0.01171875 -0.1388092041015625
0.109375 0.046875 0.4835052490234375
0.16015625 0.05078125 0.2935638427734375
0.171875 0.0 -0.1388092041015625
0.01171875 -0.0859375 0.2066497802734375
0.14453125 0.03515625 0.2925872802734375
0.04296875 -0.0625 0.2071380615234375
0.16015625 0.01953125 0.1324310302734375
-0.015625 -0.15625 -0.1475982666015625
0.12890625 0.0390625 0.4024505615234375
0.0546875 0.0078125 0.5469818115234375
-0.134765625 -0.21875 0.1182708740234375
-0.03125 -0.171875 -0.1490631103515625
-0.1015625 -0.1953125 0.1192474365234375
0.0 -0.10546875 0.2051849365234375
0.1796875 0.0546875 0.2930755615234375
0.19140625 0.00390625 -0.1395416259765625
-0.064453125 -0.14453125 0.2828216552734375
0.0859375 0.04296875 0.6133880615234375
0.1328125 0.05078125 0.4825286865234375
-0.044921875 -0.1875 -0.1505279541015625
0.1015625 0.0390625 0.5479583740234375
0.0546875 0.0234375 0.6446380615234375
0.0703125 0.02734375 0.6124114990234375
-0.080078125 -0.16015625 0.2818450927734375
0.20703125 0.01171875 -0.1402740478515625
0.1015625 0.05078125 0.6133880615234375
0.07421875 0.03515625 0.6446380615234375
0.04296875 0.0 0.6114349365234375
0.05859375 0.01171875 0.6124114990234375
0.04296875 -0.05078125 0.3975677490234375
0.04296875 -0.01953125 0.5450286865234375
0.05859375 -0.0390625 0.3975677490234375
0.07421875 0.00390625 0.5460052490234375
0.02734375 -0.01953125 0.6114349365234375
0.08984375 0.0390625 0.6446380615234375
-0.056640625 -0.2109375 -0.1534576416015625
-0.078125 -0.19921875 0.1172943115234375
0.046875 -0.00390625 0.6436614990234375
0.109375 0.046875 0.6446380615234375
0.078125 -0.03515625 0.3975677490234375
0.125 0.046875 0.6114349365234375
-0.01171875 -0.11328125 0.3946380615234375
0.09375 -0.01953125 0.4463958740234375
0.12890625 0.0546875 0.6446380615234375
0.03515625 -0.078125 0.3956146240234375
0.125 0.00390625 0.4473724365234375
-0.00390625 -0.14453125 0.2007904052734375
0.140625 0.03515625 0.5460052490234375
0.0078125 -0.10546875 0.3936614990234375
0.0234375 -0.09375 0.3936614990234375
0.0234375 -0.046875 0.6094818115234375
0.11328125 -0.01171875 0.4463958740234375
0.0234375 -0.078125 0.4766693115234375
-0.0390625 -0.14453125 0.3917083740234375
0.25390625 0.07421875 0.2901458740234375
0.0390625 -0.0703125 0.4766693115234375
-0.0234375 -0.13671875 0.3917083740234375
0.1015625 -0.0390625 0.3956146240234375
0.2421875 -0.00390625 -0.1451568603515625
-0.052734375 -0.1640625 0.3907318115234375
0.04296875 -0.03515625 0.6417083740234375
0.1484375 0.04296875 0.6104583740234375
0.01171875 -0.1015625 0.4747161865234375
-0.052734375 -0.21484375 0.1133880615234375
-0.06640625 -0.1796875 0.3897552490234375
0.12109375 -0.03125 0.3956146240234375
-0.080078125 -0.21484375 0.2759857177734375
0.15234375 0.0 0.4454193115234375
0.13671875 0.0078125 0.5440521240234375
0.03125 -0.08203125 0.5411224365234375
0.15234375 0.0390625 0.6426849365234375
0.18359375 0.01953125 0.4454193115234375
0.171875 0.01171875 0.4776458740234375
0.1875 0.01953125 0.4776458740234375
0.09375 -0.01171875 0.6739349365234375
0.203125 0.0234375 0.4454193115234375
0.17578125 -0.00390625 0.4444427490234375
0.09765625 -0.0703125 0.4424896240234375
-0.015625 -0.20703125 0.1949310302734375
0.11328125 -0.01171875 0.6739349365234375
0.17578125 0.03125 0.6417083740234375
0.17578125 0.01953125 0.6085052490234375
0.1484375 -0.05078125 0.3926849365234375
0.0 -0.203125 0.1944427490234375
0.0859375 -0.0390625 0.6729583740234375
0.2109375 -0.046875 0.1192474365234375
0.27734375 -0.0234375 -0.1515045166015625
-0.02734375 -0.2265625 0.1934661865234375
-0.04296875 -0.2421875 0.1924896240234375
0.078125 -0.21484375 -0.6739349365234375
0.07421875 -0.05859375 0.6729583740234375
0.23046875 0.015625 0.4434661865234375
0.05859375 -0.109375 0.5381927490234375
0.1875 -0.0078125 0.5401458740234375
0.140625 -0.015625 0.6729583740234375
0.203125 -0.00390625 0.5401458740234375
0.08203125 -0.12890625 0.4395599365234375
0.1015625 -0.1171875 0.4395599365234375
0.16015625 -0.01953125 0.6719818115234375
0.07421875 -0.15234375 0.4376068115234375
0.07421875 -0.19921875 0.4346771240234375
