PEDESTRIAN
-0.078125 0.173828125 0.4462890625
-0.1328125 -0.123046875 -0.24462890625
0.109375 -0.056640625 0.66015625
-0.0078125 -0.044921875 0.3037109375
-0.09375 0.056640625 -0.125
0.0703125 -0.087890625 0.6162109375
-0.078125 0.146484375 0.021484375
0.0625 0.033203125 0.7294921875
-0.0390625 -0.017578125 0.08984375
-0.03125 0.072265625 0.517578125
-0.0390625 0.111328125 -0.22900390625
0.015625 0.099609375 -0.4306640625
-0.109375 -0.091796875 -0.13134765625
-0.234375 0.236328125 0.228515625
-0.078125 0.060546875 0.08984375
-0.0234375 0.048828125 0.234375
-0.0625 0.048828125 0.4033203125
0.0390625 0.158203125 -0.42529296875
-0.046875 -0.080078125 0.40234375
-0.0703125 0.005859375 0.4033203125
-0.0625 -0.076171875 0.08740234375
-0.0625 -0.142578125 0.47265625
-0.0625 0.048828125 0.4033203125
-0.2578125 -0.083984375 -0.46533203125
-0.0234375 0.048828125 0.234375
-0.09375 -0.205078125 0.54296875
-0.078125 -0.087890625 0.0146484375
-0.0546875 -0.251953125 0.2978515625
-0.0390625 -0.185546875 0.4423828125
0.0546875 0.037109375 0.5888671875
-0.03125 -0.150390625 0.3720703125
-0.1875 0.224609375 0.40234375
-0.125 0.185546875 0.5869140625
-0.0546875 0.083984375 0.16259765625
-0.0234375 0.091796875 0.3056640625
0.0546875 0.037109375 0.5888671875
0.203125 -0.287109375 -0.2255859375
0.03125 -0.048828125 0.5458984375
-0.140625 0.142578125 0.5439453125
-0.1484375 0.208984375 0.0185546875
-0.0078125 0.013671875 0.615234375
-0.015625 -0.025390625 0.4453125
0.078125 0.033203125 0.51953125
-0.1640625 -0.228515625 -0.25
0.0546875 0.111328125 -0.71490478515625
-0.0234375 -0.099609375 0.3017578125
-0.1484375 0.236328125 0.4453125
-0.046875 -0.119140625 0.5146484375
-0.0625 -0.142578125 0.47265625
0.0703125 -0.259765625 0.0498046875
-0.1171875 0.185546875 0.375
-0.0625 -0.212890625 0.2978515625
-0.109375 -0.044921875 -0.273193359375
-0.1484375 -0.033203125 -0.24169921875
-0.234375 0.158203125 0.2578125
0.0078125 0.185546875 -0.427001953125
0.0859375 0.025390625 0.66015625
-0.046875 0.037109375 0.162109375
-0.1640625 0.134765625 0.259765625
0.1953125 -0.228515625 0.02685546875
-0.0703125 0.041015625 0.4736328125
-0.0859375 -0.150390625 0.54296875
-0.03125 -0.095703125 0.5859375
-0.09375 0.201171875 -0.26171875
0.203125 -0.287109375 -0.2255859375
-0.0703125 -0.158203125 0.2275390625
0.0390625 0.060546875 0.5185546875
-0.09375 -0.205078125 0.54296875
0.0546875 0.111328125 -0.71490478515625
-0.0546875 0.130859375 0.2353515625
-0.1484375 0.236328125 0.4453125
0.203125 -0.287109375 -0.2255859375
-0.1484375 0.236328125 0.4453125
-0.046875 0.037109375 0.162109375
-0.1640625 0.255859375 0.3740234375
-0.03125 -0.076171875 0.26171875
0.2265625 -0.255859375 -0.25341796875
0.0234375 -0.255859375 0.15869140625
0.0390625 0.060546875 0.5185546875
0.0234375 0.111328125 -0.255859375
-0.1875 0.224609375 0.40234375
-0.078125 -0.087890625 0.0146484375
-0.015625 -0.076171875 0.4453125
-0.0859375 0.099609375 0.09033203125
-0.046875 -0.119140625 0.5146484375
-0.03125 -0.076171875 0.26171875
-0.0546875 0.130859375 0.2353515625
0.0390625 -0.005859375 0.6162109375
-0.1015625 -0.083984375 -0.27392578125
-0.015625 0.048828125 0.3759765625
0.046875 0.052734375 0.6591796875
-0.0234375 0.017578125 0.544921875
-0.0078125 -0.087890625 0.3740234375
-0.0625 -0.181640625 0.4013671875
-0.0234375 0.048828125 0.234375
-0.1171875 0.166015625 0.4033203125
-0.0546875 0.130859375 0.2353515625
-0.0546875 0.083984375 0.16259765625
-0.0859375 -0.244140625 0.3994140625
0.0234375 -0.255859375 0.15869140625
-0.0078125 -0.087890625 0.3740234375
-0.0546875 -0.134765625 0.259765625
-0.0390625 -0.185546875 0.4423828125
-0.015625 -0.001953125 0.3046875
-0.109375 -0.255859375 0.255859375
-0.0859375 -0.244140625 0.3994140625
-0.078125 -0.244140625 0.4716796875
-0.1484375 0.208984375 0.0185546875
-0.0625 0.017578125 0.08984375
-0.109375 -0.138671875 -0.27685546875
-0.1171875 0.185546875 0.375
-0.0546875 0.083984375 0.16259765625
-0.078125 0.189453125 0.517578125
-0.046875 -0.005859375 0.1611328125
0.15625 -0.201171875 0.02587890625
-0.1171875 0.166015625 0.4033203125
0.0 -0.041015625 0.375
-0.109375 0.142578125 -0.123046875
-0.125 0.181640625 0.3037109375
-0.0546875 0.154296875 0.517578125
-0.078125 0.154296875 0.3046875
-0.0625 0.138671875 -0.22998046875
0.0 -0.025390625 0.7568359375
-0.078125 0.037109375 0.5439453125
-0.0390625 0.111328125 -0.22900390625
-0.0703125 0.123046875 0.1630859375
-0.046875 -0.248046875 0.3701171875
-0.1171875 0.162109375 -0.23291015625
-0.078125 0.154296875 0.3046875
-0.078125 0.107421875 0.0205078125
0.109375 -0.228515625 0.09228515625
-0.140625 -0.201171875 -0.2822265625
-0.03125 -0.232421875 0.2275390625
-0.0703125 0.044921875 0.2626953125
-0.078125 -0.056640625 0.47265625
0.03125 -0.048828125 0.5458984375
-0.1484375 0.166015625 0.0888671875
-0.125 0.181640625 0.3037109375
-0.125 -0.162109375 0.04248046875
-0.109375 -0.091796875 -0.13134765625
-0.1015625 -0.142578125 0.0830078125
-0.046875 -0.232421875 0.44140625
-0.1171875 0.111328125 0.4736328125
-0.140625 0.142578125 0.5439453125
-0.1015625 0.111328125 0.5869140625
-0.078125 0.087890625 0.2626953125
-0.203125 0.240234375 0.30078125
-0.078125 0.173828125 0.4462890625
-0.234375 0.189453125 0.15625
-0.234375 0.236328125 0.228515625
-0.125 0.181640625 0.3037109375
-0.0234375 0.091796875 0.376953125
-0.046875 0.123046875 0.3759765625
-0.03125 -0.091796875 0.2314453125
-0.109375 -0.091796875 -0.13134765625
-0.125 0.181640625 0.3037109375
-0.09375 0.130859375 0.4033203125
-0.109375 0.142578125 -0.123046875
-0.09375 -0.205078125 0.54296875
-0.046875 0.173828125 -0.2587890625
-0.1171875 0.025390625 0.04736328125
-0.1484375 0.236328125 0.4453125
-0.0234375 0.056640625 0.447265625
-0.015625 -0.025390625 0.4453125
0.0390625 -0.033203125 0.517578125
0.03125 -0.095703125 0.6865234375
0.0390625 -0.001953125 0.6865234375
0.046875 -0.291015625 0.15869140625
-0.046875 -0.037109375 0.4033203125
-0.1484375 -0.033203125 -0.24169921875
-0.03125 0.009765625 0.4453125
0.0234375 0.111328125 -0.255859375
-0.1171875 0.111328125 0.26171875
-0.09375 -0.205078125 0.54296875
0.0703125 -0.037109375 0.6162109375
-0.0859375 0.099609375 0.09033203125
-0.046875 -0.248046875 0.3701171875
-0.0546875 0.130859375 0.2353515625
-0.109375 0.072265625 0.5439453125
-0.0546875 0.083984375 0.16259765625
-0.25 -0.126953125 -0.466552734375
0.0234375 0.111328125 -0.255859375
-0.1171875 0.111328125 0.4736328125
-0.109375 0.072265625 0.5439453125
0.0703125 -0.037109375 0.6162109375
-0.1171875 0.177734375 0.02001953125
-0.0703125 -0.138671875 0.4013671875
0.0390625 -0.001953125 0.6865234375
-0.1328125 0.064453125 0.04736328125
-0.0390625 -0.185546875 0.4423828125
-0.1171875 0.177734375 0.02001953125
-0.1640625 0.134765625 0.259765625
0.1171875 -0.009765625 0.66015625
-0.046875 -0.248046875 0.3701171875
-0.046875 0.060546875 -0.2314453125
0.078125 0.130859375 -0.65728759765625
0.1015625 0.095703125 -0.65631103515625
-0.0234375 0.091796875 0.3056640625
-0.109375 -0.138671875 -0.27685546875
0.0703125 -0.087890625 0.6162109375
