PEDESTRIAN
-0.0546875 0.126953125 0.114990234375
-0.0703125 -0.048828125 -0.344970703125
-0.0546875 0.001953125 -0.191650390625
-0.0546875 0.029296875 0.114990234375
-0.0234375 0.150390625 -0.038330078125
-0.0390625 0.064453125 -0.038330078125
-0.0546875 -0.029296875 -0.038330078125
-0.0234375 0.115234375 0.268310546875
-0.0234375 0.072265625 0.194091796875
-0.0078125 0.083984375 0.040771484375
-0.0234375 -0.095703125 -0.192626953125
-0.0234375 -0.017578125 0.194091796875
-0.0078125 -0.009765625 0.040771484375
-0.0078125 -0.150390625 -0.347412109375
0.0390625 0.056640625 -0.113525390625
0.0234375 -0.037109375 -0.113525390625
0.0390625 -0.033203125 -0.266845703125
0.0703125 0.072265625 0.347412109375
0.0546875 -0.134765625 -0.113525390625
0.0703125 -0.021484375 0.347412109375
