PEDESTRIAN
-0.125 -0.3203125 0.052734375
-0.28125 0.2421875 -0.44287109375
-0.21875 0.109375 -0.4434814453125
-0.15625 0.0 0.133544921875
-0.09375 -0.1640625 0.05078125
-0.21875 0.2265625 -0.6103515625
-0.1875 0.140625 0.133056640625
-0.125 -0.015625 0.0498046875
-0.15625 0.0859375 -0.6103515625
-0.125 0.0 0.29833984375
-0.09375 -0.0625 0.380859375
-0.125 0.078125 0.38037109375
-0.1875 0.3203125 0.6279296875
-0.09375 0.078125 -0.116455078125
-0.125 0.1484375 0.54443359375
-0.15625 0.2890625 0.04736328125
-0.15625 0.296875 0.5439453125
-0.15625 0.3125 0.29541015625
-0.0625 0.125 -0.3665771484375
0.0625 0.0625 -0.453369140625
0.15625 0.0390625 -0.3739013671875
0.21875 0.0703125 -0.6279296875
0.28125 -0.078125 -0.627197265625
