PEDESTRIAN
-0.0947265625 0.24609375 0.5963516235351562
0.1455078125 0.43359375 0.46939849853515625
-0.0947265625 0.1328125 0.37174224853515625
0.2431640625 -0.484375 -0.8832931518554688
0.0458984375 0.34375 0.00162506103515625
0.0244140625 0.3671875 0.38248443603515625
0.0205078125 0.3984375 0.37174224853515625
-0.0712890625 0.34765625 0.5133438110351562
0.0263671875 0.33203125 0.8141250610351562
0.1494140625 0.3984375 0.36783599853515625
-0.1943359375 -0.08203125 0.23892974853515625
0.0224609375 0.4296875 0.5162734985351562
-0.0654296875 0.0859375 0.6207656860351562
-0.0166015625 0.359375 0.24185943603515625
-0.2646484375 0.2578125 -0.6527938842773438
-0.0556640625 0.32421875 0.7711563110351562
-0.1845703125 0.21484375 0.13541412353515625
-0.1474609375 -0.046875 0.24088287353515625
-0.2314453125 0.2578125 -0.6548690795898438
-0.0068359375 0.41015625 0.5152969360351562
0.0205078125 0.3984375 0.37174224853515625
-0.0146484375 0.1328125 0.5504531860351562
0.0673828125 0.28125 0.7281875610351562
-0.1865234375 0.28515625 -0.6516952514648438
0.1982421875 0.4375 0.38248443603515625
-0.1103515625 0.3046875 0.8277969360351562
0.0986328125 0.3359375 0.6119766235351562
0.0634765625 0.265625 0.6402969360351562
0.0322265625 0.25390625 0.6402969360351562
0.0302734375 0.26953125 0.6110000610351562
-0.0107421875 0.01171875 0.5475234985351562
-0.1083984375 0.0625 0.03482818603515625
-0.0869140625 0.203125 0.6236953735351562
0.0029296875 0.37890625 0.5992813110351562
0.0439453125 0.28125 0.6110000610351562
0.0205078125 0.3984375 0.37174224853515625
0.3974609375 -0.44140625 -0.8873367309570312
-0.1572265625 0.0703125 0.44107818603515625
-0.0654296875 0.23828125 0.8151016235351562
-0.1279296875 0.26171875 0.7125625610351562
-0.0244140625 0.2421875 0.5231094360351562
-0.0478515625 0.265625 0.8443984985351562
0.1142578125 0.3671875 0.06070709228515625
-0.1142578125 -0.03515625 0.24088287353515625
-0.1572265625 0.28515625 0.8277969360351562
0.1650390625 0.14453125 -0.27571868896484375
-0.1572265625 0.16796875 0.47721099853515625
-0.1884765625 -0.015625 0.28482818603515625
0.0185546875 0.2421875 0.5817031860351562
0.0751953125 0.28515625 0.6402969360351562
0.0576171875 0.44140625 0.5729141235351562
-0.1533203125 0.2109375 0.47916412353515625
0.1259765625 0.41796875 -0.21077728271484375
0.0322265625 0.1171875 0.6100234985351562
-0.0537109375 0.234375 0.6402969360351562
-0.0830078125 0.265625 0.5973281860351562
-0.0830078125 0.265625 0.5973281860351562
-0.0791015625 0.23828125 0.6246719360351562
-0.0361328125 0.40234375 0.31705474853515625
-0.1435546875 0.296875 0.8277969360351562
-0.0107421875 0.2890625 0.7272109985351562
-0.1650390625 0.27734375 -0.6558456420898438
0.0537109375 0.390625 0.5992813110351562
0.0400390625 0.4453125 0.15299224853515625
-0.2021484375 0.1484375 0.29947662353515625
-0.2021484375 0.28515625 -0.6062850952148438
0.0498046875 0.265625 0.6695938110351562
-0.0029296875 0.40625 0.48697662353515625
0.1572265625 0.10546875 -0.27132415771484375
-0.0986328125 0.28125 0.8863906860351562
0.0732421875 0.375 0.06314849853515625
-0.1884765625 -0.015625 0.28482818603515625
0.0380859375 0.23828125 0.5817031860351562
-0.1064453125 0.1171875 0.5924453735351562
0.0263671875 0.34765625 0.00260162353515625
0.0908203125 0.46484375 0.01627349853515625
0.0810546875 0.4296875 0.5719375610351562
-0.1201171875 0.2265625 0.5377578735351562
0.1494140625 0.3984375 0.36783599853515625
-0.0537109375 0.234375 0.6402969360351562
-0.1259765625 0.3125 0.14517974853515625
-0.2666015625 0.3125 -0.5933456420898438
-0.2080078125 0.12109375 0.12516021728515625
0.0400390625 0.375 0.46842193603515625
-0.1435546875 0.234375 0.48014068603515625
0.3974609375 0.0625 -0.7637557983398438
-0.0537109375 0.234375 0.6402969360351562
-0.0068359375 0.296875 -0.23909759521484375
0.0537109375 0.3828125 0.38248443603515625
-0.1376953125 0.29296875 0.14322662353515625
-0.0029296875 0.37109375 0.14615631103515625
0.0263671875 0.34765625 0.00260162353515625
-0.2099609375 0.07421875 -0.02571868896484375
-0.0166015625 0.2734375 0.5240859985351562
0.3505859375 0.11328125 -0.7055282592773438
0.0673828125 0.42578125 0.42935943603515625
-0.0517578125 0.30859375 0.7418594360351562
-0.3056640625 0.26953125 -0.6018905639648438
-0.2861328125 0.26171875 -0.6497421264648438
0.0029296875 0.2734375 0.6832656860351562
-0.0556640625 0.2734375 0.6256484985351562
0.0791015625 0.37109375 0.5543594360351562
0.0810546875 0.3046875 0.7858047485351562
-0.0224609375 0.375 0.14810943603515625
0.0087890625 0.22265625 0.5817031860351562
-0.0244140625 0.2421875 0.5231094360351562
-0.2099609375 0.125 0.22525787353515625
0.1044921875 0.42578125 -0.20735931396484375
0.1162109375 0.28515625 0.7574844360351562
-0.1357421875 0.2109375 0.5084609985351562
0.1455078125 0.43359375 0.46939849853515625
0.0556640625 0.44140625 0.48795318603515625
-0.0576171875 0.375 0.01139068603515625
0.1142578125 0.421875 0.46939849853515625
-0.0009765625 0.3359375 0.26529693603515625
-0.0712890625 0.36328125 0.42838287353515625
-0.1044921875 0.296875 0.7135391235351562
0.0380859375 0.2890625 0.5817031860351562
-0.0361328125 0.2421875 0.6402969360351562
-0.1455078125 0.140625 0.5338516235351562
0.0009765625 0.3203125 0.7994766235351562
-0.1904296875 0.16796875 0.30045318603515625
0.2548828125 0.12109375 -0.28597259521484375
-0.0400390625 0.28125 0.6256484985351562
-0.0966796875 0.3359375 -0.20980072021484375
-0.1318359375 0.328125 0.45670318603515625
0.0966796875 0.4140625 0.38346099853515625
0.0673828125 0.25390625 -0.25081634521484375
0.0986328125 0.4296875 0.31412506103515625
0.0205078125 0.234375 0.5524063110351562
-0.0654296875 0.3359375 0.5416641235351562
0.0966796875 0.16015625 -0.25618743896484375
-0.0556640625 0.32421875 0.7711563110351562
0.1923828125 0.44921875 0.26822662353515625
-0.1318359375 0.3359375 0.00943756103515625
-0.0595703125 0.02734375 0.02896881103515625
0.1005859375 0.40234375 0.26725006103515625
0.1123046875 0.2890625 0.6402969360351562
0.0068359375 0.27734375 0.6988906860351562
0.0029296875 0.34765625 0.36881256103515625
0.3037109375 -0.46875 -0.8853225708007812
0.0126953125 0.4296875 0.24771881103515625
-0.0791015625 0.23828125 0.6246719360351562
0.2099609375 0.1328125 -0.28060150146484375
-0.0498046875 0.19140625 0.6988906860351562
-0.0712890625 0.34765625 0.5133438110351562
0.0498046875 0.265625 0.6988906860351562
0.0537109375 0.38671875 0.46939849853515625
-0.0478515625 0.265625 0.8443984985351562
-0.1318359375 0.2421875 -0.24056243896484375
-0.1376953125 0.23828125 0.45182037353515625
0.0380859375 0.3984375 0.37174224853515625
-0.0029296875 0.3125 0.8141250610351562
-0.0498046875 0.21875 0.37564849853515625
0.0224609375 0.43359375 0.48795318603515625
-0.1298828125 0.28125 -0.6579208374023438
-0.0517578125 0.25390625 0.7281875610351562
-0.2802734375 0.3046875 -0.5945663452148438
0.0908203125 0.46484375 0.01627349853515625
0.0166015625 0.30078125 0.7565078735351562
-0.3486328125 -0.03125 0.21256256103515625
0.0380859375 0.2890625 0.5817031860351562
-0.1318359375 0.2734375 0.8854141235351562
-0.1259765625 0.1171875 0.25260162353515625
0.1162109375 0.28515625 0.7574844360351562
-0.0205078125 0.30859375 0.8570938110351562
-0.0224609375 0.2578125 0.6695938110351562
0.0751953125 0.44921875 0.45963287353515625
0.0185546875 0.3671875 0.24088287353515625
-0.0869140625 0.203125 0.6236953735351562
-0.0205078125 0.3984375 0.48697662353515625
0.3037109375 -0.46875 -0.8853225708007812
0.0029296875 0.34765625 0.36881256103515625
0.0966796875 0.49609375 0.02066802978515625
-0.0009765625 0.3671875 0.24185943603515625
0.1630859375 -0.49609375 -0.8792190551757812
0.0869140625 0.3203125 0.6110000610351562
-0.1533203125 0.01171875 -0.03743743896484375
0.0185546875 0.2421875 0.5817031860351562
0.0068359375 0.30078125 0.7711563110351562
-0.0927734375 0.24609375 0.6549453735351562
-0.0107421875 0.30078125 0.7848281860351562
0.0498046875 0.265625 0.6988906860351562
0.0224609375 0.28125 0.6549453735351562
-0.1298828125 0.28125 -0.6579208374023438
-0.0595703125 0.29296875 0.38053131103515625
0.0693359375 0.42578125 -0.20540618896484375
0.0263671875 0.2890625 0.7281875610351562
-0.0654296875 0.31640625 0.5983047485351562
-0.0166015625 0.32421875 0.7711563110351562
-0.0185546875 0.40625 0.43033599853515625
0.3173828125 0.1015625 -0.7055282592773438
0.0400390625 0.3671875 0.5260391235351562
0.0458984375 0.34375 0.00162506103515625
-0.0322265625 0.38671875 0.48600006103515625
-0.1455078125 0.02734375 0.5289688110351562
0.0224609375 0.43359375 0.48795318603515625
0.1494140625 0.3984375 0.36783599853515625
-0.0283203125 0.3125 0.38053131103515625
0.0595703125 0.359375 0.6266250610351562
