PEDESTRIAN
0.1015625 0.0546875 -0.76953125
0.1015625 0.0078125 -0.77142333984375
-0.0234375 0.140625 -0.32220458984375
-0.015625 0.12890625 -0.29437255859375
0.0078125 0.0546875 -0.77935791015625
-0.015625 0.140625 -0.04534912109375
0.046875 0.1015625 0.36920166015625
0.1796875 -0.05859375 0.66705322265625
0.0625 0.0625 0.36920166015625
-0.0546875 0.15625 -0.29583740234375
0.1640625 -0.04296875 0.64263916015625
0.1796875 -0.078125 0.64263916015625
0.0546875 0.04296875 0.29986572265625
0.15625 -0.06640625 0.57427978515625
0.1328125 -0.02734375 0.57427978515625
-0.0078125 0.09375 0.02252197265625
0.1640625 -0.046875 0.71099853515625
0.0234375 0.07421875 0.23052978515625
0.0703125 0.01953125 0.36822509765625
0.1796875 -0.078125 0.71099853515625
0.03125 0.04296875 0.16119384765625
0.0078125 0.0234375 -0.18597412109375
0.046875 0.0703125 0.43658447265625
-0.0625 0.1640625 -0.04779052734375
0.0625 0.0390625 0.43658447265625
0.125 -0.015625 0.64263916015625
0.0234375 0.07421875 0.29888916015625
0.03125 0.05859375 0.32525634765625
0.0 0.140625 0.43658447265625
-0.0078125 0.10546875 0.22955322265625
0.015625 0.10546875 0.43658447265625
0.0 0.0703125 0.16021728515625
0.1328125 -0.0390625 0.66705322265625
-0.0078125 0.0703125 0.09136962890625
-0.0234375 0.078125 -0.01995849609375
0.140625 -0.07421875 0.59869384765625
0.125 -0.015625 0.71099853515625
-0.0078125 0.046875 -0.01995849609375
-0.0234375 0.10546875 0.16021728515625
-0.046875 0.12109375 0.02105712890625
0.171875 -0.11328125 0.66705322265625
-0.03125 0.1015625 0.09088134765625
0.0390625 0.01953125 0.32427978515625
-0.1171875 0.2265625 -0.04925537109375
0.125 -0.0859375 0.53033447265625
-0.1015625 0.19140625 -0.04925537109375
0.109375 -0.04296875 0.59869384765625
0.0546875 -0.0234375 0.32427978515625
-0.0390625 0.1640625 0.43560791015625
-0.0234375 0.1171875 0.36724853515625
-0.1015625 0.1875 0.01959228515625
0.140625 -0.0625 0.77935791015625
-0.0078125 0.04296875 0.18658447265625
-0.0234375 0.09375 0.29791259765625
0.140625 -0.1171875 0.59869384765625
0.078125 -0.01953125 0.57330322265625
-0.015625 0.08203125 0.32330322265625
0.03125 0.04296875 0.50494384765625
0.171875 -0.15625 0.66705322265625
0.1171875 -0.03125 0.77935791015625
0.1328125 -0.12890625 0.53033447265625
-0.03125 0.1484375 0.50494384765625
0.0078125 0.00390625 0.18560791015625
0.046875 0.0078125 0.50494384765625
0.15625 -0.10546875 0.77935791015625
0.0859375 -0.05859375 0.53033447265625
0.0078125 0.0859375 0.57330322265625
-0.1171875 0.19921875 0.08892822265625
0.046875 -0.03125 0.39263916015625
-0.0625 0.125 0.22760009765625
-0.078125 0.125 0.08892822265625
0.0234375 0.0078125 0.39263916015625
0.0 0.07421875 0.50494384765625
0.0234375 0.05078125 0.57330322265625
0.0 0.04296875 0.39263916015625
-0.078125 0.17578125 0.36627197265625
-0.0234375 0.109375 0.50494384765625
-0.1015625 0.140625 0.01812744140625
-0.1015625 0.2109375 0.36627197265625
-0.046875 0.0703125 0.18560791015625
-0.0859375 0.09765625 -0.02288818359375
-0.140625 0.23046875 0.15728759765625
-0.125 0.1953125 0.15728759765625
0.0546875 -0.07421875 0.39263916015625
0.1171875 -0.08984375 0.73541259765625
-0.1171875 0.21484375 0.32232666015625
-0.0859375 0.12109375 0.15728759765625
0.015625 0.0078125 0.46099853515625
-0.0234375 0.07421875 0.46099853515625
-0.03125 0.0703125 0.39166259765625
-0.0703125 0.1328125 0.36529541015625
0.03125 0.00390625 0.57330322265625
0.09375 -0.05859375 0.73541259765625
-0.1015625 0.17578125 0.32232666015625
-0.0078125 0.0390625 0.46099853515625
-0.015625 0.0703125 0.52935791015625
-0.09375 0.15234375 0.29595947265625
-0.140625 0.22265625 0.22662353515625
0.046875 -0.01171875 0.64166259765625
-0.078125 0.171875 0.50396728515625
-0.1171875 0.19140625 0.29595947265625
0.03125 -0.03515625 0.46099853515625
0.0 0.03515625 0.52935791015625
0.046875 -0.03125 0.59869384765625
-0.140625 0.16015625 -0.02484130859375
-0.0546875 0.10546875 0.46099853515625
0.125 -0.1328125 0.73541259765625
-0.0625 0.09765625 0.39166259765625
-0.0859375 0.1328125 0.39166259765625
0.03125 -0.04296875 0.52935791015625
-0.078125 0.09765625 0.32232666015625
-0.1015625 0.13671875 0.32232666015625
-0.1328125 0.140625 0.08599853515625
-0.171875 0.1875 -0.02532958984375
-0.09375 0.10546875 0.29498291015625
-0.125 0.140625 0.22564697265625
0.0390625 -0.04296875 0.66705322265625
-0.1484375 0.17578125 0.22467041015625
0.125 -0.1796875 0.73541259765625
-0.0078125 -0.01171875 0.52935791015625
-0.1484375 0.15625 0.18267822265625
-0.109375 0.08203125 0.18267822265625
-0.1484375 0.109375 -0.02630615234375
-0.1015625 0.125 0.46002197265625
-0.171875 0.1875 0.18170166015625
-0.15625 0.1328125 0.15435791015625
-0.0390625 -0.03125 0.59771728515625
-0.1796875 0.09375 0.18072509765625
-0.0859375 -0.00390625 0.59771728515625
0.0234375 -0.23046875 0.52838134765625
