PEDESTRIAN
-0.068359375 0.216796875 0.207611083984375
0.041015625 -0.046875 0.564056396484375
0.130859375 0.0703125 0.361907958984375
-0.142578125 0.3203125 -0.307037353515625
-0.029296875 0.05859375 0.570892333984375
0.076171875 -0.12890625 -0.008209228515625
-0.009765625 -0.18359375 0.614837646484375
-0.017578125 -0.0546875 0.517181396484375
-0.087890625 0.11328125 0.621673583984375
0.056640625 -0.0390625 0.667572021484375
-0.021484375 0.142578125 0.415618896484375
0.080078125 0.015625 -0.002349853515625
-0.080078125 -0.125 0.619720458984375
-0.205078125 -0.30859375 0.399017333984375
-0.205078125 -0.30859375 0.399017333984375
-0.052734375 0.197265625 0.415618896484375
0.095703125 0.03515625 0.366790771484375
0.013671875 -0.203125 0.353118896484375
-0.005859375 -0.08203125 0.823822021484375
-0.044921875 0.12109375 0.570892333984375
-0.005859375 0.212890625 0.204681396484375
0.041015625 -0.2265625 0.510345458984375
-0.068359375 0.216796875 0.207611083984375
0.048828125 -0.07421875 0.460540771484375
0.041015625 -0.18359375 0.458587646484375
0.029296875 -0.0078125 0.467376708984375
-0.107421875 0.30078125 -0.129302978515625
0.021484375 -0.2734375 0.509368896484375
0.017578125 0.15625 0.462493896484375
0.009765625 0.09765625 0.364837646484375
-0.126953125 -0.23046875 0.403900146484375
0.037109375 -0.0859375 0.512298583984375
0.138671875 -0.01171875 0.316009521484375
-0.029296875 -0.09375 0.516204833984375
-0.107421875 0.30078125 -0.129302978515625
-0.013671875 -0.23828125 0.089935302734375
-0.201171875 0.046875 -0.328765869140625
0.033203125 -0.19140625 0.510345458984375
-0.091796875 0.2734375 -0.129302978515625
-0.060546875 0.0 0.673431396484375
0.076171875 0.09765625 0.316009521484375
0.072265625 -0.19921875 -0.011138916015625
-0.029296875 0.173828125 0.416595458984375
0.138671875 -0.01171875 0.316009521484375
0.056640625 0.0 -0.554351806640625
0.033203125 -0.1171875 0.459564208984375
0.134765625 0.07421875 0.208587646484375
-0.123046875 0.0859375 -0.141021728515625
-0.119140625 -0.1640625 -0.590118408203125
0.091796875 0.12109375 0.207611083984375
-0.080078125 0.05078125 0.621673583984375
0.099609375 0.0703125 0.316986083984375
-0.029296875 0.09375 0.570892333984375
0.072265625 0.150390625 -0.883331298828125
0.009765625 0.07421875 0.564056396484375
-0.103515625 -0.12890625 0.672454833984375
-0.091796875 0.2734375 -0.129302978515625
0.037109375 -0.1484375 0.459564208984375
-0.142578125 0.3203125 -0.307037353515625
-0.017578125 0.01171875 0.622650146484375
0.130859375 0.0703125 0.361907958984375
0.134765625 0.07421875 0.208587646484375
-0.037109375 -0.01171875 0.726165771484375
0.001953125 -0.18359375 0.720306396484375
0.193359375 0.07421875 -0.8702392578125
-0.087890625 0.11328125 0.621673583984375
0.048828125 0.13671875 0.205657958984375
-0.087890625 -0.109375 -0.147369384765625
0.009765625 0.09765625 0.364837646484375
0.001953125 0.00390625 0.667572021484375
-0.142578125 0.255859375 0.099212646484375
0.029296875 -0.0234375 0.615814208984375
0.048828125 0.13671875 0.205657958984375
0.001953125 -0.18359375 0.720306396484375
-0.025390625 -0.2109375 0.090423583984375
-0.080078125 0.0859375 0.621673583984375
-0.123046875 -0.16015625 0.724212646484375
0.001953125 -0.18359375 0.720306396484375
0.064453125 -0.03125 0.461517333984375
-0.177734375 0.271484375 -0.008697509765625
-0.037109375 -0.140625 0.357025146484375
-0.083984375 -0.08203125 0.772064208984375
-0.025390625 -0.1875 0.566986083984375
-0.033203125 -0.1328125 0.515228271484375
0.154296875 0.05078125 0.209564208984375
-0.216796875 0.0 -0.333160400390625
-0.005859375 0.08203125 0.415618896484375
0.134765625 0.07421875 0.208587646484375
-0.017578125 0.185546875 0.313079833984375
-0.087890625 -0.109375 -0.147369384765625
-0.111328125 -0.05078125 -0.146881103515625
0.087890625 -0.0390625 0.364837646484375
-0.013671875 0.1015625 0.564056396484375
0.037109375 -0.015625 0.667572021484375
-0.134765625 0.3203125 -0.131256103515625
-0.005859375 0.212890625 0.204681396484375
-0.177734375 0.271484375 -0.008697509765625
-0.013671875 0.03125 0.570892333984375
0.005859375 -0.14453125 0.614837646484375
-0.009765625 0.0 0.569915771484375
-0.134765625 -0.0625 -0.327789306640625
0.048828125 0.06640625 0.462493896484375
-0.130859375 0.2265625 0.098724365234375
0.091796875 -0.015625 -0.002838134765625
0.041015625 -0.18359375 0.458587646484375
-0.123046875 -0.0703125 0.772064208984375
-0.021484375 0.03125 -0.376861572265625
0.033203125 0.16015625 0.205657958984375
0.033203125 -0.1171875 0.459564208984375
-0.083984375 -0.19921875 0.618743896484375
-0.123046875 -0.08984375 -0.327789306640625
0.119140625 0.1015625 0.208587646484375
-0.017578125 0.23828125 -0.001861572265625
0.009765625 -0.2109375 0.772064208984375
-0.044921875 -0.19140625 0.777923583984375
0.041015625 -0.2265625 0.510345458984375
-0.068359375 0.216796875 0.207611083984375
-0.017578125 0.169921875 0.261322021484375
-0.013671875 -0.015625 0.517181396484375
-0.080078125 -0.265625 0.511322021484375
0.068359375 -0.03515625 0.513275146484375
0.056640625 -0.0390625 0.667572021484375
-0.087890625 -0.04296875 0.830657958984375
-0.056640625 0.22265625 0.260345458984375
0.068359375 -0.03515625 0.513275146484375
0.001953125 0.00390625 0.667572021484375
0.173828125 0.02734375 0.209564208984375
0.033203125 -0.1171875 0.459564208984375
0.033203125 0.08984375 -0.003326416015625
-0.087890625 -0.24609375 0.458587646484375
0.033203125 -0.19140625 0.510345458984375
-0.048828125 -0.16796875 0.830657958984375
0.009765625 0.07421875 0.564056396484375
-0.029296875 0.08203125 0.519134521484375
0.087890625 0.0546875 0.264251708984375
0.123046875 0.015625 0.316009521484375
0.064453125 -0.03125 0.461517333984375
-0.103515625 -0.11328125 0.725189208984375
0.064453125 -0.03125 0.461517333984375
-0.052734375 0.03125 0.621673583984375
0.130859375 0.0703125 0.361907958984375
0.044921875 0.11328125 0.315032958984375
0.037109375 -0.1484375 0.459564208984375
0.025390625 -0.1640625 0.511322021484375
-0.048828125 -0.0703125 0.824798583984375
0.068359375 -0.03515625 0.513275146484375
-0.033203125 -0.0859375 0.830657958984375
0.005859375 0.0546875 -0.002349853515625
0.041015625 -0.18359375 0.458587646484375
-0.216796875 0.0703125 -0.329254150390625
-0.126953125 -0.1640625 -0.332672119140625
-0.001953125 -0.16796875 0.198822021484375
-0.013671875 -0.0625 0.096771240234375
0.029296875 -0.0234375 0.615814208984375
0.025390625 -0.1640625 0.511322021484375
-0.033203125 0.1484375 0.520111083984375
0.029296875 0.0859375 0.513275146484375
0.072265625 0.08203125 0.263275146484375
-0.021484375 0.138671875 0.260345458984375
-0.009765625 -0.23828125 -0.016021728515625
0.228515625 0.02734375 -0.868682861328125
-0.029296875 -0.1171875 0.830657958984375
0.134765625 -0.0234375 0.264251708984375
-0.064453125 -0.16015625 0.407806396484375
0.041015625 -0.01171875 0.564056396484375
0.154296875 0.05078125 0.209564208984375
-0.068359375 -0.13671875 -0.391265869140625
0.001953125 -0.0234375 0.204681396484375
-0.060546875 -0.1015625 0.883392333984375
0.001953125 0.0390625 -0.558746337890625
-0.087890625 -0.24609375 0.458587646484375
0.048828125 -0.140625 0.255462646484375
0.013671875 -0.203125 0.353118896484375
0.037109375 -0.015625 0.667572021484375
-0.013671875 -0.0625 0.096771240234375
-0.279296875 0.11328125 -0.333892822265625
-0.021484375 0.07421875 -0.003326416015625
0.021484375 -0.140625 0.823822021484375
-0.103515625 -0.11328125 0.725189208984375
-0.044921875 0.12109375 0.570892333984375
-0.083984375 -0.19921875 0.618743896484375
-0.068359375 0.216796875 0.207611083984375
0.072265625 0.07421875 0.359954833984375
0.076171875 0.09765625 0.316009521484375
-0.123046875 0.0859375 -0.141021728515625
-0.052734375 0.197265625 0.415618896484375
0.013671875 0.18359375 0.359954833984375
-0.033203125 0.212890625 0.313079833984375
0.173828125 -0.00390625 0.361907958984375
-0.048828125 0.1171875 0.564056396484375
0.119140625 0.1015625 0.208587646484375
-0.033203125 0.212890625 0.313079833984375
-0.068359375 0.216796875 0.207611083984375
-0.142578125 -0.3203125 0.345306396484375
0.033203125 0.01953125 -0.556304931640625
-0.033203125 0.212890625 0.313079833984375
-0.029296875 -0.1171875 0.830657958984375
-0.248046875 0.09765625 -0.331207275390625
0.029296875 0.0859375 0.513275146484375
0.076171875 0.09765625 0.316009521484375
