PEDESTRIAN
-0.0390625 -0.21875 0.01263427734375
-0.1015625 -0.1875 0.13128662109375
-0.01953125 -0.15625 -0.00103759765625
-0.12109375 -0.140625 0.36907958984375
-0.09765625 -0.125 0.35833740234375
0.04296875 -0.125 -0.714111328125
-0.015625 -0.109375 -0.11236572265625
0.05859375 -0.125 -0.11236572265625
-0.015625 -0.109375 0.12835693359375
-0.08203125 -0.109375 0.48822021484375
-0.015625 -0.109375 0.23724365234375
-0.13671875 -0.078125 0.24749755859375
-0.0703125 -0.09375 0.24749755859375
0.0 -0.109375 0.24749755859375
0.140625 -0.125 -0.84564208984375
-0.0859375 -0.09375 0.47650146484375
0.1875 -0.125 -0.716400146484375
-0.1484375 -0.046875 0.12640380859375
-0.0390625 -0.078125 0.36712646484375
0.0625 -0.09375 0.12640380859375
0.12109375 -0.09375 -0.47674560546875
0.0625 -0.09375 0.23675537109375
0.26171875 -0.125 -0.717681884765625
0.05859375 -0.078125 0.00579833984375
0.06640625 -0.078125 -0.00445556640625
-0.015625 -0.046875 -0.35699462890625
0.1328125 -0.09375 0.00531005859375
0.0546875 -0.0625 -0.35748291015625
0.125 -0.078125 -0.719635009765625
-0.1875 -0.03125 0.60638427734375
-0.15234375 0.0 -0.35821533203125
0.078125 -0.078125 0.24603271484375
-0.11328125 -0.046875 0.60638427734375
0.00390625 -0.0625 0.48626708984375
-0.14453125 0.0 0.00384521484375
0.12890625 -0.0625 -0.35772705078125
-0.0625 -0.015625 -0.11724853515625
-0.08203125 0.0 -0.48040771484375
-0.0703125 -0.015625 0.23480224609375
-0.0625 0.0 -0.23834228515625
0.0390625 -0.046875 0.36517333984375
-0.0078125 -0.03125 0.35540771484375
-0.0703125 0.0 0.00286865234375
0.1484375 -0.046875 -0.36798095703125
0.140625 -0.0625 0.23529052734375
-0.00390625 -0.03125 0.47552490234375
-0.12890625 0.03125 -0.23931884765625
0.1484375 -0.046875 -0.00640869140625
0.14453125 -0.046875 0.12396240234375
-0.1328125 0.03125 -0.00738525390625
0.08203125 -0.015625 -0.23956298828125
-0.05859375 0.015625 -0.00738525390625
0.16015625 -0.046875 0.24456787109375
-0.19921875 0.0625 -0.11920166015625
-0.0546875 0.03125 -0.37091064453125
0.01171875 0.015625 -0.24005126953125
-0.03515625 0.0 0.60540771484375
-0.00390625 0.03125 -0.48284912109375
-0.125 0.0625 -0.37213134765625
-0.1484375 0.03125 0.59564208984375
-0.07421875 0.015625 0.59564208984375
-0.12890625 0.0625 -0.12017822265625
0.0703125 0.0 0.35443115234375
0.21484375 -0.03125 0.23382568359375
-0.16015625 0.0625 0.36322021484375
-0.12109375 0.046875 0.48431396484375
-0.18359375 0.078125 0.24212646484375
0.07421875 0.0 0.47454833984375
-0.19921875 0.09375 -0.00054931640625
0.12109375 0.0 0.36322021484375
-0.26171875 0.125 -0.12213134765625
-0.13671875 0.078125 0.35345458984375
0.08984375 0.015625 0.48431396484375
-0.14453125 0.0625 0.72552490234375
-0.07421875 0.046875 0.72552490234375
0.16015625 0.03125 -0.12164306640625
0.04296875 0.03125 0.60540771484375
-0.19140625 0.125 -0.01080322265625
0.00390625 0.046875 0.59466552734375
0.15234375 0.03125 0.35345458984375
0.23046875 0.03125 -0.00152587890625
-0.25 0.171875 -0.00347900390625
0.24609375 0.0625 -0.01177978515625
0.2421875 0.078125 -0.12506103515625
-0.25 0.203125 -0.01422119140625
0.16796875 0.078125 0.47357177734375
-0.05859375 0.125 0.71575927734375
0.015625 0.109375 0.71575927734375
0.0859375 0.109375 0.59368896484375
0.1796875 0.09375 0.48236083984375
0.01171875 0.125 0.72454833984375
-0.12890625 0.15625 0.84564208984375
-0.0546875 0.15625 0.84564208984375
0.140625 0.125 0.60345458984375
-0.05859375 0.171875 0.83587646484375
0.09765625 0.140625 0.71478271484375
-0.12109375 0.21875 0.83587646484375
0.0234375 0.1875 0.83685302734375
