PEDESTRIAN
-0.265625 -0.07421875 0.37109375
-0.265625 -0.02734375 0.28564453125
-0.359375 0.24609375 0.1336669921875
-0.234375 0.01171875 0.520751953125
-0.140625 -0.11328125 0.605712890625
-0.015625 -0.35546875 -0.817626953125
-0.109375 -0.08984375 0.519287109375
-0.046875 -0.23046875 0.281982421875
-0.078125 -0.10546875 0.130126953125
-0.078125 -0.06640625 -0.1081695556640625
-0.046875 -0.13671875 0.365966796875
-0.015625 -0.21484375 0.603759765625
-0.015625 -0.19140625 -0.108642578125
-0.171875 0.19921875 0.517333984375
0.015625 -0.21484375 0.128173828125
0.015625 -0.20703125 -0.19342041015625
-0.078125 0.04296875 0.1279296875
0.015625 -0.18359375 -0.34716796875
-0.015625 -0.06640625 -0.19427490234375
0.078125 -0.30078125 -0.34814453125
-0.015625 -0.05078125 0.754150390625
0.046875 -0.17578125 -0.586669921875
-0.015625 0.08984375 0.753173828125
-0.015625 0.12109375 -0.113861083984375
0.109375 -0.15234375 0.515869140625
0.015625 0.06640625 0.838134765625
0.015625 0.13671875 -0.354248046875
-0.015625 0.24609375 -0.19952392578125
0.046875 0.10546875 -0.199462890625
-0.015625 0.26171875 -0.115325927734375
-0.015625 0.24609375 0.751708984375
0.046875 0.12890625 -0.593505859375
0.046875 0.27734375 -0.595947265625
0.359375 -0.35546875 -0.838134765625
0.296875 0.35546875 0.1116943359375
