PEDESTRIAN
0.23828125 -0.0947265625 -0.52484130859375
0.16015625 0.2568359375 0.17657470703125
0.21484375 -0.0478515625 -0.52557373046875
0.13671875 0.2138671875 0.11016845703125
0.16796875 -0.0009765625 -0.52801513671875
0.18359375 0.0380859375 0.17657470703125
0.09765625 0.2958984375 0.17559814453125
0.18359375 -0.0673828125 -0.00506591796875
0.10546875 0.2333984375 0.26544189453125
0.18359375 -0.1337890625 -0.27752685546875
0.14453125 0.0458984375 0.10821533203125
0.08203125 0.2724609375 0.19903564453125
0.11328125 0.1826171875 0.26544189453125
0.08203125 0.2919921875 0.28985595703125
0.16015625 -0.0830078125 -0.27801513671875
0.07421875 0.2529296875 0.10723876953125
0.08984375 0.2373046875 0.28985595703125
0.16015625 -0.0244140625 0.17462158203125
0.14453125 -0.0087890625 0.10723876953125
0.05078125 0.3173828125 0.19805908203125
0.17578125 -0.1337890625 -0.00604248046875
0.11328125 0.0458984375 -0.07489013671875
0.12890625 -0.0048828125 -0.07489013671875
0.12109375 0.0380859375 0.01593017578125
0.12109375 -0.0244140625 -0.34979248046875
0.17578125 -0.1845703125 -0.27899169921875
0.14453125 0.0185546875 0.26544189453125
0.12109375 0.0615234375 0.19903564453125
0.05859375 0.2021484375 -0.07586669921875
0.09765625 0.0263671875 -0.35028076171875
0.12890625 -0.0126953125 0.01544189453125
0.16015625 -0.0751953125 0.17462158203125
0.15234375 -0.0322265625 0.26544189453125
0.11328125 -0.0361328125 -0.27996826171875
0.06640625 0.2060546875 0.19805908203125
0.13671875 -0.0244140625 0.28887939453125
0.15234375 -0.0947265625 0.26544189453125
0.11328125 0.0185546875 0.28887939453125
0.08984375 -0.0322265625 -0.26043701171875
0.01171875 0.2880859375 0.10528564453125
0.16015625 -0.1494140625 0.26544189453125
0.12109375 -0.1376953125 -0.26043701171875
0.14453125 -0.0830078125 0.35528564453125
0.09765625 -0.0712890625 -0.16864013671875
0.03515625 0.2529296875 0.37969970703125
0.01953125 0.3037109375 0.37969970703125
0.09765625 -0.0048828125 0.19708251953125
0.09765625 -0.0751953125 -0.07733154296875
0.07421875 -0.0205078125 -0.16912841796875
0.05078125 0.2138671875 0.47052001953125
0.08984375 -0.0908203125 -0.26141357421875
0.10546875 -0.0595703125 0.19708251953125
0.08984375 -0.0791015625 0.01300048828125
0.08203125 0.0537109375 0.47052001953125
-0.01171875 0.2294921875 0.01251220703125
0.07421875 0.0380859375 0.37872314453125
0.08203125 -0.0166015625 0.37872314453125
0.12109375 -0.1572265625 0.35430908203125
0.09765625 -0.1533203125 0.17266845703125
-0.00390625 0.2568359375 0.46954345703125
0.07421875 -0.0048828125 0.46954345703125
0.08203125 -0.0595703125 0.46954345703125
0.05078125 -0.1416015625 -0.17254638671875
0.06640625 -0.1103515625 0.28594970703125
-0.07421875 0.2685546875 0.01007080078125
-0.06640625 0.2216796875 -0.08172607421875
-0.05859375 0.1669921875 -0.17352294921875
0.02734375 0.0419921875 0.53594970703125
0.01953125 0.0576171875 0.56036376953125
0.05859375 -0.1220703125 0.46856689453125
0.02734375 -0.0126953125 0.53594970703125
0.01953125 0.0029296875 0.56036376953125
0.02734375 -0.1376953125 0.19317626953125
-0.10546875 0.2099609375 -0.17596435546875
0.06640625 -0.2275390625 0.35333251953125
0.01953125 -0.0908203125 0.37677001953125
-0.09765625 0.1396484375 -0.26873779296875
-0.11328125 0.1357421875 -0.36199951171875
0.01171875 -0.0556640625 0.56036376953125
-0.12890625 0.1865234375 -0.27069091796875
-0.08984375 0.0341796875 0.65118408203125
-0.18359375 0.0654296875 -0.55462646484375
-0.08984375 0.0185546875 0.74298095703125
-0.20703125 0.0615234375 -0.74261474609375
-0.22265625 0.1123046875 -0.74298095703125
-0.04296875 -0.3173828125 0.25958251953125
-0.09765625 -0.1923828125 0.09600830078125
-0.23828125 0.1083984375 -0.55804443359375
