PEDESTRIAN
0.1083984375 -0.21875 0.31591796875
0.0458984375 -0.1875 -0.18310546875
0.0595703125 -0.1875 -0.10150146484375
0.1689453125 -0.203125 0.0257568359375
0.1591796875 -0.203125 0.234130859375
0.1630859375 -0.203125 0.337646484375
0.1064453125 -0.1875 0.025390625
0.1748046875 -0.203125 0.442138671875
-0.0009765625 -0.15625 -0.1048583984375
0.1044921875 -0.171875 -0.1838531494140625
0.1005859375 -0.171875 0.232666015625
0.1103515625 -0.171875 0.33642578125
0.1220703125 -0.15625 -0.104705810546875
0.1162109375 -0.15625 0.440185546875
0.0576171875 -0.140625 0.311767578125
0.2216796875 -0.15625 -0.443359375
0.2275390625 -0.15625 0.230712890625
0.1708984375 -0.140625 -0.1872100830078125
0.1826171875 -0.15625 0.543212890625
-0.0126953125 -0.109375 -0.188690185546875
0.0439453125 -0.125 0.334228515625
0.1220703125 -0.140625 0.542724609375
0.1826171875 -0.125 0.31005859375
0.2333984375 -0.125 0.332763671875
0.2490234375 -0.125 0.437255859375
0.1904296875 -0.09375 -0.109893798828125
0.0048828125 -0.0625 -0.847900390625
0.1220703125 -0.078125 0.620849609375
0.1806640625 -0.078125 0.643310546875
0.0498046875 -0.046875 -0.804443359375
0.1708984375 -0.0625 -0.803466796875
-0.0126953125 -0.03125 -0.804443359375
0.1083984375 -0.046875 -0.803955078125
0.1708984375 -0.03125 -0.45654296875
0.1083984375 -0.015625 -0.45703125
0.0693359375 -0.015625 0.617919921875
0.0654296875 -0.015625 0.745849609375
0.1240234375 -0.015625 0.640869140625
0.0751953125 0.0 0.535400390625
0.0693359375 0.0 0.640380859375
0.0029296875 0.015625 0.745361328125
0.1357421875 0.0 0.745361328125
0.0068359375 0.0625 0.0052490234375
0.0869140625 0.0625 0.847900390625
-0.0634765625 0.125 -0.823974609375
-0.2490234375 0.21875 -0.835693359375
-0.1865234375 0.21875 -0.835205078125
-0.1220703125 0.21875 -0.836181640625
