PEDESTRIAN
0.24609375 -0.0859375 -0.798828125
0.17578125 -0.1328125 -0.1024169921875
0.26953125 -0.0546875 -0.664794921875
0.05078125 -0.2265625 0.30908203125
0.11328125 -0.1640625 0.30908203125
0.23828125 -0.0546875 0.447265625
0.22265625 -0.0546875 -0.525390625
0.18359375 -0.0859375 -0.11505126953125
0.16796875 -0.1015625 0.4462890625
0.11328125 -0.1328125 -0.11553955078125
0.21484375 -0.0390625 -0.24230194091796875
0.21484375 -0.0390625 0.30810546875
0.14453125 -0.1015625 -0.80419921875
0.19921875 -0.0390625 -0.105712890625
0.26953125 0.0234375 0.3076171875
0.08203125 -0.1328125 0.0263671875
0.21484375 -0.0234375 0.572265625
0.26953125 0.0390625 0.4453125
0.13671875 -0.0703125 0.306640625
0.12890625 -0.0703125 0.02490234375
0.14453125 -0.0703125 0.57177734375
0.12109375 -0.0703125 -0.530517578125
-0.04296875 -0.2109375 0.294921875
0.01171875 -0.1640625 0.57763671875
0.26953125 0.0546875 0.857421875
0.07421875 -0.1015625 0.57763671875
0.12890625 -0.0390625 0.294921875
0.20703125 0.0078125 0.857421875
0.19140625 0.0078125 0.70947265625
0.12109375 -0.0390625 0.5771484375
0.23828125 0.0703125 0.57080078125
0.11328125 -0.0390625 0.708984375
0.10546875 -0.0234375 0.1611328125
0.03515625 -0.0859375 0.160400390625
0.14453125 -0.0078125 0.71484375
0.17578125 0.0390625 0.29443359375
0.04296875 -0.0703125 0.2939453125
0.07421875 -0.0546875 0.71435546875
0.26953125 0.1484375 0.3037109375
0.21484375 0.0859375 0.70849609375
0.16796875 0.0390625 0.8466796875
0.13671875 0.0546875 0.158935546875
0.05859375 -0.0078125 -0.2517852783203125
0.26171875 0.1640625 0.44140625
0.08984375 -0.0078125 0.845703125
0.31640625 0.2265625 0.44091796875
0.13671875 0.0703125 0.5751953125
0.16015625 0.0859375 0.71337890625
0.25390625 0.1796875 0.56884765625
0.10546875 0.0703125 0.018310546875
0.05859375 0.0390625 -0.682861328125
0.12109375 0.1015625 -0.12554931640625
-0.28515625 -0.2421875 0.29345703125
0.21484375 0.2265625 0.28955078125
0.14453125 0.1796875 0.28857421875
0.13671875 0.1796875 0.57177734375
-0.08203125 0.0703125 -0.69287109375
-0.30078125 0.0078125 -0.558837890625
-0.31640625 0.2421875 -0.857421875
