PEDESTRIAN
-0.125 -0.1015625 -0.82073974609375
-0.09765625 -0.0703125 -0.06402587890625
0.095703125 -0.0859375 -0.06988525390625
-0.03125 -0.0546875 -0.31842041015625
0.013671875 -0.0703125 0.06195068359375
0.021484375 -0.0546875 -0.07037353515625
-0.052734375 -0.0390625 -0.07086181640625
-0.0234375 -0.0234375 -0.44586181640625
-0.09765625 -0.0078125 -0.44635009765625
-0.16796875 -0.0078125 -0.06597900390625
0.021484375 -0.0390625 0.05609130859375
-0.1328125 -0.0078125 0.05511474609375
-0.1328125 -0.0078125 0.06097412109375
-0.177734375 0.0234375 -0.57525634765625
-0.056640625 -0.0078125 0.05999755859375
0.029296875 -0.0234375 0.18206787109375
-0.19140625 0.0390625 -0.70855712890625
-0.0546875 0.0078125 0.05413818359375
-0.115234375 0.0390625 -0.70843505859375
-0.115234375 0.0234375 -0.07330322265625
-0.08984375 0.0078125 0.18695068359375
0.00390625 -0.0078125 0.31390380859375
0.09375 -0.0078125 0.05999755859375
0.060546875 -0.0078125 0.18695068359375
-0.263671875 0.0703125 -0.70538330078125
0.103515625 -0.0078125 0.18109130859375
0.18359375 -0.0078125 -0.07232666015625
-0.099609375 0.0546875 -0.57672119140625
0.09375 0.0078125 0.05413818359375
-0.044921875 0.0078125 0.43988037109375
0.017578125 0.0078125 0.30804443359375
-0.013671875 0.0234375 0.18695068359375
0.03125 0.0078125 0.43988037109375
0.130859375 0.0078125 0.18695068359375
0.087890625 0.0078125 0.31292724609375
0.09375 0.0078125 0.30804443359375
-0.044921875 0.0390625 0.18109130859375
-0.123046875 0.0390625 0.43988037109375
-0.068359375 0.0390625 0.31292724609375
-0.05078125 0.0390625 0.30706787109375
0.015625 0.0234375 0.43499755859375
-0.14453125 0.0546875 0.31292724609375
-0.060546875 0.0390625 0.43402099609375
0.140625 0.0390625 -0.06842041015625
-0.12890625 0.0703125 0.30706787109375
0.171875 0.0390625 0.05902099609375
0.18359375 0.0390625 0.18011474609375
0.091796875 0.0390625 0.43402099609375
0.263671875 0.0390625 -0.07379150390625
0.25 0.0234375 0.30804443359375
0.01953125 0.0234375 0.81976318359375
0.10546875 0.0390625 0.43988037109375
0.091796875 0.0234375 0.69378662109375
0.1796875 0.0546875 0.05316162109375
0.103515625 0.0234375 0.81976318359375
0.162109375 0.0546875 0.31195068359375
0.212890625 0.0546875 0.18499755859375
0.083984375 0.0390625 0.81585693359375
0.177734375 0.0703125 0.30706787109375
-0.03515625 0.0859375 0.56683349609375
-0.052734375 0.0703125 0.82073974609375
0.025390625 0.0703125 0.69378662109375
-0.111328125 0.1015625 0.56683349609375
0.17578125 0.0703125 0.43402099609375
0.01953125 0.0859375 0.56097412109375
0.240234375 0.0703125 0.31195068359375
0.041015625 0.0859375 0.56683349609375
0.251953125 0.0703125 0.43402099609375
0.185546875 0.0859375 0.43890380859375
0.08984375 0.1015625 0.56097412109375
