PEDESTRIAN
0.03515625 -0.328125 0.61920166015625
0.26953125 -0.09765625 0.35552978515625
-0.11328125 0.4375 0.29791259765625
-0.16796875 0.3203125 -0.03118896484375
0.22265625 -0.16015625 0.67584228515625
-0.05859375 -0.453125 -0.55926513671875
0.02734375 -0.34765625 0.56158447265625
0.14453125 -0.234375 0.67584228515625
-0.16015625 0.390625 0.29888916015625
0.13671875 -0.2109375 0.35748291015625
0.22265625 -0.15625 0.73443603515625
0.28515625 -0.06640625 0.56060791015625
-0.12109375 0.36328125 -0.03265380859375
0.26953125 -0.0859375 0.58502197265625
0.12109375 -0.26171875 0.33013916015625
0.01953125 -0.359375 0.33111572265625
0.21484375 -0.13671875 0.38677978515625
-0.07421875 -0.4765625 0.07281494140625
0.13671875 -0.2421875 0.21295166015625
-0.08984375 0.2578125 0.58697509765625
-0.05859375 -0.4375 0.41510009765625
-0.06640625 -0.42578125 0.52935791015625
-0.33203125 -0.046875 -0.03656005859375
-0.01953125 -0.37890625 0.81353759765625
-0.04296875 -0.41015625 0.21588134765625
0.12890625 0.30859375 -0.52874755859375
-0.18359375 0.13671875 -0.03802490234375
0.10546875 -0.2734375 0.35650634765625
0.00390625 -0.36328125 0.15728759765625
-0.12109375 0.23046875 0.56842041015625
0.14453125 -0.19921875 0.81451416015625
0.05859375 -0.31640625 0.47174072265625
0.01953125 -0.3671875 -0.19085693359375
-0.17578125 0.19140625 -0.12005615234375
-0.24609375 0.2890625 -0.13665771484375
0.01171875 -0.359375 0.64263916015625
0.02734375 -0.36328125 -0.52703857421875
-0.18359375 0.3203125 0.24322509765625
-0.20703125 0.32421875 -0.49261474609375
0.13671875 -0.2421875 0.21295166015625
-0.26171875 0.09765625 0.09967041015625
0.21484375 -0.1640625 0.81451416015625
0.10546875 -0.2890625 -0.33538818359375
0.05859375 -0.3203125 0.15631103515625
-0.32421875 0.03125 -0.03363037109375
-0.06640625 0.28125 0.58697509765625
-0.28515625 0.15234375 0.18853759765625
-0.12109375 0.36328125 -0.03265380859375
0.11328125 -0.27734375 0.38677978515625
0.16015625 -0.23828125 -0.8135986328125
0.21484375 -0.1640625 0.81451416015625
-0.05859375 -0.44921875 0.07281494140625
0.16015625 -0.23828125 -0.8135986328125
0.18359375 -0.19140625 0.47076416015625
-0.31640625 -0.01171875 0.07476806640625
0.06640625 -0.31640625 0.21490478515625
-0.06640625 -0.44921875 0.38873291015625
-0.13671875 0.40234375 0.26373291015625
-0.19921875 0.33203125 0.18951416015625
-0.05859375 -0.46875 0.04205322265625
-0.10546875 -0.46875 0.79107666015625
0.05078125 -0.12890625 -0.32171630859375
0.02734375 -0.4140625 -0.07757568359375
-0.03515625 -0.40625 0.70025634765625
0.05859375 -0.33984375 -0.33489990234375
-0.06640625 0.203125 0.58697509765625
0.22265625 -0.12109375 0.67584228515625
-0.07421875 -0.4609375 0.67681884765625
0.02734375 -0.36328125 0.09967041015625
0.00390625 -0.38671875 -0.33245849609375
0.08203125 -0.2890625 0.47174072265625
0.23828125 -0.12890625 0.61822509765625
0.01171875 -0.3515625 0.75689697265625
-0.01953125 -0.41015625 0.09967041015625
-0.07421875 0.265625 0.62310791015625
-0.13671875 0.2578125 0.34967041015625
-0.06640625 -0.4296875 0.58599853515625
0.12109375 -0.29296875 -0.81298828125
-0.05078125 -0.43359375 0.10064697265625
-0.06640625 -0.43359375 0.47271728515625
-0.16796875 0.3203125 -0.03118896484375
-0.24609375 0.328125 -0.13519287109375
0.08203125 -0.2890625 0.47174072265625
0.19140625 -0.20703125 -0.56707763671875
0.29296875 -0.0546875 0.52838134765625
0.21484375 -0.1171875 0.75689697265625
0.20703125 -0.1875 -0.81549072265625
0.07421875 -0.28125 0.81353759765625
0.06640625 -0.296875 0.73443603515625
-0.31640625 -0.01171875 0.07476806640625
0.07421875 -0.28125 0.81353759765625
0.29296875 -0.09375 0.70025634765625
0.24609375 -0.1171875 0.56060791015625
-0.26171875 0.10546875 -0.03460693359375
0.30859375 -0.06640625 0.41314697265625
-0.05078125 -0.43359375 0.10064697265625
0.08984375 -0.296875 0.15631103515625
0.16015625 -0.22265625 0.41412353515625
0.13671875 -0.24609375 0.24224853515625
-0.19921875 0.3046875 0.07965087890625
0.23046875 -0.1171875 0.44439697265625
-0.16796875 0.171875 0.12799072265625
0.26171875 -0.1171875 0.64263916015625
0.15234375 -0.21875 0.24224853515625
-0.32421875 0.0703125 -0.03167724609375
0.29296875 -0.015625 0.81451416015625
-0.30078125 0.09375 -0.03216552734375
0.15234375 -0.1953125 0.44537353515625
0.18359375 -0.171875 0.44537353515625
0.04296875 -0.3359375 0.70025634765625
0.17578125 -0.2265625 0.50299072265625
0.04296875 -0.37109375 0.04010009765625
-0.08984375 -0.46875 0.38873291015625
-0.19921875 0.3671875 0.19049072265625
0.23046875 -0.1796875 0.41314697265625
-0.00390625 -0.40234375 0.38775634765625
0.15234375 -0.23046875 -0.56512451171875
-0.08984375 -0.484375 -0.33050537109375
0.04296875 -0.31640625 0.35748291015625
-0.01171875 -0.37890625 0.64263916015625
-0.08203125 -0.46484375 0.47271728515625
0.28515625 -0.09375 0.41314697265625
-0.01953125 -0.421875 0.27252197265625
0.21484375 -0.140625 0.35650634765625
0.08203125 -0.2890625 0.21490478515625
-0.12890625 0.21484375 0.34869384765625
-0.14453125 0.34375 -0.03216552734375
0.26953125 -0.078125 0.52838134765625
0.02734375 -0.34375 0.35748291015625
-0.02734375 -0.40625 -0.33148193359375
0.11328125 -0.27734375 0.38677978515625
-0.07421875 0.28515625 0.40338134765625
-0.10546875 -0.46875 0.79107666015625
0.09765625 -0.30859375 -0.56463623046875
-0.12890625 0.28515625 0.51470947265625
0.24609375 -0.09765625 0.75689697265625
0.24609375 -0.09765625 0.75689697265625
-0.19140625 0.2890625 0.24224853515625
-0.23046875 0.20703125 -0.46063232421875
-0.08203125 -0.44921875 0.75689697265625
0.20703125 -0.19921875 0.26959228515625
-0.06640625 -0.42578125 0.52935791015625
0.02734375 -0.34765625 0.56158447265625
0.12109375 -0.25390625 0.44537353515625
0.01171875 -0.39453125 0.04058837890625
-0.07421875 0.265625 0.62310791015625
0.13671875 -0.24609375 0.24224853515625
-0.04296875 -0.4140625 0.35845947265625
0.30078125 -0.06640625 0.58502197265625
-0.28515625 0.14453125 -0.11468505859375
-0.12109375 -0.05859375 0.11822509765625
0.19140625 -0.1875 0.81451416015625
0.21484375 -0.14453125 0.79205322265625
0.07421875 -0.328125 0.50299072265625
-0.09765625 0.30859375 0.51470947265625
0.18359375 -0.1796875 0.67584228515625
0.12890625 -0.234375 0.81451416015625
-0.16015625 0.421875 0.24517822265625
-0.03515625 -0.4453125 0.04156494140625
0.01953125 -0.3515625 0.73443603515625
0.10546875 -0.3125 -0.16058349609375
0.11328125 -0.26171875 0.64263916015625
-0.12109375 0.421875 0.10162353515625
-0.16796875 0.4140625 -0.11175537109375
0.05078125 -0.33203125 0.09869384765625
-0.11328125 0.48046875 0.08111572265625
0.05859375 -0.32421875 0.07135009765625
-0.16796875 0.359375 0.07965087890625
-0.01953125 -0.38671875 0.15826416015625
-0.18359375 0.20703125 0.29498291015625
-0.28515625 0.11328125 -0.11614990234375
-0.14453125 0.36328125 0.10162353515625
0.28515625 -0.06640625 0.56060791015625
0.16015625 -0.19921875 0.79205322265625
-0.07421875 0.28125 0.36822509765625
-0.33203125 0.12109375 0.08062744140625
0.08203125 -0.26953125 0.44537353515625
0.15234375 -0.21875 0.24224853515625
-0.08203125 -0.46484375 0.47271728515625
0.04296875 -0.3203125 0.79205322265625
-0.06640625 -0.46484375 -0.33148193359375
-0.22265625 0.28125 -0.45623779296875
0.30859375 -0.05859375 0.61822509765625
-0.10546875 0.390625 0.35162353515625
-0.33203125 -0.046875 -0.03656005859375
0.16796875 -0.22265625 0.15435791015625
-0.01953125 -0.41015625 0.09967041015625
-0.05859375 0.3203125 0.51373291015625
-0.12109375 0.4765625 -0.13812255859375
0.02734375 -0.31640625 0.44635009765625
0.04296875 -0.33984375 0.33013916015625
0.09765625 -0.26171875 0.47174072265625
-0.12890625 0.453125 0.08111572265625
-0.10546875 0.453125 0.26373291015625
-0.08984375 -0.484375 0.10064697265625
-0.10546875 0.5 0.19049072265625
-0.03515625 0.34375 0.53228759765625
0.14453125 0.21484375 -0.77374267578125
-0.18359375 0.28515625 -0.03216552734375
0.08203125 -0.31640625 0.04010009765625
