PEDESTRIAN
0.041015625 0.171875 -0.39664268493652344
0.138671875 0.26171875 0.49691200256347656
0.013671875 -0.0625 0.40804481506347656
0.037109375 0.2890625 0.32113075256347656
0.158203125 0.1171875 0.45003700256347656
0.060546875 -0.1640625 0.11116981506347656
0.091796875 0.21875 0.36898231506347656
-0.021484375 -0.09375 0.21175575256347656
0.099609375 0.30859375 0.45101356506347656
-0.048828125 0.15234375 0.8885135650634766
0.064453125 0.21875 0.5564823150634766
0.005859375 0.296875 0.36800575256347656
0.029296875 0.12890625 0.8709354400634766
0.095703125 0.33984375 0.45101356506347656
0.076171875 0.359375 0.45101356506347656
0.126953125 0.32421875 0.49788856506347656
0.087890625 -0.14453125 0.25667762756347656
0.142578125 -0.03125 -0.06900596618652344
0.146484375 0.01171875 -0.9309520721435547
0.048828125 0.30859375 0.5564823150634766
0.091796875 0.12109375 0.36605262756347656
0.099609375 0.22265625 0.18050575256347656
0.052734375 0.2265625 0.6033573150634766
0.138671875 0.234375 0.45101356506347656
0.041015625 0.171875 -0.39664268493652344
0.060546875 0.30859375 0.27620887756347656
0.025390625 0.24609375 0.03597450256347656
-0.111328125 0.2109375 -0.35123252868652344
0.087890625 0.08203125 -0.06265830993652344
-0.001953125 0.2890625 0.6502323150634766
-0.068359375 0.2109375 0.8885135650634766
0.087890625 0.3125 0.46370887756347656
0.150390625 0.0078125 0.26253700256347656
0.103515625 0.05078125 0.17464637756347656
-0.005859375 -0.0234375 0.6492557525634766
0.087890625 -0.14453125 0.25667762756347656
0.056640625 -0.04296875 0.024744033813476562
0.068359375 -0.01171875 0.45882606506347656
-0.009765625 -0.16015625 0.25863075256347656
0.087890625 -0.10546875 0.11507606506347656
0.142578125 -0.03125 -0.06900596618652344
0.025390625 0.3203125 0.5096073150634766
0.056640625 0.12109375 0.7762088775634766
0.064453125 0.0703125 0.5076541900634766
0.146484375 0.2109375 0.40511512756347656
0.162109375 0.15625 0.26644325256347656
0.013671875 0.22265625 -0.39566612243652344
0.365234375 -0.2109375 -0.9229030609130859
0.103515625 -0.03515625 0.5896854400634766
-0.048828125 0.15234375 0.8885135650634766
0.103515625 0.12109375 0.46175575256347656
-0.076171875 0.16796875 0.7781620025634766
0.013671875 0.34375 0.5887088775634766
0.056640625 0.12109375 0.7762088775634766
0.072265625 0.25 0.22835731506347656
0.130859375 0.19921875 0.26546669006347656
0.146484375 0.00390625 0.44906044006347656
0.177734375 0.13671875 0.12777137756347656
0.041015625 0.01171875 0.6014041900634766
0.189453125 0.109375 -0.05875205993652344
0.291015625 -0.37890625 -0.8985347747802734
0.029296875 0.12890625 0.8709354400634766
0.033203125 0.06640625 -0.8865413665771484
0.060546875 0.28125 0.41585731506347656
0.060546875 -0.1640625 0.11116981506347656
0.021484375 0.359375 0.5564823150634766
0.150390625 0.0078125 0.26253700256347656
0.021484375 0.32421875 0.41585731506347656
0.130859375 0.18359375 -0.05435752868652344
0.041015625 -0.03515625 -0.41080284118652344
0.142578125 0.10546875 0.5428104400634766
-0.009765625 -0.16015625 0.25863075256347656
0.154296875 0.015625 0.35628700256347656
0.052734375 0.32421875 0.46370887756347656
0.099609375 0.18359375 0.46273231506347656
0.076171875 0.08984375 0.5555057525634766
0.197265625 -0.30859375 -0.9037532806396484
-0.013671875 0.3203125 -0.05826377868652344
-0.138671875 0.265625 -0.35025596618652344
0.087890625 0.05078125 0.031091690063476562
-0.005859375 -0.03125 -0.19547080993652344
0.037109375 0.3359375 0.5564823150634766
0.064453125 0.23828125 0.32113075256347656
0.154296875 -0.01953125 0.12093544006347656
-0.013671875 0.02734375 -0.41177940368652344
0.033203125 -0.0234375 0.5057010650634766
-0.080078125 0.26953125 -0.18375205993652344
0.029296875 0.140625 0.6502323150634766
0.029296875 -0.0078125 -0.40982627868652344
-0.052734375 0.21875 -0.18424034118652344
0.138671875 -0.08203125 0.49495887756347656
0.126953125 -0.04296875 0.26058387756347656
0.048828125 0.09375 0.8240604400634766
0.099609375 0.21875 0.46273231506347656
0.146484375 -0.03125 0.40218544006347656
-0.021484375 0.23828125 -0.5704708099365234
0.052734375 0.02734375 0.5066776275634766
0.013671875 -0.0625 0.40804481506347656
0.099609375 0.16796875 0.6355838775634766
0.087890625 -0.10546875 0.11507606506347656
-0.013671875 -0.14453125 0.16097450256347656
-0.048828125 0.1796875 0.7449588775634766
0.083984375 0.23046875 0.41585731506347656
0.166015625 0.16015625 0.12777137756347656
0.099609375 0.22265625 0.18050575256347656
0.056640625 0.09375 0.6023807525634766
0.017578125 0.05859375 -0.18814659118652344
-0.048828125 0.37890625 0.5564823150634766
-0.013671875 0.31640625 0.6502323150634766
0.091796875 0.0546875 0.22249794006347656
0.037109375 0.08984375 0.7303104400634766
-0.025390625 -0.16796875 0.20882606506347656
0.095703125 0.18359375 0.13265419006347656
0.205078125 -0.05078125 -0.9285411834716797
0.033203125 0.140625 0.7762088775634766
0.080078125 0.1796875 0.32015419006347656
0.146484375 -0.03125 0.40218544006347656
-0.111328125 -0.20703125 -0.09342002868652344
0.158203125 0.1171875 0.45003700256347656
0.048828125 0.08984375 0.6834354400634766
0.044921875 0.05078125 0.6834354400634766
0.103515625 0.25390625 0.46370887756347656
-0.013671875 0.02734375 -0.41177940368652344
0.185546875 -0.03125 -0.9293422698974609
0.033203125 0.140625 0.7762088775634766
0.095703125 0.1015625 0.6355838775634766
0.130859375 0.29296875 0.49691200256347656
0.099609375 0.15625 0.13167762756347656
0.017578125 0.0625 0.6502323150634766
0.291015625 -0.37890625 -0.8985347747802734
0.130859375 0.18359375 -0.05435752868652344
-0.056640625 0.16796875 0.8719120025634766
0.033203125 0.140625 0.7762088775634766
0.158203125 0.015625 -0.06558799743652344
0.158203125 0.1484375 0.40413856506347656
0.083984375 0.01171875 0.028650283813476562
0.001953125 0.11328125 -0.5785274505615234
-0.025390625 -0.23046875 -0.08951377868652344
0.154296875 0.1796875 0.45101356506347656
0.044921875 0.05078125 0.6834354400634766
0.107421875 0.34375 0.49691200256347656
0.154296875 0.1796875 0.45101356506347656
-0.009765625 -0.16015625 0.25863075256347656
0.068359375 0.18359375 0.5564823150634766
0.173828125 0.02734375 0.12386512756347656
0.130859375 0.16015625 0.5896854400634766
0.166015625 0.16015625 0.12777137756347656
0.080078125 0.2421875 0.13363075256347656
0.087890625 -0.14453125 0.25667762756347656
0.150390625 0.0078125 0.26253700256347656
-0.033203125 0.2265625 0.6971073150634766
-0.001953125 0.296875 -0.05826377868652344
0.158203125 0.046875 0.45003700256347656
0.013671875 0.22265625 -0.39566612243652344
0.056640625 0.23828125 0.5096073150634766
0.162109375 0.08984375 0.35726356506347656
0.037109375 0.3359375 0.5564823150634766
0.162109375 0.16015625 0.35824012756347656
-0.013671875 -0.08984375 0.26058387756347656
0.130859375 0.19921875 0.26546669006347656
0.056640625 0.296875 0.6033573150634766
0.162109375 0.15625 0.26644325256347656
0.099609375 0.18359375 0.46273231506347656
0.068359375 0.09375 -0.9341640472412109
0.041015625 0.109375 -0.9365367889404297
0.087890625 0.0078125 0.12484169006347656
0.060546875 0.359375 0.46468544006347656
0.099609375 0.21875 0.46273231506347656
0.072265625 -0.19140625 0.11116981506347656
-0.013671875 0.203125 0.6971073150634766
0.068359375 0.03515625 0.31624794006347656
0.087890625 0.3125 0.46370887756347656
0.060546875 0.34765625 0.49691200256347656
0.150390625 0.21875 0.35921669006347656
-0.033203125 0.09375 -0.19009971618652344
0.083984375 0.23046875 0.41585731506347656
0.158203125 0.01171875 0.40316200256347656
0.142578125 0.20703125 0.5437870025634766
0.029296875 0.1640625 0.8699588775634766
-0.009765625 0.17578125 0.6971073150634766
0.095703125 0.18359375 0.13265419006347656
0.166015625 0.1953125 0.35921669006347656
-0.033203125 -0.1484375 0.013513565063476562
0.267578125 -0.359375 -0.8992977142333984
0.060546875 0.34765625 0.49691200256347656
0.025390625 0.05859375 -0.5802364349365234
0.087890625 0.1640625 0.41488075256347656
0.072265625 0.25 0.27523231506347656
0.103515625 0.25390625 0.46370887756347656
0.099609375 0.203125 0.6355838775634766
0.099609375 0.1640625 0.27327919006347656
0.056640625 0.296875 0.6033573150634766
0.162109375 0.19140625 -0.05679893493652344
0.181640625 0.10546875 0.12679481506347656
0.052734375 0.16015625 0.8230838775634766
-0.130859375 -0.1796875 -0.09342002868652344
-0.009765625 0.16015625 0.7303104400634766
-0.130859375 0.19140625 0.7459354400634766
-0.037109375 0.046875 -0.41275596618652344
0.099609375 0.21875 0.46273231506347656
