PEDESTRIAN
-0.07421875 -0.078125 0.03076171875
-0.20703125 -0.015625 0.03076171875
0.07421875 -0.109375 0.02978515625
-0.05859375 -0.015625 0.27783203125
0.32421875 -0.140625 0.36376953125
0.08203125 -0.046875 0.27783203125
-0.04296875 -0.015625 0.52197265625
0.23828125 -0.078125 -0.12451171875
-0.07421875 0.046875 -0.36865234375
0.18359375 -0.078125 0.36376953125
0.23046875 -0.078125 0.12060546875
0.09765625 -0.015625 -0.12451171875
-0.05078125 0.046875 -0.21435546875
0.10546875 -0.015625 0.12158203125
-0.32421875 0.140625 0.03173828125
-0.03515625 0.046875 -0.12353515625
-0.05859375 0.078125 -0.61376953125
-0.08203125 0.046875 0.36767578125
0.08984375 0.015625 -0.21435546875
-0.02734375 0.109375 -0.45947265625
0.01953125 0.046875 0.61181640625
-0.11328125 0.109375 0.61376953125
-0.01953125 0.109375 0.12353515625
0.13671875 0.046875 0.52392578125
