PEDESTRIAN
0.1875 -0.2890625 0.16925048828125
0.21875 -0.1953125 0.37335205078125
0.125 -0.1640625 -0.37103271484375
0.21875 -0.0390625 -0.37054443359375
0.09375 -0.1796875 -0.32635498046875
-0.03125 -0.3046875 0.16729736328125
0.125 -0.0859375 -0.12274169921875
0.15625 -0.0234375 -0.57415771484375
-0.03125 -0.2734375 -0.07977294921875
0.0625 -0.1484375 -0.07977294921875
0.125 -0.0546875 -0.62139892578125
-0.03125 -0.2734375 0.12579345703125
0.21875 0.1171875 -0.57513427734375
0.125 -0.0234375 0.41143798828125
0.0 -0.1171875 0.41046142578125
0.03125 -0.0703125 0.62139892578125
0.0625 0.0234375 -0.32928466796875
0.03125 0.0390625 0.12384033203125
-0.21875 -0.1171875 -0.58148193359375
-0.03125 0.2890625 -0.08612060546875
-0.0625 0.3046875 0.11993408203125
