PEDESTRIAN
0.015625 -0.2421875 0.0789794921875
0.078125 -0.2421875 -0.0767822265625
-0.1015625 -0.1796875 -0.0772705078125
-0.0078125 -0.1953125 -0.0772705078125
-0.0625 -0.1640625 0.0775146484375
0.2421875 -0.2578125 -0.0509033203125
-0.1796875 -0.1015625 -0.0787353515625
-0.015625 -0.1484375 -0.2349853515625
-0.0078125 -0.1640625 0.2327880859375
0.0859375 -0.1796875 0.2327880859375
0.15625 -0.1953125 0.1038818359375
0.171875 -0.1953125 -0.0518798828125
0.078125 -0.1484375 -0.0528564453125
0.0703125 -0.1484375 0.1029052734375
-0.09375 -0.0703125 -0.2374267578125
0.0390625 -0.1328125 0.3870849609375
0.0859375 -0.1328125 0.2581787109375
-0.125 -0.0546875 0.0750732421875
-0.046875 -0.0859375 0.3870849609375
0.171875 -0.1484375 0.2572021484375
0.0 -0.0703125 -0.0538330078125
-0.2421875 0.0234375 -0.0826416015625
-0.0703125 -0.0390625 0.2308349609375
0.0 -0.0390625 0.1009521484375
-0.125 -0.0078125 0.3861083984375
0.015625 -0.0234375 -0.3970947265625
0.015625 -0.0390625 0.2562255859375
0.03125 -0.0078125 -0.3682861328125
0.1640625 -0.0546875 0.0726318359375
-0.1484375 0.0703125 -0.2423095703125
-0.1875 0.0859375 0.0711669921875
0.21875 -0.0546875 0.2288818359375
-0.140625 0.0703125 0.2288818359375
-0.0625 0.0703125 0.0989990234375
0.0234375 0.0546875 0.4105224609375
-0.1875 0.1328125 0.3841552734375
-0.21875 0.1640625 -0.2452392578125
0.1171875 0.0390625 0.4105224609375
0.015625 0.0703125 0.5413818359375
-0.0703125 0.1015625 0.5413818359375
-0.046875 0.1171875 0.2542724609375
0.1171875 0.0546875 0.5667724609375
0.21875 0.0390625 0.5667724609375
-0.0234375 0.1640625 -0.5628662109375
-0.0234375 0.1796875 -0.4061279296875
0.2265625 0.0859375 0.4095458984375
-0.09375 0.2578125 -0.5667724609375
