PEDESTRIAN
0.19921875 -0.101318359375 0.18658447265625
0.19921875 -0.115966796875 0.28765869140625
0.18359375 -0.117919921875 0.38824462890625
0.16015625 -0.039794921875 0.18511962890625
0.12109375 0.111572265625 -0.12176513671875
0.11328125 0.127685546875 -0.52923583984375
0.12109375 0.006103515625 -0.529327392578125
0.12890625 0.133544921875 0.18414306640625
0.12890625 -0.010498046875 -0.02044677734375
0.12109375 0.051025390625 -0.12176513671875
0.16015625 -0.089599609375 0.48834228515625
0.12109375 0.197021484375 0.18365478515625
0.12109375 -0.009521484375 -0.12200927734375
0.10546875 0.064697265625 -0.32696533203125
0.12109375 0.014892578125 0.18316650390625
0.13671875 -0.061279296875 0.38629150390625
0.10546875 -0.072998046875 -0.02191162109375
0.12890625 -0.033935546875 0.48736572265625
0.08203125 0.121337890625 -0.32818603515625
0.09765625 0.014892578125 0.08013916015625
0.09765625 0.074462890625 0.18170166015625
0.08984375 0.177490234375 0.28326416015625
0.10546875 -0.001708984375 0.38531494140625
0.08984375 -0.046630859375 0.07965087890625
0.07421875 0.002197265625 -0.32977294921875
0.08984375 0.015869140625 0.26373291015625
0.05859375 0.161376953125 -0.78631591796875
0.08984375 -0.062255859375 0.28277587890625
0.06640625 0.043212890625 -0.02386474609375
0.08203125 -0.002685546875 0.28277587890625
0.07421875 0.057861328125 0.28228759765625
0.07421875 0.053955078125 0.38433837890625
0.04296875 0.016845703125 -0.43536376953125
0.02734375 0.040283203125 -0.79010009765625
0.04296875 0.117431640625 0.28131103515625
0.05859375 0.022705078125 0.48541259765625
0.01953125 0.077392578125 0.07623291015625
0.05078125 0.043212890625 0.58697509765625
0.03515625 0.065673828125 0.68853759765625
0.02734375 -0.019287109375 0.58599853515625
0.02734375 0.004150390625 0.68853759765625
0.03515625 -0.039794921875 0.79010009765625
-0.00390625 -0.049560546875 0.25982666015625
0.01171875 0.125244140625 0.68853759765625
0.02734375 0.017822265625 0.79010009765625
-0.01953125 0.109130859375 0.38092041015625
0.00390625 -0.078857421875 0.58502197265625
-0.03515625 0.083740234375 0.48248291015625
-0.01171875 0.076416015625 0.79010009765625
-0.01171875 -0.059326171875 0.68756103515625
-0.01171875 -0.124755859375 0.75787353515625
-0.01953125 -0.185302734375 0.75689697265625
-0.16796875 -0.072021484375 -0.34930419921875
-0.19921875 -0.197021484375 -0.35235595703125
