PEDESTRIAN
-0.107421875 0.029296875 -0.15625
-0.115234375 -0.021484375 -0.04345703125
-0.076171875 -0.013671875 -0.05615234375
-0.052734375 -0.009765625 -0.046875
-0.052734375 -0.037109375 -0.04833984375
-0.005859375 0.005859375 0.0263671875
-0.005859375 -0.029296875 -0.0625
0.037109375 0.083984375 0.1142578125
0.017578125 0.033203125 0.1142578125
-0.021484375 -0.083984375 -0.06396484375
0.009765625 0.005859375 0.11328125
0.037109375 0.052734375 0.11328125
0.037109375 0.001953125 -0.064453125
0.025390625 -0.021484375 -0.06494140625
0.005859375 -0.021484375 0.1123046875
0.052734375 0.021484375 -0.064453125
0.041015625 0.009765625 0.0234375
0.017578125 -0.037109375 0.0234375
0.005859375 -0.064453125 0.0224609375
0.048828125 0.048828125 0.15625
0.037109375 0.025390625 0.15625
0.009765625 -0.056640625 0.1103515625
0.025390625 -0.029296875 0.154296875
0.068359375 0.017578125 0.0224609375
0.041015625 -0.005859375 0.154296875
0.076171875 0.060546875 0.1552734375
0.115234375 0.068359375 0.1533203125
