PEDESTRIAN
-0.171875 -0.248046875 -0.533935546875
-0.171875 -0.126953125 -0.534423828125
-0.171875 0.185546875 0.19482421875
-0.109375 -0.158203125 0.0118255615234375
-0.109375 -0.130859375 0.1942138671875
-0.140625 0.076171875 0.1949462890625
-0.140625 0.169921875 0.010711669921875
-0.078125 -0.107421875 -0.358642578125
-0.109375 0.103515625 0.2811279296875
-0.109375 0.201171875 0.3759765625
-0.046875 -0.044921875 -0.1756591796875
-0.078125 0.212890625 0.280029296875
-0.015625 -0.142578125 -0.1778564453125
-0.015625 -0.103515625 -0.26611328125
0.015625 -0.236328125 0.189697265625
-0.015625 0.115234375 -0.267578125
-0.015625 0.162109375 0.557861328125
0.046875 -0.107421875 0.3720703125
0.078125 -0.201171875 -0.268798828125
0.078125 0.248046875 -0.557861328125
0.171875 -0.197265625 0.367919921875
0.171875 -0.173828125 0.272705078125
