PEDESTRIAN
0.15625 0.140625 -0.2515869140625
0.171875 0.09375 0.0531005859375
0.0859375 0.1640625 -0.0216064453125
0.1171875 0.171875 0.4344482421875
0.0703125 0.140625 -0.5302734375
0.0859375 0.1484375 0.0555419921875
0.0625 0.1484375 -0.1798095703125
0.0703125 0.1796875 0.2801513671875
0.1015625 0.1484375 0.2811279296875
0.1796875 0.0390625 0.0516357421875
0.0625 0.15625 0.1341552734375
0.1015625 0.109375 0.0545654296875
0.125 0.109375 0.2801513671875
0.078125 0.1796875 0.5096435546875
0.0546875 0.15625 0.2117919921875
0.0859375 0.1015625 -0.0245361328125
0.125 0.109375 0.4334716796875
0.1015625 0.140625 0.5096435546875
0.078125 0.1171875 0.1331787109375
0.140625 0.0625 0.2796630859375
0.078125 0.109375 0.2108154296875
0.0625 0.1640625 0.5848388671875
0.109375 0.0546875 0.0526123046875
0.1015625 0.0546875 -0.0255126953125
0.1796875 -0.0234375 0.0491943359375
0.109375 0.09375 0.5086669921875
0.09375 0.0625 0.1317138671875
0.0390625 0.1484375 0.4451904296875
0.0078125 0.1015625 -0.3428955078125
0.125 0.0546875 0.4324951171875
0.03125 0.125 0.2869873046875
0.0390625 0.125 0.3660888671875
0.1484375 0.0078125 0.2786865234375
0.0859375 0.0546875 0.2093505859375
0.1328125 0.046875 0.5086669921875
0.0703125 0.1171875 0.5848388671875
0.0546875 0.1015625 0.4451904296875
0.046875 0.1171875 0.5233154296875
0.0546875 0.0859375 0.3651123046875
0.140625 0.0078125 0.4315185546875
0.046875 0.078125 0.2869873046875
0.0859375 0.078125 0.5848388671875
0.109375 -0.0078125 0.0501708984375
0.140625 0.0 0.5076904296875
0.1484375 -0.046875 0.2772216796875
0.0859375 -0.0078125 0.1292724609375
0.0625 0.046875 0.4442138671875
0.0625 0.03125 0.3641357421875
0.234375 -0.1640625 0.0462646484375
0.1640625 -0.1015625 0.0452880859375
0.1484375 -0.046875 0.4305419921875
0.046875 -0.015625 -0.2664794921875
0.0 0.03125 -0.1895751953125
0.046875 0.0546875 0.5223388671875
0.15625 -0.0546875 0.5076904296875
0.046875 0.015625 0.2850341796875
0.109375 -0.0703125 0.0477294921875
0.078125 0.0 0.4432373046875
0.0859375 0.0078125 0.5838623046875
0.2265625 -0.1640625 0.2767333984375
0.0625 -0.0234375 0.2059326171875
0.0625 -0.0625 -0.2679443359375
0.078125 -0.0234375 0.3631591796875
-0.015625 0.09375 0.5994873046875
0.1640625 -0.1015625 0.4305419921875
0.0859375 -0.0859375 -0.0328369140625
0.0078125 -0.0234375 -0.1925048828125
0.1796875 -0.1484375 0.2757568359375
0.015625 0.0703125 0.7371826171875
-0.0234375 -0.015625 -0.81756591796875
0.046875 0.03125 0.7371826171875
0.15625 -0.109375 0.5067138671875
0.140625 -0.125 0.2747802734375
0.0859375 -0.0546875 0.4422607421875
0.046875 -0.0078125 0.5203857421875
0.09375 -0.046875 0.5828857421875
0.0390625 0.015625 0.6600341796875
0.046875 -0.046875 0.2830810546875
-0.03125 0.0859375 0.7371826171875
-0.0078125 0.0390625 0.5994873046875
-0.0078125 0.0390625 0.6600341796875
0.0546875 -0.09375 0.2030029296875
0.0 0.0390625 0.8143310546875
0.0625 -0.09375 0.3612060546875
0.0234375 0.0078125 0.8143310546875
0.046875 -0.0625 0.5194091796875
0.1484375 -0.171875 0.4285888671875
-0.0625 0.0546875 0.6590576171875
0.0 -0.015625 0.5985107421875
0.15625 -0.1796875 0.5057373046875
0.0703125 -0.140625 0.2025146484375
-0.0546875 0.0546875 0.8143310546875
-0.1015625 0.0859375 0.7362060546875
0.1171875 -0.1484375 0.5828857421875
0.0703125 -0.125 0.4403076171875
-0.09375 -0.0390625 -0.3585205078125
-0.0625 0.0390625 0.7557373046875
0.0625 -0.1171875 0.5184326171875
0.0703125 -0.1484375 0.3602294921875
0.0234375 -0.125 0.2796630859375
-0.0390625 0.0 0.7557373046875
-0.1796875 0.0078125 -0.82720947265625
-0.125 -0.046875 -0.828857421875
-0.125 0.0546875 0.6580810546875
-0.078125 -0.09375 -0.3612060546875
-0.1015625 0.03125 0.6756591796875
-0.0390625 -0.125 -0.2008056640625
-0.0703125 0.0 0.6766357421875
-0.0078125 -0.078125 0.5975341796875
-0.0859375 0.0234375 0.8348388671875
-0.125 0.046875 0.7557373046875
-0.125 0.0546875 0.8133544921875
-0.1796875 -0.03125 -0.83331298828125
-0.21875 0.0 -0.8348388671875
-0.234375 0.0078125 -0.832763671875
-0.1328125 0.0390625 0.8348388671875
-0.171875 0.0390625 0.6746826171875
0.0 -0.140625 0.5965576171875
-0.1875 0.0546875 0.7547607421875
-0.2109375 0.0390625 0.8338623046875
-0.078125 -0.1015625 0.8348388671875
