PEDESTRIAN
0.1796875 -0.0234375 0.0791015625
0.1484375 0.015625 0.18310546875
0.1328125 0.0390625 -0.16082763671875
0.2265625 0.3203125 0.010986328125
0.1328125 0.046875 0.35546875
0.1796875 0.21875 0.0096435546875
0.1015625 0.0234375 0.009521484375
0.0546875 -0.0625 0.0084228515625
0.1171875 0.140625 0.0081787109375
0.1015625 0.109375 0.07421875
0.0390625 -0.0625 -0.5107421875
0.0703125 0.0078125 0.52490234375
0.0703125 0.0546875 -0.335693359375
-0.0078125 -0.1796875 -0.43505859375
0.0546875 0.03125 -0.511962890625
0.0234375 -0.078125 0.4140625
0.0859375 0.1484375 0.178955078125
0.0859375 0.171875 0.3525390625
0.0703125 0.1640625 -0.165802001953125
-0.0234375 -0.0703125 -0.4381103515625
-0.0546875 -0.1640625 0.071533203125
-0.0234375 -0.0859375 0.58251953125
0.0390625 0.140625 -0.5146484375
0.0078125 0.03125 0.41259765625
0.0390625 0.140625 -0.686767578125
0.0703125 0.21875 0.5234375
0.0234375 0.0703125 0.6953125
0.0390625 0.1640625 -0.33935546875
0.0546875 0.2421875 -0.51611328125
0.0078125 0.1328125 -0.440185546875
0.0078125 0.125 0.41162109375
-0.0234375 0.0234375 0.58154296875
0.0390625 0.28125 -0.169891357421875
0.0546875 0.28125 0.69482421875
-0.0546875 0.046875 -0.4427490234375
-0.1171875 -0.1328125 -0.69189453125
-0.1640625 -0.2265625 -0.693603515625
-0.0546875 0.140625 0.57958984375
-0.2265625 -0.3203125 -0.6953125
