PEDESTRIAN
-0.2265625 0.046875 0.04168701171875
-0.2265625 0.046875 0.23699951171875
-0.1640625 -0.03125 -0.04376220703125
-0.1953125 0.0625 -0.82769775390625
-0.1640625 0.0 -0.15753173828125
-0.2734375 0.234375 -0.55523681640625
-0.0703125 -0.140625 -0.35675048828125
-0.1171875 -0.03125 -0.35675048828125
-0.2421875 0.171875 0.23699951171875
-0.1796875 0.046875 0.43524169921875
-0.0234375 -0.1875 -0.15802001953125
-0.2890625 0.28125 0.23699951171875
-0.1328125 0.0 0.15203857421875
-0.0703125 -0.09375 -0.24053955078125
-0.0078125 -0.21875 -0.04376220703125
-0.0546875 -0.125 0.23699951171875
-0.1015625 -0.046875 0.43524169921875
-0.0546875 -0.109375 0.15203857421875
-0.1484375 0.09375 -0.35772705078125
-0.2109375 0.171875 0.43524169921875
-0.1484375 0.09375 -0.04473876953125
-0.0703125 -0.078125 0.34735107421875
-0.2109375 0.203125 0.15106201171875
-0.1015625 0.046875 -0.75396728515625
-0.1171875 0.03125 0.34735107421875
-0.0078125 -0.171875 0.34735107421875
-0.0390625 -0.046875 -0.75372314453125
-0.0390625 -0.046875 -0.55718994140625
0.0859375 -0.28125 -0.43878173828125
-0.0859375 0.046875 -0.24200439453125
-0.0859375 0.0625 -0.55767822265625
0.0390625 -0.171875 -0.43927001953125
-0.0546875 0.015625 -0.83172607421875
0.0390625 -0.171875 -0.24151611328125
0.0703125 -0.265625 0.34735107421875
-0.0078125 -0.125 0.43524169921875
0.0390625 -0.1875 0.15203857421875
-0.1484375 0.234375 -0.35968017578125
0.0859375 -0.1875 0.03875732421875
-0.0078125 -0.03125 0.54364013671875
-0.0546875 0.078125 0.54364013671875
0.0546875 -0.03125 -0.44122314453125
-0.0703125 0.125 0.83172607421875
0.1640625 -0.25 0.15106201171875
-0.0078125 0.015625 0.83172607421875
0.0234375 -0.03125 0.74090576171875
0.0234375 0.21875 -0.44464111328125
0.2890625 -0.1875 -0.04815673828125
