PEDESTRIAN
-0.21875 -0.08837890625 0.3026123046875
-0.21875 -0.31494140625 0.5174560546875
-0.1875 -0.08447265625 0.0872802734375
-0.1875 -0.21337890625 0.0872802734375
-0.1875 -0.18212890625 0.5174560546875
-0.15625 -0.19580078125 0.3348388671875
-0.15625 -0.21826171875 0.3021240234375
-0.15625 -0.23779296875 0.5506591796875
-0.15625 -0.34228515625 0.7313232421875
-0.125 -0.23876953125 -0.1304931640625
-0.125 -0.06689453125 0.3348388671875
-0.125 -0.36572265625 -0.1300048828125
-0.125 -0.10986328125 0.5506591796875
-0.09375 -0.08935546875 -0.1031494140625
-0.09375 -0.21923828125 -0.1026611328125
-0.09375 -0.15380859375 0.1160888671875
-0.09375 -0.24072265625 0.7694091796875
-0.09375 -0.37158203125 0.7684326171875
-0.03125 -0.17333984375 -0.3236083984375
-0.03125 -0.30517578125 -0.3236083984375
0.0 0.24853515625 -0.76025390625
0.0 -0.36376953125 -0.5643310546875
0.03125 0.01416015625 0.5487060546875
0.21875 0.37158203125 -0.7694091796875
