PEDESTRIAN
-0.169921875 -0.296875 0.01513671875
-0.076171875 -0.28125 0.01513671875
-0.216796875 -0.296875 -0.1513671875
0.009765625 -0.25 -0.1484375
-0.126953125 -0.25 -0.15234375
-0.103515625 -0.25 0.01806640625
-0.095703125 -0.25 0.18505859375
0.212890625 -0.203125 0.34765625
-0.099609375 -0.234375 -0.14990234375
-0.138671875 -0.234375 -0.48779296875
-0.001953125 -0.21875 0.01806640625
-0.091796875 -0.21875 -0.4853515625
-0.123046875 -0.234375 0.1806640625
-0.025390625 -0.21875 0.1806640625
0.103515625 -0.1875 -0.1494140625
-0.134765625 -0.21875 -0.3212890625
0.193359375 -0.1875 0.3525390625
0.35546875 -0.140625 -0.654052734375
0.294921875 -0.171875 0.3525390625
0.001953125 -0.203125 0.1845703125
-0.228515625 -0.234375 0.18017578125
0.30859375 -0.15625 0.34765625
0.009765625 -0.1875 0.01318359375
0.123046875 -0.1875 0.5146484375
-0.033203125 -0.1875 -0.15380859375
-0.205078125 -0.21875 0.18359375
0.001953125 -0.1875 0.3466796875
0.091796875 -0.171875 0.3515625
0.205078125 -0.140625 0.0126953125
0.216796875 -0.15625 0.5146484375
0.095703125 -0.15625 0.18408203125
-0.095703125 -0.1875 0.3466796875
0.103515625 -0.15625 0.3466796875
0.056640625 -0.15625 0.1796875
-0.251953125 -0.1875 -0.49072265625
0.150390625 -0.125 0.17919921875
0.146484375 -0.109375 -0.323486328125
0.130859375 -0.109375 -0.490966796875
0.138671875 -0.09375 -0.6591796875
0.236328125 -0.078125 -0.49169921875
0.076171875 -0.109375 0.01611328125
-0.025390625 -0.109375 0.3505859375
0.181640625 -0.0625 -0.15234375
-0.072265625 -0.03125 -0.328369140625
-0.181640625 -0.03125 -0.6658935546875
-0.080078125 -0.015625 -0.4970703125
0.150390625 0.0 0.5185546875
0.337890625 0.03125 0.51953125
-0.431640625 -0.046875 -0.49609375
-0.337890625 -0.015625 -0.496337890625
0.431640625 0.078125 0.51953125
0.279296875 0.0625 0.51171875
0.283203125 0.0625 0.6796875
-0.044921875 0.25 -0.50927734375
-0.091796875 0.25 -0.504638671875
-0.037109375 0.28125 -0.6796875
0.009765625 0.296875 -0.50537109375
