PEDESTRIAN
-0.140625 -0.00897216796875 0.5377197265625
-0.140625 -0.17230224609375 0.5377197265625
-0.109375 -0.15618896484375 -0.0072021484375
-0.078125 -0.00103759765625 -0.0076904296875
-0.046875 -0.36517333984375 -0.5560302734375
-0.046875 -0.15814208984375 -0.2821044921875
-0.046875 -0.12884521484375 0.2652587890625
-0.015625 0.16949462890625 -0.2835693359375
-0.015625 0.00579833984375 -0.2825927734375
-0.015625 0.06866455078125 0.0089111328125
-0.015625 -0.10491943359375 0.0089111328125
-0.015625 0.02630615234375 0.2652587890625
-0.015625 -0.30120849609375 0.2652587890625
-0.015625 0.1722412109375 0.5601806640625
0.015625 -0.20257568359375 -0.5582275390625
0.015625 -0.32073974609375 -0.0086669921875
0.015625 0.18988037109375 0.2642822265625
0.015625 0.172271728515625 0.2818603515625
0.015625 0.00701904296875 0.2828369140625
0.046875 -0.03851318359375 -0.5596923828125
0.046875 0.11737060546875 -0.2689208984375
0.046875 -0.32318115234375 -0.2835693359375
0.046875 -0.27044677734375 0.0084228515625
0.046875 -0.15863037109375 0.2818603515625
0.078125 0.1253662109375 -0.5601806640625
0.078125 0.03399658203125 -0.5477294921875
0.078125 -0.13153076171875 -0.5474853515625
0.078125 -0.04852294921875 -0.2694091796875
0.078125 -0.21405029296875 -0.2694091796875
0.078125 0.16241455078125 -0.0106201171875
0.109375 0.1995849609375 -0.5484619140625
0.109375 0.36517333984375 -0.5484619140625
0.109375 0.32122802734375 0.2818603515625
0.140625 0.2338390350341797 0.0064697265625
