PEDESTRIAN
-0.125 0.1953125 0.3955078125
-0.1875 0.0390625 0.12548828125
-0.125 0.1640625 -0.4130859375
-0.25 -0.1171875 0.125244140625
-0.21875 -0.0546875 -0.39794921875
-0.125 0.1484375 0.14501953125
-0.25 -0.1328125 -0.412841796875
-0.03125 0.3359375 0.39501953125
-0.09375 0.1796875 0.1240234375
-0.15625 0.0390625 0.39501953125
-0.15625 0.0234375 0.66357421875
-0.15625 0.0078125 -0.413818359375
-0.0625 0.2109375 -0.12701416015625
-0.125 0.0703125 -0.39892578125
-0.15625 0.0078125 0.68701171875
-0.125 0.0546875 -0.1277618408203125
-0.0625 0.1953125 0.41650390625
-0.125 0.0546875 0.416015625
-0.1875 -0.0859375 -0.671875
0.0 0.2890625 0.143798828125
-0.0625 0.1484375 0.6865234375
-0.125 -0.1484375 0.392578125
-0.0625 -0.0546875 0.14111328125
-0.09375 -0.1484375 -0.13171768188476562
-0.09375 -0.1484375 0.4130859375
-0.15625 -0.3359375 0.11962890625
-0.0625 -0.2265625 0.138916015625
0.25 0.0703125 -0.68701171875
