PEDESTRIAN
0.09375 -0.171875 -0.1578369140625
0.0625 -0.2109375 0.31591796875
0.15625 0.1328125 -0.634765625
0.0625 -0.1015625 0.18017578125
0.0 -0.234375 0.179931640625
0.09375 0.078125 0.31396484375
0.0625 0.0234375 0.0762939453125
0.0625 0.046875 -0.292236328125
-0.0625 -0.2421875 0.4140625
0.03125 0.0546875 0.177734375
-0.03125 -0.0859375 0.4130859375
-0.03125 -0.0625 -0.294921875
0.03125 0.15625 -0.1649169921875
0.0 0.0625 0.6474609375
-0.0625 -0.0625 0.64697265625
0.0 0.1875 0.548828125
0.0 0.203125 0.17578125
-0.09375 0.0859375 0.40966796875
-0.125 0.0546875 -0.408447265625
-0.125 0.0703125 -0.6474609375
-0.15625 0.2421875 0.0667724609375
