PEDESTRIAN
-0.107421875 -0.09375 -0.07080078125
-0.275390625 -0.0625 -0.05615234375
-0.13671875 -0.078125 -0.05615234375
-0.177734375 -0.03125 -0.06982421875
-0.34765625 0.015625 -0.05517578125
-0.025390625 -0.015625 -0.06982421875
0.271484375 -0.046875 -0.19287109375
0.234375 -0.015625 -0.17822265625
-0.265625 0.046875 0.06982421875
0.34765625 -0.03125 -0.19189453125
-0.19140625 0.046875 0.06982421875
0.001953125 0.015625 0.17724609375
-0.1171875 0.046875 0.06982421875
-0.064453125 0.03125 0.17724609375
-0.103515625 0.046875 0.19287109375
-0.181640625 0.0625 0.19287109375
0.025390625 0.046875 0.05419921875
-0.033203125 0.046875 0.19287109375
-0.041015625 0.0625 0.05419921875
0.1015625 0.046875 0.05517578125
-0.0390625 0.078125 0.06982421875
-0.11328125 0.09375 0.05517578125
