PEDESTRIAN
-0.3125 -0.07421875 -0.918487548828125
-0.21875 0.01953125 -0.9232864379882812
-0.1875 0.08984375 0.19101715087890625
-0.15625 -0.25 -0.23329925537109375
-0.09375 0.1171875 -0.9278945922851562
-0.15625 -0.2265625 0.13437652587890625
-0.125 -0.11328125 0.13437652587890625
-0.125 -0.1015625 0.31797027587890625
-0.09375 -0.14453125 -0.23427581787109375
-0.0625 -0.04296875 0.18906402587890625
-0.09375 -0.23828125 0.5025405883789062
-0.03125 0.13671875 0.37363433837890625
-0.09375 -0.16796875 0.9341812133789062
-0.09375 -0.21484375 0.8697280883789062
-0.03125 -0.12109375 0.00156402587890625
0.03125 0.2109375 -0.9341812133789062
-0.0625 -0.22265625 0.6861343383789062
-0.03125 -0.15625 0.18808746337890625
-0.03125 -0.08203125 0.5611343383789062
0.0 -0.06640625 -0.18642425537109375
0.0 0.0234375 0.37363433837890625
-0.03125 -0.1171875 0.6861343383789062
0.0 0.01953125 0.5611343383789062
0.0 -0.1796875 0.7476577758789062
0.09375 -0.15234375 -0.37734222412109375
0.25 0.25 -0.24306488037109375
0.3125 -0.08984375 -0.6178207397460938
0.3125 -0.15625 -0.5726547241210938
