PEDESTRIAN
-0.203125 -0.09375 0.43017578125
-0.234375 -0.03125 -0.18603515625
-0.328125 0.03125 0.55126953125
-0.0625 -0.09375 -0.05810546875
-0.140625 -0.03125 -0.30322265625
-0.015625 -0.09375 -0.30224609375
0.078125 -0.15625 -0.05810546875
-0.1875 0.0 0.06005859375
-0.03125 -0.09375 0.43115234375
-0.0625 -0.0625 0.18603515625
-0.046875 -0.0625 0.06005859375
-0.1875 0.03125 0.30615234375
-0.171875 0.0625 -0.431640625
-0.109375 0.03125 -0.548828125
-0.296875 0.125 0.06005859375
-0.046875 -0.03125 0.30615234375
-0.0625 0.0 -0.18701171875
-0.15625 0.03125 0.55224609375
-0.125 0.0625 -0.794921875
-0.015625 0.0 -0.43212890625
-0.046875 -0.03125 0.79736328125
0.0 0.0 -0.79443359375
-0.078125 0.0625 -0.6787109375
0.171875 -0.09375 -0.30322265625
0.109375 -0.0625 0.18603515625
0.09375 -0.03125 -0.18701171875
0.125 -0.03125 -0.4326171875
0.078125 0.03125 -0.6796875
0.015625 0.03125 0.55224609375
0.203125 -0.03125 -0.5498046875
0.21875 -0.03125 -0.68017578125
0.1875 0.0 -0.79638671875
0.1875 0.0 0.43212890625
0.328125 -0.03125 -0.79736328125
0.21875 0.15625 0.30615234375
