PEDESTRIAN
0.234375 0.056640625 -0.7117843627929688
0.203125 0.091796875 -0.7138519287109375
0.0546875 -0.033203125 0.074371337890625
0.0 0.001953125 -0.488861083984375
0.0078125 -0.005859375 -0.223236083984375
-0.0078125 0.052734375 0.003082275390625
0.0546875 -0.033203125 0.293609619140625
0.0078125 -0.041015625 -0.489715576171875
-0.0234375 0.029296875 -0.224456787109375
0.0 0.025390625 0.155914306640625
0.0 0.005859375 0.077789306640625
0.03125 0.013671875 0.441070556640625
0.0078125 -0.052734375 -0.224456787109375
-0.015625 0.056640625 0.306304931640625
-0.0078125 0.021484375 0.230621337890625
-0.0546875 0.029296875 -0.493133544921875
-0.0234375 -0.005859375 0.000640869140625
0.0 0.013671875 0.381500244140625
-0.0078125 -0.021484375 0.154449462890625
0.0234375 -0.041015625 0.440093994140625
-0.015625 0.005859375 0.305328369140625
0.0234375 -0.095703125 0.291656494140625
-0.0234375 0.025390625 0.457672119140625
-0.0234375 -0.029296875 0.228668212890625
-0.0625 -0.009765625 -0.154144287109375
0.03125 -0.134765625 0.291656494140625
0.03125 -0.181640625 0.069976806640625
-0.0078125 -0.013671875 0.512359619140625
-0.03125 -0.056640625 0.074371337890625
-0.0234375 -0.021484375 0.456695556640625
-0.0859375 -0.017578125 -0.309173583984375
-0.0234375 -0.041015625 0.379547119140625
0.03125 -0.185546875 0.290679931640625
0.0 -0.095703125 0.439117431640625
-0.0703125 0.068359375 0.531890869140625
-0.1171875 0.021484375 -0.310638427734375
-0.03125 -0.083984375 0.227203369140625
-0.015625 -0.068359375 0.456695556640625
-0.046875 -0.123046875 -0.230560302734375
-0.0625 -0.064453125 -0.003753662109375
-0.09375 -0.064453125 -0.310882568359375
-0.0234375 -0.072265625 0.512359619140625
-0.03125 -0.134765625 0.150543212890625
-0.1015625 0.126953125 0.657867431640625
-0.03125 -0.095703125 0.378570556640625
-0.0859375 0.083984375 0.657867431640625
-0.171875 0.068359375 -0.758453369140625
-0.0625 -0.056640625 0.302398681640625
-0.078125 0.017578125 0.530914306640625
-0.046875 -0.099609375 0.302398681640625
-0.046875 -0.158203125 0.070953369140625
-0.1015625 -0.119140625 -0.313568115234375
-0.0546875 -0.142578125 0.225250244140625
-0.0390625 -0.146484375 0.377593994140625
-0.0703125 -0.166015625 -0.006683349609375
-0.09375 -0.169921875 -0.314544677734375
-0.0625 -0.154296875 0.300445556640625
-0.15625 0.103515625 0.606109619140625
-0.203125 0.033203125 -0.317718505859375
-0.171875 0.146484375 0.656890869140625
-0.1640625 0.119140625 0.682281494140625
-0.1015625 -0.189453125 -0.237152099609375
-0.1484375 0.060546875 0.606109619140625
-0.125 0.025390625 0.657867431640625
-0.140625 0.068359375 0.732086181640625
-0.1640625 0.111328125 0.732086181640625
-0.1953125 0.158203125 0.681304931640625
-0.1875 0.130859375 0.758453369140625
-0.203125 0.142578125 0.732086181640625
-0.234375 0.189453125 0.681304931640625
-0.21875 0.166015625 0.758453369140625
-0.1875 0.083984375 0.758453369140625
-0.1875 0.060546875 0.681304931640625
-0.1953125 -0.162109375 -0.169281005859375
