PEDESTRIAN
0.201171875 0.05078125 0.24990463256835938
0.041015625 0.01953125 -0.13339614868164062
-0.154296875 0.171875 0.7186546325683594
-0.013671875 -0.04296875 0.4784202575683594
0.068359375 0.1171875 0.3895530700683594
0.052734375 0.0703125 -0.8144264221191406
-0.021484375 0.21484375 0.18349838256835938
0.123046875 0.1328125 0.18935775756835938
-0.013671875 0.12109375 0.4803733825683594
0.099609375 0.14453125 0.3651390075683594
-0.232421875 0.17578125 0.7333030700683594
-0.068359375 0.109375 0.5389671325683594
-0.126953125 0.1484375 0.7196311950683594
-0.173828125 0.16015625 0.7918968200683594
0.041015625 0.12109375 -0.17441177368164062
-0.056640625 0.21484375 -0.3277320861816406
0.177734375 0.078125 0.19033432006835938
-0.103515625 -0.00390625 -0.5457496643066406
0.048828125 -0.05859375 0.4442405700683594
0.181640625 0.13671875 0.2792015075683594
-0.150390625 0.265625 0.5389671325683594
-0.013671875 -0.2734375 -0.19589614868164062
0.021484375 0.109375 -0.057224273681640625
-0.052734375 -0.08203125 0.5584983825683594
0.017578125 -0.078125 0.5018577575683594
0.244140625 -0.05859375 0.10781478881835938
0.166015625 0.14453125 0.3084983825683594
-0.091796875 0.12890625 0.7333030700683594
-0.064453125 0.1484375 0.5389671325683594
-0.029296875 0.21875 0.4217796325683594
0.017578125 0.30078125 0.3055686950683594
-0.013671875 -0.04296875 0.4784202575683594
0.064453125 0.30078125 0.2772483825683594
0.130859375 0.16015625 0.3075218200683594
0.115234375 0.1640625 0.24795150756835938
-0.001953125 -0.05078125 0.4188499450683594
-0.087890625 0.25390625 -0.17978286743164062
-0.013671875 0.25390625 0.24404525756835938
0.181640625 0.13671875 0.2792015075683594
0.013671875 -0.27734375 0.10976791381835938
-0.044921875 -0.13671875 0.3543968200683594
-0.001953125 0.1875 0.2733421325683594
-0.083984375 0.01953125 0.7333030700683594
0.193359375 0.01171875 0.18935775756835938
0.236328125 -0.0234375 0.10781478881835938
0.072265625 0.1171875 0.10293197631835938
-0.001953125 0.1953125 0.10097885131835938
-0.169921875 0.14453125 0.5975608825683594
-0.021484375 -0.16015625 0.2938499450683594
-0.013671875 0.22265625 -0.12997817993164062
0.236328125 0.08984375 0.2801780700683594
-0.162109375 0.1953125 0.7792015075683594
0.072265625 0.078125 0.10244369506835938
-0.083984375 0.22265625 -0.13534927368164062
-0.150390625 0.265625 0.5389671325683594
-0.001953125 0.03125 0.4198265075683594
-0.044921875 0.23828125 0.5028343200683594
0.017578125 -0.015625 -0.062107086181640625
0.025390625 -0.2265625 0.11172103881835938
-0.029296875 0.21875 0.4217796325683594
-0.044921875 -0.13671875 0.3543968200683594
-0.107421875 0.0546875 0.6170921325683594
0.158203125 0.109375 0.19033432006835938
-0.005859375 0.14453125 0.18252182006835938
0.041015625 -0.0234375 0.4452171325683594
-0.021484375 -0.16015625 0.2938499450683594
0.138671875 0.08203125 0.12783432006835938
-0.013671875 0.08203125 0.4803733825683594
-0.001953125 -0.12109375 -0.14169692993164062
0.248046875 -0.01953125 0.2792015075683594
0.005859375 0.171875 0.06338119506835938
0.033203125 0.21484375 0.3895530700683594
-0.119140625 0.02734375 0.7918968200683594
0.021484375 0.00390625 0.5018577575683594
0.037109375 0.171875 0.2743186950683594
0.029296875 0.0078125 0.4452171325683594
0.009765625 -0.12109375 0.5008811950683594
-0.099609375 0.25 0.5018577575683594
0.201171875 0.05078125 0.24990463256835938
0.017578125 0.30078125 0.3055686950683594
0.056640625 -0.0078125 0.3875999450683594
0.076171875 0.16015625 0.3905296325683594
-0.037109375 0.29296875 0.4227561950683594
-0.044921875 0.23828125 0.5028343200683594
0.181640625 0.11328125 0.3084983825683594
0.017578125 0.30078125 0.3055686950683594
0.013671875 -0.27734375 0.10976791381835938
-0.056640625 0.21484375 -0.3277320861816406
-0.177734375 0.06640625 0.8397483825683594
0.060546875 0.1484375 0.10342025756835938
0.228515625 -0.10546875 0.10537338256835938
-0.044921875 0.23828125 0.5028343200683594
-0.060546875 0.03125 0.5379905700683594
0.029296875 0.14453125 0.06386947631835938
-0.134765625 0.171875 0.7792015075683594
-0.205078125 0.1484375 0.6581077575683594
0.001953125 -0.20703125 0.4422874450683594
0.201171875 0.05078125 0.24990463256835938
-0.005859375 0.171875 -0.056735992431640625
0.138671875 -0.0625 0.24404525756835938
0.017578125 0.30078125 0.3055686950683594
0.236328125 -0.0234375 0.10781478881835938
-0.037109375 0.0 0.5594749450683594
-0.232421875 0.17578125 0.7333030700683594
-0.064453125 0.25390625 0.061428070068359375
0.076171875 0.26953125 0.2772483825683594
-0.029296875 0.21875 0.4217796325683594
0.009765625 0.1171875 0.5028343200683594
-0.107421875 0.12890625 0.6756858825683594
-0.080078125 -0.0625 0.5370140075683594
0.041015625 0.078125 -0.056735992431640625
0.033203125 0.16796875 0.4461936950683594
0.244140625 0.0546875 0.2801780700683594
-0.103515625 0.12109375 0.5584983825683594
-0.037109375 -0.10546875 0.4168968200683594
-0.001953125 0.1875 0.18349838256835938
0.064453125 0.07421875 -0.12948989868164062
-0.154296875 0.140625 0.6756858825683594
-0.107421875 0.12890625 0.6756858825683594
0.013671875 0.09375 0.061428070068359375
0.048828125 0.1328125 0.18545150756835938
0.072265625 0.078125 0.10244369506835938
-0.083984375 0.01953125 0.7333030700683594
-0.001953125 0.1640625 -0.5245094299316406
-0.013671875 0.25390625 0.24404525756835938
-0.126953125 0.10546875 0.7918968200683594
0.041015625 0.01953125 -0.13339614868164062
-0.087890625 0.25390625 -0.17978286743164062
0.064453125 0.1796875 0.24599838256835938
-0.076171875 0.0625 0.6756858825683594
0.173828125 -0.08203125 0.18642807006835938
0.033203125 0.21484375 0.3895530700683594
-0.037109375 0.29296875 0.4227561950683594
0.173828125 -0.08203125 0.18642807006835938
-0.037109375 -0.10546875 0.4168968200683594
0.072265625 0.08203125 -0.5337867736816406
0.005859375 -0.234375 0.050685882568359375
-0.037109375 -0.125 -0.06991958618164062
-0.017578125 -0.19140625 0.23330307006835938
0.130859375 0.16015625 0.3075218200683594
-0.060546875 -0.0078125 0.5379905700683594
-0.126953125 0.140625 0.7918968200683594
0.130859375 0.16015625 0.3075218200683594
0.005859375 -0.27734375 -0.14706802368164062
0.033203125 0.21484375 0.3895530700683594
0.001953125 0.1640625 -0.3243141174316406
0.009765625 -0.11328125 0.3856468200683594
0.201171875 0.05078125 0.24990463256835938
0.169921875 0.15625 0.2508811950683594
-0.064453125 0.1484375 0.5389671325683594
0.173828125 -0.08203125 0.18642807006835938
-0.009765625 0.19921875 0.06289291381835938
0.017578125 0.1484375 -0.055759429931640625
0.017578125 -0.078125 0.5018577575683594
-0.056640625 0.21484375 -0.3277320861816406
0.013671875 0.1328125 -0.3248023986816406
-0.013671875 0.25390625 0.24404525756835938
-0.041015625 0.30859375 0.3622093200683594
-0.189453125 0.1171875 0.6581077575683594
-0.103515625 -0.00390625 -0.5457496643066406
-0.025390625 -0.01171875 -0.5494117736816406
-0.154296875 0.140625 0.6756858825683594
0.052734375 0.1171875 -0.5210914611816406
-0.009765625 0.2890625 0.3631858825683594
-0.005859375 0.2265625 0.4461936950683594
0.115234375 0.1640625 0.24795150756835938
-0.232421875 0.17578125 0.7333030700683594
-0.166015625 0.11328125 0.8397483825683594
-0.001953125 0.1875 0.18349838256835938
-0.060546875 -0.0078125 0.5379905700683594
-0.080078125 0.21875 0.5399436950683594
0.048828125 -0.046875 0.3875999450683594
0.001953125 -0.20703125 0.4422874450683594
-0.255859375 0.1640625 0.6571311950683594
-0.076171875 0.21484375 -0.060642242431640625
0.013671875 0.171875 0.12295150756835938
-0.083984375 0.01953125 0.7333030700683594
0.009765625 -0.11328125 0.3856468200683594
-0.029296875 0.19921875 -0.057712554931640625
-0.013671875 -0.04296875 0.4784202575683594
-0.001953125 0.1640625 -0.5245094299316406
0.017578125 0.1484375 -0.055759429931640625
0.072265625 0.08203125 -0.5337867736816406
0.044921875 0.1640625 -0.17245864868164062
-0.107421875 0.078125 0.7918968200683594
0.205078125 0.0390625 0.10830307006835938
-0.041015625 0.30859375 0.3622093200683594
0.193359375 -0.01171875 0.12832260131835938
-0.162109375 0.1953125 0.7792015075683594
-0.126953125 0.02734375 0.7186546325683594
0.169921875 0.15625 0.2508811950683594
-0.076171875 0.0625 0.6756858825683594
0.017578125 0.30078125 0.3055686950683594
0.025390625 0.046875 0.4452171325683594
-0.001953125 -0.12109375 -0.14169692993164062
-0.037109375 0.0 0.5594749450683594
-0.201171875 -0.13671875 -0.5645484924316406
-0.037109375 -0.125 -0.06991958618164062
-0.083984375 0.01953125 0.7333030700683594
-0.001953125 0.203125 0.12295150756835938
