PEDESTRIAN
0.328125 -0.09375 -0.365478515625
0.171875 -0.15625 -0.372802734375
0.2734375 -0.109375 0.009521484375
0.1875 -0.125 -0.174560546875
0.2109375 -0.109375 0.017822265625
0.140625 -0.125 -0.568115234375
0.078125 -0.140625 -0.184326171875
0.1875 -0.09375 0.198974609375
0.1328125 -0.09375 0.007568359375
0.0859375 -0.125 0.209716796875
0.171875 -0.0625 -0.368896484375
0.0859375 -0.125 0.391357421875
0.171875 -0.046875 0.209716796875
-0.03125 -0.15625 0.391357421875
-0.25 -0.25 -0.185791015625
0.0390625 -0.09375 -0.177001953125
0.0546875 -0.09375 0.197998046875
0.25 0.015625 0.197998046875
-0.203125 -0.203125 0.005615234375
-0.1640625 -0.171875 -0.186279296875
-0.015625 -0.078125 -0.572998046875
-0.28125 -0.21875 -0.178466796875
-0.2734375 -0.21875 0.014892578125
-0.1796875 -0.15625 -0.372314453125
-0.0625 -0.109375 0.208740234375
-0.1640625 -0.15625 0.014892578125
-0.1171875 -0.125 0.005126953125
-0.1875 -0.15625 -0.178466796875
-0.171875 -0.15625 0.197021484375
0.3359375 0.109375 0.197021484375
-0.078125 -0.09375 0.197021484375
-0.0859375 -0.078125 -0.37255859375
-0.078125 -0.078125 0.014892578125
-0.171875 -0.125 0.390380859375
0.0078125 0.0 0.014404296875
0.1328125 0.046875 0.582763671875
-0.203125 -0.109375 0.206787109375
-0.28125 -0.078125 -0.383056640625
-0.1484375 0.0 -0.181396484375
-0.0390625 0.078125 -0.3759765625
-0.21875 0.046875 -0.385986328125
0.046875 0.171875 0.388427734375
-0.3359375 0.015625 -0.58251953125
-0.2265625 0.078125 -0.582763671875
0.1328125 0.25 0.205810546875
