PEDESTRIAN
0.078125 -0.109375 0.01220703125
0.0390625 -0.078125 0.21826171875
0.140625 -0.015625 0.21826171875
0.0546875 -0.046875 0.19384765625
-0.078125 -0.078125 0.01025390625
-0.0625 -0.078125 0.19384765625
-0.0859375 -0.078125 -0.01220703125
0.1640625 0.015625 0.19384765625
-0.1875 -0.109375 0.19384765625
-0.109375 -0.078125 0.42333984375
-0.21875 -0.109375 0.21728515625
-0.0234375 -0.015625 -0.2177734375
-0.1953125 -0.078125 -0.19580078125
0.0 -0.015625 0.42333984375
-0.140625 -0.046875 -0.21826171875
0.09375 0.046875 -0.2177734375
0.0234375 0.015625 -0.01318359375
-0.1796875 -0.078125 0.39892578125
-0.09375 -0.015625 -0.42333984375
-0.0703125 -0.015625 0.39892578125
0.2265625 0.109375 0.21728515625
-0.2265625 -0.046875 0.00927734375
0.109375 0.109375 -0.01416015625
0.0078125 0.109375 0.39794921875
