PEDESTRIAN
0.12890625 0.09375 0.04022216796875
0.10546875 0.125 -0.01934814453125
0.10546875 0.12890625 0.03924560546875
0.06640625 0.13671875 -0.18853759765625
0.11328125 0.046875 0.03729248046875
0.08984375 0.078125 -0.02227783203125
0.04296875 0.08203125 -0.19317626953125
0.05859375 0.046875 -0.19268798828125
0.07421875 0.01171875 -0.19317626953125
0.02734375 0.12890625 0.10760498046875
0.08984375 -0.00390625 0.03436279296875
0.06640625 0.01953125 -0.02618408203125
0.03515625 0.09375 0.10760498046875
0.09765625 -0.04296875 0.03387451171875
0.07421875 -0.03515625 -0.19488525390625
0.07421875 -0.01953125 -0.02716064453125
0.08984375 -0.0859375 -0.42669677734375
0.10546875 -0.08203125 0.03289794921875
0.05859375 -0.0390625 -0.42193603515625
0.02734375 -0.00390625 -0.42340087890625
0.07421875 -0.078125 -0.19683837890625
0.07421875 -0.0625 -0.02862548828125
0.02734375 0.04296875 0.10516357421875
0.07421875 -0.015625 0.29364013671875
0.05078125 -0.05859375 -0.42926025390625
0.03515625 0.05859375 0.37615966796875
0.03515625 0.0078125 0.10516357421875
0.02734375 0.03515625 0.23944091796875
0.07421875 -0.1015625 -0.03009033203125
0.04296875 0.015625 0.37567138671875
0.05859375 -0.015625 0.37615966796875
0.02734375 0.01171875 0.29168701171875
0.03515625 -0.0390625 0.10321044921875
0.02734375 -0.0078125 0.23846435546875
-0.01171875 0.06640625 0.23748779296875
-0.01171875 0.0859375 0.37469482421875
0.07421875 -0.13671875 0.02899169921875
0.00390625 0.0234375 0.30438232421875
0.03515625 -0.078125 0.10223388671875
0.01953125 -0.05078125 0.23699951171875
-0.01953125 0.03125 0.28973388671875
-0.07421875 0.05078125 -0.43829345703125
-0.04296875 0.05078125 0.30242919921875
-0.01953125 0.03125 0.43963623046875
-0.05078125 -0.0234375 -0.43963623046875
-0.00390625 -0.00390625 0.43963623046875
-0.12890625 0.1015625 -0.43731689453125
-0.11328125 0.06640625 -0.43670654296875
-0.10546875 0.0234375 -0.43768310546875
