PEDESTRIAN
-0.375 0.0185546875 -0.818267822265625
-0.28125 -0.1005859375 -0.8240203857421875
-0.25 0.0107421875 -0.636749267578125
-0.25 -0.0908203125 -0.637481689453125
-0.21875 0.0791015625 0.240081787109375
-0.25 -0.0068359375 0.793792724609375
-0.21875 -0.0302734375 0.055999755859375
-0.21875 -0.0302734375 0.240081787109375
-0.21875 -0.1630859375 -0.129547119140625
-0.21875 0.1064453125 0.793792724609375
-0.1875 0.0830078125 0.055511474609375
-0.21875 -0.0322265625 0.609222412109375
-0.1875 -0.0556640625 -0.130035400390625
-0.21875 -0.1416015625 0.609222412109375
-0.1875 -0.0087890625 0.424652099609375
-0.15625 0.2099609375 0.423675537109375
-0.15625 -0.0224609375 -0.267730712890625
-0.15625 0.0908203125 0.424652099609375
-0.15625 0.1318359375 0.668792724609375
-0.1875 -0.1240234375 0.793792724609375
-0.125 0.1767578125 0.054046630859375
-0.125 0.1748046875 0.239105224609375
-0.15625 0.0263671875 0.668792724609375
-0.125 0.0478515625 -0.131500244140625
-0.125 0.0400390625 -0.081207275390625
-0.15625 -0.1240234375 0.423675537109375
-0.15625 -0.2705078125 -0.131500244140625
-0.125 0.0654296875 0.294769287109375
-0.125 -0.0224609375 0.107269287109375
-0.125 -0.0654296875 -0.080718994140625
-0.09375 0.1435546875 -0.082183837890625
-0.09375 0.1669921875 0.294769287109375
-0.09375 0.0849609375 0.106292724609375
-0.125 -0.3447265625 -0.833465576171875
-0.0625 0.1552734375 -0.132476806640625
-0.0625 0.3017578125 0.423675537109375
-0.09375 -0.0595703125 0.293792724609375
-0.09375 -0.1552734375 0.053558349609375
-0.0625 0.2373046875 0.480316162109375
-0.09375 -0.1572265625 0.238128662109375
-0.09375 0.0341796875 0.856292724609375
-0.0625 0.1259765625 0.480316162109375
-0.03125 0.2783203125 0.238128662109375
-0.0625 0.0185546875 0.480316162109375
-0.0625 -0.1318359375 0.105804443359375
0.0 0.2451171875 -0.084625244140625
-0.0625 -0.2744140625 0.238128662109375
0.0 0.3447265625 0.479339599609375
0.0 0.2705078125 0.292816162109375
0.0 0.1884765625 0.104827880859375
-0.03125 -0.1044921875 0.479339599609375
-0.03125 -0.2783203125 0.051605224609375
0.03125 0.2724609375 0.051116943359375
0.0 -0.2509765625 -0.839111328125
0.03125 -0.1806640625 0.291839599609375
0.0625 -0.2080078125 -0.087066650390625
0.0625 -0.2744140625 0.101898193359375
0.15625 0.1611328125 -0.278472900390625
0.1875 0.0751953125 -0.466705322265625
0.21875 0.2685546875 -0.279937744140625
0.3125 0.1142578125 -0.517730712890625
0.375 0.1689453125 -0.473541259765625
0.375 0.0400390625 -0.856292724609375
