PEDESTRIAN
-0.21875 0.09765625 -0.69537353515625
-0.125 -0.00390625 -0.41058349609375
-0.09375 0.1171875 -0.12542724609375
0.0 0.046875 0.15728759765625
0.0 -0.0859375 -0.15667724609375
0.03125 0.21875 0.44537353515625
0.03125 0.12109375 0.12701416015625
0.0625 0.27734375 -0.12786865234375
0.03125 -0.08203125 0.41119384765625
0.0625 0.08203125 -0.44232177734375
0.0625 0.078125 -0.15765380859375
0.0625 0.04296875 0.44439697265625
0.0625 -0.0546875 0.12603759765625
0.09375 0.26953125 0.12603759765625
0.125 0.234375 -0.15863037109375
0.09375 -0.1796875 -0.41644287109375
0.09375 -0.265625 -0.44354248046875
0.09375 -0.2578125 0.41119384765625
0.125 0.10546875 0.69537353515625
0.15625 0.28125 0.69537353515625
0.21875 -0.28125 -0.16058349609375
