PEDESTRIAN
-0.2734375 -0.03515625 -0.3229217529296875
-0.2578125 0.0390625 -0.3229217529296875
-0.2265625 0.212890625 0.0984649658203125
-0.2265625 0.2109375 0.2390899658203125
-0.2265625 0.111328125 -0.0431365966796875
-0.2265625 0.126953125 0.0984649658203125
-0.2265625 0.134765625 0.2390899658203125
-0.1953125 0.294921875 0.0984649658203125
-0.2109375 0.296875 0.5203399658203125
-0.2109375 0.03125 -0.7485809326171875
-0.1953125 0.107421875 -0.7495574951171875
-0.1640625 0.4765625 0.3797149658203125
-0.2109375 0.03125 -0.0431365966796875
-0.1796875 0.294921875 0.2390899658203125
-0.1796875 0.1875 -0.0441131591796875
-0.1796875 0.119140625 -0.3258514404296875
-0.1484375 0.373046875 0.0974884033203125
-0.1640625 0.234375 0.0174102783203125
-0.1484375 0.2734375 -0.0446014404296875
-0.1328125 0.326171875 0.0174102783203125
-0.1640625 0.03125 -0.4142303466796875
-0.1484375 0.30859375 0.3797149658203125
-0.1640625 0.03125 -0.2692108154296875
-0.1796875 0.03515625 0.2381134033203125
-0.1484375 0.19140625 0.1609649658203125
-0.1328125 0.2734375 0.1609649658203125
-0.1484375 0.216796875 0.3797149658203125
-0.1484375 0.10546875 0.1609649658203125
-0.1328125 0.11328125 -0.2701873779296875
-0.1328125 0.248046875 0.3045196533203125
-0.1640625 -0.06640625 -0.0450897216796875
-0.1484375 0.134765625 0.3787384033203125
-0.1328125 0.08984375 -0.1280975341796875
-0.1484375 0.03515625 0.0965118408203125
-0.1328125 0.162109375 0.3045196533203125
-0.1484375 0.05078125 0.3787384033203125
-0.1328125 0.00390625 -0.1280975341796875
-0.1328125 -0.0546875 -0.4159393310546875
-0.1328125 0.212890625 0.6619415283203125
-0.1171875 0.01171875 -0.5604705810546875
-0.1171875 0.296875 0.6619415283203125
-0.1328125 0.2109375 0.8025665283203125
-0.1171875 0.193359375 0.5203399658203125
-0.1015625 0.03515625 -0.8484954833984375
-0.0859375 0.328125 0.3045196533203125
-0.0859375 0.169921875 -0.1290740966796875
-0.1171875 0.0703125 0.3035430908203125
-0.0546875 0.5546875 0.4470977783203125
-0.1328125 0.13671875 0.8025665283203125
-0.0703125 0.255859375 -0.1290740966796875
-0.1171875 0.125 0.6619415283203125
-0.0703125 0.388671875 0.5906524658203125
-0.1015625 0.23046875 0.7351837158203125
-0.0703125 0.09375 -0.5619354248046875
-0.1015625 0.0078125 0.1599884033203125
-0.0703125 0.20703125 0.4461212158203125
-0.0546875 0.29296875 0.4461212158203125
-0.0234375 0.3359375 -0.1300506591796875
-0.0703125 0.046875 0.0139923095703125
-0.0703125 0.119140625 0.4461212158203125
-0.0703125 0.099609375 0.5203399658203125
-0.0234375 0.375 0.4461212158203125
-0.0234375 0.173828125 -0.3312225341796875
-0.0078125 0.259765625 -0.3317108154296875
-0.0703125 0.138671875 0.7351837158203125
-0.0078125 0.33984375 0.1590118408203125
-0.0078125 0.1796875 -0.2750701904296875
-0.0546875 0.220703125 0.8787384033203125
0.0078125 0.267578125 -0.2745819091796875
-0.0234375 0.294921875 0.5906524658203125
-0.0234375 0.302734375 0.7351837158203125
-0.0390625 0.02734375 0.4461212158203125
0.0390625 0.349609375 -0.2755584716796875
0.0078125 0.083984375 -0.7112274169921875
-0.0390625 0.015625 0.5203399658203125
-0.0390625 -0.05859375 0.3777618408203125
-0.0390625 -0.171875 -0.0485076904296875
-0.0078125 0.197265625 0.5906524658203125
0.0546875 0.162109375 -0.7133026123046875
-0.0078125 -0.078125 0.5203399658203125
0.0703125 0.169921875 -0.4237518310546875
0.0078125 -0.26953125 -0.0504608154296875
0.1015625 0.25 -0.4242401123046875
0.0234375 -0.16796875 0.0926055908203125
0.1171875 0.3359375 -0.5699920654296875
0.0390625 -0.08203125 0.0926055908203125
0.0234375 -0.1640625 0.2351837158203125
0.0390625 -0.08203125 0.2351837158203125
0.0390625 -0.140625 0.0105743408203125
0.1171875 0.263671875 -0.8604888916015625
0.1171875 0.24609375 -0.5707244873046875
0.0546875 -0.04296875 0.3006134033203125
0.0703125 -0.06640625 0.0095977783203125
0.0546875 -0.19140625 0.1551055908203125
0.0703125 -0.1015625 0.1551055908203125
0.1328125 0.1484375 -0.5719451904296875
0.1640625 0.30859375 -0.7677459716796875
0.0703125 -0.13671875 0.3006134033203125
0.1015625 0.08984375 0.5896759033203125
0.1640625 0.220703125 -0.7686004638671875
0.0859375 -0.078125 0.4441680908203125
0.1796875 0.318359375 -0.7196502685546875
0.1640625 0.16796875 -0.8642730712890625
0.1640625 0.134765625 -0.7689666748046875
0.2109375 0.2265625 -0.7219696044921875
0.2734375 -0.5546875 -0.8787384033203125
