PEDESTRIAN
-0.25 -0.009765625 0.185302734375
-0.21875 -0.029296875 -0.179443359375
-0.1875 -0.177734375 -0.128173828125
-0.1875 -0.216796875 0.131591796875
-0.21875 -0.005859375 0.443115234375
-0.21875 0.330078125 -0.492919921875
-0.15625 -0.189453125 0.444091796875
-0.1875 0.162109375 -0.180419921875
-0.15625 -0.037109375 0.131591796875
-0.1875 0.185546875 0.443115234375
-0.1875 0.341796875 -0.805908203125
-0.15625 0.142578125 -0.492919921875
-0.15625 0.251953125 -0.443603515625
-0.15625 0.041015625 0.812255859375
-0.125 0.162109375 -0.806640625
-0.125 0.158203125 0.130615234375
-0.09375 0.134765625 -0.758544921875
-0.09375 0.013671875 0.756591796875
-0.125 0.224609375 0.812255859375
-0.09375 0.322265625 -0.7587890625
-0.03125 0.087890625 -0.445068359375
-0.0625 0.400390625 0.184326171875
0.0 0.021484375 -0.131103515625
0.0625 -0.205078125 -0.495361328125
0.0 0.197265625 0.756591796875
0.09375 -0.263671875 -0.446533203125
0.0625 0.001953125 -0.495849609375
0.09375 -0.076171875 -0.447021484375
0.1875 -0.400390625 -0.762939453125
0.25 -0.357421875 -0.812255859375
