PEDESTRIAN
-0.515625 0.12109375 0.648193359375
-0.453125 0.1953125 0.595458984375
-0.359375 0.2265625 -0.355712890625
-0.28125 0.26953125 -0.222412109375
-0.25 0.10546875 -0.635009765625
-0.1875 0.17578125 -0.77490234375
-0.1875 0.17578125 -0.63720703125
-0.171875 0.1796875 -0.83984375
-0.171875 0.09375 -0.8411865234375
-0.15625 0.17578125 -0.432861328125
0.03125 0.12890625 -0.510986328125
-0.0625 -0.2734375 0.871826171875
-0.03125 -0.25390625 0.733154296875
0.015625 -0.17578125 0.734130859375
0.046875 -0.12890625 0.872802734375
0.21875 0.0 0.873779296875
0.21875 -0.04296875 0.791748046875
0.25 0.0234375 0.735107421875
0.265625 0.01171875 0.654052734375
0.28125 0.0703125 0.874755859375
0.28125 0.01953125 0.792724609375
0.3125 0.09375 0.735107421875
0.390625 0.1171875 -0.66796875
0.34375 0.0859375 0.595458984375
0.34375 0.07421875 0.654052734375
0.34375 0.09765625 0.792724609375
0.421875 0.1171875 -0.528564453125
0.359375 0.13671875 0.875732421875
0.40625 0.14453125 0.239013671875
0.453125 0.19140625 -0.8114013671875
0.453125 0.1953125 -0.387939453125
0.390625 0.16015625 0.735107421875
0.40625 0.14453125 0.515380859375
0.40625 0.15625 0.595458984375
0.4375 0.21875 0.314208984375
0.421875 0.12890625 0.376708984375
0.453125 0.11328125 -0.456787109375
0.46875 0.2265625 -0.107666015625
0.40625 0.15625 0.793701171875
0.46875 0.203125 -0.040283203125
0.484375 0.18359375 -0.67138671875
0.421875 0.140625 0.655029296875
0.453125 0.21484375 0.454833984375
0.46875 0.1796875 0.032958984375
0.46875 0.22265625 0.238037109375
0.5 0.24609375 -0.249267578125
0.5 0.18359375 -0.876708984375
0.484375 0.234375 0.173583984375
0.5 0.1875 -0.531005859375
0.4375 0.20703125 0.875732421875
0.453125 0.23046875 0.735107421875
0.46875 0.21875 0.515380859375
0.5 0.18359375 -0.180419921875
0.515625 0.1796875 -0.458740234375
0.5 0.1953125 0.098388671875
0.484375 0.22265625 0.595458984375
0.5 0.1953125 0.376708984375
0.484375 0.234375 0.794677734375
0.5 0.2734375 0.876708984375
0.515625 0.20703125 0.655029296875
