TRUCK
-1.984375 1.392578125 -1.0980224609375
-1.953125 1.525390625 -1.0550537109375
-1.984375 1.267578125 -0.5374755859375
-1.890625 1.537109375 -0.3275146484375
-1.859375 1.712890625 -0.2786865234375
-1.921875 1.240234375 -0.5833740234375
-1.890625 1.416015625 -0.5384521484375
-1.890625 1.400390625 -0.5843505859375
-1.859375 1.564453125 -0.5384521484375
-1.859375 1.552734375 -0.5843505859375
-1.828125 1.716796875 -0.5394287109375
-1.796875 1.865234375 -0.2786865234375
-1.765625 1.259765625 -0.0179443359375
-1.703125 1.224609375 -0.2786865234375
-1.734375 1.205078125 0.7633056640625
-1.734375 1.068359375 0.7086181640625
-1.671875 1.212890625 -0.0687255859375
-1.578125 1.298828125 -1.886474609375
-1.515625 1.130859375 -1.8890380859375
-1.203125 0.439453125 -1.9044189453125
-1.140625 0.283203125 -1.907470703125
-0.984375 0.087890625 -1.914306640625
-0.890625 -0.107421875 -1.919677734375
-0.765625 -0.294921875 -1.9251708984375
-0.984375 -1.865234375 -1.8939208984375
-0.640625 -0.458984375 -1.9302978515625
-0.515625 -0.654296875 -1.9366455078125
-0.421875 -0.857421875 -1.9417724609375
0.046875 1.212890625 -1.9144287109375
-0.328125 -1.021484375 -1.9456787109375
0.078125 1.044921875 -1.9161376953125
-0.234375 -1.208984375 -1.9505615234375
-0.203125 -1.388671875 -1.9527587890625
-0.203125 -1.552734375 -1.9547119140625
0.359375 0.337890625 -1.9315185546875
0.421875 0.158203125 -1.9356689453125
0.578125 -0.037109375 -1.9429931640625
0.671875 -0.224609375 -1.9481201171875
0.890625 0.837890625 -0.8450927734375
0.828125 -0.419921875 -1.9549560546875
1.109375 0.673828125 -1.1273193359375
1.140625 0.767578125 -1.4063720703125
1.109375 0.509765625 -1.44287109375
1.140625 0.697265625 -1.1663818359375
0.953125 -0.615234375 -1.9610595703125
1.015625 -0.794921875 -1.9652099609375
1.078125 -0.974609375 -1.9691162109375
1.015625 -1.513671875 -1.6930999755859375
1.453125 0.783203125 -1.6951446533203125
1.171875 -1.169921875 -1.9735107421875
1.203125 -1.505859375 -1.9781494140625
1.234375 -1.357421875 -1.9771728515625
1.171875 -1.685546875 -1.9776611328125
