TRUCK
-1.921875 1.423828125 -0.470947265625
-1.796875 1.681640625 -0.535400390625
-1.828125 1.380859375 -0.534423828125
-1.796875 1.556640625 -0.471923828125
-1.796875 1.537109375 -0.535400390625
-1.765625 1.708984375 -0.472900390625
-1.640625 1.361328125 -0.026611328125
-1.703125 1.076171875 0.485107421875
-1.609375 1.392578125 0.040771484375
-1.671875 1.208984375 0.739013671875
-1.671875 1.193359375 0.811279296875
-1.609375 1.353515625 0.739013671875
-1.984375 -1.220703125 -0.022705078125
0.546875 0.912109375 -1.89990234375
0.921875 0.193359375 -1.918701171875
1.109375 0.919921875 -1.325439453125
1.171875 0.630859375 -1.3824462890625
1.203125 0.818359375 -1.110107421875
1.203125 0.810546875 -1.052978515625
1.140625 -0.017578125 -1.928466796875
1.453125 0.919921875 -1.6102218627929688
1.390625 -0.236328125 -1.939697265625
1.640625 0.919921875 -1.891845703125
1.296875 -1.025390625 -1.890869140625
1.234375 -1.369140625 -1.8916015625
1.453125 -0.423828125 -1.94384765625
1.296875 -1.205078125 -1.89208984375
1.390625 -0.892578125 -1.894287109375
1.453125 -1.251953125 -1.94873046875
1.390625 -1.580078125 -1.94921875
1.609375 -0.611328125 -1.95068359375
1.515625 -1.095703125 -1.950439453125
1.453125 -1.416015625 -1.949951171875
1.734375 -0.814453125 -1.956787109375
1.796875 -0.994140625 -1.96044921875
1.703125 -1.822265625 -1.963134765625
