TRUCK
-2.0 1.435546875 -0.404296875
-2.0 1.302734375 -0.517578125
-1.875 1.560546875 -0.40625
-1.78125 1.685546875 -0.4072265625
-1.96875 0.185546875 -1.90380859375
-1.6875 1.349609375 0.8359375
-1.875 0.005859375 -1.91015625
-1.59375 1.509765625 -0.16015625
-1.65625 1.255859375 0.716796875
-1.5625 1.517578125 0.0888671875
-1.59375 1.486328125 0.837890625
-1.75 -0.166015625 -1.917236328125
-1.6875 -0.337890625 -1.922119140625
-1.625 -0.517578125 -1.927734375
0.53125 0.294921875 -1.85595703125
0.65625 0.107421875 -1.863525390625
0.78125 -0.080078125 -1.870361328125
0.9375 -0.275390625 -1.8779296875
1.09375 -0.470703125 -1.885498046875
1.15625 -0.650390625 -1.890380859375
1.25 -0.837890625 -1.895751953125
1.15625 -1.634765625 -1.900146484375
1.34375 -1.017578125 -1.90087890625
1.375 -1.197265625 -1.904296875
1.375 -1.361328125 -1.906005859375
1.40625 -1.525390625 -1.908203125
