TRUCK
-1.859375 1.814453125 -0.5537109375
-1.765625 1.939453125 -0.55517578125
-1.765625 1.861328125 -1.7242431640625
-1.796875 1.759765625 -0.37451171875
-1.734375 1.994140625 -1.489654541015625
-1.765625 1.896484375 -0.37548828125
-1.765625 1.904296875 -0.32373046875
-1.734375 1.970703125 -1.258544921875
-1.828125 1.482421875 -0.37451171875
-1.796875 1.634765625 -0.37451171875
-1.796875 1.623046875 -0.32275390625
-1.734375 1.861328125 -1.5352783203125
-1.765625 1.759765625 -0.32275390625
-1.828125 1.341796875 -0.37353515625
0.015625 1.154296875 -0.5859375
1.328125 -1.056640625 -1.886962890625
1.296875 -1.212890625 -1.886962890625
1.296875 -1.361328125 -1.887451171875
1.265625 -1.509765625 -1.887451171875
1.921875 -1.994140625 -1.92138671875
