TRUCK
-1.875 1.501953125 -1.085205078125
-1.84375 1.630859375 -1.086181640625
-1.875 1.392578125 -0.95703125
-1.8125 1.513671875 -0.95849609375
-1.78125 1.712890625 -0.44189453125
-1.78125 1.630859375 -0.959228515625
-1.75 1.775390625 -0.7451171875
-1.78125 1.662109375 -0.3193359375
-1.75 1.755859375 -0.65673828125
-1.75 1.763671875 -0.5322265625
-1.75 1.802734375 -0.2275390625
-1.75 1.638671875 -0.74609375
-1.71875 1.748046875 -1.387603759765625
-1.75 1.642578125 -0.5322265625
-1.75 1.580078125 -0.4423828125
-1.8125 1.255859375 -0.5322265625
-1.78125 1.384765625 -0.5322265625
-1.75 1.509765625 -0.53271484375
-1.6875 1.740234375 -0.961669921875
-1.9375 -1.802734375 -1.98681640625
-0.3125 0.939453125 -0.7802734375
0.875 0.791015625 -0.72119140625
1.21875 0.791015625 -0.962890625
1.21875 0.580078125 -1.048583984375
1.28125 0.720703125 -0.8173828125
1.28125 0.689453125 -1.199462890625
1.4375 0.689453125 -1.675537109375
1.65625 0.775390625 -1.921142578125
1.9375 0.564453125 -1.54046630859375
