TRUCK
-2.0 1.08203125 -0.397216796875
-2.0 0.953125 -0.397216796875
-2.0 0.875 -0.604248046875
-2.0 0.875 -0.486572265625
-1.875 1.2421875 -1.85302734375
-1.8125 1.45703125 -1.02197265625
-1.8125 1.328125 -1.02294921875
-1.8125 1.2109375 -1.933837890625
-1.78125 1.32421875 -0.901123046875
-1.71875 1.63671875 -0.815673828125
-1.71875 1.66015625 -0.400146484375
-1.75 1.4453125 -0.901123046875
-1.71875 1.578125 -0.695068359375
-1.71875 1.57421875 -0.607666015625
-1.71875 1.625 -0.192138671875
-1.71875 1.53515625 -0.400146484375
-1.71875 1.45703125 -0.489501953125
-1.71875 1.4765625 -0.282958984375
-1.6875 1.5625 -0.902099609375
-1.78125 1.09375 -1.859130859375
-1.8125 0.97265625 -0.489013671875
-1.6875 1.5703125 -0.489501953125
-1.6875 1.59765625 -0.283935546875
-1.71875 1.40625 -0.400146484375
-1.75 1.20703125 -0.489501953125
-1.71875 1.33203125 -0.489990234375
-1.75 1.15625 -0.401123046875
-1.71875 1.28125 -0.401123046875
-1.75 1.0859375 -0.489501953125
-1.71875 1.05859375 -1.940185546875
-1.6875 0.94140625 -1.866455078125
-1.59375 0.89453125 -1.949951171875
-1.59375 0.94140625 -0.284912109375
-1.53125 0.96875 -0.824951171875
-1.5 0.8984375 -0.702392578125
-1.46875 0.7734375 -0.703857421875
-1.1875 0.94921875 -0.622802734375
-1.15625 0.671875 -0.92236328125
-1.125 0.2890625 -1.90673828125
-0.96875 0.125 -1.917236328125
-0.84375 -0.046875 -1.927978515625
-0.5 0.8046875 -0.725830078125
0.125 0.7265625 -0.873779296875
0.34375 0.625 -1.322021484375
0.3125 0.4765625 -1.4032821655273438
0.46875 0.7109375 -0.662353515625
0.5625 0.5625 -1.4118175506591797
0.9375 0.46875 -0.98291015625
1.21875 0.625 -0.906005859375
1.25 0.5625 -1.3590087890625
1.25 0.546875 -1.133544921875
1.28125 0.5546875 -0.766845703125
1.28125 0.53125 -0.992431640625
1.28125 0.390625 -1.135498046875
1.40625 0.671875 -1.36468505859375
1.40625 0.5 -1.44635009765625
1.4375 0.5234375 -1.595458984375
1.5 0.3828125 -1.599853515625
1.53125 0.5 -1.82763671875
1.625 0.6171875 -1.83154296875
1.6875 0.3203125 -1.837646484375
1.96875 0.5546875 -1.618896484375
