TRUCK
-1.953125 1.490234375 -0.995361328125
-1.921875 1.611328125 -0.9951171875
-1.953125 1.369140625 -0.885986328125
-1.859375 1.720703125 -0.683837890625
-1.859375 1.673828125 -0.792724609375
-1.859375 1.689453125 -0.383056640625
-1.890625 1.466796875 -0.886962890625
-1.859375 1.591796875 -0.886962890625
-1.859375 1.611328125 -0.587646484375
-1.828125 1.701171875 -1.29364013671875
-1.859375 1.591796875 -0.481689453125
-1.890625 1.447265625 -0.384033203125
-1.828125 1.728515625 -0.588134765625
-1.859375 1.611328125 -0.279541015625
-1.828125 1.712890625 -0.481689453125
-1.859375 1.560546875 -0.384033203125
-1.890625 1.357421875 -0.482177734375
-1.921875 1.201171875 -0.384033203125
-1.859375 1.466796875 -0.482666015625
-1.828125 1.599609375 -0.684814453125
-1.828125 1.650390625 -0.178955078125
-1.796875 1.693359375 -0.888427734375
-1.921875 1.107421875 -0.482666015625
-1.890625 1.232421875 -0.482666015625
-1.796875 1.724609375 -0.279541015625
-1.859375 1.318359375 -0.385009765625
-1.796875 1.134765625 -0.180908203125
-1.703125 1.091796875 -0.282470703125
-1.578125 1.154296875 -1.923583984375
-1.609375 0.923828125 -0.693115234375
-1.546875 1.037109375 -0.694091796875
-1.484375 1.158203125 -1.84423828125
-1.359375 1.005859375 -1.852783203125
-1.296875 0.830078125 -0.908203125
-0.515625 0.943359375 -0.717529296875
-0.546875 0.041015625 -1.911376953125
-0.171875 0.865234375 -0.630126953125
-0.359375 -0.138671875 -1.924560546875
-0.015625 0.666015625 -0.945556640625
0.203125 0.763671875 -0.95068359375
0.234375 0.619140625 -1.3846588134765625
0.390625 0.759765625 -1.2987060546875
0.734375 0.736328125 -0.872802734375
1.078125 0.728515625 -0.659912109375
1.140625 0.779296875 -0.884033203125
1.171875 0.728515625 -1.330322265625
1.171875 0.697265625 -1.107666015625
1.171875 0.689453125 -0.757080078125
1.140625 0.431640625 -1.108642578125
1.234375 0.533203125 -1.4248504638671875
1.296875 0.564453125 -1.5621337890625
1.328125 0.697265625 -1.561767578125
1.328125 0.650390625 -1.427215576171875
1.390625 0.666015625 -1.78955078125
1.390625 0.533203125 -1.790771484375
1.734375 0.728515625 -1.805908203125
