TRUCK
-1.875 1.541015625 -1.068115234375
-1.875 1.419921875 -1.06884765625
-1.8125 1.611328125 -0.948486328125
-1.78125 1.720703125 -0.868408203125
-1.78125 1.732421875 -0.749267578125
-1.8125 1.490234375 -0.949462890625
-1.78125 1.669921875 -0.667236328125
-1.78125 1.619140625 -0.749755859375
-1.75 1.716796875 -1.3477783203125
-1.78125 1.611328125 -0.550537109375
-1.78125 1.626953125 -0.351806640625
-1.75 1.724609375 -0.550537109375
-1.75 1.736328125 -0.467041015625
-1.75 1.744140625 -0.351806640625
-1.8125 1.376953125 -0.551025390625
-1.78125 1.486328125 -0.551025390625
-1.78125 1.490234375 -0.467041015625
-1.71875 1.712890625 -0.950439453125
-1.75 1.607421875 -0.467041015625
-1.84375 1.138671875 -0.551025390625
-1.8125 1.255859375 -0.551025390625
-1.78125 1.376953125 -0.468017578125
-1.78125 1.251953125 -0.468017578125
-1.71875 1.130859375 0.246826171875
-1.65625 1.185546875 -0.268798828125
-1.65625 1.119140625 -0.353759765625
-1.65625 0.990234375 -0.153564453125
-1.59375 1.056640625 -0.878173828125
-1.5625 1.177734375 -0.878173828125
-1.625 0.986328125 0.247802734375
-1.5625 0.958984375 -0.757568359375
-1.46875 1.064453125 -0.759521484375
-1.34375 1.072265625 -0.680419921875
-1.21875 1.173828125 -1.913330078125
-1.21875 0.869140625 -0.969482421875
-1.09375 1.029296875 -1.921875
-1.0 0.873046875 -1.928955078125
-0.46875 0.970703125 -0.781982421875
0.0625 0.888671875 -0.713623046875
0.0625 0.705078125 -1.006591796875
0.3125 0.650390625 -1.437469482421875
0.4375 0.693359375 -1.3675537109375
0.90625 0.771484375 -0.951416015625
1.03125 0.697265625 -1.39117431640625
1.125 0.603515625 -1.03662109375
1.15625 0.634765625 -1.1787109375
1.21875 0.724609375 -0.820556640625
1.1875 0.501953125 -1.1806640625
1.25 0.779296875 -1.39923095703125
1.3125 0.556640625 -1.477996826171875
1.375 0.673828125 -1.47979736328125
1.40625 0.619140625 -1.62841796875
1.4375 0.748046875 -1.62841796875
1.4375 0.595703125 -1.851318359375
1.46875 0.728515625 -1.8515625
1.53125 0.705078125 -0.748291015625
1.59375 0.423828125 -1.86181640625
1.6875 0.423828125 -1.6429443359375
1.8125 0.783203125 -1.868408203125
