TRUCK
-1.9375 1.447265625 -1.02490234375
-1.9375 1.333984375 -1.025634765625
-2.0 1.076171875 -0.455078125
-1.90625 1.392578125 -0.9208984375
-1.875 1.564453125 -0.64501953125
-1.875 1.505859375 -0.92041015625
-1.96875 0.958984375 -0.5439453125
-1.96875 0.970703125 -0.35546875
-1.84375 1.599609375 -0.265625
-1.84375 1.517578125 -0.73193359375
-1.84375 1.501953125 -0.54345703125
-1.84375 1.509765625 -0.4560546875
-1.84375 1.521484375 -0.35546875
-1.875 1.275390625 -0.5439453125
-1.875 1.287109375 -0.4560546875
-1.84375 1.404296875 -0.4560546875
-1.84375 1.388671875 -0.5439453125
-1.875 1.162109375 -0.54443359375
-1.875 1.173828125 -0.4560546875
-1.875 1.052734375 -0.544921875
-2.0 0.337890625 -1.988525390625
-1.78125 1.119140625 -0.267578125
-1.71875 1.103515625 -0.076171875
-1.75 0.927734375 0.0224609375
-1.71875 0.986328125 -0.076171875
-1.71875 0.998046875 0.115234375
-1.84375 0.181640625 -1.9990234375
-1.65625 0.994140625 -0.84521484375
-1.78125 0.755859375 0.8818359375
-1.6875 0.912109375 -0.16796875
-1.75 0.880859375 0.8818359375
-1.6875 0.986328125 0.306640625
-1.65625 1.013671875 -0.16796875
-1.71875 0.978515625 0.8818359375
-1.65625 1.029296875 0.0224609375
-1.6875 0.916015625 0.2119140625
-1.65625 0.888671875 -0.73974609375
-1.71875 0.861328125 0.7822265625
-1.625 1.099609375 0.306640625
-1.71875 0.732421875 0.6904296875
-1.65625 0.962890625 0.7841796875
-1.625 0.775390625 -0.74072265625
-1.59375 0.869140625 -0.93212890625
-1.71875 0.638671875 0.8837890625
-1.4375 0.826171875 -0.8525390625
-1.3125 0.681640625 -0.94189453125
-1.09375 0.916015625 -0.66650390625
-0.125 0.583984375 -1.09375
-0.0625 0.646484375 -0.9765625
-0.03125 0.759765625 -0.89404296875
0.15625 0.478515625 -1.3856201171875
0.21875 0.755859375 -0.69775390625
0.25 0.576171875 -1.3890380859375
0.375 0.814453125 -0.78515625
0.4375 0.736328125 -1.93017578125
0.5625 0.583984375 -1.939208984375
0.59375 0.576171875 -1.3238525390625
0.6875 0.427734375 -1.948974609375
1.0625 0.658203125 -0.92578125
1.0625 0.525390625 -1.0087890625
1.09375 0.572265625 -1.1357421875
1.15625 0.583984375 -1.3458251953125
1.1875 0.712890625 -1.345947265625
1.21875 0.486328125 -1.42791748046875
1.28125 0.556640625 -1.561279296875
1.3125 0.595703125 -1.430419921875
1.34375 0.669921875 -1.5633544921875
1.28125 0.294921875 -1.564300537109375
1.34375 0.544921875 -1.77392578125
1.375 0.658203125 -1.77490234375
1.4375 0.626953125 -0.72607421875
1.53125 0.373046875 -1.57421875
1.71875 0.330078125 -1.795654296875
1.90625 0.677734375 -1.802490234375
