TRUCK
-2.0 1.396484375 -0.898681640625
-1.9375 1.392578125 -1.07568359375
-1.90625 1.494140625 -1.076171875
-1.90625 1.267578125 -0.902587890625
-1.90625 1.357421875 -0.274169921875
-2.0 0.900390625 -0.197998046875
-1.953125 1.013671875 -0.726318359375
-1.859375 1.474609375 -0.549560546875
-1.875 1.369140625 -0.549560546875
-1.84375 1.439453125 -0.798583984375
-1.84375 1.447265625 -0.623779296875
-1.84375 1.431640625 -0.373779296875
-1.875 1.228515625 -0.373779296875
-1.84375 1.345703125 -0.624267578125
-1.828125 1.435546875 -0.448974609375
-1.84375 1.330078125 -0.373779296875
-1.890625 1.052734375 -0.550537109375
-1.90625 0.947265625 -0.550537109375
-1.84375 1.259765625 -0.550537109375
-1.90625 0.931640625 -0.624267578125
-1.84375 1.240234375 -0.624267578125
-1.859375 1.154296875 -0.550537109375
-1.828125 1.330078125 -0.448974609375
-1.859375 1.130859375 -0.624755859375
-1.90625 0.916015625 -0.449951171875
-1.859375 1.119140625 -0.373779296875
-1.828125 1.224609375 -0.449951171875
-1.84375 1.126953125 -0.449951171875
-1.859375 1.021484375 -0.625244140625
-1.859375 1.021484375 -0.449951171875
-1.9375 0.228515625 -1.97412109375
-1.796875 0.923828125 0.599853515625
-1.84375 0.099609375 -1.982666015625
-1.6875 0.935546875 -0.022216796875
-1.671875 0.939453125 -0.200927734375
-1.6875 0.900390625 0.074462890625
-1.671875 0.880859375 -0.277099609375
-1.671875 0.876953125 -0.101318359375
-1.703125 0.787109375 0.251220703125
-1.671875 0.951171875 0.333251953125
-1.65625 0.951171875 0.155517578125
-1.703125 0.845703125 0.779541015625
-1.71875 0.810546875 0.955322265625
-1.65625 0.880859375 0.251220703125
-1.703125 0.833984375 0.865478515625
-1.65625 0.771484375 -0.101318359375
-1.734375 0.705078125 0.955322265625
-1.71875 0.728515625 0.865478515625
-1.625 0.748046875 -0.808837890625
-1.640625 0.916015625 0.511962890625
-1.734375 0.595703125 0.955322265625
-1.71875 0.619140625 0.867431640625
-1.75 0.490234375 0.957275390625
-1.734375 0.509765625 0.867431640625
-1.6875 0.591796875 0.689697265625
-1.265625 0.771484375 -0.818115234375
-0.796875 0.880859375 -0.759033203125
-0.703125 0.580078125 -1.5006027221679688
-0.578125 0.509765625 -1.203369140625
-0.453125 0.587890625 -1.207763671875
0.171875 0.787109375 -0.787841796875
0.171875 0.505859375 -1.545623779296875
0.265625 0.599609375 -1.5498046875
0.296875 0.544921875 -0.862060546875
0.390625 0.466796875 -1.3665771484375
0.421875 0.576171875 -1.3671875
0.640625 0.669921875 -1.950439453125
0.734375 0.529296875 -1.958984375
0.828125 0.388671875 -1.966796875
1.015625 0.736328125 -0.811279296875
0.953125 0.248046875 -1.97509765625
1.046875 0.380859375 -1.2672119140625
1.109375 0.427734375 -1.2041015625
1.140625 0.529296875 -1.0107421875
1.140625 0.490234375 -0.884521484375
1.171875 0.541015625 -1.4010009765625
1.171875 0.533203125 -1.2060546875
1.203125 0.646484375 -1.206298828125
1.203125 0.470703125 -1.2716064453125
1.171875 0.271484375 -1.014404296875
1.203125 0.396484375 -1.013671875
1.234375 0.517578125 -1.59918212890625
1.171875 0.154296875 -1.014892578125
1.140625 0.013671875 -0.887939453125
1.328125 0.615234375 -1.6033935546875
1.453125 0.599609375 -1.807373046875
1.390625 0.193359375 -1.8662109375
1.484375 0.404296875 -1.868896484375
1.453125 0.232421875 -1.811767578125
1.484375 0.283203125 -1.87060546875
1.546875 0.345703125 -1.814208984375
1.578125 0.458984375 -1.81494140625
1.203125 -1.322265625 -1.876220703125
1.296875 -1.181640625 -1.8203125
