TRUCK
-1.9765625 1.845703125 -1.01708984375
-1.9921875 1.634765625 -1.01806640625
-1.9140625 1.814453125 -0.501220703125
-1.9140625 1.748046875 -0.753173828125
-1.8984375 1.810546875 -0.848388671875
-1.9296875 1.662109375 -0.675048828125
-1.9453125 1.560546875 -0.675048828125
-1.8984375 1.763671875 -0.675048828125
-1.8984375 1.755859375 -0.581787109375
-1.8984375 1.783203125 -0.328857421875
-1.8984375 1.751953125 -0.410888671875
-1.9296875 1.458984375 -0.676025390625
-1.8984375 1.673828125 -0.328857421875
-1.8828125 1.763671875 -0.239990234375
-1.8984375 1.642578125 -0.410888671875
-1.9140625 1.541015625 -0.410888671875
-1.9296875 1.474609375 -0.329833984375
-1.8984375 1.603515625 -0.502685546875
-1.8828125 1.650390625 -0.582275390625
-1.9140625 1.498046875 -0.502685546875
-1.8984375 1.548828125 -0.582763671875
-1.8984375 1.568359375 -0.329833984375
-1.9140625 1.443359375 -0.582763671875
-1.9453125 1.294921875 -0.502685546875
-1.9296875 1.341796875 -0.583251953125
-1.9140625 1.443359375 -0.411865234375
-1.9296875 1.337890625 -0.411865234375
-1.9140625 1.392578125 -0.503173828125
-1.8046875 1.736328125 -0.157958984375
-1.7734375 1.310546875 0.189697265625
-1.7578125 1.087890625 -0.761474609375
-1.7421875 1.294921875 0.014892578125
-1.7578125 1.216796875 0.102783203125
-1.7734375 0.982421875 -0.761962890625
-1.7265625 1.291015625 -0.159912109375
-1.7421875 1.205078125 -0.070068359375
-1.7421875 1.306640625 0.363525390625
-1.7578125 1.103515625 -0.070068359375
-1.7265625 1.208984375 -0.242919921875
-1.7578125 1.279296875 0.711181640625
-1.7890625 1.138671875 0.965087890625
-1.7265625 1.201171875 0.275634765625
-1.7265625 1.275390625 0.538330078125
-1.7890625 1.083984375 0.886962890625
-1.7578125 1.185546875 0.886962890625
-1.7890625 1.021484375 0.967041015625
-1.7890625 0.978515625 0.886962890625
-1.7421875 1.154296875 0.793212890625
-1.7890625 0.916015625 0.967041015625
-1.7890625 0.869140625 0.886962890625
-1.8046875 0.822265625 0.967041015625
-1.6328125 1.166015625 -0.764404296875
-1.7421875 0.955078125 0.713134765625
-1.4140625 1.103515625 -1.9306640625
-1.3515625 0.982421875 -1.936279296875
-0.8671875 1.166015625 -0.887451171875
-0.8671875 1.099609375 -0.785400390625
-0.7734375 0.943359375 -1.43359375
-0.6640625 0.841796875 -1.151123046875
-0.3671875 0.974609375 -1.087646484375
-0.2734375 0.853515625 -1.166015625
0.1015625 0.869140625 -1.47900390625
0.1953125 0.958984375 -1.4831695556640625
0.3515625 1.025390625 -0.929931640625
0.3203125 0.818359375 -1.3045654296875
0.9140625 0.943359375 -0.834716796875
0.9140625 0.716796875 -1.21240234375
1.0390625 0.896484375 -1.144287109375
1.0703125 0.779296875 -1.3380126953125
1.1015625 0.880859375 -1.530029296875
1.1328125 0.884765625 -1.34002685546875
1.1640625 0.994140625 -1.3402099609375
1.1640625 0.970703125 -0.958251953125
1.1328125 0.787109375 -1.219970703125
1.1328125 0.767578125 -1.14892578125
1.1328125 0.509765625 -0.960205078125
1.2890625 0.958984375 -1.53875732421875
1.3828125 0.951171875 -1.736572265625
1.3203125 0.623046875 -1.802734375
1.4453125 0.693359375 -1.74365234375
1.5390625 0.798828125 -1.748046875
1.5078125 0.587890625 -1.942626953125
1.6015625 0.681640625 -1.8173828125
1.6328125 0.681640625 -1.948974609375
1.8203125 0.755859375 -1.959716796875
