TRUCK
-2.0 1.833984375 -0.406005859375
-1.984375 1.822265625 -0.556884765625
-2.0 1.732421875 -0.557373046875
-1.984375 1.833984375 -0.255615234375
-1.984375 1.759765625 -0.476318359375
-2.0 1.666015625 -0.476318359375
-1.984375 1.748046875 -0.406494140625
-1.984375 1.744140625 -0.255615234375
-1.984375 1.708984375 -0.323974609375
-2.0 1.615234375 -0.323974609375
-1.984375 1.658203125 -0.406982421875
-1.984375 1.654296875 -0.256591796875
-2.0 1.521484375 -0.323974609375
-1.984375 1.564453125 -0.406982421875
-2.0 1.431640625 -0.324951171875
-1.96875 1.556640625 -0.256591796875
-1.984375 1.384765625 -0.407958984375
-1.859375 1.255859375 -0.259521484375
-1.84375 1.357421875 0.284423828125
-1.828125 1.337890625 0.131103515625
-1.84375 1.267578125 0.195556640625
-1.84375 1.263671875 0.284423828125
-1.828125 1.248046875 -0.023193359375
-1.796875 1.365234375 -0.175537109375
-1.828125 1.251953125 0.043212890625
-1.84375 1.017578125 -0.638427734375
-1.796875 1.330078125 -0.023193359375
-1.84375 1.326171875 0.745361328125
-1.796875 1.197265625 -0.638916015625
-1.8125 1.353515625 0.438720703125
-1.84375 1.185546875 0.499267578125
-1.8125 1.259765625 0.346923828125
-1.828125 1.169921875 0.346923828125
-1.84375 1.251953125 0.897705078125
-1.859375 1.193359375 0.954345703125
-1.796875 1.158203125 -0.109130859375
-1.796875 1.154296875 0.043212890625
-1.78125 1.099609375 -0.640380859375
-1.84375 1.154296875 0.899658203125
-1.8125 1.212890625 0.803955078125
-1.84375 1.060546875 0.899658203125
-1.828125 1.091796875 0.956298828125
-1.703125 1.267578125 -0.641357421875
-1.84375 1.001953125 0.956298828125
-1.859375 0.912109375 0.956298828125
-1.84375 0.958984375 0.899658203125
-1.765625 1.216796875 0.593017578125
-1.78125 1.267578125 0.956298828125
-1.734375 1.134765625 -0.024169921875
-1.859375 0.818359375 0.956298828125
-1.84375 0.869140625 0.901611328125
-1.796875 0.939453125 0.747314453125
-1.765625 0.283203125 -1.957763671875
-1.6875 0.169921875 -1.965576171875
-1.453125 1.240234375 -0.805419921875
-1.625 0.056640625 -1.973388671875
-1.375 1.119140625 -0.809326171875
-1.359375 1.138671875 -0.88720703125
-1.34375 1.044921875 -1.43914794921875
-1.328125 1.041015625 -0.888671875
-1.296875 0.935546875 -1.358316421508789
-1.171875 1.279296875 -1.922607421875
-1.125 1.271484375 -0.818115234375
-1.09375 1.173828125 -1.930419921875
-1.09375 1.076171875 -1.4542236328125
-1.046875 1.060546875 -1.936279296875
-0.96875 0.947265625 -1.944580078125
-0.890625 1.013671875 -1.1490478515625
-0.875 0.923828125 -0.9912109375
-0.59375 0.962890625 -1.0029296875
-0.53125 0.958984375 -1.400115966796875
-0.3125 0.994140625 -1.1788330078125
-0.3125 0.990234375 -1.342254638671875
-0.171875 1.173828125 -0.856689453125
-0.203125 0.978515625 -1.02099609375
0.0625 0.935546875 -1.43402099609375
0.125 1.001953125 -1.366851806640625
0.15625 1.017578125 -1.43780517578125
0.28125 1.185546875 -0.87451171875
0.265625 1.072265625 -1.3745193481445312
0.65625 1.087890625 -0.722900390625
0.921875 0.935546875 -1.242919921875
0.96875 0.943359375 -1.4840087890625
1.0 0.830078125 -1.076904296875
1.078125 1.107421875 -0.737548828125
1.0625 0.931640625 -0.98193359375
1.0625 0.919921875 -1.078857421875
1.046875 0.818359375 -0.982421875
1.09375 1.017578125 -1.421600341796875
1.0625 0.724609375 -0.98388671875
1.15625 1.017578125 -1.4935302734375
1.21875 1.095703125 -1.4281005859375
1.234375 1.107421875 -1.5997314453125
1.265625 1.193359375 -1.42974853515625
1.234375 1.013671875 -1.6009521484375
1.1875 0.708984375 -1.6015625
1.21875 0.806640625 -1.6024169921875
1.3125 0.990234375 -1.779296875
1.265625 0.689453125 -1.7802734375
1.3125 0.783203125 -1.781982421875
1.234375 0.373046875 -0.99365234375
1.390625 0.873046875 -1.61279296875
1.53125 1.154296875 -1.617919921875
1.484375 0.853515625 -1.7919921875
1.6875 1.115234375 -1.106201171875
1.5625 0.396484375 -0.931884765625
1.78125 1.099609375 -1.008544921875
1.875 1.072265625 -1.2901611328125
1.921875 1.189453125 -1.641845703125
2.0 1.154296875 -1.2962646484375
