TRUCK
-1.8671875 1.41015625 0.1650390625
-1.8828125 1.3359375 0.314453125
-1.8671875 1.24609375 -0.2216796875
-1.8359375 1.33984375 -0.134765625
-1.8671875 1.265625 0.22265625
-1.8515625 1.25390625 -0.07421875
-1.8515625 1.30859375 0.1650390625
-1.8359375 1.24609375 0.07421875
-1.8203125 1.30859375 0.013671875
-1.8359375 1.25390625 0.37109375
-1.8984375 1.140625 0.9150390625
-1.8359375 1.234375 0.314453125
-1.8515625 1.29296875 0.7646484375
-1.8203125 1.3203125 0.46484375
-1.8828125 1.1796875 0.9638671875
-1.7890625 1.328125 0.07421875
-1.7421875 1.36328125 -0.7392578125
-1.8203125 1.2890625 0.615234375
-1.8515625 1.26953125 0.9638671875
-1.8359375 1.171875 0.51953125
-1.8515625 1.22265625 0.9150390625
-1.8359375 1.2109375 0.8173828125
-1.8671875 1.08984375 0.9658203125
-1.8828125 1.00390625 0.9658203125
-1.8671875 1.0390625 0.9150390625
-1.8828125 0.91796875 0.9658203125
-1.7890625 1.14453125 0.37109375
-1.8671875 0.953125 0.9169921875
-1.8828125 0.859375 0.9169921875
-1.6953125 1.2578125 -0.7421875
-1.8359375 0.92578125 0.7666015625
-1.6015625 1.30859375 -0.5947265625
-1.5390625 1.16015625 -1.88525390625
-1.4609375 1.046875 -1.89208984375
-1.3984375 1.13671875 -0.83447265625
-1.4296875 0.94921875 -1.8974609375
-1.3828125 1.0234375 -1.370391845703125
-1.3671875 1.03515625 -0.83642578125
-1.2734375 1.203125 -0.8388671875
-1.2578125 1.08984375 -1.37701416015625
-0.7578125 1.0 -1.3264083862304688
-0.6640625 1.05859375 -1.41497802734375
-0.6640625 1.03515625 -1.2584228515625
-0.6328125 1.21875 -0.6279296875
-0.5390625 1.0078125 -1.1068115234375
-0.4453125 1.19140625 -0.7919921875
-0.4296875 1.26953125 -0.634765625
-0.2265625 1.078125 -0.880615234375
-0.1640625 1.23046875 -0.80322265625
-0.1796875 1.05078125 -1.927734375
-0.1171875 0.9375 -1.9345703125
-0.0546875 0.83203125 -1.94189453125
0.0703125 1.00390625 -1.461181640625
0.0703125 0.91796875 -1.37353515625
0.0234375 0.71484375 -1.9501953125
0.1171875 1.09375 -1.463134765625
0.2734375 0.9375 -1.3128814697265625
0.5390625 1.01953125 -1.39825439453125
0.5546875 0.91796875 -1.40057373046875
0.6484375 1.07421875 -1.3328018188476562
0.6953125 0.96484375 -1.3360519409179688
0.9140625 0.8125 -1.18310546875
1.0234375 1.1953125 -0.850341796875
1.0078125 1.02734375 -1.42437744140625
1.0234375 0.9921875 -1.1873779296875
1.0078125 0.890625 -1.1876220703125
0.9921875 0.8046875 -1.02001953125
1.0546875 1.11328125 -1.4263916015625
1.0546875 1.0859375 -1.35504150390625
1.0390625 0.99609375 -1.020263671875
1.0703125 1.1796875 -0.6865234375
1.0234375 0.8984375 -1.0205078125
1.0390625 0.91796875 -0.93017578125
1.0234375 0.6953125 -1.0224609375
1.1640625 1.19140625 -1.4317626953125
1.1796875 1.18359375 -1.5289306640625
1.1796875 1.0859375 -1.5299072265625
1.2421875 1.07421875 -1.703369140625
1.2734375 1.16796875 -1.70361328125
1.2109375 0.7734375 -1.705078125
1.1953125 0.671875 -1.705810546875
1.2109375 0.4453125 -1.033447265625
1.3359375 0.8515625 -1.712158203125
1.3828125 0.94140625 -1.54443359375
1.3828125 0.9453125 -1.71435546875
1.3046875 0.42578125 -0.86767578125
1.3984375 0.33203125 -0.949462890625
1.7421875 1.171875 -1.05078125
1.7734375 1.1484375 -1.22430419921875
1.8359375 1.16015625 -1.5704345703125
1.9765625 1.14453125 -1.477294921875
1.8359375 0.4140625 -0.888916015625
