TRUCK
-1.244140625 -1.12890625 1.0797119140625
-0.423828125 -1.125 0.0767822265625
-0.923828125 0.580078125 0.2564697265625
1.919921875 0.26171875 0.5386962890625
-0.681640625 -1.126953125 0.0709228515625
-1.673828125 0.623046875 0.2437744140625
1.333984375 -1.08203125 1.2457275390625
1.919921875 -0.466796875 0.6031494140625
-0.876953125 -1.134765625 0.4293212890625
-0.955078125 1.173828125 0.9215087890625
-1.783203125 -1.185546875 -0.1087646484375
1.943359375 -0.474609375 0.8551025390625
-1.908203125 0.767578125 0.8580322265625
-0.978515625 -1.212890625 -0.8365478515625
-0.962890625 -1.1328125 0.2603759765625
0.310546875 -1.087890625 0.6666259765625
1.904296875 0.30859375 0.3736572265625
1.357421875 -1.087890625 1.1011962890625
-0.916015625 0.697265625 0.3414306640625
-1.798828125 -1.140625 -0.5555419921875
-1.462890625 -1.134765625 0.7437744140625
1.888671875 0.1875 0.2623291015625
0.802734375 -1.09375 0.3648681640625
1.919921875 -0.505859375 0.7183837890625
1.904296875 0.263671875 0.5836181640625
-1.845703125 -1.140625 0.9293212890625
1.935546875 -0.845703125 0.3990478515625
-0.666015625 -1.130859375 0.1529541015625
1.919921875 1.013671875 0.5142822265625
0.138671875 -1.107421875 0.9019775390625
-0.025390625 -1.12109375 -0.5921630859375
1.982421875 -1.0859375 -0.2689208984375
1.263671875 -1.1015625 0.1558837890625
1.998046875 -1.060546875 0.4654541015625
1.818359375 0.16796875 0.2613525390625
0.091796875 -1.1171875 0.1656494140625
-1.126953125 -1.15234375 -0.1927490234375
0.849609375 -1.111328125 -0.3333740234375
1.716796875 -1.076171875 1.0816650390625
1.880859375 0.234375 0.2623291015625
1.904296875 1.044921875 0.8961181640625
1.357421875 -1.087890625 0.3287353515625
1.333984375 -1.08203125 1.2457275390625
1.318359375 -1.068359375 0.5123291015625
-0.103515625 -1.111328125 0.9097900390625
1.990234375 -1.103515625 0.0416259765625
1.326171875 -1.095703125 0.7506103515625
1.912109375 0.935546875 0.4429931640625
1.185546875 -1.07421875 -0.8182373046875
1.904296875 -1.091796875 -0.3021240234375
0.365234375 -1.126953125 0.2467041015625
0.490234375 -1.08984375 0.0220947265625
1.880859375 0.234375 0.2623291015625
-1.470703125 -1.134765625 0.9488525390625
-0.111328125 -1.12109375 0.1168212890625
1.951171875 -1.0859375 1.2027587890625
1.880859375 -0.4921875 0.4674072265625
0.623046875 -1.087890625 0.2125244140625
1.732421875 -1.0859375 0.1002197265625
1.943359375 0.884765625 0.6558837890625
-1.533203125 -1.1328125 1.0933837890625
1.880859375 0.23046875 0.4439697265625
-1.228515625 -1.140625 0.1431884765625
0.232421875 -1.103515625 0.0494384765625
0.857421875 -1.09765625 0.8824462890625
1.982421875 -1.068359375 -0.5672607421875
1.888671875 -0.505859375 0.7877197265625
1.919921875 0.240234375 0.6763916015625
1.904296875 0.302734375 0.5836181640625
-0.392578125 -1.20703125 -0.7828369140625
1.919921875 -0.470703125 0.7867431640625
-0.134765625 -1.119140625 0.8707275390625
-1.978515625 -1.125 0.5133056640625
-1.650390625 -1.126953125 1.2730712890625
-1.861328125 -1.125 0.6920166015625
1.943359375 0.958984375 0.6129150390625
-1.189453125 -1.119140625 -0.1707763671875
1.943359375 1.142578125 0.4722900390625
1.287109375 -1.08203125 0.4693603515625
-1.306640625 1.107421875 0.3131103515625
0.091796875 -1.1171875 0.1656494140625
1.974609375 1.177734375 0.5142822265625
1.818359375 -1.076171875 0.4439697265625
0.037109375 -1.1171875 0.3980712890625
0.568359375 -1.10546875 1.0718994140625
-0.830078125 1.107421875 0.8316650390625
-1.423828125 -1.15625 -0.2044677734375
1.935546875 -0.828125 0.8033447265625
-1.673828125 -1.154296875 -0.9014892578125
1.623046875 -1.08203125 0.3736572265625
1.365234375 -1.083984375 0.0474853515625
1.638671875 -1.0625 1.3629150390625
1.919921875 0.443359375 0.3316650390625
1.943359375 0.333984375 0.7467041015625
-0.017578125 -1.083984375 0.9449462890625
1.685546875 -1.107421875 -0.0804443359375
0.529296875 -1.08984375 0.8150634765625
1.904296875 0.263671875 0.5836181640625
0.990234375 -1.09765625 0.2935791015625
-0.462890625 -1.107421875 -0.0052490234375
-0.009765625 -1.1171875 0.7886962890625
1.896484375 -0.85546875 0.6685791015625
1.927734375 0.943359375 0.6832275390625
-1.626953125 0.623046875 0.3345947265625
-1.736328125 -1.16015625 -0.2171630859375
-0.736328125 0.630859375 0.2593994140625
-0.345703125 -1.17578125 -0.7227783203125
1.021484375 -1.115234375 0.2545166015625
1.998046875 -1.05859375 -0.0931396484375
1.412109375 -1.08203125 -0.7938232421875
0.708984375 -1.1015625 0.3980712890625
1.912109375 0.388671875 0.5133056640625
-1.767578125 0.787109375 0.8541259765625
-0.798828125 -1.107421875 1.3902587890625
1.716796875 -1.0625 0.8765869140625
1.599609375 -1.08984375 1.0191650390625
-1.205078125 0.615234375 0.3385009765625
1.708984375 -1.09765625 -0.9940185546875
-1.845703125 1.087890625 0.3306884765625
1.685546875 -1.107421875 -0.0804443359375
1.669921875 -1.07421875 0.0289306640625
-1.009765625 -1.1328125 0.3980712890625
1.404296875 -1.09765625 0.1881103515625
-1.205078125 0.615234375 0.3385009765625
-0.345703125 -1.17578125 -0.7227783203125
-1.900390625 -1.119140625 1.4097900390625
1.904296875 0.310546875 0.8629150390625
-1.666015625 -1.140625 0.8365478515625
0.185546875 -1.11328125 -0.5750732421875
1.154296875 -1.08203125 0.0416259765625
0.919921875 -1.103515625 -0.2210693359375
-0.025390625 -1.181640625 -0.6968994140625
-1.072265625 -1.1328125 0.8189697265625
1.412109375 -1.09375 1.0289306640625
-1.744140625 0.837890625 0.8541259765625
-1.861328125 -1.134765625 1.1090087890625
1.669921875 -1.103515625 -0.2864990234375
1.912109375 0.3515625 0.4010009765625
1.896484375 -0.841796875 0.8531494140625
-1.986328125 0.732421875 0.6988525390625
1.888671875 0.978515625 0.5435791015625
-0.884765625 -1.125 0.7642822265625
1.919921875 0.978515625 0.7984619140625
1.505859375 -1.09375 -0.4696044921875
1.021484375 -1.115234375 0.2545166015625
1.904296875 0.265625 0.3736572265625
0.833984375 -1.099609375 0.6910400390625
1.912109375 -0.46875 0.5357666015625
1.919921875 0.28125 0.8160400390625
1.099609375 -1.095703125 0.7574462890625
1.919921875 0.388671875 0.5396728515625
1.888671875 0.494140625 0.4439697265625
1.998046875 -1.06640625 -0.4310302734375
-0.353515625 -1.125 0.1099853515625
1.099609375 -1.095703125 0.7574462890625
0.958984375 -1.076171875 0.8052978515625
1.365234375 -1.06640625 0.6549072265625
0.169921875 -1.107421875 -0.1087646484375
-0.369140625 -1.2109375 -0.3758544921875
0.529296875 -1.08984375 0.8150634765625
1.716796875 -1.076171875 1.0816650390625
1.318359375 -1.06640625 0.8922119140625
0.232421875 -1.080078125 0.9351806640625
0.005859375 -1.140625 -0.6947021484375
0.373046875 -1.09765625 0.7418212890625
1.935546875 0.978515625 0.6558837890625
1.888671875 0.900390625 0.4722900390625
0.333984375 -1.158203125 -0.1341552734375
0.380859375 -1.11328125 0.1304931640625
-1.978515625 1.087890625 0.3092041015625
-1.705078125 0.861328125 0.7623291015625
1.966796875 1.154296875 0.7281494140625
1.466796875 -1.087890625 -0.3319091796875
1.607421875 -1.095703125 0.1920166015625
1.021484375 -1.1015625 0.8316650390625
0.943359375 -1.095703125 1.1246337890625
-0.681640625 0.751953125 0.2320556640625
-1.009765625 -1.111328125 0.8502197265625
1.193359375 -1.09765625 0.1851806640625
-0.181640625 -1.1015625 -1.2296142578125
1.896484375 0.259765625 0.3043212890625
-1.267578125 -1.15625 -0.0882568359375
0.138671875 -1.119140625 0.1236572265625
0.904296875 -1.1015625 0.7633056640625
1.935546875 0.912109375 0.7535400390625
1.412109375 -1.07421875 0.7242431640625
1.685546875 -1.107421875 -0.0804443359375
-0.931640625 -1.12890625 0.8980712890625
1.888671875 0.763671875 0.7974853515625
1.732421875 0.5390625 0.5426025390625
1.162109375 -1.06640625 0.6568603515625
1.310546875 -1.09765625 -0.4857177734375
-0.150390625 -1.1171875 1.1090087890625
-0.142578125 -1.130859375 0.2408447265625
1.880859375 -1.107421875 -0.0726318359375
1.880859375 0.904296875 0.8707275390625
-0.189453125 0.896484375 0.5650634765625
1.880859375 -1.107421875 -0.0726318359375
1.638671875 -1.08203125 0.4429931640625
-1.376953125 1.107421875 0.5142822265625
