TRUCK
-1.9765625 1.5625 -0.531494140625
-1.8671875 1.1953125 -0.187255859375
-1.8515625 1.29296875 -0.042724609375
-1.8515625 1.31640625 0.049072265625
-1.8671875 1.2109375 -0.042724609375
-1.8515625 1.3125 0.195556640625
-1.8515625 1.32421875 0.342041015625
-1.8203125 1.33203125 -0.097412109375
-1.8515625 1.203125 0.102783203125
-1.8515625 1.21484375 0.247314453125
-1.8671875 1.30078125 0.782470703125
-1.8203125 1.2421875 -0.098388671875
-1.8359375 1.3203125 0.488525390625
-1.8515625 1.20703125 0.391845703125
-1.7890625 1.27734375 -0.686279296875
-1.8671875 1.2578125 0.825439453125
-1.8203125 1.21875 0.048095703125
-1.8671875 1.20703125 0.782470703125
-1.8046875 1.27734375 0.101806640625
-1.8671875 1.22265625 0.928955078125
-1.8359375 1.22265625 0.537353515625
-1.8203125 1.2265625 0.342041015625
-1.8671875 1.2265625 0.971923828125
-1.8828125 1.140625 0.971923828125
-1.9140625 0.9609375 0.928955078125
-1.8359375 1.11328125 0.391845703125
-1.8671875 1.1328125 0.928955078125
-1.8203125 1.203125 0.635986328125
-1.8671875 1.04296875 0.928955078125
-1.7890625 1.1015625 -0.043701171875
-1.7890625 1.22265625 0.489501953125
-1.7109375 1.34765625 -0.688720703125
-1.8203125 1.15625 0.827392578125
-1.8828125 0.8671875 0.928955078125
-1.8828125 0.87890625 0.971923828125
-1.3984375 1.1953125 -0.8525390625
-1.3984375 1.10546875 -0.853515625
-1.1640625 1.22265625 -0.793701171875
-0.9921875 1.03515625 -1.32843017578125
-0.9921875 0.91796875 -1.02587890625
-0.9296875 1.00390625 -1.18109130859375
-0.9296875 0.81640625 -1.02978515625
-0.8671875 0.984375 -1.03173828125
-0.8046875 0.9609375 -1.265106201171875
-0.6640625 0.92578125 -1.884033203125
-0.6171875 0.8203125 -1.889892578125
-0.4921875 1.02734375 -1.359832763671875
-0.5390625 0.7109375 -1.897705078125
-0.4296875 0.99609375 -1.20941162109375
-0.2890625 0.9453125 -1.2940635681152344
-0.2109375 1.140625 -0.749755859375
-0.1015625 1.09765625 -0.8359375
0.1171875 1.0859375 -1.39813232421875
0.1015625 0.9921875 -1.39813232421875
0.1640625 1.16015625 -0.764892578125
0.2734375 0.9453125 -1.250244140625
0.2890625 0.921875 -1.3259735107421875
0.5546875 1.16796875 -0.620849609375
0.6640625 1.0390625 -0.86669921875
0.6953125 1.0703125 -1.43408203125
0.7578125 0.76171875 -1.931396484375
0.7734375 0.44140625 -0.795166015625
0.8203125 0.64453125 -1.938720703125
0.8828125 0.921875 -1.285064697265625
1.0078125 1.19140625 -0.798583984375
0.9609375 0.90625 -0.962646484375
0.9921875 1.0703125 -0.879150390625
1.0234375 1.06640625 -1.36590576171875
0.9921875 0.87109375 -1.36590576171875
1.0078125 0.88671875 -1.1290283203125
1.0234375 0.96484375 -1.36712646484375
1.0078125 0.796875 -0.9658203125
1.0078125 0.59765625 -0.80322265625
1.1640625 1.08203125 -1.4630126953125
1.2109375 1.171875 -1.4652099609375
1.2265625 1.171875 -1.632080078125
1.2109375 1.07421875 -1.631591796875
1.2265625 1.12890625 -0.643798828125
1.2109375 0.97265625 -1.6328125
1.1796875 0.77734375 -1.6337890625
1.1640625 0.6796875 -1.63427734375
1.1171875 0.37109375 -0.974853515625
1.2265625 0.44921875 -0.978759765625
1.2734375 0.31640625 -0.896484375
1.3828125 0.83984375 -1.646728515625
1.3984375 0.41015625 -0.820068359375
1.7578125 1.15625 -0.9970703125
1.7578125 1.1484375 -1.164794921875
1.8046875 0.30078125 -0.917236328125
1.9609375 1.0859375 -1.41827392578125
