TRUCK
-1.4375 -0.27734375 -0.9443359375
-1.4375 -0.19140625 -1.07421875
-1.375 -0.69921875 -0.9443359375
-1.375 -0.62890625 -1.07421875
-1.4375 0.19921875 -0.2373046875
-1.3125 -0.57421875 -0.3642578125
-1.375 0.23828125 -1.07421875
-1.3125 0.31640625 -0.3642578125
-1.25 -0.10546875 -0.3642578125
-1.1875 1.08984375 -1.076171875
-1.125 1.02734375 -0.943359375
-0.875 -0.96484375 -0.3642578125
0.375 -0.84765625 0.357421875
0.4375 -1.27734375 0.357421875
0.4375 1.19140625 0.48828125
1.125 -0.47265625 1.072265625
1.1875 -0.90234375 1.07421875
1.125 -0.03515625 1.07421875
1.1875 0.40234375 1.07421875
1.1875 0.83984375 1.07421875
1.4375 -0.87890625 0.494140625
1.25 1.27734375 1.076171875
