TRUCK
-1.65625 -0.69140625 -0.381591796875
-1.59375 -0.26171875 -0.380615234375
-1.46875 -1.09765625 -0.383056640625
-1.53125 -0.27734375 -0.334228515625
-1.46875 0.25390625 0.322998046875
-1.46875 0.59765625 -0.334228515625
-1.40625 0.17578125 -0.335205078125
-1.34375 0.61328125 -0.379638671875
-1.09375 1.01953125 -0.336181640625
-0.84375 -0.58984375 0.371826171875
-0.59375 -0.15234375 -1.0966796875
-0.46875 0.28515625 -1.097412109375
0.28125 -1.37109375 1.032958984375
0.28125 1.23828125 0.373779296875
1.09375 0.05078125 1.093505859375
1.28125 -1.22265625 0.372802734375
1.21875 0.49609375 1.095458984375
1.34375 -0.85546875 1.042724609375
1.34375 -0.83984375 1.095458984375
1.28125 0.89453125 1.097412109375
1.40625 0.91015625 1.048583984375
1.65625 1.37109375 1.052490234375
