TRUCK
-1.5 -0.59765625 -0.742431640625
-1.5 -0.19140625 -0.741943359375
-1.375 -0.06640625 -0.642333984375
-1.375 -0.10546875 -0.058349609375
-1.375 0.68359375 -0.741455078125
-1.3125 0.31640625 -0.057373046875
-1.25 0.36328125 -0.642822265625
-1.0625 -0.80859375 0.041259765625
-1.1875 0.77734375 -0.643310546875
-1.0 -1.26953125 -0.644775390625
-1.0625 -0.37109375 0.042236328125
-1.0625 0.03515625 0.042236328125
-1.0625 1.19140625 -0.643798828125
-1.0 0.48046875 0.042236328125
0.3125 1.26953125 0.638916015625
1.25 -1.00390625 0.041259765625
1.1875 1.04296875 0.742431640625
1.4375 -0.62109375 0.742431640625
1.5 -1.12890625 0.640869140625
1.5 -1.04296875 0.742431640625
