TRUCK
-1.625 -0.21875 -0.692138671875
-1.5625 -0.609375 -0.692626953125
-1.625 0.578125 -0.693359375
-1.5 -0.65625 -0.629638671875
-1.5625 0.1796875 -0.693115234375
-1.4375 -0.2578125 -0.63037109375
-1.4375 0.140625 -0.630859375
-1.3125 1.0 -0.696533203125
-1.1875 0.5390625 -0.63427734375
-1.1875 0.9609375 -0.634521484375
-0.875 0.6875 -1.30126953125
-0.75 0.34375 -1.302978515625
0.1875 1.1015625 -0.042724609375
0.9375 -1.2109375 0.692626953125
0.9375 -0.3984375 0.692626953125
0.9375 0.0 0.692626953125
1.0 -0.78125 1.302978515625
0.9375 0.390625 0.692626953125
1.0 0.8203125 0.692626953125
1.0625 0.8359375 0.628173828125
1.25 -0.78125 0.692626953125
1.3125 -0.8515625 0.016357421875
1.3125 -0.75 0.628173828125
1.625 1.2109375 0.013427734375
