TRUCK
-1.59375 0.05078125 -0.9736328125
-1.59375 0.40625 -0.9808349609375
-1.53125 -0.3359375 -0.9739990234375
-1.53125 0.46875 -0.3284912109375
-1.40625 0.06640625 -0.3294677734375
-1.34375 -0.3203125 -0.3304443359375
-1.28125 -0.44140625 -0.3289794921875
-1.34375 0.859375 -0.3302001953125
-1.34375 0.8828125 -0.9791259765625
-1.21875 -0.046875 -0.3294677734375
-1.21875 0.34375 -0.3299560546875
-1.09375 -0.80078125 -0.3311767578125
-1.09375 -0.69921875 -0.3328857421875
0.15625 -1.046875 0.3138427734375
0.90625 -0.94140625 0.9779052734375
0.96875 -0.53515625 0.9788818359375
0.96875 -0.13671875 0.9788818359375
0.96875 0.265625 0.9798583984375
0.96875 0.6640625 0.9798583984375
0.96875 1.046875 0.9808349609375
1.28125 1.03125 0.3109130859375
1.46875 -0.62890625 0.3138427734375
1.40625 0.5546875 0.3138427734375
1.46875 -0.265625 0.3138427734375
1.40625 0.9375 0.3138427734375
1.46875 0.1328125 0.3138427734375
1.59375 -1.03515625 -0.3607177734375
