TRUCK
-1.625 -0.52734375 -0.65673828125
-1.5 -0.4140625 -0.614501953125
-1.4375 -0.43359375 -0.010498046875
-1.4375 -0.01953125 -0.615966796875
-1.25 -1.18359375 -0.617919921875
-1.25 0.66796875 -0.6640625
-1.1875 0.38671875 -0.620849609375
-1.0625 -0.53515625 0.026611328125
-1.125 0.78515625 -0.62255859375
-0.9375 -0.09765625 0.02490234375
-0.9375 -0.01171875 -0.015380859375
-1.0 1.18359375 -0.625
-0.8125 -0.875 0.0244140625
-0.875 0.69140625 0.023681640625
-0.8125 0.3046875 0.0234375
-0.5 -0.625 -1.28857421875
-0.375 0.171875 -1.2919921875
-0.3125 -0.21875 -1.29248046875
1.0 -0.65625 1.29248046875
1.0625 -0.76953125 0.67041015625
1.0625 -0.37109375 0.67041015625
1.0625 -0.01171875 0.67041015625
1.125 -1.0703125 1.29248046875
1.25 -1.1015625 0.626953125
1.1875 0.39453125 0.66943359375
1.25 0.81640625 0.66943359375
1.375 -1.17578125 0.66943359375
1.375 0.91015625 0.62646484375
1.4375 0.5078125 0.62646484375
1.625 -1.1328125 -0.0029296875
