TRUCK
1.984375 -1.18408203125 -0.871124267578125
1.984375 -1.10595703125 -0.646270751953125
1.953125 -1.16650390625 -0.647735595703125
1.890625 -1.12548828125 -0.863555908203125
1.859375 -1.18994140625 -0.864776611328125
1.84375 -1.09228515625 -0.766632080078125
1.828125 -1.09814453125 -0.881622314453125
1.796875 -1.16650390625 -0.995635986328125
1.796875 -1.10205078125 -0.997100830078125
1.8125 -0.96142578125 -0.883087158203125
1.796875 -1.04736328125 -0.869415283203125
1.796875 -1.02783203125 -0.883575439453125
1.78125 -0.97900390625 -0.869903564453125
1.53125 -1.15283203125 -0.212677001953125
1.484375 -1.10986328125 -0.099395751953125
1.34375 -1.14501953125 -0.089630126953125
1.6875 1.06591796875 0.822479248046875
1.203125 -1.13330078125 -0.207794189453125
1.625 1.01513671875 0.707244873046875
1.15625 -1.11962890625 -0.556915283203125
1.125 -1.16259765625 -0.926055908203125
1.21875 -1.10205078125 0.592010498046875
1.1875 -1.11572265625 0.358612060546875
1.578125 1.07763671875 0.474822998046875
1.1875 -1.11376953125 0.474822998046875
1.125 -1.14306640625 -0.341094970703125
1.140625 -1.19189453125 0.139862060546875
1.109375 -1.14892578125 -0.459259033203125
1.109375 -1.08251953125 -0.576446533203125
1.09375 -1.15283203125 -0.809844970703125
1.15625 -1.13720703125 0.371307373046875
1.15625 -1.15087890625 0.487518310546875
1.109375 -1.20361328125 0.022674560546875
1.09375 -1.18212890625 -0.225372314453125
1.171875 -1.15087890625 0.836151123046875
1.171875 -1.10400390625 0.824432373046875
1.359375 0.40576171875 0.475799560546875
1.140625 -1.16259765625 0.709197998046875
1.171875 -1.10205078125 0.941619873046875
1.15625 -1.18798828125 0.951385498046875
1.140625 -1.17041015625 0.824432373046875
1.140625 -0.81298828125 0.592987060546875
1.171875 -1.18994140625 1.300994873046875
1.140625 -1.16845703125 1.068572998046875
1.125 -1.16650390625 0.941619873046875
1.34375 0.56005859375 0.475799560546875
1.125 -0.87939453125 0.710174560546875
1.328125 0.50341796875 0.592987060546875
1.28125 0.49365234375 0.475799560546875
1.28125 0.44091796875 0.593963623046875
1.0625 -0.75244140625 0.475799560546875
1.046875 -0.81494140625 0.475799560546875
1.28125 0.64208984375 0.475799560546875
1.03125 -0.74853515625 0.358612060546875
1.0625 -0.81298828125 0.828338623046875
1.265625 0.58544921875 0.593963623046875
1.046875 -0.88134765625 0.828338623046875
1.046875 -0.65869140625 0.593963623046875
1.015625 -0.67626953125 0.358612060546875
1.046875 -0.58837890625 0.593963623046875
1.046875 -0.74072265625 0.828338623046875
1.0625 -0.59814453125 0.828338623046875
1.046875 -0.58642578125 0.711151123046875
1.015625 -0.60595703125 0.476776123046875
1.0 -0.67041015625 0.476776123046875
0.984375 -0.60009765625 0.358612060546875
1.015625 -0.66455078125 0.830291748046875
0.984375 -0.78759765625 0.712127685546875
1.03125 -0.59619140625 0.947479248046875
1.15625 0.39208984375 0.594940185546875
0.96875 -0.71923828125 0.712127685546875
1.265625 1.06591796875 0.476776123046875
1.1875 0.67333984375 0.594940185546875
0.9375 -0.71728515625 0.594940185546875
0.9375 -0.64111328125 0.713104248046875
1.03125 0.18115234375 0.358612060546875
1.078125 0.38427734375 0.476776123046875
1.140625 0.52685546875 0.830291748046875
1.03125 0.13037109375 0.714080810546875
1.0625 0.34130859375 0.714080810546875
0.765625 -1.17626953125 -0.115997314453125
1.078125 0.39404296875 0.832244873046875
1.0625 0.32763671875 0.832244873046875
0.984375 0.12060546875 0.476776123046875
1.046875 0.35302734375 0.847869873046875
0.953125 0.12060546875 0.358612060546875
1.078125 0.74560546875 0.476776123046875
1.046875 0.48779296875 0.714080810546875
1.078125 0.61474609375 0.832244873046875
1.078125 0.76708984375 0.596893310546875
1.125 1.03466796875 0.477752685546875
1.078125 0.84326171875 0.494354248046875
0.671875 -1.17626953125 -0.716094970703125
1.125 1.04638671875 0.596893310546875
1.03125 0.56396484375 0.715057373046875
1.0 0.42529296875 0.715057373046875
1.09375 0.83935546875 0.849822998046875
1.09375 1.05810546875 0.494354248046875
1.0625 0.81982421875 0.730682373046875
1.125 1.04638671875 0.849822998046875
1.09375 0.98779296875 0.715057373046875
1.03125 0.70654296875 0.715057373046875
1.078125 0.98388671875 0.596893310546875
1.0625 0.96826171875 0.477752685546875
1.046875 0.84716796875 0.596893310546875
1.03125 0.83154296875 0.477752685546875
1.109375 1.03857421875 0.834197998046875
1.09375 1.03076171875 0.731658935546875
0.984375 0.48388671875 0.834197998046875
1.046875 0.84716796875 0.716033935546875
1.046875 0.91748046875 0.596893310546875
1.03125 0.90576171875 0.477752685546875
1.046875 0.83544921875 0.834197998046875
1.046875 0.89404296875 0.731658935546875
1.0625 0.91748046875 0.849822998046875
1.046875 0.92529296875 0.716033935546875
1.015625 0.78271484375 0.716033935546875
1.078125 1.12841796875 0.596893310546875
1.03125 0.76904296875 0.953338623046875
1.046875 0.90966796875 0.834197998046875
1.0625 0.98388671875 0.834197998046875
1.09375 1.12060546875 0.834197998046875
0.96875 0.64599609375 0.716033935546875
0.984375 0.70263671875 0.834197998046875
1.046875 1.06982421875 0.717010498046875
1.03125 0.91748046875 0.953338623046875
1.0625 1.05810546875 0.953338623046875
0.984375 0.77490234375 0.836151123046875
0.5625 -1.16845703125 -0.601837158203125
1.0 0.85107421875 0.955291748046875
0.6875 -1.18212890625 1.193572998046875
1.0 0.99560546875 0.955291748046875
0.65625 -1.21044921875 1.326385498046875
0.5625 -1.18017578125 0.959197998046875
0.46875 -1.18017578125 0.117401123046875
0.453125 -1.19384765625 -0.003692626953125
0.359375 -1.22998046875 -0.975860595703125
0.375 -1.17236328125 0.478729248046875
0.34375 -1.17822265625 0.980682373046875
0.328125 -1.16064453125 0.843963623046875
0.171875 -1.20361328125 -0.864776611328125
0.15625 -1.19189453125 -0.375274658203125
0.125 -1.19580078125 -0.499786376953125
0.0625 -1.18408203125 0.500213623046875
-0.109375 -1.20751953125 -0.261505126953125
-0.015625 -1.19775390625 0.974822998046875
-0.125 -1.19775390625 0.110565185546875
-0.171875 -1.16650390625 -0.760528564453125
-0.03125 -1.18603515625 1.220916748046875
-0.375 -1.18798828125 -0.018341064453125
-0.640625 -1.12548828125 -0.658477783203125
-0.71875 -1.19189453125 -0.916534423828125
-0.703125 -1.18017578125 -0.405548095703125
-0.8125 -1.18212890625 -0.538848876953125
-0.859375 -1.21044921875 -0.283477783203125
-0.875 -1.17431640625 -0.797637939453125
-0.90625 -1.20751953125 -0.641387939453125
-0.765625 -1.18798828125 1.250213623046875
-0.921875 -1.19580078125 0.100799560546875
-1.046875 -1.17431640625 -1.066802978515625
-1.046875 -1.22607421875 -0.418243408203125
-1.09375 -1.09423828125 -1.20050048828125
-1.109375 -1.17236328125 -1.20050048828125
-1.109375 -0.93603515625 -1.2027587890625
-1.171875 -1.16845703125 0.877166748046875
-1.25 -1.17431640625 0.356658935546875
-1.375 -0.98876953125 -1.220855712890625
-1.515625 -1.20361328125 0.752166748046875
-1.625 -1.21044921875 0.092010498046875
-1.65625 -1.17431640625 -0.174591064453125
-1.640625 -1.20556640625 0.223846435546875
-1.59375 -1.20751953125 1.017791748046875
-1.703125 -1.21337890625 -0.308868408203125
-1.59375 -1.18994140625 1.283416748046875
-1.734375 -1.22021484375 -0.043731689453125
-1.640625 -1.21923828125 1.312713623046875
-1.734375 -1.18798828125 0.623260498046875
-1.765625 -1.20556640625 0.489471435546875
-1.890625 -1.20556640625 -0.147247314453125
-2.0 0.46826171875 0.763885498046875
