TRUCK
-1.46875 -0.742431640625 -0.35205078125
-1.40625 -1.013916015625 -0.92041015625
-1.34375 0.320068359375 -0.29345703125
-1.34375 -0.054931640625 -0.29296875
-1.34375 0.111083984375 -0.92236328125
-1.34375 -0.640869140625 -0.92236328125
-1.28125 0.771240234375 -0.3583984375
-1.28125 -0.431884765625 -0.2939453125
-1.21875 -1.185791015625 -0.294921875
-1.15625 1.126708984375 -0.36181640625
-1.03125 0.838623046875 -0.93212890625
-0.96875 1.214599609375 -0.93505859375
-0.84375 0.689208984375 -0.30517578125
0.28125 -1.324462890625 0.3087158203125
0.34375 -0.965087890625 0.30712890625
0.46875 1.324462890625 0.30322265625
0.90625 -0.715087890625 0.875
0.90625 -0.779541015625 0.93505859375
0.96875 0.011474609375 0.873046875
0.96875 -0.373291015625 0.873779296875
0.96875 -1.099853515625 0.87548828125
1.03125 0.430419921875 0.871337890625
1.03125 -0.013916015625 0.93310546875
1.03125 -0.379150390625 0.93359375
1.09375 0.814208984375 0.870361328125
1.21875 0.365966796875 0.930419921875
1.21875 -1.172119140625 0.932373046875
1.28125 0.768310546875 0.928955078125
1.46875 0.932373046875 0.2864990234375
