TRUCK
-1.53125 -0.52734375 -0.3310546875
-1.46875 -0.73828125 -0.9091796875
-1.34375 -0.18359375 -0.29052734375
-1.28125 0.73828125 -0.9140625
-1.28125 -0.953125 -0.29296875
-1.09375 1.0625 -0.919921875
-1.03125 1.44921875 -0.921875
-1.03125 0.9140625 -0.29833984375
0.21875 -1.1171875 0.301513671875
0.46875 1.4921875 0.295654296875
0.84375 -0.56640625 0.921875
0.84375 -0.59765625 0.880615234375
0.90625 0.13671875 0.879150390625
0.84375 -0.9921875 0.88134765625
0.96875 -0.23046875 0.92041015625
0.96875 -0.2421875 0.879150390625
1.03125 0.51171875 0.87744140625
1.03125 0.14453125 0.919189453125
0.96875 -0.97265625 0.9208984375
1.09375 0.88671875 0.876220703125
1.03125 -0.80859375 0.286376953125
1.15625 0.51953125 0.917724609375
1.09375 -1.0390625 0.244384765625
1.21875 0.89453125 0.916748046875
1.53125 -1.4921875 -0.3583984375
