TRUCK
-1.6875 0.4921875 -0.66650390625
-1.75 -0.1796875 -0.66943359375
-1.625 0.1328125 -0.67041015625
-1.4375 0.1171875 -0.1162109375
-1.3125 0.7734375 -0.11572265625
-1.3125 0.4296875 -0.11767578125
-1.375 0.0546875 -0.53173828125
-1.1875 1.0703125 -0.67724609375
-1.25 0.3984375 -0.53173828125
-1.0 1.1015625 -0.12109375
-1.25 -0.2578125 -0.1220703125
-1.0625 0.6953125 -0.53662109375
-1.25 -0.3046875 -0.53564453125
-0.9375 1.3671875 -0.68310546875
-1.125 0.1953125 0.02587890625
-1.0625 0.5234375 0.02587890625
-1.25 -0.6328125 -0.68701171875
-1.125 -0.1796875 0.025390625
-0.875 1.0234375 -0.53955078125
-1.1875 -0.6640625 -0.53955078125
-0.75 1.3515625 -0.12548828125
-0.8125 0.7890625 0.021484375
-1.0625 -0.5390625 0.02197265625
-0.6875 1.3359375 -0.54345703125
-0.625 0.4140625 -1.11474609375
-0.4375 1.0703125 -1.11767578125
-0.625 -0.2578125 -1.11962890625
-0.4375 0.0390625 -1.12353515625
-0.3125 0.6953125 -1.12353515625
0.125 -1.2265625 0.5609130859375
0.625 1.4296875 0.41162109375
0.6875 1.0703125 0.4091796875
0.25 -1.2890625 0.406005859375
0.9375 -0.3359375 0.970947265625
1.0625 -0.0078125 0.970458984375
0.9375 -0.6796875 0.969970703125
0.875 -1.0234375 0.9697265625
1.3125 0.9921875 0.97119140625
1.25 0.3359375 0.97021484375
1.3125 0.6484375 0.970458984375
1.0 -1.1484375 1.12353515625
1.1875 -0.4609375 1.123046875
1.125 -0.8046875 1.123046875
1.375 0.1953125 1.12255859375
1.125 -1.1171875 0.39208984375
1.3125 -0.1484375 1.12255859375
1.125 -1.4296875 0.965087890625
1.5 0.5234375 1.12158203125
1.5625 0.8671875 1.12158203125
1.25 -1.1015625 0.542236328125
1.75 0.5546875 0.538818359375
