TRUCK
-1.71875 -0.03125 -0.63232421875
-1.59375 0.2890625 -0.63427734375
-1.65625 -0.34375 -0.63525390625
-1.46875 0.6328125 -0.10400390625
-1.53125 0.2265625 -1.03369140625
-1.46875 0.6015625 -0.63525390625
-1.53125 -0.0078125 -0.10595703125
-1.46875 0.296875 -0.10546875
-1.40625 0.53125 -1.03564453125
-1.46875 -0.109375 -1.03857421875
-1.28125 1.0390625 -0.50537109375
-1.53125 -0.6875 -0.64111328125
-1.28125 0.8359375 -1.03955078125
-1.09375 1.4921875 -0.64306640625
-1.28125 0.0703125 -0.50927734375
-1.21875 0.3828125 -0.51025390625
-1.09375 1.1875 -0.64306640625
-1.15625 0.6796875 -0.51025390625
-1.28125 -0.28125 -0.51123046875
-1.21875 -0.796875 -1.04931640625
-1.09375 -0.1640625 0.01953125
-0.96875 0.4765625 0.02001953125
-0.90625 0.796875 0.01806640625
-1.09375 -0.4921875 0.0185546875
-1.09375 -0.6328125 -0.51806640625
-0.71875 1.265625 -0.52099609375
-0.84375 0.125 0.01513671875
-0.78125 -0.5390625 -1.06298828125
-0.46875 -1.1875 -0.67431640625
0.09375 -1.2578125 0.3922119140625
0.96875 -0.0625 0.924560546875
0.84375 -1.03125 0.923828125
0.90625 -0.7109375 0.923828125
0.96875 -0.390625 0.923828125
0.96875 -0.7421875 0.378173828125
1.15625 0.25 0.923828125
0.96875 -1.0703125 0.37744140625
1.21875 0.5703125 0.923583984375
1.28125 0.890625 0.92333984375
1.03125 -1.015625 1.06298828125
1.09375 -0.6875 1.06298828125
1.03125 -1.4921875 -0.0341796875
1.21875 -0.375 1.06201171875
1.28125 -0.0546875 1.0615234375
1.34375 0.2734375 1.0615234375
1.40625 0.6015625 1.0615234375
1.53125 0.9140625 1.060546875
1.28125 -0.9609375 0.51092529296875
1.28125 -1.3203125 -0.59033203125
1.34375 -1.3046875 0.5094146728515625
1.71875 0.953125 0.5076904296875
1.71875 0.6171875 0.5067291259765625
