TRUCK
-1.65625 0.875 -0.61767578125
-1.78125 -0.0625 -0.62060546875
-1.71875 0.21875 -0.62060546875
-1.65625 0.5546875 -0.62060546875
-1.53125 0.21875 -0.09912109375
-1.40625 1.1328125 -0.62353515625
-1.46875 0.703125 -1.01123046875
-1.46875 0.546875 -0.0986328125
-1.40625 0.859375 -0.09765625
-1.46875 0.2578125 -0.48681640625
-1.28125 1.3203125 -1.01416015625
-1.34375 0.5625 -0.48779296875
-1.21875 1.421875 -0.62646484375
-1.46875 -0.421875 -0.63037109375
-1.28125 0.859375 -0.48876953125
-1.40625 -0.2265625 0.03955078125
-1.34375 0.0859375 0.0400390625
-1.40625 -0.390625 -0.49072265625
-1.34375 -0.09375 -0.10498046875
-1.15625 1.140625 -0.10302734375
-1.09375 1.4375 -0.1025390625
-1.15625 0.375 0.03564453125
-1.09375 0.671875 0.0361328125
-1.03125 1.1484375 -0.49462890625
-1.03125 0.984375 0.0361328125
-0.84375 1.4453125 -0.49853515625
-1.03125 -0.625 -1.03369140625
-0.96875 -0.6328125 0.02734375
-0.78125 -0.0390625 -1.03955078125
-0.78125 -0.359375 -1.04052734375
-0.59375 0.9140625 -1.03857421875
0.09375 0.1796875 -1.06787109375
0.46875 1.5390625 0.3983154296875
0.15625 -0.921875 0.537109375
0.15625 -1.0078125 0.3914794921875
0.21875 -1.2578125 0.534759521484375
0.59375 -0.40625 0.92431640625
0.59375 -0.71875 0.923095703125
0.71875 -0.0859375 0.923828125
0.84375 0.2265625 0.923583984375
1.03125 0.5078125 0.92236328125
0.90625 -0.7734375 1.06787109375
0.90625 -0.8125 0.37939453125
1.15625 0.828125 0.922607421875
0.90625 -1.09375 0.91748046875
1.21875 1.140625 0.923095703125
1.09375 -0.15625 1.0673828125
1.15625 0.1796875 1.06787109375
1.09375 -0.484375 1.06689453125
1.28125 0.4765625 1.0673828125
1.15625 -0.71875 0.520751953125
1.40625 0.7890625 1.06689453125
1.46875 1.109375 1.06689453125
1.15625 -1.2890625 -0.025390625
1.53125 1.0625 0.3765869140625
1.46875 -1.1484375 -0.57861328125
1.78125 0.9453125 -0.029296875
1.78125 0.84375 0.515716552734375
1.71875 -1.5390625 -0.18408203125
