TRUCK
-1.78125 0.802734375 -0.7861328125
-1.78125 -0.111328125 -0.7890625
-1.71875 0.185546875 -0.7890625
-1.65625 0.482421875 -0.791015625
-1.71875 -0.423828125 -0.79296875
-1.65625 -0.095703125 -0.287109375
-1.59375 0.224609375 -0.28662109375
-1.53125 0.810546875 -0.287109375
-1.53125 0.521484375 -0.2880859375
-1.46875 0.232421875 -0.673828125
-1.40625 0.537109375 -0.673828125
-1.40625 -0.134765625 0.2138214111328125
-1.28125 1.111328125 -0.2919921875
-1.40625 -0.423828125 -0.29345703125
-1.34375 0.162109375 0.21282958984375
-1.34375 0.083984375 -0.16796875
-1.21875 1.392578125 -0.29345703125
-1.34375 -0.220703125 -0.16845703125
-1.28125 0.388671875 -0.168701171875
-1.34375 -0.525390625 -0.169189453125
-1.21875 0.681640625 -0.170166015625
-1.21875 0.451171875 0.212005615234375
-1.15625 0.748046875 0.2112884521484375
-1.21875 -0.478515625 0.2090911865234375
-1.03125 1.423828125 -0.68310546875
-1.21875 -0.853515625 -0.1728515625
-1.03125 1.056640625 0.2095184326171875
-0.90625 0.966796875 -0.176025390625
-0.71875 -0.306640625 -1.2099609375
-0.59375 0.302734375 -1.2099609375
-0.59375 -0.025390625 -1.2119140625
-0.53125 0.599609375 -1.2119140625
-0.46875 0.908203125 -1.2138671875
-0.28125 -1.197265625 -0.8359375
0.09375 -0.267578125 0.701904296875
0.15625 0.037109375 0.701416015625
0.09375 -1.095703125 0.3115234375
0.15625 -1.408203125 0.30999755859375
0.84375 -0.955078125 1.2138671875
0.90625 -0.650390625 0.691650390625
1.03125 -0.892578125 0.29608154296875
1.09375 -0.978515625 0.689208984375
1.09375 -1.033203125 0.16839599609375
1.34375 0.255859375 0.688232421875
1.40625 0.568359375 0.688232421875
1.28125 -1.001953125 0.81591796875
1.46875 0.861328125 0.68798828125
1.34375 -0.705078125 0.8154296875
1.28125 -1.423828125 -0.233642578125
1.40625 -0.376953125 0.81494140625
1.46875 -0.087890625 0.814453125
1.59375 0.552734375 0.814453125
1.59375 0.240234375 0.814453125
1.65625 0.865234375 0.81396484375
1.78125 -1.369140625 0.8095703125
