TRUCK
-1.8125 1.265625 -1.18798828125
-1.8125 0.07421875 -1.19091796875
-1.75 0.9609375 -1.19091796875
-1.75 0.66015625 -1.19189453125
-1.75 0.37109375 -1.19287109375
-1.625 -0.9140625 -0.81103515625
-0.8125 0.86328125 0.688720703125
-0.8125 0.44140625 0.80615234375
-0.8125 0.13671875 0.80615234375
-0.6875 1.44140625 0.29803466796875
-0.5625 0.71875 0.8037109375
-0.4375 -0.66015625 1.19287109375
-0.375 -0.0703125 1.19287109375
-0.3125 0.5390625 1.19287109375
-0.375 -0.375 1.1923828125
-0.375 -0.97265625 1.19189453125
-0.25 0.23046875 1.1923828125
-0.1875 0.83984375 1.1923828125
-0.1875 -0.71484375 0.67919921875
-0.1875 -0.76171875 0.2857666015625
0.0 -1.0078125 0.6767578125
0.0 -1.08984375 0.28143310546875
0.1875 1.10546875 0.677490234375
0.125 -0.55078125 0.79443359375
0.125 -0.859375 0.7939453125
0.3125 1.05859375 0.27996826171875
0.375 0.96484375 0.79345703125
0.4375 1.26953125 0.79248046875
0.3125 -1.328125 -0.238525390625
