TRUCK
-1.96875 0.64501953125 0.3912353515625
-1.96875 -0.52294921875 0.3902587890625
-1.90625 0.33642578125 0.3896484375
-1.90625 -0.15771484375 -1.064697265625
-1.84375 0.71533203125 -1.066650390625
-1.84375 0.42236328125 -1.066650390625
-1.78125 0.12939453125 -1.069580078125
-1.71875 1.00439453125 -1.069580078125
-1.59375 -1.14794921875 -0.591064453125
-1.21875 -1.07958984375 0.709716796875
-0.78125 -1.16357421875 0.3682861328125
-0.53125 -0.78662109375 1.196044921875
-0.46875 0.10009765625 1.196533203125
-0.40625 -0.21240234375 1.196044921875
-0.40625 -0.50732421875 1.195556640625
-0.34375 -0.85693359375 0.207122802734375
-0.34375 -1.08935546875 1.194580078125
-0.28125 0.39111328125 1.195556640625
-0.21875 0.95263671875 1.196044921875
-0.21875 0.65673828125 1.195556640625
-0.15625 -0.83349609375 0.697265625
-0.15625 -0.89404296875 0.35784912109375
-0.03125 0.94580078125 0.697509765625
0.09375 -0.67724609375 0.851318359375
0.09375 -0.96044921875 0.851318359375
0.40625 1.09423828125 0.848388671875
0.53125 1.16357421875 0.34716796875
1.78125 -1.17529296875 -1.196533203125
