TRUCK
-1.9375 -1.232421875 -0.928466796875
-1.6875 -1.212890625 -0.591064453125
-1.0 -1.240234375 0.30908203125
-1.0625 0.474609375 0.730712890625
-1.0625 0.642578125 0.658935546875
-0.6875 0.763671875 0.726318359375
-0.5 -0.833984375 1.073974609375
-0.5 -0.580078125 1.074951171875
-0.5 -0.044921875 1.075927734375
-0.4375 -0.576171875 0.650634765625
-0.5 0.208984375 1.075927734375
-0.4375 -0.322265625 1.074951171875
-0.375 -1.083984375 1.072998046875
-0.4375 0.474609375 1.076904296875
-0.5 1.224609375 1.077880859375
-0.4375 0.705078125 1.076904296875
-0.4375 0.974609375 1.076904296875
-0.25 -0.837890625 0.222412109375
-0.1875 -1.080078125 -0.2047119140625
-0.1875 -0.814453125 0.647705078125
-0.125 -1.083984375 0.220458984375
-0.125 -1.052734375 0.646728515625
-0.125 -0.908203125 0.2939453125
0.0 -0.658203125 0.292236328125
-0.125 1.001953125 0.649658203125
-0.125 1.259765625 0.649658203125
0.125 -0.712890625 0.717041015625
0.1875 -0.966796875 0.716552734375
0.1875 1.107421875 0.716064453125
1.75 -1.212890625 0.18896484375
