TRUCK
-2.0 -0.16015625 -1.0185546875
-1.9375 -0.6015625 -1.0185546875
-1.9375 -0.40625 -1.017578125
-1.9375 0.04296875 -1.021484375
-1.9375 0.26953125 -1.0224609375
-1.9375 0.50390625 -1.0244140625
-1.75 -0.84375 0.4619140625
-1.875 0.73828125 -1.0283203125
-1.6875 -0.41015625 0.458740234375
-1.5 -0.91796875 0.08203125
-1.375 -0.16796875 -0.7958984375
-1.4375 1.22265625 0.31598663330078125
-1.3125 0.79296875 -0.67822265625
-0.875 -1.20703125 0.443115234375
-0.8125 -0.49609375 1.056640625
-0.8125 -0.26953125 1.05615234375
-0.75 -0.71875 1.056640625
-1.0 1.38671875 0.05908203125
-0.9375 1.16796875 0.058349609375
-0.8125 0.18359375 1.05517578125
-0.75 -0.04296875 1.0556640625
-0.75 0.41796875 1.05419921875
-0.75 0.63671875 1.0537109375
-0.5 -0.91796875 1.05419921875
-0.6875 0.87890625 1.052734375
-0.4375 -0.62109375 1.1884765625
-0.4375 -0.39453125 1.18798828125
-0.375 -0.90625 0.2991504669189453
-0.4375 -0.1640625 1.1875
-0.4375 0.0546875 1.18701171875
-0.5625 1.11328125 1.05029296875
-0.3125 -0.703125 0.675048828125
-0.25 -1.1484375 -0.081787109375
-0.375 0.29296875 1.18603515625
-0.125 -1.015625 0.042724609375
-0.0625 -0.90625 0.4234619140625
-0.1875 0.54296875 1.18359375
-0.1875 0.77734375 1.18310546875
0.0 -0.73046875 0.8017578125
-0.1875 1.00390625 1.1826171875
0.0 -0.51171875 0.80126953125
0.0625 -0.96875 0.801513671875
-0.1875 1.23828125 1.18212890625
-0.0625 1.16015625 0.665283203125
0.0625 1.09765625 0.796875
0.125 0.90234375 0.795654296875
0.625 -1.296875 -0.105224609375
1.5625 -0.9921875 -0.91015625
1.625 -1.0625 -0.0068359375
1.75 -1.2890625 -0.009521484375
1.75 -1.38671875 -1.18359375
1.8125 -1.140625 -0.794921875
1.8125 -1.1328125 -1.1884765625
1.875 -1.1640625 0.37860107421875
1.875 -1.171875 -0.921875
1.875 -0.91015625 -0.7998046875
