TRUCK
-0.234375 0.75 -1.4244384765625
-1.2890625 0.794921875 0.3719482421875
-1.8359375 0.86328125 -0.5684814453125
-1.40625 0.7421875 0.4422607421875
0.421875 1.0703125 0.3280029296875
1.9375 0.8359375 1.0223388671875
-1.6640625 0.76953125 -0.0245361328125
-1.3359375 0.931640625 -0.0401611328125
-0.8203125 0.943359375 -0.0538330078125
-0.15625 0.912109375 0.1365966796875
1.34375 0.931640625 -0.0421142578125
-1.15625 0.94140625 0.9031982421875
-1.41796875 0.740234375 0.2694091796875
-1.58984375 0.4140625 0.7918701171875
-1.55078125 0.6328125 1.0750732421875
-1.91796875 0.73046875 0.4735107421875
-1.54296875 0.744140625 0.2723388671875
-0.69140625 0.86328125 0.8612060546875
-1.67578125 0.5 0.6834716796875
-1.96875 0.671875 0.8905029296875
0.546875 0.876953125 0.0086669921875
-0.3046875 0.875 0.8289794921875
0.546875 0.90234375 0.4002685546875
-1.0078125 0.55859375 1.4364013671875
0.7578125 0.912109375 0.5926513671875
-1.2421875 0.95703125 0.4774169921875
-1.46484375 0.572265625 0.6854248046875
-1.23046875 0.994140625 0.1990966796875
-0.234375 0.904296875 0.8065185546875
0.546875 0.90234375 0.4002685546875
1.859375 0.87109375 0.3953857421875
-1.33984375 0.908203125 -0.0411376953125
0.0078125 0.978515625 -0.8516845703125
-1.97265625 1.08984375 0.6258544921875
-0.8046875 0.939453125 0.1336669921875
-0.7890625 0.94140625 0.2938232421875
-0.69140625 0.8359375 -0.4791259765625
-1.24609375 0.6875 -0.3077392578125
-1.91796875 0.73046875 0.4735107421875
-0.1875 0.8671875 0.4237060546875
-0.1328125 1.09375 0.9539794921875
-1.33984375 0.75 -0.0196533203125
0.6171875 0.927734375 0.1405029296875
-0.140625 0.91015625 0.6697998046875
-1.92578125 0.759765625 -0.0518798828125
-1.8125 0.75 0.3162841796875
-1.8515625 0.724609375 -0.2427978515625
-1.2265625 0.416015625 -0.4381103515625
-0.70703125 0.904296875 1.0477294921875
0.078125 0.90234375 0.3182373046875
1.3203125 0.904296875 1.0379638671875
-1.3359375 0.83984375 1.0379638671875
-1.20703125 0.970703125 0.7235107421875
-1.609375 0.76171875 0.1063232421875
1.1171875 0.875 0.6356201171875
-0.1875 0.859375 0.4031982421875
-0.39453125 0.84375 0.7059326171875
-1.89453125 0.76171875 0.1883544921875
-0.5703125 0.87109375 0.6248779296875
-1.40625 0.7421875 0.4422607421875
-1.234375 0.95703125 0.8992919921875
1.234375 0.9140625 0.6864013671875
0.421875 1.0703125 0.3280029296875
1.84375 0.90625 1.0653076171875
-1.3359375 0.890625 0.9949951171875
-1.55078125 0.740234375 0.3748779296875
-1.24609375 0.970703125 0.5819091796875
-1.3046875 0.94140625 0.9266357421875
-1.3203125 0.87890625 0.3387451171875
-0.40625 0.89453125 1.1043701171875
-1.65234375 0.748046875 0.4412841796875
1.171875 0.671875 -0.5733642578125
1.84375 0.880859375 0.1317138671875
1.515625 0.91015625 0.5477294921875
-1.328125 0.98046875 0.2342529296875
1.203125 0.873046875 0.4022216796875
-0.39453125 0.90234375 0.8377685546875
-1.88671875 0.716796875 0.5457763671875
-1.3046875 0.802734375 0.4422607421875
0.3359375 1.048828125 0.4442138671875
-1.21484375 0.986328125 0.3377685546875
1.296875 0.90234375 0.7850341796875
-0.19921875 0.8828125 0.6053466796875
-1.26171875 0.966796875 1.3699951171875
1.984375 0.875 0.7586669921875
-0.0859375 0.921875 -0.5587158203125
1.25 0.837890625 0.9305419921875
-1.41796875 0.90625 -0.6248779296875
0.359375 0.837890625 0.8807373046875
-1.33984375 0.87109375 0.9969482421875
1.046875 0.83203125 -0.7269287109375
-1.69921875 0.755859375 0.1444091796875
-1.66796875 0.75 0.2088623046875
-1.27734375 0.98046875 -0.0137939453125
-1.76171875 0.73828125 0.2469482421875
-1.59765625 0.763671875 0.1727294921875
-1.64453125 0.71875 0.4783935546875
-0.6953125 0.85546875 0.9305419921875
-1.31640625 -1.146484375 0.8397216796875
-1.71875 0.763671875 0.0789794921875
1.0625 0.9765625 -1.0836410522460938
-1.62109375 0.38671875 0.6512451171875
-0.296875 0.982421875 -0.1134033203125
-1.6796875 0.783203125 0.6131591796875
-1.7109375 0.71875 0.5799560546875
1.25 0.837890625 0.9305419921875
-1.35546875 0.9765625 0.1317138671875
0.4765625 1.04296875 0.3133544921875
0.484375 0.865234375 0.6365966796875
-1.921875 0.71484375 0.6024169921875
1.0546875 0.94921875 -1.083648681640625
0.65625 0.916015625 0.6375732421875
-0.7734375 0.892578125 0.6219482421875
-1.97265625 1.17578125 0.8690185546875
-0.3828125 0.845703125 0.9188232421875
0.828125 0.873046875 0.8133544921875
-0.43359375 0.892578125 0.0506591796875
-1.6328125 0.451171875 0.6141357421875
-1.3203125 0.908203125 0.2664794921875
0.2890625 0.841796875 0.8768310546875
-1.703125 0.751953125 0.2098388671875
-0.9765625 0.87109375 1.3231201171875
0.9375 0.83203125 0.8768310546875
-1.25390625 0.958984375 0.7557373046875
-0.04296875 0.95703125 -0.8800048828125
-1.9609375 1.111328125 0.5330810546875
1.3359375 0.494140625 -0.3775634765625
1.0859375 0.91015625 0.5946044921875
1.3984375 0.9296875 0.2508544921875
1.7734375 0.876953125 0.4442138671875
0.21875 1.06640625 0.5711669921875
-0.140625 0.96484375 -1.4249267578125
0.5078125 0.890625 0.0555419921875
1.75 0.888671875 0.2908935546875
1.265625 0.8828125 0.7840576171875
-0.265625 0.59375 -1.4364013671875
-0.27734375 0.869140625 0.0604248046875
-0.8046875 0.939453125 0.1336669921875
-1.6484375 0.888671875 -0.5982666015625
-1.25 0.9921875 0.1600341796875
-1.2265625 0.966796875 0.4071044921875
-1.265625 0.73828125 0.1180419921875
-1.3046875 0.892578125 0.8592529296875
-1.34375 0.822265625 0.4061279296875
1.328125 0.927734375 0.8836669921875
0.6484375 0.916015625 0.7147216796875
-0.19921875 0.8828125 0.6053466796875
-0.59765625 0.962890625 -0.0714111328125
-1.96875 0.671875 0.8905029296875
-0.23046875 0.876953125 0.1619873046875
-1.21875 0.98046875 0.5819091796875
0.3671875 0.92578125 0.4442138671875
-0.40625 0.89453125 1.1043701171875
-1.3203125 0.9140625 0.3719482421875
-1.91796875 0.76953125 -0.0069580078125
0.3125 0.880859375 0.1981201171875
-0.20703125 0.81640625 -1.4232177734375
0.5859375 0.916015625 0.4002685546875
0.1875 0.8671875 0.2889404296875
1.3203125 0.923828125 0.4002685546875
-0.2578125 0.888671875 0.0418701171875
-1.3359375 0.87109375 0.5115966796875
1.296875 0.880859375 0.1551513671875
-1.5703125 0.744140625 0.2733154296875
-0.87890625 0.9296875 0.0750732421875
-0.80859375 0.927734375 0.4061279296875
1.8046875 0.904296875 0.5477294921875
-1.3515625 0.869140625 0.3367919921875
-1.30078125 -1.056640625 0.8563232421875
1.484375 0.900390625 0.8426513671875
-1.34375 0.970703125 0.3045654296875
0.984375 0.853515625 0.7840576171875
-0.54296875 0.869140625 0.3270263671875
-1.203125 0.9765625 0.4403076171875
-1.83203125 0.57421875 0.7391357421875
-1.2265625 0.416015625 -0.4381103515625
0.1484375 0.896484375 0.4617919921875
-1.9296875 0.68359375 0.2205810546875
-0.3046875 0.865234375 0.4256591796875
-0.296875 0.859375 0.4031982421875
1.265625 0.8671875 0.4500732421875
1.0859375 0.89453125 -0.0284423828125
1.34375 0.5234375 -0.3770751953125
-1.88671875 0.755859375 0.1551513671875
1.734375 0.8515625 0.6502685546875
-1.87890625 0.65625 0.8748779296875
-0.359375 0.912109375 0.5867919921875
1.5 0.943359375 -0.0020751953125
-0.08203125 0.9375 0.6082763671875
-1.2265625 0.751953125 -0.3057861328125
0.5625 0.8671875 0.4002685546875
-1.90625 1.1953125 0.5643310546875
0.546875 1.07421875 0.2684326171875
1.0390625 0.921875 0.4451904296875
1.5859375 0.939453125 0.4461669921875
-0.74609375 0.931640625 0.0155029296875
-1.49609375 0.62890625 0.9949951171875
0.671875 0.96875 -0.1802978515625
-1.66796875 0.75 0.2088623046875
-1.28515625 0.78515625 0.3367919921875
