TRUCK
-1.74609375 0.8193359375 0.3397216796875
-1.150390625 0.8603515625 0.3768310546875
1.994140625 0.9091796875 0.7752685546875
-1.494140625 0.8408203125 0.3768310546875
1.255859375 0.9755859375 0.5272216796875
1.095703125 0.8857421875 -0.3424072265625
-0.1484375 1.0224609375 0.5799560546875
-1.3583984375 0.8427734375 0.3758544921875
0.650390625 0.9404296875 0.3465576171875
1.013671875 1.1630859375 0.8211669921875
-0.1171875 1.0595703125 0.4158935546875
0.873046875 0.9189453125 0.6414794921875
-1.1640625 0.8271484375 0.4324951171875
-0.23046875 0.9892578125 -0.0196533203125
1.650390625 0.9423828125 0.3172607421875
-0.875 0.8447265625 0.2977294921875
-0.029296875 1.0244140625 0.7694091796875
-0.72265625 0.8134765625 0.4266357421875
1.126953125 1.1533203125 0.7352294921875
1.216796875 1.1259765625 0.5975341796875
-0.634765625 0.8408203125 0.3572998046875
-0.3984375 0.8173828125 0.5164794921875
-0.259765625 1.0947265625 0.3387451171875
-0.244140625 1.0263671875 0.5906982421875
1.337890625 0.9326171875 0.5877685546875
-0.25 0.9580078125 0.5418701171875
-1.69921875 1.0478515625 -0.0743408203125
1.353515625 1.1455078125 0.5340576171875
-0.763671875 0.8447265625 0.3709716796875
0.806640625 0.9072265625 0.8250732421875
0.3984375 0.8037109375 -0.5562744140625
-1.1171875 0.8173828125 0.5447998046875
-1.8544921875 0.8271484375 0.2137451171875
-0.220703125 0.8173828125 0.3016357421875
-0.279296875 0.7802734375 0.4627685546875
0.943359375 0.9833984375 0.5721435546875
-1.162109375 -1.0908203125 0.8104248046875
-0.388671875 0.7744140625 0.7020263671875
-1.8349609375 1.0732421875 -0.0694580078125
1.986328125 0.9130859375 0.8953857421875
-0.849609375 0.8193359375 0.4530029296875
1.009765625 1.0126953125 0.3035888671875
-0.7734375 0.8427734375 0.2615966796875
-0.2578125 1.0791015625 0.4725341796875
-1.7568359375 1.0146484375 0.0360107421875
0.611328125 0.9462890625 0.3074951171875
0.978515625 0.9892578125 -0.0069580078125
-1.201171875 0.7861328125 0.6883544921875
0.2109375 1.0009765625 0.3182373046875
-0.26171875 1.0810546875 0.5301513671875
-0.150390625 1.0439453125 0.3367919921875
-0.490234375 0.8427734375 0.2576904296875
0.599609375 0.9365234375 0.2860107421875
-0.2109375 0.9482421875 1.0809326171875
0.1015625 1.0087890625 0.3621826171875
-0.70703125 0.8544921875 -0.0010986328125
0.294921875 0.9990234375 0.3778076171875
1.685546875 0.9677734375 0.8719482421875
-1.109375 0.8271484375 0.4324951171875
1.685546875 0.9677734375 0.8719482421875
1.458984375 0.9716796875 0.4432373046875
0.140625 0.9736328125 0.5233154296875
-0.896484375 0.8564453125 0.5653076171875
-0.271484375 1.0869140625 -0.986572265625
-0.83203125 0.7861328125 0.6082763671875
0.669921875 0.9912109375 0.1483154296875
1.251953125 0.9697265625 0.4783935546875
-1.8662109375 0.7509765625 0.4656982421875
-1.67578125 0.8173828125 0.3045654296875
-1.45703125 0.7939453125 0.5213623046875
-0.2109375 1.0400390625 -0.1500244140625
0.646484375 0.9892578125 -0.0860595703125
0.837890625 0.9150390625 0.7528076171875
0.19140625 1.0146484375 0.0584716796875
-1.3720703125 0.8388671875 0.3953857421875
1.248046875 0.9658203125 0.4891357421875
-1.234375 0.8330078125 0.3387451171875
0.181640625 1.0166015625 0.1278076171875
-0.25 0.7841796875 0.6864013671875
1.115234375 0.9716796875 0.3592529296875
1.791015625 0.9853515625 0.5565185546875
-0.224609375 -0.8134765625 1.1141357421875
-1.201171875 0.8271484375 0.4139404296875
-1.138671875 0.8369140625 0.3397216796875
0.150390625 1.0126953125 0.6463623046875
-1.798828125 0.8212890625 0.1405029296875
0.6328125 0.1005859375 -0.8338623046875
-1.474609375 0.8408203125 0.3768310546875
-1.08984375 0.8291015625 0.2440185546875
-1.388671875 0.8623046875 0.2137451171875
-1.77734375 0.7744140625 0.2449951171875
-1.4892578125 0.8583984375 -0.1134033203125
-1.3076171875 0.1435546875 1.1629638671875
-0.12890625 1.0498046875 0.6326904296875
0.265625 0.9833984375 0.5233154296875
1.146484375 1.0224609375 -0.6436767578125
-0.4453125 0.8056640625 0.5418701171875
0.365234375 0.2900390625 -0.6727294921875
0.63671875 0.9638671875 0.5028076171875
-0.88671875 1.1298828125 0.6219482421875
-0.89453125 1.1142578125 0.5516357421875
-1.5322265625 0.7900390625 0.5399169921875
-1.265625 0.8466796875 0.3221435546875
0.939453125 0.9853515625 0.4334716796875
-0.63671875 0.8427734375 0.3504638671875
-1.7783203125 0.8115234375 0.3387451171875
-1.8037109375 0.8076171875 0.3758544921875
-0.330078125 1.1337890625 -0.9544677734375
-1.4521484375 0.8369140625 0.3221435546875
-1.6484375 1.0654296875 -0.1290283203125
0.126953125 1.0244140625 0.3758544921875
1.353515625 0.9931640625 0.4178466796875
-1.58984375 0.7822265625 0.5242919921875
-1.69921875 1.0478515625 -0.0743408203125
-0.10546875 1.0517578125 0.5604248046875
1.103515625 1.0966796875 0.7362060546875
1.611328125 0.9345703125 0.6854248046875
-1.3505859375 0.8408203125 0.2674560546875
-0.685546875 0.8623046875 -0.0010986328125
-1.8564453125 0.8212890625 0.1668701171875
-0.609375 -1.0439453125 1.1278076171875
-0.517578125 0.7978515625 0.6004638671875
-1.5419921875 0.8837890625 0.0184326171875
1.841796875 0.9560546875 0.6375732421875
-0.2265625 0.8369140625 0.1912841796875
-0.068359375 1.0751953125 0.3563232421875
0.455078125 0.9404296875 0.3514404296875
1.279296875 0.9755859375 -0.3531494140625
0.525390625 0.9072265625 0.9656982421875
1.783203125 0.9951171875 0.5233154296875
-0.896484375 1.0634765625 1.3016357421875
-0.89453125 1.1923828125 0.5526123046875
-0.826171875 0.8349609375 0.3153076171875
-1.0859375 0.8193359375 0.0985107421875
-0.59375 0.8095703125 0.5418701171875
-1.701171875 0.7978515625 0.2674560546875
0.779296875 0.9384765625 0.3055419921875
-1.03125 0.7919921875 0.5477294921875
-1.04296875 0.7744140625 0.6903076171875
0.578125 1.0498046875 -0.2364501953125
-0.28515625 0.7900390625 0.5428466796875
0.595703125 0.9775390625 0.5467529296875
-1.8447265625 0.8193359375 0.3211669921875
-1.7177734375 0.8154296875 0.1668701171875
-0.966796875 0.9013671875 0.3406982421875
-1.59765625 1.0771484375 -0.2969970703125
-1.7431640625 0.6591796875 0.5477294921875
-1.4404296875 0.8134765625 0.1658935546875
1.630859375 0.9423828125 0.9500732421875
1.142578125 1.0107421875 0.4168701171875
0.798828125 0.9794921875 0.3934326171875
-0.2890625 0.8349609375 0.0682373046875
0.66796875 0.9541015625 0.3719482421875
1.462890625 0.9208984375 0.2469482421875
-1.2958984375 0.7939453125 0.5252685546875
-0.46484375 0.8173828125 0.5155029296875
1.072265625 0.9755859375 0.5028076171875
-0.134765625 1.0869140625 -0.1490478515625
0.107421875 0.9853515625 0.1785888671875
-1.5673828125 1.1923828125 -0.7767333984375
-0.94921875 0.8232421875 -0.3931884765625
-0.087890625 1.0634765625 0.5408935546875
-1.8642578125 0.7392578125 0.4842529296875
1.123046875 0.9697265625 0.5506591796875
1.150390625 0.9638671875 0.5506591796875
0.076171875 0.9033203125 0.4822998046875
1.615234375 0.9033203125 0.6746826171875
-0.0703125 1.0478515625 0.6746826171875
-0.890625 1.1435546875 0.4989013671875
-0.58984375 0.8095703125 0.4256591796875
-0.82421875 0.8408203125 0.3768310546875
-0.3984375 0.4658203125 0.6385498046875
-0.84375 0.8505859375 0.3914794921875
-0.1640625 1.0595703125 0.1971435546875
-0.11328125 1.0244140625 -0.2257080078125
-1.7568359375 0.7744140625 0.4656982421875
-0.32421875 0.8349609375 0.3553466796875
-0.48046875 0.8076171875 0.4246826171875
-1.69921875 0.8369140625 0.3582763671875
0.375 0.9423828125 0.7156982421875
0.587890625 0.9814453125 -0.0811767578125
0.798828125 0.9990234375 0.3934326171875
-1.3544921875 0.8056640625 0.5057373046875
-0.2421875 0.9580078125 0.2967529296875
-0.578125 0.7880859375 0.5809326171875
-1.283203125 1.1259765625 -0.8206787109375
1.064453125 0.2724609375 -0.7860107421875
1.751953125 0.9697265625 0.5291748046875
1.134765625 0.9736328125 0.5330810546875
0.521484375 0.9345703125 0.3280029296875
-0.53125 0.8759765625 -0.2139892578125
-0.537109375 0.6630859375 0.9285888671875
-1.5078125 0.7236328125 0.5965576171875
1.685546875 0.9716796875 0.7518310546875
-1.232421875 0.8564453125 0.3953857421875
-1.8037109375 0.6357421875 0.5604248046875
-1.9599609375 0.7587890625 0.4100341796875
-0.529296875 0.8037109375 0.4637451171875
0.3984375 0.9638671875 0.8006591796875
1.220703125 1.0146484375 -0.1007080078125
