TRUCK
-1.140625 0.5654296875 -0.1357421875
0.65869140625 0.5888671875 0.8212890625
1.8759765625 0.5888671875 0.6005859375
0.1875 0.6005859375 0.8681640625
1.34912109375 0.6669921875 0.5048828125
1.64453125 0.6376953125 0.5634765625
1.113525390625 0.5908203125 0.7939453125
-0.626953125 0.5322265625 0.302734375
0.5693359375 0.6337890625 0.2978515625
0.2080078125 0.6767578125 0.3408203125
-0.3603515625 0.6962890625 0.10546875
1.9580078125 0.6220703125 0.3369140625
0.712890625 0.6181640625 0.345703125
1.1845703125 0.6533203125 0.56640625
0.52001953125 0.6337890625 0.2041015625
-0.115234375 0.6611328125 0.5263671875
1.985595703125 0.6123046875 0.2236328125
1.020751953125 0.6005859375 0.7041015625
1.98974609375 0.6533203125 0.4501953125
0.453125 0.6376953125 0.201171875
1.02734375 0.8251953125 0.728515625
1.43182373046875 0.6748046875 1.0771484375
-1.525390625 0.5341796875 0.3349609375
1.7142333984375 0.6806640625 0.35546875
0.56689453125 0.6767578125 0.521484375
-0.376953125 0.7685546875 0.5390625
1.6539306640625 0.6552734375 0.4677734375
1.1669921875 0.6396484375 -0.0166015625
0.83056640625 0.6474609375 0.876953125
0.1328125 0.6826171875 0.173828125
-0.12109375 0.6474609375 0.7109375
0.85693359375 0.6826171875 0.5166015625
1.364501953125 0.5966796875 0.728515625
1.635498046875 0.6669921875 0.2548828125
0.751953125 0.6279296875 0.9892578125
1.7310791015625 0.6220703125 0.373046875
-1.244140625 0.4755859375 0.5029296875
1.115234375 0.5869140625 0.8642578125
1.5026931762695312 0.6181640625 0.2744140625
1.7183837890625 0.5947265625 0.6025390625
-1.001953125 0.4521484375 0.7392578125
0.1181640625 0.6748046875 0.578125
1.7396240234375 0.6572265625 0.3544921875
1.937255859375 0.5771484375 0.791015625
0.4384765625 0.6259765625 0.3662109375
-0.94140625 0.4951171875 0.46875
-0.208984375 0.7451171875 0.3115234375
-0.3984375 0.1416015625 -0.45751953125
1.09814453125 0.7138671875 -1.1197185516357422
-1.31640625 0.4912109375 0.5966796875
-1.57421875 0.5537109375 -0.33935546875
0.0146484375 0.6845703125 0.6044921875
1.89892578125 0.6259765625 0.373046875
1.745849609375 0.5849609375 0.640625
0.3310546875 0.6787109375 0.5263671875
-1.162109375 0.6533203125 -0.9232177734375
1.5963134765625 0.6689453125 0.5634765625
-1.78515625 0.4697265625 0.29296875
-0.779296875 0.4716796875 0.66796875
-1.158203125 0.7685546875 -0.9039306640625
1.6339111328125 0.6943359375 0.1484375
-1.6796875 0.5400390625 -0.0009765625
0.90966796875 0.6865234375 0.578125
1.077392578125 0.6552734375 -0.033203125
1.7578125 0.6083984375 0.2548828125
0.99072265625 0.6669921875 0.4111328125
0.2958984375 0.6669921875 0.783203125
-0.396484375 0.7431640625 0.6328125
0.9541015625 0.6669921875 0.494140625
0.60986328125 0.6357421875 0.1015625
-1.244140625 0.4755859375 0.83984375
-0.0078125 0.6552734375 0.86328125
0.9921875 0.6943359375 0.123046875
-0.0087890625 0.7080078125 0.328125
0.2431640625 0.6162109375 0.6953125
-0.3466796875 0.6904296875 0.5908203125
1.3292236328125 0.6025390625 0.611328125
-1.400390625 0.5419921875 0.275390625
-1.4140625 0.4892578125 0.5927734375
-0.939453125 0.5595703125 -0.1162109375
0.4091796875 0.6396484375 0.0908203125
0.85107421875 0.6826171875 0.474609375
-1.6015625 0.5185546875 0.0908203125
-1.271484375 0.2158203125 0.5927734375
-0.966796875 0.5380859375 0.208984375
-1.03515625 0.8115234375 0.5283203125
-0.12109375 0.6474609375 0.7109375
1.71484375 0.6767578125 0.3720703125
0.029296875 0.6708984375 1.0576171875
0.083984375 0.6884765625 0.3154296875
1.2760009765625 0.5888671875 0.9599609375
1.035888671875 0.7958984375 0.73046875
1.321044921875 0.6787109375 0.4052734375
1.003662109375 0.6669921875 0.2294921875
-1.03515625 0.6845703125 0.380859375
1.998046875 0.6201171875 0.3369140625
1.22998046875 0.6748046875 0.1318359375
0.609375 0.5849609375 0.8994140625
0.1083984375 0.7001953125 0.33203125
1.135986328125 0.8310546875 0.5859375
-0.83203125 0.5126953125 0.3828125
0.994384765625 0.6298828125 0.2265625
1.729736328125 0.6083984375 0.3310546875
-0.99609375 0.4951171875 -0.50634765625
1.47235107421875 0.6552734375 0.4306640625
0.9091796875 0.6787109375 0.6103515625
0.71142578125 0.6123046875 0.6298828125
0.26171875 0.6689453125 0.52734375
-0.681640625 0.4853515625 0.470703125
-0.119140625 0.6884765625 0.12109375
1.061767578125 0.6552734375 0.4931640625
1.2623291015625 0.5947265625 0.1943359375
1.53009033203125 0.6767578125 0.525390625
-0.1103515625 0.6767578125 0.5771484375
-1.017578125 0.8154296875 0.49609375
-1.25 0.2412109375 0.6005859375
0.390625 0.6728515625 1.0166015625
0.71630859375 0.6669921875 0.4755859375
1.178466796875 0.6123046875 0.3095703125
0.7939453125 0.6884765625 0.3955078125
0.65771484375 0.6650390625 0.525390625
0.61474609375 0.6123046875 0.3671875
0.71484375 0.6591796875 0.50390625
1.980712890625 0.6611328125 0.4501953125
0.3125 0.6201171875 0.6455078125
0.4462890625 0.6630859375 0.548828125
0.50537109375 0.6650390625 0.45703125
-1.361328125 0.5458984375 0.2763671875
1.368408203125 0.6630859375 0.46484375
0.533203125 0.6298828125 0.568359375
-1.244140625 0.4892578125 0.47265625
1.08837890625 0.6318359375 0.2734375
0.2353515625 0.3564453125 -1.495361328125
1.5419921875 0.6748046875 0.525390625
1.912353515625 0.6181640625 0.3369140625
-0.1728515625 0.7431640625 0.2734375
1.3048095703125 0.5888671875 0.5927734375
-0.1689453125 0.7197265625 0.4365234375
-1.0859375 0.5556640625 -0.2109375
1.989501953125 0.6474609375 0.4658203125
0.091796875 0.6826171875 0.771484375
0.86376953125 0.6787109375 0.4736328125
1.217041015625 0.6005859375 0.62890625
1.828857421875 0.6298828125 0.109375
-1.294921875 0.5341796875 0.3408203125
-1.15625 0.4892578125 0.09765625
-0.1708984375 0.5478515625 -0.369140625
1.0361328125 0.7001953125 -0.0185546875
0.3916015625 0.5966796875 0.8388671875
0.984375 0.7431640625 -0.1884765625
1.449066162109375 0.8154296875 0.3369140625
0.7958984375 0.6630859375 0.5908203125
1.450775146484375 0.6630859375 0.4462890625
0.77001953125 0.6669921875 0.3505859375
1.851318359375 0.6103515625 0.3359375
-0.99609375 0.5966796875 0.3505859375
1.56243896484375 0.6787109375 0.3505859375
1.954833984375 0.6064453125 0.35546875
1.722412109375 0.6748046875 0.2802734375
0.51904296875 0.6474609375 0.2734375
-0.9921875 0.8505859375 0.5517578125
0.97509765625 0.6533203125 0.494140625
1.6326904296875 0.6630859375 0.58203125
0.57421875 0.6318359375 0.0283203125
0.90478515625 0.6455078125 0.8720703125
0.1240234375 0.6923828125 0.0791015625
-1.033203125 0.5029296875 0.4375
0.4326171875 0.6806640625 0.43359375
1.838623046875 0.6689453125 0.4111328125
1.5037612915039062 0.6435546875 0.6826171875
0.0322265625 0.6865234375 0.7734375
-0.603515625 0.5341796875 0.2470703125
1.66162109375 0.6650390625 0.599609375
0.8291015625 0.6513671875 0.9794921875
1.2530517578125 0.6455078125 0.5048828125
1.2620849609375 0.6142578125 0.572265625
0.076171875 0.6845703125 0.2919921875
1.7425537109375 0.6591796875 0.486328125
0.455078125 0.6123046875 0.619140625
0.267578125 0.6845703125 0.431640625
1.896728515625 0.6142578125 0.5595703125
-0.154296875 0.7294921875 0.53515625
0.1455078125 0.6787109375 0.5986328125
-0.1259765625 0.6318359375 0.654296875
1.59588623046875 0.6689453125 0.486328125
-1.08203125 0.6142578125 1.1591796875
0.2626953125 0.6396484375 0.310546875
1.873291015625 -0.0361328125 -0.6142578125
1.236328125 0.6298828125 0.6123046875
1.792236328125 0.6064453125 0.3544921875
1.6611328125 0.6552734375 0.44921875
1.55157470703125 0.6708984375 0.3349609375
1.769775390625 0.6123046875 0.279296875
1.097900390625 0.6474609375 0.0693359375
1.795654296875 0.5771484375 0.8271484375
1.38848876953125 0.6259765625 -0.0048828125
-0.00390625 0.6787109375 0.751953125
-1.306640625 0.2021484375 0.658203125
0.94970703125 0.6611328125 0.4619140625
-0.1337890625 0.6845703125 -0.69384765625
