TRUCK
1.431640625 0.7900390625 0.9627685546875
1.556640625 0.8251953125 0.3348388671875
1.1953125 0.8720703125 0.4178466796875
-0.11328125 0.8837890625 0.5906982421875
0.55078125 0.9013671875 0.6102294921875
1.396484375 0.7822265625 0.9129638671875
1.861328125 0.7802734375 0.9471435546875
-0.41796875 0.9072265625 0.4832763671875
0.7265625 0.8583984375 0.3348388671875
1.265625 0.8876953125 -0.90185546875
-1.41796875 0.7744140625 -0.1593017578125
0.552734375 0.8798828125 0.5447998046875
-0.05859375 0.8076171875 0.9510498046875
0.6484375 0.8330078125 1.0135498046875
0.427734375 0.8759765625 0.4129638671875
0.958984375 0.8623046875 0.0145263671875
-0.609375 0.9306640625 0.7127685546875
1.419921875 0.8525390625 0.7059326171875
1.576171875 0.8076171875 0.6444091796875
0.91796875 0.1904296875 -0.5889892578125
-0.40625 0.8662109375 0.8221435546875
0.98046875 0.8095703125 0.8182373046875
0.494140625 0.9580078125 -0.1583251953125
-1.51953125 0.6904296875 0.8660888671875
1.6953125 0.7939453125 0.6971435546875
0.134765625 0.8701171875 0.7947998046875
1.9931640625 0.9892578125 -0.7327880859375
1.34765625 0.8740234375 0.6453857421875
1.716796875 1.0087890625 -0.1568603515625
-1.28515625 0.9677734375 1.1483154296875
-0.39453125 0.9248046875 0.1844482421875
1.859375 0.9052734375 0.1864013671875
0.521484375 0.9404296875 -0.2437744140625
-1.40234375 1.0361328125 0.7420654296875
1.3984375 0.8837890625 0.5584716796875
-1.25390625 0.9326171875 -1.4830322265625
1.3828125 0.9013671875 0.0985107421875
0.716796875 0.8525390625 0.2381591796875
1.09375 1.0419921875 0.4403076171875
0.091796875 0.8466796875 0.2000732421875
0.341796875 0.9130859375 -0.0645751953125
2.0 1.1005859375 -1.4578857421875
0.76171875 0.8330078125 0.6229248046875
1.16015625 1.0419921875 0.3543701171875
1.056640625 0.8505859375 0.5897216796875
-0.62890625 1.1337890625 1.3631591796875
0.376953125 0.8955078125 0.4246826171875
-1.203125 0.7275390625 0.2772216796875
-0.12109375 0.8759765625 0.7352294921875
-0.34375 0.4306640625 1.3709716796875
0.712890625 0.7998046875 0.7196044921875
-0.5 0.9443359375 0.9783935546875
-1.5625 0.7626953125 -0.1705322265625
-1.55859375 0.7626953125 0.1639404296875
0.583984375 0.9033203125 0.4793701171875
0.94921875 0.8740234375 0.4158935546875
0.94921875 0.8681640625 -0.0118408203125
0.978515625 1.0283203125 0.4383544921875
-0.421875 0.9267578125 0.4461669921875
0.240234375 0.8544921875 0.0770263671875
0.736328125 0.7978515625 0.8973388671875
-0.46484375 0.9560546875 0.4832763671875
1.525390625 0.8369140625 0.2479248046875
0.732421875 0.7998046875 0.7362060546875
-1.28515625 0.9677734375 1.1483154296875
1.466796875 0.8857421875 0.2489013671875
0.96875 0.9326171875 0.3250732421875
-0.033203125 0.8935546875 0.4110107421875
-0.0078125 0.8603515625 0.2381591796875
0.736328125 0.7998046875 0.8328857421875
-0.3984375 0.9091796875 0.5965576171875
1.625 0.8095703125 0.6707763671875
-1.921875 0.8291015625 -0.1739501953125
1.09375 1.0419921875 0.4403076171875
-0.21484375 0.8740234375 0.7391357421875
0.111328125 0.8115234375 0.7625732421875
-1.51953125 0.6826171875 0.7781982421875
1.494140625 0.7744140625 0.9783935546875
0.59765625 0.8896484375 0.3817138671875
1.71875 0.8095703125 0.7781982421875
1.21875 0.8603515625 0.7069091796875
0.671875 0.8916015625 0.4149169921875
-0.05859375 0.8310546875 0.8065185546875
1.12890625 0.8095703125 0.6580810546875
1.46875 0.8369140625 1.0721435546875
0.2265625 0.8525390625 0.3524169921875
0.70703125 0.8916015625 0.4783935546875
1.712890625 0.8681640625 0.4197998046875
0.458984375 0.8544921875 0.6463623046875
1.265625 0.9033203125 0.4422607421875
-0.48828125 1.0732421875 1.3494873046875
-0.3125 0.8662109375 1.0799560546875
-0.39453125 0.9208984375 0.3709716796875
-0.3515625 0.3681640625 1.2947998046875
0.958984375 0.8623046875 0.0145263671875
1.767578125 0.8134765625 0.7479248046875
0.751953125 0.8056640625 0.8787841796875
0.046875 0.8623046875 1.0135498046875
1.697265625 0.7880859375 0.8914794921875
1.30078125 0.8720703125 0.5633544921875
1.3046875 1.0322265625 0.2147216796875
1.478515625 1.0302734375 0.0447998046875
0.349609375 0.8857421875 0.4578857421875
1.46875 0.8994140625 0.2186279296875
-0.2734375 -0.0283203125 1.3143310546875
-0.33984375 0.2646484375 1.4901123046875
0.345703125 0.8935546875 0.1541748046875
-0.15625 0.8935546875 0.5184326171875
0.84765625 0.8681640625 0.5096435546875
-1.87109375 0.6083984375 -0.4459228515625
0.775390625 0.8427734375 0.6053466796875
1.8984375 0.8525390625 -0.0216064453125
1.447265625 0.8603515625 0.5301513671875
-1.09765625 0.7509765625 0.1434326171875
0.328125 0.8818359375 0.5252685546875
1.884765625 0.8037109375 0.7694091796875
1.625 1.0322265625 -0.1251220703125
1.341796875 0.8916015625 0.4764404296875
-0.11328125 0.8837890625 0.5906982421875
0.16796875 0.8447265625 0.2723388671875
0.138671875 0.8896484375 0.4461669921875
0.35546875 0.8310546875 0.6600341796875
1.10546875 0.8076171875 0.7508544921875
1.146484375 0.8857421875 -0.4884033203125
0.265625 0.9150390625 0.1834716796875
1.662109375 0.8447265625 1.0526123046875
-0.6484375 0.9716796875 0.4071044921875
0.767578125 0.8759765625 0.5584716796875
-0.47265625 0.9560546875 0.6346435546875
1.9638671875 1.1474609375 -1.4561767578125
1.6328125 0.7939453125 0.6981201171875
-1.40625 0.6376953125 0.9237060546875
-1.0859375 0.6923828125 -0.3507080078125
1.47265625 0.7978515625 0.8455810546875
0.9921875 0.8408203125 0.3748779296875
0.740234375 0.8173828125 0.6873779296875
1.626953125 0.8369140625 0.3641357421875
-1.75 0.7353515625 0.2889404296875
1.294921875 0.8603515625 0.8572998046875
0.53515625 0.8896484375 0.4930419921875
0.720703125 0.9521484375 -0.2222900390625
-1.27734375 0.7197265625 0.4031982421875
1.796875 0.8076171875 0.8309326171875
1.80078125 0.8662109375 0.4783935546875
1.087890625 0.8564453125 0.0740966796875
-0.30078125 0.9150390625 -0.0333251953125
0.82421875 0.9326171875 -0.99224853515625
1.46875 0.8994140625 0.2186279296875
-1.453125 0.9384765625 -0.5885009765625
-1.73828125 0.7412109375 -0.0040283203125
-0.4140625 0.8154296875 -0.3511962890625
1.84765625 0.8486328125 -0.0274658203125
1.642578125 0.7919921875 0.6990966796875
1.10546875 0.8505859375 0.3475341796875
1.880859375 0.8193359375 0.6395263671875
1.82421875 0.9521484375 -0.1495361328125
-1.7578125 0.7509765625 -0.1627197265625
1.41796875 0.8837890625 0.5330810546875
0.517578125 0.8994140625 0.5584716796875
1.376953125 0.8642578125 0.5623779296875
-1.1953125 0.6943359375 -0.3634033203125
-0.037109375 0.8642578125 1.0194091796875
-1.83203125 0.7626953125 -0.1910400390625
-0.3359375 0.4873046875 1.3670654296875
-1.484375 1.0185546875 0.8592529296875
0.298828125 0.8837890625 0.4910888671875
-1.55859375 1.0791015625 -0.9078369140625
-1.5078125 0.6220703125 0.6209716796875
1.876953125 0.8759765625 0.5057373046875
1.474609375 0.8623046875 0.5037841796875
0.978515625 1.0419921875 0.5291748046875
-1.12890625 0.7041015625 0.4461669921875
1.0078125 0.8095703125 0.7860107421875
1.03515625 0.8603515625 0.4979248046875
-1.48828125 0.6748046875 0.4891357421875
1.0546875 0.8369140625 0.3250732421875
1.4140625 0.8212890625 0.7938232421875
-0.35546875 -0.1455078125 1.4119873046875
0.53515625 0.8896484375 0.4930419921875
0.728515625 0.8603515625 0.2713623046875
1.056640625 0.8427734375 0.2947998046875
1.544921875 0.8974609375 0.1668701171875
1.1484375 0.9462890625 0.2918701171875
-0.41015625 0.9384765625 0.2967529296875
1.224609375 0.8505859375 0.9959716796875
0.560546875 0.8662109375 0.8865966796875
-1.49609375 0.5048828125 -0.4874267578125
-0.171875 0.9130859375 0.3045654296875
-0.9296875 0.7705078125 -0.1920166015625
-0.42578125 0.9150390625 0.7088623046875
1.857421875 0.8193359375 0.6395263671875
-1.3828125 0.6533203125 0.7489013671875
-0.041015625 0.9033203125 0.5584716796875
1.3671875 0.8974609375 0.0428466796875
-1.18359375 0.6513671875 1.1229248046875
1.826171875 0.8408203125 0.1776123046875
0.041015625 0.8857421875 0.4110107421875
1.494140625 0.8544921875 0.0340576171875
1.623046875 0.8720703125 0.5037841796875
-1.51953125 0.6904296875 0.8660888671875
