TRUCK
2.0 -1.388671875 -0.2080078125
-0.96875 -0.275390625 0.3984375
-1.71875 -1.037109375 -0.123046875
-1.96875 -1.123046875 -0.54931640625
-1.125 -1.181640625 0.1875
-1.140625 -0.689453125 0.8359375
-1.109375 0.423828125 0.0693359375
-1.484375 0.810546875 0.1748046875
1.484375 -0.775390625 0.2724609375
-1.203125 -0.611328125 0.7275390625
-0.59375 -1.087890625 -1.694091796875
-1.96875 -1.123046875 -0.54931640625
1.65625 -0.603515625 0.912109375
1.921875 -1.275390625 1.1640625
1.6875 -0.521484375 0.912109375
-1.3125 0.455078125 0.3984375
-1.203125 -0.611328125 0.7275390625
1.84375 -0.517578125 0.90625
1.625 -0.431640625 0.787109375
-0.5625 -0.931640625 -1.702392578125
-1.1875 -0.927734375 -0.923583984375
-1.1875 -1.220703125 -0.5869140625
-1.1875 0.634765625 0.28515625
-1.171875 -0.978515625 0.294921875
-0.921875 -1.240234375 0.294921875
1.90625 -0.724609375 1.04296875
-1.15625 -1.041015625 0.6181640625
-1.1875 -1.044921875 0.509765625
-1.15625 -1.177734375 0.3984375
-1.203125 -1.146484375 -0.45751953125
-1.484375 0.880859375 0.2861328125
-1.109375 0.642578125 0.0673828125
-1.1875 -1.349609375 -0.47607421875
-0.5625 -0.931640625 -1.702392578125
-0.796875 -1.224609375 -1.168121337890625
-0.734375 -1.294921875 -0.048828125
1.921875 -1.412109375 -0.33056640625
1.765625 -1.123046875 0.6640625
-1.328125 0.724609375 0.2861328125
-1.296875 0.708984375 0.0693359375
1.75 -1.142578125 -0.2041015625
-1.265625 0.646484375 0.1806640625
-0.46875 -1.255859375 -0.0400390625
1.84375 -1.033203125 0.1669921875
-1.46875 0.849609375 0.0703125
-1.109375 0.001953125 0.40234375
-0.3125 -1.314453125 -0.287109375
1.484375 -0.787109375 0.6484375
1.8125 -1.158203125 0.271484375
-1.15625 -1.041015625 0.6181640625
-1.140625 -0.935546875 0.7265625
-1.296875 -1.173828125 -0.025390625
1.703125 -1.025390625 0.787109375
-1.0625 0.818359375 0.626953125
1.484375 -0.708984375 0.6484375
-1.171875 -1.044921875 0.294921875
-1.125 0.291015625 0.2919921875
-1.28125 -1.177734375 -0.36474609375
1.828125 -1.263671875 -0.107421875
-1.296875 0.642578125 0.4013671875
-1.296875 -1.173828125 -0.025390625
-0.15625 -1.302734375 -0.177734375
1.71875 -1.154296875 -0.080078125
-1.125 0.072265625 0.40234375
-0.984375 -0.228515625 0.2861328125
-1.109375 -0.041015625 0.3984375
-1.0625 0.826171875 0.626953125
-1.28125 -1.236328125 -0.025390625
-1.171875 -1.138671875 0.619140625
-1.359375 -1.068359375 0.93359375
-0.5625 -0.931640625 -1.702392578125
-1.1875 -0.927734375 -0.923583984375
-1.40625 0.955078125 0.291015625
1.6875 -1.064453125 0.6630859375
-1.234375 -1.083984375 0.7275390625
1.515625 -0.857421875 0.6484375
-1.375 -1.099609375 0.0732421875
-0.078125 -1.298828125 -0.990234375
1.515625 -0.857421875 0.6484375
1.734375 -1.431640625 -0.48193359375
0.140625 -1.337890625 -0.068359375
-1.09375 0.380859375 0.28515625
-1.375 -1.064453125 -0.025390625
-0.78125 -1.083984375 -0.805419921875
1.96875 -1.283203125 0.779296875
1.859375 -1.224609375 0.90234375
-1.234375 0.060546875 0.0634765625
-0.765625 -1.353515625 -0.4716796875
-1.671875 -1.150390625 -0.778564453125
1.75 -1.142578125 -0.2041015625
0.890625 -1.419921875 -0.811279296875
-1.15625 -1.111328125 0.3984375
-0.53125 -1.353515625 -0.4814453125
-1.890625 -1.025390625 -0.119140625
-1.1875 -1.130859375 0.0791015625
1.984375 -1.111328125 0.90625
-1.125 0.013671875 0.1748046875
-1.09375 -0.626953125 1.3828125
-1.0 -0.240234375 0.1826171875
1.9375 -1.283203125 1.03125
0.484375 -1.314453125 0.5263671875
-1.1875 -1.177734375 0.0703125
-1.296875 0.708984375 0.0693359375
-1.484375 -1.021484375 0.08203125
-1.140625 -1.173828125 0.6181640625
-1.234375 -1.083984375 0.7275390625
0.984375 -1.345703125 0.173828125
-1.140625 -1.099609375 0.6181640625
-1.109375 0.376953125 0.1728515625
1.71875 -1.154296875 -0.080078125
-1.09375 0.431640625 0.1806640625
0.25 -1.306640625 -0.30615234375
-1.171875 -1.255859375 0.080078125
-0.53125 -1.353515625 -0.4814453125
-1.125 -0.794921875 1.0546875
-1.109375 -0.693359375 0.953125
-1.359375 0.806640625 0.060546875
1.875 -1.412109375 -0.36083984375
-0.40625 -1.091796875 0.0693359375
-1.109375 0.099609375 0.3984375
0.140625 -1.302734375 0.1650390625
1.109375 -1.287109375 -0.8251953125
-0.265625 -1.134765625 -0.833740234375
1.984375 -1.111328125 0.90625
-0.390625 -1.173828125 -0.26513671875
0.09375 -1.263671875 -0.768798828125
1.671875 -1.080078125 0.0439453125
-1.28125 -1.302734375 -0.23828125
-1.125 0.568359375 0.068359375
1.578125 -0.767578125 0.7734375
-1.125 0.291015625 0.2919921875
-1.0 -0.240234375 0.1826171875
1.671875 -1.080078125 0.0439453125
1.5 -0.685546875 0.3974609375
-0.359375 -1.298828125 0.1708984375
-1.4375 0.873046875 0.291015625
-1.25 -1.134765625 0.830078125
1.5 -0.685546875 0.3974609375
1.5 -0.732421875 0.66015625
1.90625 -1.076171875 0.916015625
-1.453125 -1.009765625 0.189453125
-0.265625 -1.212890625 -0.8642578125
0.40625 -1.310546875 -1.0234375
-1.078125 0.744140625 0.626953125
0.15625 -1.267578125 0.5224609375
1.390625 -1.439453125 -0.839599609375
-0.78125 -1.083984375 -0.805419921875
-1.125 -0.794921875 1.0546875
-0.140625 -1.310546875 0.16796875
-0.671875 -1.251953125 -0.0361328125
-1.1875 -1.044921875 0.509765625
0.828125 -1.322265625 -0.0625
1.65625 -0.900390625 0.775390625
1.5 -0.853515625 0.2724609375
1.96875 -1.283203125 0.779296875
1.78125 -1.177734375 0.650390625
2.0 -1.259765625 0.791015625
-1.109375 0.521484375 0.171875
0.828125 -1.322265625 -0.0625
1.53125 -0.876953125 0.6611328125
-1.109375 0.423828125 0.0693359375
1.765625 -1.158203125 -0.2333984375
-1.890625 -1.099609375 -0.742431640625
1.484375 -0.787109375 0.6484375
-1.78125 -1.130859375 -0.55859375
-0.046875 -1.279296875 -0.046875
-1.296875 0.775390625 0.1806640625
-1.78125 -0.919921875 0.61328125
-1.96875 -1.123046875 -0.54931640625
-1.140625 -1.048828125 0.2890625
1.453125 -1.427734375 -0.71875
1.484375 -0.666015625 0.4140625
-1.453125 0.857421875 0.1806640625
-1.296875 -0.318359375 0.06640625
-1.421875 -1.154296875 -0.6845703125
-1.1875 -0.404296875 0.728515625
0.84375 -1.369140625 -0.0849609375
1.484375 -0.826171875 0.4140625
-0.53125 -1.220703125 -1.188446044921875
-0.390625 -1.173828125 -0.26513671875
-0.765625 -1.353515625 -0.4716796875
-1.109375 0.447265625 0.1728515625
-0.125 -1.166015625 -0.840576171875
-1.109375 0.091796875 0.173828125
-0.046875 -1.353515625 -0.50048828125
0.359375 -1.185546875 -1.259613037109375
0.40625 -1.287109375 -0.1708984375
1.8125 -0.763671875 0.904296875
-0.65625 -1.240234375 0.5107421875
-1.21875 -0.552734375 0.7275390625
-1.015625 -1.220703125 -1.15106201171875
-1.515625 -1.037109375 -0.1279296875
1.484375 -0.775390625 0.2724609375
-1.390625 0.814453125 0.4013671875
-2.0 -0.919921875 0.501953125
-1.6875 -1.099609375 -0.228515625
-1.265625 0.400390625 0.3984375
-1.390625 0.814453125 0.4013671875
-0.78125 -1.083984375 -0.805419921875
-1.1875 -0.681640625 0.7275390625
