TRUCK
-0.5625 1.396484375 1.13116455078125
-0.59375 1.955078125 0.27764892578125
-0.375 -0.595703125 -0.37078857421875
-0.25 -1.900390625 -1.02117919921875
-0.53125 0.935546875 1.45538330078125
-0.4375 0.326171875 -0.48797607421875
-0.40625 -0.080078125 -1.13690185546875
-0.375 -0.990234375 1.45343017578125
0.125 1.775390625 -0.82098388671875
-0.40625 -0.251953125 -0.81317138671875
-0.5 0.556640625 1.45538330078125
-0.40625 -0.724609375 1.12921142578125
-0.40625 -0.208984375 -0.37078857421875
-0.3125 -1.591796875 0.15753173828125
-0.34375 -1.169921875 -0.37176513671875
-0.34375 -1.396484375 -0.81317138671875
-0.34375 -0.986328125 0.48272705078125
-0.3125 -1.673828125 1.12921142578125
-0.4375 -0.224609375 0.80694580078125
-0.59375 1.892578125 0.92803955078125
-0.375 -0.810546875 -0.16473388671875
-0.59375 1.517578125 1.45733642578125
-0.25 -1.748046875 -0.69647216796875
-0.40625 -0.166015625 -0.04754638671875
-0.53125 1.537109375 1.25030517578125
-0.3125 -1.162109375 -0.69549560546875
-0.375 -0.638671875 -0.81317138671875
-0.46875 0.568359375 -0.37078857421875
-0.53125 1.732421875 -0.37078857421875
-0.375 -0.990234375 1.45343017578125
-0.4375 0.337890625 0.15850830078125
-0.3125 -1.556640625 1.24639892578125
-0.4375 -0.037109375 -0.16473388671875
-0.46875 0.876953125 -1.13690185546875
-0.5625 1.603515625 1.13311767578125
-0.34375 -0.857421875 -1.13641357421875
-0.21875 -1.966796875 0.59991455078125
-0.375 -0.642578125 -0.48797607421875
-0.4375 0.169921875 0.48272705078125
-0.34375 -1.048828125 -1.13641357421875
-0.3125 -1.888671875 1.12921142578125
-0.46875 0.576171875 1.24835205078125
-0.46875 0.349609375 -0.16473388671875
-0.3125 -1.419921875 -0.48797607421875
-0.40625 -0.361328125 -0.04754638671875
-0.46875 0.740234375 -0.16473388671875
-0.375 -0.919921875 1.12921142578125
-0.5 0.908203125 -0.48797607421875
-0.53125 1.298828125 -0.81317138671875
-0.5 0.978515625 0.27667236328125
-0.5 0.908203125 -0.48797607421875
-0.46875 0.740234375 -0.16473388671875
-0.34375 -0.974609375 -0.37176513671875
-0.40625 -0.587890625 1.24639892578125
-0.4375 0.017578125 -0.04754638671875
-0.5625 1.509765625 0.60382080078125
-0.34375 -0.998046875 -0.16473388671875
-0.40625 -0.201171875 1.24835205078125
-0.5 0.736328125 0.80889892578125
-0.28125 -1.912109375 -0.04852294921875
-0.3125 -1.568359375 -0.16571044921875
-0.375 -0.990234375 1.45343017578125
-0.375 -0.783203125 1.24639892578125
-0.4375 -0.142578125 1.12921142578125
-0.4375 0.345703125 0.60186767578125
-0.375 -0.427734375 0.60186767578125
-0.34375 -1.146484375 -0.04852294921875
-0.46875 0.349609375 -0.16473388671875
-0.46875 0.349609375 -0.16473388671875
-0.46875 0.568359375 -0.37078857421875
-0.25 -1.794921875 -0.48895263671875
-0.5625 1.505859375 -0.16375732421875
-0.59375 1.720703125 1.45733642578125
-0.25 -1.556640625 -0.69647216796875
-0.5 0.908203125 0.15948486328125
-0.4375 1.408203125 -1.02166748046875
-0.4375 -0.048828125 -0.81317138671875
-0.375 -0.794921875 0.80694580078125
-0.4375 0.021484375 0.27569580078125
-0.53125 1.310546875 -0.16375732421875
-0.46875 0.552734375 0.48272705078125
-0.3125 -1.353515625 -0.69598388671875
-0.34375 -1.212890625 -0.81317138671875
-0.46875 0.521484375 -0.48797607421875
-0.25 -1.794921875 -0.48895263671875
-0.3125 -1.427734375 -1.13641357421875
-0.25 -1.982421875 -0.81365966796875
-0.34375 -1.177734375 1.24639892578125
-0.4375 0.576171875 -0.69549560546875
-0.5625 1.697265625 0.92608642578125
-0.34375 -1.388671875 0.80499267578125
-0.53125 1.767578125 -0.04656982421875
-0.4375 0.326171875 -0.48797607421875
-0.53125 1.333984375 0.48468017578125
-0.46875 0.349609375 -0.16473388671875
-0.5625 1.931640625 -0.37078857421875
-0.53125 0.935546875 1.45538330078125
-0.46875 0.705078125 -1.13690185546875
-0.53125 1.513671875 0.80889892578125
-0.5 1.107421875 -0.81317138671875
-0.4375 -0.048828125 0.92413330078125
-0.3125 -1.611328125 -0.48797607421875
-0.5625 1.552734375 0.27764892578125
-0.375 -0.919921875 1.12921142578125
-0.3125 -1.353515625 -0.69598388671875
-0.5625 1.509765625 0.60382080078125
-0.40625 -0.419921875 0.80694580078125
-0.5 0.943359375 1.25030517578125
-0.5 0.630859375 1.13116455078125
-0.53125 0.759765625 1.45538330078125
-0.4375 0.337890625 0.15850830078125
-0.34375 -0.935546875 -1.02020263671875
-0.59375 1.978515625 1.13311767578125
-0.34375 -1.021484375 0.15753173828125
-0.3125 -0.966796875 -0.69598388671875
-0.34375 1.486328125 -1.14031982421875
-0.53125 0.935546875 1.45538330078125
-0.25 -1.564453125 -0.37176513671875
-0.375 -0.794921875 0.80694580078125
-0.375 -0.783203125 1.24639892578125
-0.28125 -1.548828125 0.27471923828125
-0.53125 0.759765625 1.45538330078125
-0.59375 1.794921875 1.13311767578125
-0.5625 1.716796875 0.80889892578125
-0.40625 -0.236328125 0.15850830078125
-0.34375 -1.388671875 0.80499267578125
-0.4375 -0.033203125 0.80694580078125
-0.40625 -0.236328125 0.60186767578125
-0.53125 1.138671875 0.48468017578125
-0.46875 0.736328125 0.15948486328125
-0.53125 1.103515625 0.92608642578125
-0.3125 -1.396484375 0.15753173828125
-0.34375 -1.048828125 -1.13641357421875
-0.5 0.732421875 0.60186767578125
-0.4375 0.177734375 -0.37078857421875
-0.5625 1.697265625 0.92608642578125
-0.5 0.826171875 1.13116455078125
-0.53125 1.326171875 0.60382080078125
-0.34375 -0.826171875 -0.48797607421875
-0.25 -1.564453125 -0.37176513671875
-0.5625 1.306640625 0.92608642578125
-0.28125 -1.716796875 -0.04852294921875
-0.4375 0.134765625 -0.81317138671875
-0.40625 0.197265625 -0.69549560546875
-0.375 -0.638671875 -0.81317138671875
-0.53125 1.298828125 -0.81317138671875
-0.34375 -1.369140625 1.45343017578125
-0.40625 -0.439453125 0.92413330078125
-0.5625 1.732421875 1.25225830078125
-0.46875 0.552734375 0.48272705078125
-0.25 -1.900390625 -1.02117919921875
-0.5625 1.306640625 0.92608642578125
-0.46875 0.822265625 -1.02020263671875
-0.375 -0.587890625 -0.69549560546875
-0.34375 -0.986328125 1.24639892578125
-0.40625 -0.396484375 1.24835205078125
-0.5 1.138671875 -0.37078857421875
-0.34375 -1.181640625 0.48272705078125
-0.40625 -0.013671875 -0.37078857421875
-0.46875 0.337890625 0.92608642578125
-0.5 0.732421875 0.60186767578125
-0.4375 -0.017578125 1.24835205078125
-0.46875 0.626953125 -1.02020263671875
-0.375 -0.748046875 -0.04754638671875
-0.40625 -0.611328125 0.80694580078125
-0.5 0.736328125 0.80889892578125
-0.34375 -1.306640625 1.12921142578125
-0.5 0.908203125 -0.48797607421875
-0.5 0.908203125 0.92608642578125
-0.5 0.630859375 1.13116455078125
-0.5 1.130859375 0.60186767578125
-0.46875 0.705078125 -0.48797607421875
-0.375 -0.642578125 -0.48797607421875
-0.5 1.291015625 -0.48797607421875
-0.40625 -0.611328125 0.80694580078125
0.1875 1.642578125 -0.70379638671875
-0.40625 -0.798828125 1.45343017578125
-0.25 -1.955078125 0.80694580078125
-0.375 -0.748046875 -0.04754638671875
-0.375 -0.919921875 1.12921142578125
-0.28125 1.623046875 -1.02459716796875
-0.375 -0.783203125 1.24639892578125
-0.375 -1.017578125 -0.81317138671875
-0.46875 0.048828125 1.12921142578125
-0.5625 1.505859375 -0.16375732421875
-0.40625 -0.798828125 1.45343017578125
-0.4375 0.017578125 -0.04754638671875
-0.3125 -1.396484375 0.15753173828125
-0.375 -0.810546875 -0.16473388671875
0.125 1.775390625 -0.82098388671875
-0.40625 -0.611328125 0.80694580078125
-0.40625 -0.232421875 -0.16473388671875
-0.5 1.173828125 -0.04656982421875
-0.5 1.298828125 0.15948486328125
-0.34375 -1.212890625 0.15753173828125
-0.375 -0.587890625 -0.69549560546875
-0.375 -0.427734375 0.60186767578125
-0.5625 1.326171875 1.45733642578125
-0.5625 1.501953125 0.92608642578125
-0.28125 -1.595703125 -0.81365966796875
