TRUCK
-1.9375 1.296875 -0.77734375
-1.9375 1.015625 -0.875
-1.5625 0.890625 -0.083984375
-1.3125 1.296875 -0.08203125
-1.5625 0.390625 -0.8671875
-1.1875 1.453125 0.70703125
-1.3125 1.015625 0.703125
-1.3125 0.609375 -0.767578125
-0.9375 1.609375 -0.078125
-1.3125 0.328125 -0.078125
-0.8125 1.859375 0.7109375
-1.1875 0.640625 0.80859375
-0.9375 1.078125 0.8125
-1.0625 0.546875 0.0234375
-0.8125 0.984375 0.0234375
-0.5625 1.453125 0.81640625
-0.5625 1.359375 0.02734375
-0.1875 1.734375 0.03125
-0.0625 1.828125 0.82421875
-0.5625 -0.390625 -0.853515625
-0.3125 0.171875 0.73046875
-0.4375 -0.484375 -0.05859375
0.0625 -0.296875 0.046875
0.1875 -0.484375 0.75
0.1875 -1.203125 -0.841796875
0.3125 -0.921875 -0.744140625
0.5625 -1.359375 -0.03515625
0.9375 -1.140625 0.06640625
0.9375 -1.265625 0.7734375
1.0625 -1.609375 0.875
1.4375 -1.828125 -0.728515625
1.9375 -1.984375 0.0859375
