TRUCK
-1.046875 -0.5625 -0.77294921875
-0.953125 -0.9375 -1.07373046875
-0.359375 1.78125 0.38134765625
-1.203125 -1.78125 0.12158203125
-0.953125 -0.9375 -1.07373046875
-1.046875 -1.4375 0.42041015625
-1.046875 -0.625 0.40869140625
-1.140625 -0.71875 0.15478515625
-1.109375 -1.0 0.71142578125
-1.109375 -0.46875 0.43994140625
-0.765625 1.21875 -0.15576171875
-0.828125 1.8125 -1.01416015625
-0.734375 1.75 0.40673828125
-1.015625 -1.6875 -0.77685546875
-0.828125 1.8125 -1.05517578125
-1.109375 -0.5 0.10986328125
-0.703125 1.125 0.38720703125
-1.109375 -0.15625 -0.47802734375
-0.703125 0.90625 -0.77001953125
-1.015625 -0.46875 0.73681640625
-1.171875 0.375 -1.06298828125
-0.828125 1.09375 -0.47900390625
-1.046875 -1.375 -0.77587890625
-1.234375 -1.96875 -0.43310546875
-1.109375 -1.28125 -0.17724609375
0.359375 0.0 0.45166015625
-0.359375 1.0625 -0.77099609375
-1.140625 -1.03125 0.11376953125
-0.796875 -0.5625 -1.07177734375
-0.890625 0.90625 -0.47900390625
-1.109375 -0.71875 -0.18115234375
-0.703125 0.59375 0.10205078125
-0.890625 0.625 0.68212890625
-0.796875 0.75 0.68212890625
-1.078125 -1.03125 -1.07373046875
-0.359375 1.09375 1.00634765625
-1.046875 -0.53125 0.70361328125
-0.765625 0.75 0.42236328125
-0.359375 1.0625 -0.77099609375
-1.078125 -1.03125 -1.07373046875
-0.265625 0.15625 1.00048828125
-0.953125 0.375 -1.01904296875
-1.015625 -0.34375 -0.77294921875
-1.109375 -0.15625 -0.47802734375
-1.015625 0.5 -0.18701171875
-1.140625 -0.96875 1.04150390625
-1.015625 -0.46875 0.73681640625
0.046875 0.34375 1.03369140625
-1.015625 -0.28125 1.02783203125
-1.015625 -0.34375 0.40478515625
-1.140625 -0.96875 0.44775390625
-1.046875 0.03125 -0.18505859375
-1.046875 0.03125 0.43212890625
-0.953125 0.375 -1.01904296875
-1.109375 -0.71875 -0.18115234375
-0.765625 0.75 -0.18701171875
-0.671875 0.84375 0.39111328125
-1.078125 -0.21875 0.43603515625
-0.953125 0.6875 0.42236328125
-0.859375 0.8125 -1.01904296875
-0.703125 0.90625 -0.77001953125
-0.984375 0.03125 0.72509765625
-0.109375 0.125 0.73876953125
-0.890625 0.625 0.68212890625
-1.109375 -0.71875 -0.18115234375
-1.015625 -0.34375 0.99658203125
-0.703125 1.125 0.38720703125
-0.984375 0.1875 0.14501953125
0.578125 0.03125 0.71923828125
-0.859375 0.65625 -0.47900390625
-0.734375 -0.09375 -0.77294921875
-0.703125 1.125 0.38720703125
-1.171875 -2.0 -0.17333984375
0.953125 1.46875 0.14697265625
-0.984375 0.5 0.13916015625
-0.890625 1.59375 -0.73388671875
-1.078125 -0.21875 -0.18310546875
-1.046875 -0.28125 0.69775390625
-1.015625 -1.6875 -0.77685546875
-1.171875 -0.4375 -0.14404296875
-0.953125 -2.0 -0.47412109375
-0.921875 0.65625 -1.06298828125
-1.140625 -1.03125 0.41259765625
-1.015625 -0.34375 0.40478515625
-1.046875 -0.53125 0.70361328125
-1.109375 -0.71875 1.03759765625
-1.140625 -0.96875 1.04150390625
-1.203125 -0.65625 -0.14208984375
-0.734375 -0.09375 -0.77294921875
-0.390625 0.15625 0.73291015625
-1.140625 -0.71875 -0.43798828125
-1.109375 -0.1875 0.14697265625
-0.953125 0.15625 0.43017578125
-1.109375 -0.46875 0.43994140625
-1.171875 -1.53125 -0.73486328125
-1.015625 -0.59375 1.00244140625
-0.671875 0.90625 0.68212890625
-1.203125 -1.1875 -0.13818359375
-1.046875 -1.125 -1.02685546875
-0.921875 1.6875 -0.47998046875
-0.671875 0.90625 0.68212890625
-1.171875 -2.0 -0.17333984375
-1.203125 -0.90625 -0.14208984375
-1.140625 -0.71875 0.15478515625
-0.921875 -1.5 0.45947265625
-0.765625 0.75 0.13916015625
-1.046875 -1.125 -1.02685546875
-1.046875 -0.625 0.40869140625
-0.953125 -0.59375 -0.47705078125
-1.203125 -1.1875 -0.13818359375
-1.171875 -0.4375 -0.14404296875
-1.046875 0.03125 0.43212890625
-1.234375 -1.21875 -0.73388671875
-1.046875 0.3125 -0.47802734375
-0.703125 1.125 0.38720703125
-1.203125 -0.90625 -0.14208984375
-1.171875 -0.6875 -0.73388671875
0.953125 -0.65625 -1.08447265625
-1.046875 -1.6875 0.42431640625
-1.078125 0.5625 -1.06201171875
-1.140625 -1.0 -0.43701171875
-0.984375 -0.09375 0.99072265625
-0.828125 1.875 -0.19482421875
-0.859375 1.90625 -0.48095703125
-1.140625 -0.96875 0.44775390625
-1.046875 0.0625 -0.47802734375
-1.078125 -0.21875 0.43603515625
-0.859375 0.15625 0.72509765625
-1.046875 -0.75 -0.47705078125
-0.984375 0.1875 0.14501953125
-1.140625 -0.71875 0.44384765625
-0.484375 0.15625 0.99462890625
-0.734375 0.15625 0.98876953125
-0.515625 0.6875 0.42822265625
-0.859375 0.78125 -0.15380859375
-0.828125 1.8125 -1.01416015625
-0.265625 0.15625 1.00048828125
-0.671875 0.65625 -1.06396484375
-0.953125 0.15625 0.43017578125
-1.046875 -0.5625 -1.07080078125
-0.015625 0.125 1.00634765625
-0.921875 -1.78125 0.46533203125
-1.109375 -0.5 0.10986328125
-0.109375 0.125 0.73876953125
-1.046875 -0.28125 0.69775390625
-0.765625 0.75 -0.18701171875
-0.859375 -1.59375 0.72705078125
-0.890625 1.59375 0.09033203125
0.734375 1.4375 0.14501953125
-0.890625 1.0625 -0.73388671875
-1.109375 -1.0 -0.17919921875
-0.953125 -2.0 -0.47412109375
-1.140625 -1.21875 -0.47607421875
-0.796875 1.0 -0.44482421875
-1.234375 -1.4375 -0.13623046875
-0.734375 0.96875 -0.18896484375
-1.015625 0.5 -0.18701171875
-1.015625 -0.875 -0.77392578125
-1.140625 -0.71875 0.15478515625
-1.015625 -0.09375 0.40087890625
-0.828125 0.75 0.39111328125
-0.671875 0.03125 -0.73486328125
-0.015625 0.125 1.00634765625
-1.109375 -0.5 0.10986328125
-0.796875 0.75 0.68212890625
-0.921875 -1.5 0.45947265625
-1.171875 0.375 -1.06298828125
-0.953125 0.65625 -0.15185546875
-0.890625 0.625 0.68212890625
-1.015625 -0.71875 0.74072265625
-1.015625 -0.28125 1.02783203125
-0.796875 0.75 -0.44384765625
-0.796875 -0.5625 -1.07177734375
-0.265625 0.15625 1.00048828125
-1.171875 -0.4375 -0.14404296875
-0.984375 0.46875 0.42431640625
-1.140625 -0.71875 0.15478515625
-0.984375 -0.21875 0.73095703125
-1.171875 -1.53125 -0.73486328125
-0.734375 -0.09375 -0.77294921875
-0.953125 -0.9375 -1.07373046875
-1.171875 -1.53125 -0.73486328125
-1.265625 -1.71875 -0.13427734375
-1.046875 0.03125 -0.18505859375
-1.015625 -0.59375 1.00244140625
-0.359375 1.0625 -0.77099609375
-1.046875 -1.375 -0.77587890625
-1.046875 0.03125 0.43212890625
-1.203125 -1.1875 -0.13818359375
-0.984375 0.71875 -0.44384765625
-1.015625 -0.34375 -0.77294921875
-0.015625 0.125 1.00634765625
-1.015625 -0.34375 0.40478515625
-0.703125 1.125 0.38720703125
-0.734375 -0.09375 -0.77294921875
-1.109375 0.03125 -0.14794921875
0.078125 0.3125 0.70556640625
-1.140625 -0.96875 1.04150390625
-1.078125 -1.03125 -1.07373046875
-1.234375 -1.4375 -0.13623046875
