TRUCK
-1.080078125 -0.6875 0.5203857421875
1.662109375 -0.375 -0.8370361328125
-1.705078125 -0.5 1.0106201171875
1.771484375 -0.4375 -0.9454345703125
0.998046875 -1.0625 -0.0968017578125
1.240234375 -1.15625 -0.5880126953125
0.013671875 -0.78125 1.5067138671875
1.333984375 -1.09375 0.2840576171875
0.458984375 -0.90625 1.1297607421875
-1.580078125 -0.46875 -1.0762939453125
1.240234375 -1.15625 -0.5880126953125
-0.861328125 -0.65625 1.2567138671875
-0.361328125 -0.84375 -0.2100830078125
-0.009765625 -0.875 0.1453857421875
-0.775390625 -0.78125 -0.3448486328125
0.029296875 -0.09375 -1.0850830078125
0.216796875 -0.9375 -0.2100830078125
-1.447265625 -0.625 0.1434326171875
-1.345703125 -0.6875 -0.3448486328125
0.076171875 -0.90625 -0.2100830078125
1.513671875 -0.34375 -1.4468994140625
-1.744140625 -0.5625 0.6317138671875
0.740234375 -0.9375 1.5106201171875
1.662109375 -1.1875 0.5301513671875
1.466796875 -0.375 -0.9454345703125
-1.955078125 -0.65625 -0.6983642578125
1.966796875 -1.1875 0.5321044921875
-0.783203125 -0.8125 -0.5880126953125
-1.173828125 -0.71875 -0.0987548828125
0.380859375 -0.96875 -0.3438720703125
0.802734375 0.46875 -1.0938720703125
1.240234375 -1.15625 -0.5880126953125
-1.658203125 -0.59375 0.0321044921875
1.919921875 -1.125 1.0262451171875
-1.650390625 -0.59375 -0.2120361328125
1.974609375 -1.21875 -0.2061767578125
0.380859375 -0.96875 -0.3438720703125
1.662109375 -1.1875 0.5301513671875
1.068359375 -0.28125 -0.8370361328125
-1.228515625 -0.65625 0.5203857421875
1.873046875 -1.15625 0.6434326171875
-0.369140625 -0.84375 0.0340576171875
1.037109375 -0.3125 -1.1964111328125
-1.400390625 -0.4375 1.8660888671875
0.029296875 -0.78125 1.0164794921875
-1.330078125 0.8125 -1.3443603515625
0.888671875 -0.28125 -0.9454345703125
-0.017578125 -0.84375 0.6356201171875
-1.931640625 -0.59375 -0.4561767578125
0.740234375 -0.21875 -1.1964111328125
-0.861328125 -0.6875 0.7664794921875
-1.369140625 -0.65625 -0.2120361328125
0.154296875 -0.875 0.7684326171875
-1.431640625 -0.53125 1.2567138671875
0.537109375 -0.9375 -0.4532470703125
0.724609375 -1.0 0.1473388671875
-0.353515625 -0.875 -0.5880126953125
-0.853515625 -0.65625 1.5008544921875
0.451171875 -0.875 1.5086669921875
1.576171875 -1.15625 -1.4327392578125
-0.517578125 -0.875 -0.6973876953125
1.669921875 -1.21875 -0.5870361328125
0.021484375 -0.78125 1.2625732421875
-0.548828125 0.03125 -0.8360595703125
1.974609375 -1.3125 -1.6763916015625
-1.134765625 -0.5 1.7489013671875
1.529296875 -1.15625 0.0399169921875
-0.658203125 -0.84375 -0.6983642578125
-0.267578125 -0.78125 0.2801513671875
1.044921875 -1.0 1.1317138671875
1.896484375 -1.09375 -1.4351806640625
1.748046875 -1.15625 0.1492919921875
-0.939453125 -0.78125 -0.6983642578125
-0.517578125 -0.875 -0.6973876953125
1.662109375 -1.1875 0.0399169921875
0.654296875 -1.0 0.5262451171875
0.216796875 -0.9375 -0.2100830078125
0.568359375 -1.0 -0.0968017578125
-1.611328125 -0.59375 0.3875732421875
-1.666015625 -0.6875 -0.6983642578125
0.169921875 -0.875 0.2801513671875
-0.501953125 -0.875 -0.4552001953125
-1.009765625 -0.6875 0.1453857421875
-0.994140625 -0.625 0.7664794921875
0.896484375 -1.0 0.2821044921875
0.458984375 -0.84375 1.8699951171875
-1.298828125 0.125 -1.0841064453125
1.169921875 -1.03125 0.7742919921875
1.912109375 -1.15625 0.7781982421875
-0.923828125 -0.75 -0.5880126953125
0.021484375 -0.84375 0.2801513671875
0.005859375 -0.125 -0.9454345703125
-0.501953125 -0.875 -0.4552001953125
-0.134765625 -0.84375 0.1453857421875
0.271484375 -0.90625 0.6356201171875
-0.658203125 -0.84375 -0.6983642578125
0.326171875 -0.15625 -0.8360595703125
0.833984375 0.03125 -1.0889892578125
1.943359375 -0.46875 -0.8370361328125
0.623046875 -0.21875 -0.8360595703125
1.146484375 -1.0625 0.3934326171875
1.685546875 -1.21875 -1.1876220703125
1.763671875 -1.125 0.7781982421875
-1.931640625 -0.59375 -0.4561767578125
-0.150390625 -0.875 -0.0987548828125
-1.400390625 -0.4375 1.8660888671875
-1.134765625 -0.5625 1.5008544921875
1.419921875 -1.0625 -1.1885986328125
-1.611328125 0.1875 -0.9464111328125
0.646484375 -1.0625 -0.6973876953125
0.123046875 -0.90625 0.3895263671875
-1.314453125 0.125 -0.9464111328125
0.740234375 -0.25 -0.9454345703125
1.412109375 -1.125 -0.3428955078125
0.943359375 -1.09375 -0.6964111328125
0.896484375 -0.96875 1.0203857421875
-1.376953125 -0.71875 -0.6983642578125
1.607421875 -1.09375 1.2703857421875
0.060546875 -0.96875 -0.6973876953125
0.943359375 -1.09375 -0.6964111328125
-0.423828125 -0.71875 1.5028076171875
1.841796875 -1.21875 -1.6773681640625
1.677734375 -1.1875 -0.2061767578125
0.294921875 -0.1875 -0.9454345703125
1.458984375 -1.0625 0.7762451171875
1.185546875 -0.21875 -1.3380126953125
0.466796875 -0.90625 0.2821044921875
-0.861328125 -0.6875 0.7664794921875
-1.150390625 -0.65625 0.1453857421875
1.576171875 -1.15625 0.3953857421875
-0.267578125 -0.78125 0.2801513671875
0.318359375 -0.875 1.1278076171875
-0.845703125 0.09375 -0.8360595703125
-0.283203125 -0.03125 -1.1964111328125
-0.119140625 -0.8125 0.2801513671875
-1.587890625 -0.59375 0.1434326171875
-1.509765625 -0.625 0.0321044921875
1.912109375 -0.46875 -0.9454345703125
-0.626953125 -0.75 -0.3438720703125
0.763671875 -0.25 -0.8360595703125
1.810546875 -1.1875 0.5301513671875
-1.400390625 -0.4375 1.8660888671875
1.966796875 -1.21875 0.0418701171875
0.708984375 -0.96875 0.6375732421875
1.169921875 -1.0625 0.1492919921875
-0.720703125 0.03125 -1.1964111328125
-1.158203125 0.09375 -1.1964111328125
0.505859375 -0.96875 -0.2081298828125
0.662109375 -1.03125 -0.3438720703125
-0.853515625 -0.65625 1.5008544921875
0.162109375 -0.125 -1.1964111328125
0.271484375 -0.90625 0.6356201171875
-1.798828125 -0.5625 0.5184326171875
-0.126953125 -0.75 1.2606201171875
1.537109375 -1.1875 -0.5870361328125
1.583984375 -1.1875 -0.0968017578125
1.529296875 -1.15625 -0.2061767578125
-0.861328125 -0.71875 0.1453857421875
0.123046875 -0.90625 0.3895263671875
0.044921875 -0.09375 -0.8360595703125
-1.525390625 -0.6875 -0.6983642578125
-0.197265625 -0.875 -0.3438720703125
1.677734375 -1.1875 -0.2061767578125
-0.259765625 -0.78125 1.1258544921875
1.083984375 -1.15625 -0.6964111328125
1.373046875 -1.125 0.0399169921875
1.591796875 -1.1875 0.1492919921875
0.169921875 -0.125 -1.0850830078125
-1.369140625 -0.65625 -0.2120361328125
1.669921875 -1.25 -0.6964111328125
-1.400390625 -0.4375 1.8660888671875
0.646484375 -0.125 -1.4468994140625
-1.072265625 -0.75 -0.5880126953125
1.544921875 -1.21875 -0.3428955078125
0.896484375 -0.96875 1.0203857421875
1.029296875 -1.0 1.0203857421875
1.076171875 -1.09375 0.0379638671875
1.474609375 -1.0625 1.0242919921875
1.708984375 -1.15625 -0.3419189453125
1.802734375 -1.25 -0.6964111328125
0.951171875 -1.125 -0.5880126953125
0.240234375 -0.90625 -0.4532470703125
-0.197265625 -0.875 -0.3438720703125
0.451171875 -0.875 1.5086669921875
-0.650390625 -0.78125 0.5203857421875
1.826171875 -1.1875 -0.2061767578125
1.490234375 -0.25 -1.3389892578125
-1.798828125 -0.5625 0.5184326171875
-1.580078125 0.21875 -0.8360595703125
1.576171875 -1.15625 0.3953857421875
-1.126953125 -0.625 1.1239013671875
-1.416015625 -0.59375 0.2762451171875
1.380859375 -1.15625 -0.5870361328125
0.162109375 -0.125 -1.1964111328125
-0.275390625 -0.78125 0.7684326171875
1.521484375 -1.125 0.5301513671875
-1.166015625 0.09375 -0.9464111328125
-0.033203125 -0.875 0.3895263671875
1.826171875 -1.21875 -0.4512939453125
1.037109375 -0.3125 -1.1964111328125
