TRUCK
-0.134765625 0.171875 -1.4892578125
-0.650390625 -0.953125 -0.58935546875
-0.283203125 -0.921875 -0.06689453125
-0.134765625 0.171875 -1.4892578125
1.517578125 -1.234375 -0.07861328125
1.162109375 -1.140625 0.18310546875
-1.298828125 -0.796875 0.10107421875
1.326171875 -1.171875 0.18115234375
0.794921875 -0.359375 -1.21630859375
-1.689453125 -0.484375 -0.05322265625
1.611328125 -0.421875 -1.47802734375
1.966796875 -1.421875 -1.720703125
0.083984375 -1.015625 0.34912109375
0.681640625 -1.078125 0.18505859375
1.095703125 -1.203125 -0.43603515625
1.357421875 -1.203125 -0.07666015625
-1.705078125 -0.796875 -0.68994140625
-0.283203125 -0.984375 -0.32861328125
-1.689453125 -0.484375 -0.05322265625
1.259765625 -0.046875 -1.37939453125
-1.564453125 -0.546875 -0.58642578125
1.814453125 -1.203125 0.84912109375
1.357421875 -1.234375 -0.33447265625
1.888671875 -1.296875 0.33154296875
-0.650390625 -0.953125 -0.58935546875
1.412109375 -1.234375 -0.43798828125
-1.134765625 -0.828125 0.09912109375
-0.197265625 -0.234375 -1.21826171875
0.763671875 -1.109375 0.34130859375
1.998046875 -1.328125 -0.33837890625
-1.736328125 -0.515625 -0.85107421875
1.837890625 -1.296875 -0.33642578125
-1.892578125 -0.515625 -0.58544921875
1.744140625 -1.265625 -0.18212890625
1.744140625 -1.296875 -0.43994140625
1.162109375 -1.140625 0.18310546875
1.439453125 -0.421875 -1.47900390625
-1.587890625 0.171875 -0.85107421875
0.794921875 -0.359375 -1.21630859375
1.966796875 -1.421875 -1.720703125
1.744140625 -1.296875 -0.43994140625
-0.337890625 -0.109375 -1.11669921875
-1.408203125 0.640625 -1.49853515625
1.126953125 -0.421875 -1.21533203125
1.583984375 -1.265625 -0.18212890625
-1.353515625 -0.671875 -1.11474609375
1.427734375 -0.078125 -1.37939453125
0.544921875 -1.140625 -0.33251953125
0.775390625 -0.390625 -0.95361328125
-0.634765625 -0.859375 0.09521484375
-1.150390625 -0.890625 -0.58837890625
1.107421875 -0.359375 -1.47998046875
1.615234375 -1.359375 -0.69677734375
0.626953125 -0.328125 -1.21728515625
1.357421875 -1.234375 -0.33447265625
1.345703125 -0.453125 -1.11279296875
1.017578125 -1.171875 0.07958984375
1.154296875 -1.109375 0.59912109375
-0.369140625 -0.203125 -1.21923828125
-1.251953125 -0.796875 0.36474609375
1.642578125 -1.234375 0.59130859375
0.107421875 -1.015625 -0.43212890625
1.802734375 -1.203125 0.59130859375
1.888671875 -1.296875 0.33154296875
-1.986328125 -0.671875 0.10693359375
-1.587890625 -0.578125 -1.21826171875
1.345703125 -0.453125 -1.11279296875
1.935546875 -1.390625 -0.69775390625
1.939453125 -1.390625 -1.46533203125
-1.408203125 0.640625 -1.49853515625
-1.330078125 -0.765625 0.20458984375
1.357421875 -1.203125 -0.07666015625
0.013671875 -0.921875 0.19287109375
-1.166015625 -0.734375 -1.11376953125
-1.759765625 -0.734375 0.37060546875
1.439453125 -0.421875 -1.47900390625
-1.251953125 -0.046875 -0.95361328125
-1.423828125 0.203125 -0.85107421875
1.345703125 -1.234375 0.07763671875
0.681640625 -1.078125 0.18505859375
-0.876953125 -0.015625 -0.85107421875
1.357421875 -1.234375 -0.33447265625
1.681640625 -1.296875 -0.33642578125
-0.931640625 -0.890625 -0.32470703125
-0.572265625 -0.859375 -0.16650390625
1.583984375 -1.265625 -0.18212890625
-1.587890625 -0.734375 0.36865234375
-0.689453125 -0.984375 -0.69189453125
0.603515625 -0.359375 -0.95361328125
0.626953125 -0.328125 -1.21728515625
1.248046875 -1.203125 -0.43798828125
-1.705078125 -0.796875 -0.68994140625
1.888671875 -1.296875 0.33154296875
-0.228515625 -0.984375 -0.43212890625
-1.642578125 -0.765625 0.10302734375
-1.673828125 -0.640625 0.90185546875
-0.783203125 -0.921875 -0.32666015625
-0.876953125 -0.140625 -1.22021484375
-1.908203125 -0.734375 -0.15869140625
1.611328125 -0.421875 -1.47802734375
-1.728515625 -0.421875 0.21240234375
-0.728515625 -0.890625 -0.16650390625
1.634765625 -0.421875 -0.85107421875
-1.291015625 -0.796875 -0.06103515625
-1.033203125 -0.890625 -0.69189453125
-0.197265625 -1.046875 -0.69287109375
1.986328125 -0.515625 -1.37255859375
0.193359375 -0.953125 -0.06884765625
-0.150390625 -1.046875 -0.59033203125
1.142578125 -0.359375 -0.85107421875
1.517578125 -1.234375 -0.07861328125
-1.580078125 -0.484375 -0.85107421875
-0.025390625 -1.109375 -0.69384765625
1.240234375 -1.203125 0.33740234375
-1.962890625 0.234375 -1.49560546875
0.357421875 -1.015625 0.44873046875
1.728515625 -1.265625 0.33349609375
-0.369140625 -0.203125 -1.21923828125
-1.775390625 0.046875 -0.95458984375
-1.080078125 -0.078125 -0.95361328125
-1.056640625 -0.828125 -0.16455078125
0.931640625 -1.140625 0.34130859375
-1.689453125 0.015625 -1.11865234375
0.318359375 -0.234375 -0.85107421875
0.943359375 -0.421875 -0.95361328125
1.580078125 -1.296875 -0.43798828125
0.021484375 -0.953125 0.45263671875
0.333984375 -0.984375 0.60888671875
1.896484375 -1.296875 -0.43994140625
-1.595703125 0.015625 -0.95458984375
0.517578125 -1.203125 -0.59228515625
1.091796875 -1.171875 -0.17822265625
-1.587890625 0.171875 -0.85107421875
1.091796875 -1.171875 -0.17822265625
1.345703125 -1.234375 0.07763671875
0.177734375 -0.953125 0.19091796875
-1.009765625 -0.765625 0.62646484375
-1.689453125 -0.671875 1.16552734375
1.966796875 -1.421875 -1.720703125
-1.353515625 -0.671875 -1.11474609375
1.654296875 -1.390625 -0.59521484375
1.888671875 -1.296875 0.33154296875
1.248046875 -1.203125 -0.43798828125
1.775390625 -0.546875 -1.21435546875
1.154296875 -1.109375 0.59912109375
-0.236328125 -0.234375 -0.95361328125
1.966796875 -0.515625 -0.85107421875
-1.119140625 -0.828125 -0.06103515625
0.021484375 -0.953125 0.45263671875
-1.251953125 -0.046875 -0.95361328125
1.310546875 -0.390625 -0.85107421875
0.708984375 -1.109375 -0.07275390625
-1.533203125 -0.546875 -1.38037109375
-1.705078125 -0.796875 -0.68994140625
1.509765625 -1.265625 0.07568359375
0.642578125 -1.015625 1.12646484375
-0.572265625 -0.859375 -0.16650390625
-0.705078125 -0.046875 -0.85107421875
1.142578125 -0.359375 -0.85107421875
-1.134765625 -0.828125 0.09912109375
1.744140625 -1.265625 -0.18212890625
1.837890625 -0.515625 -1.11181640625
-1.705078125 0.546875 -1.49853515625
1.681640625 -1.265625 -0.07861328125
1.822265625 -1.453125 -0.59521484375
1.123046875 -1.265625 -0.69580078125
0.841796875 -0.359375 -1.11376953125
0.833984375 -1.078125 0.18505859375
-0.626953125 -0.859375 -0.06494140625
1.474609375 -0.421875 -0.85107421875
0.775390625 -0.390625 -0.95361328125
0.943359375 -0.421875 -0.95361328125
1.189453125 -1.203125 -0.33447265625
-0.025390625 -0.171875 -0.85107421875
-0.908203125 -0.828125 0.36083984375
0.037109375 -0.953125 -0.06884765625
-1.158203125 -0.796875 0.20263671875
1.419921875 -1.234375 -0.18017578125
-0.837890625 -0.078125 -1.11767578125
0.521484375 -1.078125 0.08349609375
0.169921875 -0.984375 0.61083984375
0.681640625 -0.296875 -1.11376953125
1.248046875 -1.203125 -0.43798828125
-0.337890625 -0.109375 -1.11669921875
1.802734375 -0.484375 -0.85107421875
1.830078125 -1.296875 0.07373046875
0.466796875 -0.328125 -1.21728515625
1.830078125 -1.296875 0.07373046875
0.642578125 -1.015625 1.12646484375
1.896484375 -1.296875 -0.43994140625
-0.220703125 -0.984375 -0.17041015625
-1.587890625 -0.578125 -1.21826171875
-1.595703125 0.015625 -0.95458984375
0.767578125 -1.140625 -0.17626953125
0.037109375 -0.953125 -0.06884765625
-1.564453125 -0.765625 -0.16064453125
0.357421875 -1.078125 0.08544921875
1.966796875 -0.515625 -0.85107421875
-1.525390625 -0.171875 -1.22119140625
0.548828125 0.015625 -1.48583984375
