TRUCK
0.607421875 -1.251953125 -0.67022705078125
0.037109375 -1.189453125 -0.25225830078125
1.708984375 -0.626953125 -0.28936767578125
1.833984375 1.001953125 0.45086669921875
-1.244140625 -1.068359375 0.07098388671875
1.951171875 -0.658203125 0.59735107421875
-1.646484375 -1.083984375 0.17742919921875
-0.720703125 -1.333984375 -0.40069580078125
-0.431640625 -1.255859375 0.18524169921875
1.771484375 1.025390625 0.42449951171875
-1.923828125 -1.224609375 -0.44464111328125
-1.787109375 -1.060546875 0.28094482421875
0.107421875 -1.224609375 -0.31085205078125
-0.509765625 -1.244140625 0.24188232421875
-1.630859375 -1.177734375 -0.40460205078125
-0.923828125 -0.466796875 0.48016357421875
1.748046875 -0.189453125 0.35418701171875
0.240234375 -1.232421875 -0.41046142578125
-0.892578125 -1.283203125 0.12567138671875
-1.294921875 0.658203125 0.07098388671875
-0.916015625 -1.255859375 0.30242919921875
-0.908203125 -0.806640625 0.18524169921875
-1.373046875 -1.064453125 0.17938232421875
-0.931640625 -0.869140625 0.86883544921875
-1.041015625 -1.205078125 0.62078857421875
0.287109375 -1.236328125 -0.41241455078125
-0.837890625 -1.263671875 0.35906982421875
-0.962890625 -0.650390625 0.37371826171875
1.904296875 0.783203125 0.49578857421875
-1.537109375 -0.998046875 0.29461669921875
1.146484375 -1.205078125 0.19989013671875
1.935546875 -0.908203125 0.41668701171875
-1.525390625 -1.169921875 -0.38507080078125
-1.201171875 -0.615234375 -0.30010986328125
0.521484375 -1.134765625 -0.26104736328125
-1.806640625 -0.939453125 0.33660888671875
0.654296875 -1.177734375 -0.62725830078125
1.896484375 -0.841796875 -0.34307861328125
-0.908203125 -1.251953125 0.46453857421875
-1.154296875 -1.134765625 -0.39581298828125
-0.900390625 -1.322265625 -0.28936767578125
1.982421875 0.251953125 0.41278076171875
1.802734375 -0.794921875 0.20965576171875
-0.892578125 -1.294921875 0.34637451171875
-0.869140625 -0.373046875 0.61688232421875
-0.072265625 -1.248046875 -0.24932861328125
-0.978515625 -0.533203125 0.36102294921875
-0.908203125 -1.064453125 0.23895263671875
-0.947265625 -0.685546875 0.42938232421875
-0.587890625 -1.318359375 -0.43585205078125
1.990234375 0.212890625 0.55633544921875
0.115234375 -1.251953125 -0.34600830078125
1.216796875 -1.142578125 -0.20831298828125
-0.978515625 -0.994140625 0.30731201171875
1.958984375 1.408203125 0.43719482421875
1.919921875 -0.880859375 -0.41143798828125
-0.892578125 -0.693359375 0.64813232421875
-0.744140625 -1.279296875 0.12664794921875
1.857421875 0.470703125 0.44110107421875
0.943359375 -1.154296875 0.29168701171875
-0.822265625 -1.369140625 -0.37042236328125
-0.939453125 -1.341796875 -0.42218017578125
0.466796875 -1.197265625 -0.43878173828125
-0.962890625 -0.865234375 0.31121826171875
0.224609375 -1.283203125 -0.84014892578125
-0.150390625 -1.064453125 -0.34307861328125
-0.916015625 -0.880859375 0.35418701171875
-1.275390625 -1.044921875 0.13934326171875
1.974609375 -0.943359375 -0.41143798828125
1.990234375 -0.916015625 0.21063232421875
-1.423828125 -1.185546875 -0.41143798828125
1.708984375 -0.626953125 -0.28936767578125
-1.779296875 -1.189453125 -0.37823486328125
-1.353515625 0.705078125 0.07098388671875
-1.193359375 -1.158203125 -0.80450439453125
0.013671875 -1.287109375 -0.46026611328125
-1.345703125 -1.154296875 -0.38995361328125
1.123046875 -1.154296875 0.29559326171875
1.919921875 -0.873046875 0.41668701171875
0.927734375 -1.076171875 -0.26788330078125
-0.986328125 -0.490234375 0.36199951171875
-1.111328125 -0.337890625 0.66571044921875
-0.978515625 -0.994140625 0.30731201171875
-1.283203125 -1.021484375 0.28973388671875
-1.251953125 -1.146484375 -0.39288330078125
1.693359375 -0.412109375 0.32196044921875
1.958984375 -0.900390625 -0.35675048828125
0.193359375 -1.201171875 -0.60723876953125
1.810546875 0.439453125 0.36492919921875
-0.908203125 -1.103515625 0.07098388671875
-0.900390625 -0.220703125 0.13055419921875
0.529296875 -1.185546875 -0.62188720703125
-1.251953125 -1.173828125 -0.79962158203125
0.583984375 -1.216796875 0.28289794921875
0.779296875 -1.208984375 -0.68145751953125
0.873046875 -1.072265625 -0.26788330078125
-0.033203125 -1.267578125 -0.59503173828125
-0.916015625 -1.345703125 -0.55596923828125
-1.314453125 -0.974609375 0.30047607421875
1.880859375 -1.111328125 -0.67706298828125
-0.923828125 -1.029296875 0.29461669921875
1.865234375 -0.802734375 0.31903076171875
-0.994140625 -1.341796875 -0.42022705078125
-1.064453125 -1.220703125 0.51336669921875
-0.962890625 -0.548828125 0.43328857421875
-0.658203125 -0.583984375 0.07098388671875
1.833984375 -0.244140625 0.42645263671875
-1.033203125 -1.244140625 0.61883544921875
-1.193359375 -1.064453125 0.18035888671875
1.716796875 -0.654296875 0.34735107421875
0.349609375 -1.228515625 -0.53643798828125
1.771484375 1.025390625 0.42449951171875
-1.791015625 -1.013671875 0.28875732421875
-0.939453125 -0.955078125 0.35223388671875
0.474609375 -1.130859375 -0.26007080078125
0.873046875 -1.185546875 -0.49737548828125
1.935546875 -0.873046875 -0.49151611328125
-0.962890625 -0.548828125 0.43328857421875
1.802734375 0.720703125 0.44305419921875
-0.939453125 -0.720703125 0.59735107421875
-1.962890625 -1.123046875 0.12176513671875
1.912109375 -0.876953125 -0.55010986328125
-1.263671875 0.580078125 0.07098388671875
-1.193359375 -1.064453125 0.18035888671875
-0.306640625 -1.244140625 0.24481201171875
1.779296875 -0.728515625 -0.28839111328125
0.474609375 -1.130859375 -0.26007080078125
-1.263671875 0.580078125 0.07098388671875
1.935546875 -0.853515625 0.27899169921875
-1.412109375 -0.998046875 0.29754638671875
1.951171875 -0.494140625 0.60321044921875
-0.673828125 -1.322265625 -0.29327392578125
-0.658203125 -1.294921875 0.23895263671875
-0.681640625 -1.267578125 0.12664794921875
0.630859375 -1.240234375 -0.42413330078125
1.873046875 -0.658203125 0.45867919921875
-1.583984375 -0.927734375 0.34051513671875
-0.986328125 -1.134765625 -0.39971923828125
-0.955078125 -0.564453125 0.36102294921875
-0.947265625 -0.759765625 0.35614013671875
1.990234375 -0.373046875 -1.07086181640625
1.037109375 -1.083984375 -0.26983642578125
-1.251953125 -1.146484375 -0.39288330078125
0.287109375 -1.271484375 -0.84454345703125
0.037109375 -1.189453125 -0.25225830078125
-0.916015625 -0.748046875 0.65399169921875
1.966796875 -0.880859375 0.34832763671875
-1.041015625 -1.205078125 0.62078857421875
-1.009765625 -1.318359375 -0.42120361328125
1.701171875 -0.568359375 0.41668701171875
1.880859375 -0.810546875 -0.22100830078125
0.169921875 -1.212890625 -0.31280517578125
-0.884765625 -0.837890625 0.47039794921875
1.810546875 -0.794921875 0.34637451171875
-0.166015625 -1.259765625 -0.39581298828125
-1.017578125 -0.470703125 0.47821044921875
-0.900390625 -1.337890625 -0.39581298828125
0.091796875 -1.193359375 -0.25225830078125
0.357421875 -1.220703125 0.25360107421875
1.193359375 -1.169921875 0.26531982421875
1.951171875 1.353515625 0.58953857421875
-0.658203125 -1.283203125 0.18328857421875
-1.033203125 -0.419921875 0.37860107421875
0.560546875 -1.255859375 -0.35968017578125
1.037109375 -1.189453125 0.19891357421875
-1.146484375 -0.818359375 0.12664794921875
1.123046875 -1.126953125 -0.64971923828125
-1.923828125 -1.224609375 -0.44464111328125
0.654296875 -1.177734375 -0.62725830078125
0.513671875 -1.205078125 -0.43975830078125
-0.017578125 -1.314453125 -0.82403564453125
-1.845703125 -1.080078125 0.22821044921875
1.701171875 -0.513671875 0.27996826171875
1.451171875 -1.169921875 -0.71954345703125
-1.857421875 -1.189453125 -0.37628173828125
-0.939453125 -0.830078125 0.36883544921875
-1.150390625 -0.998046875 0.14129638671875
0.888671875 -1.173828125 -0.62530517578125
-0.994140625 -0.392578125 0.65789794921875
1.662109375 -0.419921875 0.38934326171875
-0.509765625 -1.244140625 0.24188232421875
-0.955078125 -0.693359375 0.37274169921875
1.154296875 -1.146484375 -0.65020751953125
0.169921875 -1.212890625 -0.31280517578125
1.833984375 -0.822265625 0.20965576171875
-0.947265625 -0.798828125 0.31317138671875
1.810546875 -1.158203125 -0.87628173828125
-1.388671875 -1.158203125 -0.38897705078125
0.185546875 -1.228515625 -0.52862548828125
0.193359375 -1.232421875 -0.46905517578125
0.787109375 -1.103515625 -0.26593017578125
-1.486328125 -1.056640625 0.23211669921875
-1.826171875 -0.884765625 0.34344482421875
-0.892578125 -1.236328125 0.12567138671875
-1.041015625 -1.236328125 0.57000732421875
-0.494140625 -1.287109375 -0.38409423828125
-1.095703125 -1.216796875 -0.42120361328125
-1.056640625 -0.361328125 0.65594482421875
-1.517578125 -1.041015625 0.28582763671875
-1.638671875 -1.193359375 -0.35089111328125
