TRUCK
0.3046875 -1.037933349609375 -0.221435546875
-0.1640625 0.701171875 -1.759521484375
1.4140625 0.873046875 0.243408203125
1.6171875 1.6103515625 -0.137451171875
0.6640625 -0.3564453125 -0.344482421875
0.8203125 -0.2119140625 -0.076904296875
-0.3828125 -1.837890625 -0.585205078125
0.3046875 -0.8529052734375 -0.89453125
0.9140625 0.220703125 0.185791015625
0.6015625 1.7607421875 0.977783203125
0.4921875 -0.5576171875 0.505126953125
0.3046875 -0.9473876953125 0.107666015625
1.6640625 1.7099609375 -1.0888671875
0.3515625 -0.782470703125 -0.025146484375
-0.4140625 -1.53271484375 0.589111328125
-1.1484375 -0.53759765625 0.798095703125
0.1640625 -1.193603515625 0.180908203125
1.4296875 0.9521484375 0.445556640625
1.6171875 1.3974609375 -0.262451171875
-0.3984375 -1.919921875 -0.518310546875
0.1484375 -1.260009765625 -0.027099609375
1.1796875 0.474609375 -0.330322265625
-1.8984375 -0.05810546875 0.299072265625
0.6328125 0.5400390625 0.048095703125
1.1953125 1.0302734375 0.627197265625
1.5546875 1.7587890625 0.749267578125
-0.2265625 -1.5712890625 -0.098388671875
1.0234375 0.37890625 -1.120574951171875
-0.0234375 -0.9548492431640625 0.586181640625
-0.2578125 0.95703125 -1.771240234375
-0.1328125 1.0927734375 -0.242919921875
1.6484375 1.5517578125 0.444580078125
1.1328125 0.4033203125 -0.331787109375
0.9296875 1.3427734375 -0.871337890625
0.3984375 0.599609375 -0.7626953125
-0.2734375 -1.6708984375 -0.651611328125
0.6171875 -0.48193359375 0.581298828125
0.3671875 -0.80908203125 0.047119140625
0.8828125 1.4287109375 -0.611572265625
0.9765625 0.2236328125 -0.275634765625
0.0859375 -0.532470703125 -0.568603515625
1.2421875 1.4677734375 0.833251953125
0.0546875 -0.03125 -0.776611328125
0.9140625 1.4326171875 -0.741455078125
1.0234375 1.6494140625 -0.737060546875
0.0078125 -0.8880615234375 0.041259765625
0.3984375 -0.69921875 -0.9541015625
1.5390625 1.2158203125 -0.321533203125
0.5390625 -0.54638671875 -0.022216796875
-0.9921875 1.2626953125 -1.27069091796875
1.6171875 1.3974609375 -0.262451171875
0.9296875 0.14453125 -0.276611328125
-0.4453125 -1.9521484375 -0.241943359375
1.5703125 1.2314453125 0.749267578125
-0.3828125 -0.68798828125 -0.587646484375
0.0546875 -1.2509765625 -0.908447265625
-0.3203125 -1.68603515625 0.101806640625
-0.3046875 -0.69677734375 0.311767578125
0.4765625 -0.80126953125 -0.217041015625
-0.4765625 -0.9339599609375 -0.662841796875
0.9921875 0.171875 -0.335205078125
0.1484375 -1.363037109375 -0.224853515625
0.2109375 0.8046875 0.039306640625
1.5546875 1.7099609375 0.443603515625
0.5703125 -0.564697265625 0.582275390625
1.6328125 1.5283203125 0.495361328125
1.6484375 1.6611328125 -0.066162109375
1.6171875 1.3974609375 -0.262451171875
0.1796875 -1.09869384765625 -0.027099609375
0.5390625 0.6181640625 0.046142578125
0.3984375 -0.685302734375 -0.889404296875
-0.1484375 0.998046875 0.031494140625
1.5859375 1.3896484375 0.243408203125
0.3046875 -0.858154296875 -0.025146484375
1.6328125 1.5537109375 0.571533203125
1.1640625 0.51171875 -0.201416015625
1.0234375 1.6494140625 -0.737060546875
1.3984375 1.0009765625 -0.324951171875
0.9921875 0.171875 -0.335205078125
0.8203125 -0.09423828125 0.502197265625
0.3984375 -0.685302734375 -0.889404296875
0.6640625 -0.4033203125 0.449462890625
-0.0546875 -1.369384765625 0.645751953125
1.0078125 0.294921875 -0.016357421875
0.9296875 1.3427734375 -0.871337890625
1.6328125 1.5400390625 0.061767578125
0.3515625 -0.782470703125 -0.025146484375
0.6484375 -0.341796875 0.051025390625
0.6484375 0.6240234375 -0.024169921875
-0.6640625 -1.94140625 0.514892578125
0.8828125 0.357421875 0.052978515625
0.5234375 -0.458984375 -0.947509765625
1.0703125 1.7275390625 -0.7353515625
1.3984375 0.7861328125 0.370361328125
0.7109375 1.0498046875 -0.881591796875
0.7890625 -0.08203125 -1.002685546875
-0.1640625 -0.35400390625 -0.650634765625
0.9765625 0.1279296875 -0.205810546875
-0.2578125 -1.6689453125 -0.78857421875
0.1328125 -1.271240234375 0.180908203125
0.1796875 -1.08740234375 -0.9013671875
1.5078125 1.1220703125 1.259033203125
1.6484375 1.5419921875 -0.192626953125
0.7890625 -0.2490234375 -0.149169921875
0.7890625 -0.1083984375 0.052978515625
0.7265625 -0.38232421875 -0.475830078125
0.1953125 -1.315673828125 -0.358642578125
0.4609375 -0.792724609375 0.108642578125
0.9921875 0.1337890625 0.578369140625
0.7109375 -0.158203125 -1.13946533203125
-0.4296875 -1.52685546875 0.512939453125
0.1171875 -1.19580078125 0.509033203125
0.6328125 0.5400390625 0.048095703125
1.2734375 1.5283203125 1.093017578125
0.9453125 1.5068359375 -0.740234375
1.6953125 1.5576171875 -1.08447265625
0.0234375 -1.273681640625 0.510009765625
0.9921875 0.41015625 -0.075927734375
-0.8046875 -0.9895668029785156 0.932861328125
-0.4765625 -1.03802490234375 0.787353515625
1.4296875 0.9521484375 0.445556640625
1.0234375 0.4462890625 -0.145263671875
0.8046875 -0.2529296875 0.448486328125
-0.0390625 -1.44189453125 0.587158203125
-0.0703125 -1.50634765625 -0.031005859375
1.6484375 1.5419921875 -0.192626953125
1.0703125 0.7060546875 -0.857177734375
0.9765625 0.224609375 -0.992431640625
0.3984375 -0.685302734375 -0.889404296875
-0.9921875 1.1904296875 -1.556640625
1.7109375 1.2509765625 -0.9537353515625
0.8359375 -0.1748046875 0.579345703125
0.7890625 -0.2490234375 -0.149169921875
0.6796875 -0.232421875 -0.282470703125
1.4296875 0.916015625 -0.067138671875
1.6640625 1.6416015625 -1.3438720703125
1.2421875 1.5263671875 0.964111328125
1.0859375 0.369140625 -0.272705078125
0.7890625 -0.09521484375 0.242431640625
1.4140625 1.9619140625 0.443603515625
1.1640625 0.6005859375 -0.271728515625
-0.5234375 -1.7861328125 0.591064453125
1.4140625 0.849609375 -0.323974609375
1.1796875 0.7802734375 -0.072998046875
-0.2109375 -1.342529296875 0.726806640625
-1.7890625 0.1103515625 0.299072265625
1.1328125 0.2822265625 0.447509765625
1.6171875 1.6044921875 0.748291015625
-0.3203125 -1.525390625 0.176025390625
-0.3828125 -1.83984375 -0.656005859375
-0.4765625 -1.03802490234375 0.787353515625
-0.3359375 -1.6572265625 -0.100341796875
0.8359375 1.2607421875 -1.0093994140625
-1.8984375 -0.05810546875 0.299072265625
1.5078125 1.2373046875 0.369384765625
1.4765625 1.8857421875 0.186767578125
0.0859375 0.048828125 -0.775634765625
-0.4453125 -1.60595703125 0.512939453125
0.6484375 -0.539306640625 -0.478271484375
-0.6015625 -1.8642578125 0.514892578125
0.3359375 0.6513671875 -0.563232421875
1.6015625 1.3896484375 -0.136474609375
-0.9453125 1.2724609375 -1.553955078125
1.5859375 1.3251953125 -0.262939453125
1.2265625 0.69921875 -0.071044921875
1.1171875 1.7958984375 -0.7333984375
0.5859375 -0.302734375 -0.944091796875
0.6953125 -0.24462890625 0.242431640625
1.5546875 1.7587890625 0.749267578125
1.6015625 1.4443359375 1.001220703125
0.3515625 -0.91888427734375 -0.354248046875
0.2890625 -0.949493408203125 -0.158935546875
0.8359375 -0.251953125 -0.208251953125
0.8046875 0.00048828125 -0.9326171875
0.8515625 0.0732421875 -0.9307861328125
1.2109375 1.0380859375 0.498291015625
0.7109375 0.5537109375 0.181884765625
1.5546875 1.1474609375 1.003173828125
1.1640625 0.6005859375 -0.271728515625
1.6484375 1.4677734375 0.444580078125
0.7890625 -0.09521484375 0.242431640625
1.4296875 0.9521484375 0.445556640625
0.8515625 0.0732421875 -0.9307861328125
1.3828125 1.9697265625 0.572509765625
0.0078125 -0.9590911865234375 0.643798828125
-0.2734375 -0.59716796875 -0.792236328125
0.7421875 1.6767578125 0.841064453125
-0.2578125 -1.5830078125 -0.580322265625
1.4453125 1.1865234375 0.573486328125
0.7890625 -0.248046875 0.580322265625
0.7109375 -0.15283203125 -0.9376220703125
1.0859375 0.466796875 -0.855224609375
0.5390625 0.6181640625 0.046142578125
-0.4453125 -1.60595703125 0.512939453125
0.7421875 -0.00048828125 0.184814453125
-0.4296875 -1.52685546875 0.512939453125
0.9921875 0.318359375 -0.859375
-0.6796875 -1.17578125 -0.8115234375
0.7890625 1.1845703125 -1.0120849609375
0.0078125 -1.023712158203125 0.314697265625
