TRUCK
-1.9375 1.80078125 -1.8743896484375
-1.9375 1.6171875 -1.8751220703125
-1.9375 1.259765625 -0.760498046875
-1.90625 1.62109375 -0.760498046875
-1.9375 1.244140625 -0.456787109375
-1.90625 1.44140625 -0.760498046875
-1.875 1.564453125 -1.6668701171875
-1.84375 1.76171875 -1.063232421875
-1.8125 1.265625 0.753173828125
-1.75 1.318359375 -0.356201171875
-1.75 1.25 -0.156005859375
-1.75 0.90625 0.755126953125
-1.84375 -1.07421875 0.868408203125
-0.65625 1.34375 -1.92138671875
-0.59375 1.15234375 -1.923828125
-0.5 0.58984375 -1.9287109375
-0.4375 0.40625 -1.93115234375
-0.40625 0.21484375 -1.932861328125
-0.28125 -0.00390625 -1.93798828125
-0.15625 -0.19921875 -1.943359375
-0.09375 -0.3828125 -1.946044921875
-0.03125 -0.58984375 -1.948486328125
0.03125 -0.77734375 -1.95166015625
0.0 -1.16796875 -1.952392578125
0.03125 -0.96875 -1.9521484375
1.3125 -0.3828125 -1.765869140625
