TRUCK
-1.90625 1.70703125 -0.912353515625
-1.90625 1.46484375 -1.004638671875
-1.90625 1.30859375 -1.005126953125
-1.875 1.53515625 -0.913818359375
-1.875 1.30859375 -0.638427734375
-1.8125 1.609375 -1.5533447265625
-1.8125 1.64453125 -0.732666015625
-1.78125 1.84765625 -0.914306640625
-1.8125 1.640625 -0.458740234375
-1.78125 1.78515625 -0.638427734375
-1.84375 1.3203125 -0.459716796875
-1.8125 1.48046875 -0.733154296875
-1.8125 1.4609375 -0.638427734375
-1.8125 1.4765625 -0.458740234375
-1.84375 1.16015625 -0.733642578125
-1.78125 1.62109375 -0.638427734375
-1.84375 1.1484375 -0.459716796875
-1.8125 1.31640625 -0.733154296875
-1.75 1.70703125 -1.7415771484375
-1.65625 1.27734375 -0.364990234375
-1.6875 0.984375 0.636962890625
-1.65625 1.24609375 0.740478515625
-1.625 1.1328125 0.088134765625
1.28125 0.6875 -1.062255859375
1.3125 0.92578125 -0.971923828125
1.53125 0.75390625 -1.861572265625
1.3125 -1.18359375 -1.865966796875
1.28125 -1.53515625 -1.867431640625
1.40625 -1.37109375 -1.869873046875
1.46875 -1.02734375 -1.8701171875
