TRUCK_CAB
1.24365234375 -2.0 0.61767578125
1.03466796875 -2.0 0.5380859375
0.96826171875 -2.0 -0.8095703125
0.88427734375 -2.0 0.6171875
1.00732421875 -1.96875 0.6162109375
1.11083984375 -1.90625 0.615234375
-0.10009765625 -2.0 0.61376953125
-0.03173828125 -1.90625 -1.03076171875
-0.15478515625 -1.90625 -1.03125
0.45654296875 -1.84375 -1.0302734375
0.08154296875 -1.875 -1.03125
-0.24658203125 -1.90625 0.61083984375
0.33154296875 -1.84375 -1.03125
0.94482421875 -1.78125 -1.02978515625
0.56982421875 -1.8125 -1.03076171875
0.81396484375 -1.78125 -1.03076171875
-0.45751953125 -1.90625 0.5302734375
0.69287109375 -1.78125 -1.03076171875
-0.52001953125 -1.90625 -1.03466796875
-0.50048828125 -1.875 -0.625
-0.59423828125 -1.84375 0.5283203125
-0.38330078125 -1.8125 0.6083984375
-0.75048828125 -1.625 0.52294921875
-0.52783203125 -1.59375 0.60302734375
-0.68017578125 -1.5 0.6005859375
1.21826171875 -1.21875 0.3916015625
-1.25830078125 -1.46875 0.38818359375
0.96435546875 -1.21875 -0.72998046875
-0.61376953125 -1.375 -0.86376953125
-0.05126953125 -1.3125 1.1435546875
0.06982421875 -1.28125 1.1435546875
-0.30322265625 -1.3125 1.142578125
0.24755859375 -1.25 1.22265625
-0.78955078125 -1.34375 0.72509765625
-1.29736328125 -1.40625 0.515625
-0.43017578125 -1.3125 1.142578125
-1.28173828125 -1.40625 0.8046875
0.11669921875 -1.25 1.22265625
0.36865234375 -1.21875 1.22265625
-0.25830078125 -1.28125 1.2216796875
-1.20361328125 -1.375 0.59521484375
-0.00830078125 -1.25 1.22265625
-0.38330078125 -1.28125 1.2216796875
-0.12939453125 -1.25 1.2216796875
0.48583984375 -1.1875 1.22265625
1.06396484375 -1.125 0.8056640625
-0.18408203125 -1.25 1.142578125
-0.55908203125 -1.28125 1.142578125
0.60888671875 -1.15625 1.2216796875
1.10107421875 -1.09375 -1.07666015625
-0.68798828125 -1.28125 1.142578125
-1.28955078125 -1.34375 0.72314453125
-0.76220703125 -1.28125 1.0126953125
0.88623046875 -1.09375 -0.65869140625
0.73779296875 -1.125 1.2216796875
-0.51220703125 -1.25 1.2216796875
0.18115234375 -1.15625 1.142578125
1.05615234375 -1.0625 0.72509765625
-0.82470703125 -1.25 0.9326171875
-0.64501953125 -1.21875 1.2216796875
0.84326171875 -1.0625 1.2216796875
-0.81298828125 -1.21875 1.1416015625
1.53271484375 -0.96875 0.93359375
0.90966796875 -0.96875 1.142578125
0.67138671875 -0.96875 0.8017578125
0.79638671875 -0.9375 0.8017578125
0.95458984375 -0.9375 1.220703125
-0.49267578125 -1.03125 1.3505859375
-0.31689453125 -1.0 1.4306640625
-0.36767578125 -1.0 1.3505859375
0.55224609375 -0.875 1.4306640625
-0.45361328125 -0.96875 1.4306640625
0.86279296875 -0.65625 0.9287109375
0.91162109375 -0.53125 1.0068359375
0.78271484375 -0.53125 1.005859375
0.87255859375 -0.5 0.7939453125
0.33154296875 -0.5 1.3515625
0.69482421875 -0.3125 0.9248046875
-0.68798828125 -0.40625 0.708984375
-0.68408203125 -0.40625 0.7890625
-0.64111328125 -0.40625 1.0029296875
-0.43017578125 -0.375 0.7890625
-0.70361328125 -0.40625 0.9228515625
-0.45361328125 -0.375 0.9228515625
-0.56298828125 -0.375 0.708984375
-0.55517578125 -0.375 0.78857421875
-0.52001953125 -0.375 1.0029296875
-0.57861328125 -0.375 0.9228515625
-0.43798828125 -0.34375 0.70849609375
-0.39892578125 -0.3125 1.001953125
0.45458984375 -0.21875 0.78857421875
-0.82470703125 -0.34375 0.7080078125
-0.82861328125 -0.34375 0.787109375
0.55029296875 -0.1875 0.9228515625
0.48583984375 -0.1875 1.001953125
0.43310546875 -0.1875 0.9228515625
-0.85595703125 -0.3125 0.9208984375
0.61669921875 -0.15625 1.001953125
-0.32470703125 -0.21875 0.70703125
-0.78955078125 -0.28125 1.0009765625
-0.32861328125 -0.21875 0.7861328125
0.18310546875 -0.15625 0.78662109375
-0.19970703125 -0.1875 0.7861328125
0.05810546875 -0.15625 0.70703125
0.05419921875 -0.15625 0.7861328125
0.09521484375 -0.15625 1.0009765625
0.31396484375 -0.125 0.70751953125
0.31787109375 -0.125 0.78662109375
-0.29150390625 -0.1875 1.0009765625
-0.08447265625 -0.15625 0.70703125
-0.06689453125 -0.15625 0.7861328125
0.18505859375 -0.125 0.70703125
-0.19970703125 -0.15625 0.70654296875
-0.16259765625 -0.15625 1.0009765625
0.03076171875 -0.125 0.9208984375
-0.35595703125 -0.15625 0.9208984375
-0.03759765625 -0.125 1.0
0.16357421875 -0.09375 0.9208984375
-0.22509765625 -0.125 0.9208984375
-0.10400390625 -0.09375 0.9208984375
0.33349609375 -0.03125 1.0
0.27294921875 -0.03125 0.9208984375
0.66552734375 0.0 1.13671875
-0.85986328125 0.03125 1.4306640625
-0.91455078125 0.03125 1.3505859375
0.13232421875 0.5625 0.9921875
0.22607421875 0.6875 1.4306640625
0.08935546875 0.75 1.4306640625
0.03662109375 0.75 1.3515625
-0.10595703125 0.8125 1.3515625
-0.05712890625 0.84375 1.4306640625
-0.20751953125 0.90625 1.4306640625
-0.25244140625 0.90625 1.3515625
-0.39111328125 0.96875 1.3515625
0.58154296875 1.09375 1.4306640625
0.51708984375 1.09375 1.3515625
-0.35595703125 1.03125 1.4306640625
-0.54736328125 1.09375 1.3515625
0.68310546875 1.25 1.4306640625
0.63232421875 1.25 1.3515625
0.79638671875 1.4375 1.4306640625
0.74755859375 1.4375 1.3515625
0.75732421875 1.5 1.12890625
0.73974609375 1.5625 0.9033203125
-0.99658203125 1.375 1.3515625
-0.95361328125 1.40625 1.4306640625
0.81591796875 1.59375 1.2060546875
0.91162109375 1.59375 1.4306640625
0.86083984375 1.625 1.3525390625
0.89599609375 1.6875 0.22802734375
0.92138671875 1.6875 0.98046875
0.99951171875 1.75 1.126953125
0.92138671875 1.75 1.2060546875
1.02099609375 1.78125 0.225830078125
1.03466796875 1.78125 1.4306640625
1.00927734375 1.8125 0.67578125
1.01513671875 1.8125 0.75439453125
0.86279296875 1.8125 0.4501953125
0.98583984375 1.8125 0.9013671875
0.97607421875 1.8125 1.3525390625
-1.25830078125 1.59375 1.4306640625
-1.30908203125 1.59375 1.3515625
1.01904296875 1.875 0.30078125
-1.37548828125 1.625 1.2041015625
1.03857421875 1.875 0.978515625
-1.41455078125 1.65625 0.7509765625
1.03857421875 1.90625 1.205078125
1.14013671875 1.9375 0.221435546875
1.09326171875 1.9375 0.072998046875
-1.45751953125 1.65625 1.3515625
-1.43017578125 1.6875 0.6708984375
-1.45751953125 1.6875 0.8974609375
-1.41455078125 1.6875 1.4306640625
1.12255859375 1.96875 0.67333984375
1.13623046875 1.96875 0.751953125
1.10498046875 1.96875 0.8994140625
1.11669921875 1.96875 1.1259765625
-1.44970703125 1.71875 1.125
1.21630859375 2.0 0.52490234375
1.14599609375 1.96875 1.4306640625
1.09521484375 1.96875 1.3525390625
1.11474609375 2.0 0.4462890625
-1.54736328125 1.75 0.29443359375
-1.52783203125 1.75 0.9765625
-1.52001953125 1.75 1.2041015625
-1.47705078125 1.78125 0.52197265625
-1.59033203125 1.78125 0.4423828125
-1.57470703125 1.78125 0.66943359375
-1.61376953125 1.78125 1.3515625
-1.75439453125 1.8125 1.3515625
-1.72314453125 1.84375 0.66796875
-1.74267578125 1.84375 0.8955078125
-1.65673828125 1.875 -0.164825439453125
-1.75048828125 1.84375 1.1240234375
-1.71142578125 1.84375 1.4306640625
-1.73095703125 1.875 0.74658203125
-1.77783203125 1.9375 0.06005859375
