TRUCK_CAB
1.02734375 -2.0 0.53857421875
0.876953125 -1.96875 0.6201171875
0.994140625 -1.9375 0.619140625
1.12109375 -1.875 0.61767578125
-0.10546875 -1.96875 0.61669921875
-0.158203125 -1.90625 -1.02783203125
0.087890625 -1.875 -1.02685546875
-0.240234375 -1.90625 0.61474609375
0.330078125 -1.84375 -1.02783203125
-0.037109375 -1.875 -1.0283203125
0.572265625 -1.8125 -1.02783203125
0.93359375 -1.78125 -1.02685546875
0.20703125 -1.84375 -1.0283203125
0.451171875 -1.8125 -1.02734375
0.703125 -1.78125 -1.02685546875
-0.4609375 -1.875 0.53076171875
-0.53515625 -1.875 -1.03369140625
-0.5078125 -1.84375 -0.622802734375
-0.59765625 -1.84375 0.529296875
-0.38671875 -1.75 0.61083984375
-0.54296875 -1.5625 0.60595703125
-0.671875 -1.5625 0.60498046875
-0.77734375 -1.53125 0.521484375
0.19921875 -1.375 1.14404296875
1.21875 -1.1875 0.39453125
-1.2578125 -1.4375 0.39111328125
-0.6171875 -1.34375 -0.86181640625
-1.28515625 -1.4375 0.72509765625
0.0625 -1.28125 1.14404296875
-0.060546875 -1.28125 1.14404296875
-0.796875 -1.34375 0.72509765625
0.947265625 -1.15625 -0.7333984375
-1.3046875 -1.40625 0.515625
-0.1875 -1.28125 1.14306640625
0.123046875 -1.25 1.22607421875
0.373046875 -1.21875 1.22607421875
-0.244140625 -1.28125 1.22607421875
-0.56640625 -1.3125 1.14306640625
0.0 -1.25 1.22607421875
-0.31640625 -1.28125 1.14306640625
0.248046875 -1.21875 1.22607421875
-0.37109375 -1.28125 1.22607421875
-0.126953125 -1.25 1.22607421875
1.080078125 -1.125 0.80908203125
0.494140625 -1.1875 1.22607421875
-0.44140625 -1.28125 1.14306640625
-1.28515625 -1.375 0.80712890625
-1.19921875 -1.34375 0.5986328125
0.6171875 -1.15625 1.22607421875
1.10546875 -1.09375 -1.07275390625
1.0546875 -1.09375 0.72607421875
0.888671875 -1.09375 -0.65478515625
-0.76171875 -1.28125 1.01611328125
0.7265625 -1.125 1.22607421875
-0.5078125 -1.25 1.22607421875
0.66796875 -1.09375 0.72509765625
-0.703125 -1.25 1.14208984375
-0.8359375 -1.25 0.93212890625
1.505859375 -1.0 -0.4471435546875
0.814453125 -1.0625 0.80712890625
-0.640625 -1.21875 1.22509765625
0.853515625 -1.0625 1.22607421875
0.900390625 -0.96875 1.14306640625
1.5390625 -0.90625 0.72412109375
0.95703125 -0.9375 1.22509765625
0.673828125 -0.9375 0.80517578125
-0.49609375 -1.03125 1.35107421875
-0.3203125 -1.0 1.43408203125
-0.3671875 -1.0 1.35107421875
-0.4453125 -1.0 1.43408203125
0.560546875 -0.875 1.43408203125
0.91796875 -0.5625 1.01025390625
0.8515625 -0.5625 0.92822265625
0.78125 -0.5 1.00927734375
0.87109375 -0.46875 0.79638671875
0.314453125 -0.4375 1.35205078125
-0.68359375 -0.4375 0.79248046875
0.6875 -0.28125 0.92431640625
-0.69921875 -0.40625 0.708984375
-0.63671875 -0.40625 1.00634765625
-0.45703125 -0.375 0.92333984375
-0.56640625 -0.375 0.70947265625
-0.55859375 -0.375 0.79248046875
-0.51953125 -0.375 1.00634765625
-0.58984375 -0.375 0.92236328125
-0.421875 -0.34375 0.7919921875
-0.4453125 -0.34375 0.70947265625
-0.71875 -0.375 0.92236328125
0.443359375 -0.21875 0.708984375
0.462890625 -0.21875 0.7919921875
-0.83984375 -0.34375 0.7080078125
-0.82421875 -0.34375 0.791015625
0.615234375 -0.1875 1.00634765625
0.546875 -0.1875 0.92333984375
0.486328125 -0.1875 1.00634765625
0.41796875 -0.1875 0.92236328125
-0.328125 -0.25 0.7080078125
-0.7890625 -0.3125 1.00537109375
-0.1484375 -0.21875 1.00537109375
-0.32421875 -0.21875 0.7900390625
-0.86328125 -0.28125 0.92138671875
-0.4140625 -0.21875 1.00439453125
-0.197265625 -0.1875 0.7900390625
0.05078125 -0.15625 0.70751953125
0.05859375 -0.15625 0.7900390625
0.314453125 -0.125 0.7900390625
-0.080078125 -0.15625 0.70703125
-0.072265625 -0.15625 0.78955078125
-0.03125 -0.15625 1.00439453125
-0.359375 -0.1875 0.92138671875
0.173828125 -0.125 0.70703125
0.185546875 -0.125 0.78955078125
-0.2109375 -0.15625 0.70703125
-0.23046875 -0.15625 0.92138671875
0.091796875 -0.125 1.00439453125
0.30078125 -0.09375 0.70703125
-0.29296875 -0.15625 1.00439453125
-0.103515625 -0.125 0.92138671875
0.146484375 -0.09375 0.92138671875
0.009765625 -0.09375 0.92138671875
0.341796875 -0.0625 1.00439453125
0.650390625 0.09375 1.13623046875
-0.87109375 0.03125 1.43408203125
-0.92578125 0.03125 1.35107421875
-1.05078125 0.09375 1.13427734375
0.193359375 0.5 0.91455078125
0.138671875 0.53125 0.99755859375
0.2265625 0.6875 1.43408203125
0.083984375 0.75 1.43408203125
0.0234375 0.75 1.35205078125
-0.119140625 0.8125 1.35205078125
-0.060546875 0.84375 1.43408203125
-0.205078125 0.90625 1.43408203125
-0.265625 0.90625 1.35205078125
-0.41015625 1.0 1.35205078125
0.568359375 1.09375 1.43408203125
0.5078125 1.09375 1.35205078125
-0.35546875 1.03125 1.43408203125
-0.5625 1.09375 1.35205078125
0.697265625 1.25 1.43408203125
0.62109375 1.25 1.35205078125
0.796875 1.4375 1.43408203125
0.728515625 1.4375 1.35205078125
0.744140625 1.5 1.12841796875
-0.94921875 1.375 1.43408203125
-1.0078125 1.375 1.35107421875
0.734375 1.59375 0.90283203125
0.802734375 1.59375 1.21044921875
0.912109375 1.625 1.43408203125
0.892578125 1.65625 0.228759765625
0.8515625 1.625 1.35205078125
0.927734375 1.71875 0.98486328125
1.01953125 1.75 0.226806640625
0.99609375 1.75 1.12744140625
0.921875 1.75 1.20947265625
0.966796875 1.78125 1.35205078125
0.998046875 1.8125 0.67626953125
1.0078125 1.8125 0.75732421875
0.853515625 1.8125 0.45068359375
0.98046875 1.8125 0.90087890625
1.029296875 1.8125 1.43408203125
-1.26171875 1.59375 1.43408203125
-1.3203125 1.59375 1.35107421875
1.052734375 1.875 0.98291015625
-1.375 1.625 1.20849609375
1.13671875 1.90625 0.22216796875
1.017578125 1.90625 0.3037109375
-1.42578125 1.65625 0.75439453125
1.107421875 1.9375 0.076904296875
1.1015625 1.9375 0.89990234375
1.11328125 1.9375 1.12646484375
1.037109375 1.9375 1.20849609375
-1.40625 1.6875 1.43408203125
1.10546875 1.96875 0.447265625
1.119140625 1.96875 0.673828125
-1.46875 1.6875 1.35107421875
1.12890625 1.96875 0.7548828125
-1.4453125 1.71875 0.6708984375
-1.45703125 1.71875 0.89697265625
-1.453125 1.71875 1.12548828125
1.158203125 1.96875 1.43408203125
1.0859375 1.96875 1.35205078125
-1.5546875 1.75 0.29833984375
-1.52734375 1.75 0.97998046875
-1.52734375 1.75 1.20751953125
-1.4921875 1.78125 0.525390625
-1.60546875 1.78125 0.4423828125
-1.74609375 1.78125 0.44140625
-1.62890625 1.78125 1.35107421875
-1.7734375 1.78125 1.35107421875
-1.7578125 1.8125 1.12353515625
-1.72265625 1.84375 0.75048828125
-1.73828125 1.84375 0.66796875
-1.7578125 1.84375 0.89501953125
-1.65234375 1.875 -0.1619873046875
-1.7578125 1.875 0.06591796875
-1.70703125 1.875 1.43408203125
-1.85546875 2.0 1.20556640625
