TRUCK_CAB
1.08935546875 -1.984375 0.5322265625
0.93115234375 -1.953125 0.6162109375
1.04248046875 -1.921875 0.61572265625
1.15771484375 -1.828125 0.6142578125
-0.18408203125 -1.953125 0.6123046875
-0.58837890625 -1.984375 -0.8251953125
0.98388671875 -1.765625 -1.0302734375
0.25537109375 -1.828125 -1.03125
0.86669921875 -1.765625 -1.03125
-0.11181640625 -1.859375 -1.03271484375
0.49169921875 -1.796875 -1.0322265625
0.13232421875 -1.828125 -1.03271484375
0.37060546875 -1.796875 -1.03173828125
0.62060546875 -1.765625 -1.0322265625
-0.52978515625 -1.859375 0.52294921875
-0.32666015625 -1.828125 0.60888671875
-0.76416015625 -1.828125 0.314453125
-0.68212890625 -1.703125 0.5185546875
-0.48291015625 -1.609375 0.603515625
-0.53759765625 -1.546875 -1.06005859375
-0.62353515625 -1.546875 0.6015625
-0.53369140625 -1.390625 -0.65185546875
0.91357421875 -1.171875 -0.8623046875
1.16162109375 -1.140625 -1.07177734375
-1.22509765625 -1.390625 0.38623046875
0.15966796875 -1.234375 1.22265625
0.98779296875 -1.140625 0.720703125
-0.86962890625 -1.328125 0.8046875
0.04248046875 -1.234375 1.22265625
-0.01025390625 -1.234375 1.13671875
-1.16259765625 -1.359375 0.59521484375
0.28271484375 -1.203125 1.22265625
-0.33056640625 -1.265625 1.22265625
-0.38134765625 -1.265625 1.1357421875
-0.08447265625 -1.234375 1.22265625
-0.57666015625 -1.265625 -0.8701171875
-1.23681640625 -1.359375 0.8037109375
-1.28759765625 -1.359375 0.59423828125
1.25732421875 -1.078125 0.388671875
0.40576171875 -1.171875 1.22265625
-0.50634765625 -1.265625 1.1357421875
-0.20947265625 -1.234375 1.22265625
-0.26806640625 -1.234375 1.1357421875
-0.63525390625 -1.265625 1.1357421875
0.52880859375 -1.140625 1.22265625
1.02880859375 -1.078125 -1.07666015625
-1.24462890625 -1.328125 0.7158203125
0.88037109375 -1.078125 -0.7431640625
0.77490234375 -1.109375 1.22265625
-0.46337890625 -1.234375 1.2216796875
1.01708984375 -1.078125 1.013671875
-1.38134765625 -1.328125 0.50634765625
0.65576171875 -1.109375 1.22265625
-0.85009765625 -1.234375 1.01171875
-0.15283203125 -1.140625 1.1357421875
0.89208984375 -1.015625 1.2216796875
-0.77587890625 -1.171875 1.134765625
0.95654296875 -0.984375 0.9267578125
0.96240234375 -0.953125 1.13671875
0.72607421875 -0.953125 0.8017578125
-0.74072265625 -1.109375 1.220703125
0.73583984375 -0.921875 -0.75341796875
0.58935546875 -0.890625 0.80078125
-0.31494140625 -0.984375 1.3447265625
-0.40087890625 -0.984375 1.4306640625
-0.43994140625 -0.984375 1.3447265625
-0.27587890625 -0.953125 1.4306640625
0.60107421875 -0.859375 1.4306640625
0.47607421875 -0.859375 1.4306640625
0.81201171875 -0.734375 0.798828125
1.17333984375 -0.484375 0.71044921875
0.82373046875 -0.484375 1.005859375
0.76904296875 -0.453125 0.9208984375
0.90185546875 -0.421875 0.79296875
0.50341796875 -0.453125 1.345703125
-0.63916015625 -0.390625 0.78857421875
-0.65869140625 -0.390625 0.916015625
-0.47900390625 -0.359375 1.0029296875
-0.53369140625 -0.359375 0.916015625
-0.63525390625 -0.359375 0.70166015625
-0.38916015625 -0.328125 0.7880859375
-0.60791015625 -0.359375 1.0029296875
-0.51025390625 -0.328125 0.7021484375
-0.77197265625 -0.359375 0.78759765625
-0.52197265625 -0.328125 0.7880859375
-0.74072265625 -0.359375 1.001953125
-0.38916015625 -0.296875 0.701171875
-0.78759765625 -0.328125 0.70068359375
-0.79931640625 -0.328125 0.9150390625
0.65771484375 -0.171875 1.0029296875
0.59716796875 -0.171875 0.9169921875
0.52880859375 -0.171875 1.001953125
-0.42041015625 -0.265625 0.9150390625
0.47216796875 -0.171875 0.916015625
0.35888671875 -0.140625 0.787109375
-0.27978515625 -0.203125 0.7861328125
0.39208984375 -0.140625 1.001953125
-0.15087890625 -0.171875 0.7001953125
-0.88525390625 -0.265625 1.0009765625
-0.15673828125 -0.171875 0.78662109375
0.10302734375 -0.140625 0.70068359375
0.36083984375 -0.109375 0.701171875
-0.27587890625 -0.171875 0.69970703125
-0.02978515625 -0.140625 0.7861328125
0.72998046875 -0.078125 1.1318359375
0.22802734375 -0.109375 0.70068359375
0.23193359375 -0.109375 0.7861328125
-0.37353515625 -0.171875 1.0009765625
0.60302734375 -0.078125 1.1318359375
-0.11572265625 -0.140625 1.0009765625
0.10302734375 -0.109375 0.7861328125
0.08154296875 -0.109375 0.9150390625
-0.02197265625 -0.109375 0.69970703125
-0.00244140625 -0.109375 1.0009765625
-0.04736328125 -0.109375 0.9140625
0.20849609375 -0.078125 0.9150390625
0.12451171875 -0.078125 1.0009765625
0.32958984375 -0.046875 0.9150390625
-0.25634765625 -0.109375 1.0
-0.31103515625 -0.109375 0.9140625
-0.18798828125 -0.046875 0.9130859375
-0.99462890625 0.015625 1.34375
-0.95556640625 0.078125 1.4306640625
0.18115234375 0.515625 0.994140625
0.08154296875 0.734375 1.345703125
0.12646484375 0.765625 1.4306640625
-0.06103515625 0.796875 1.3447265625
-0.01806640625 0.828125 1.4306640625
-0.20556640625 0.890625 1.3447265625
0.50341796875 0.984375 1.4306640625
-0.15673828125 0.921875 1.4306640625
-0.35400390625 0.984375 1.3447265625
-0.30322265625 1.015625 1.4306640625
0.60888671875 1.171875 1.4306640625
-0.49853515625 1.078125 1.3447265625
0.55810546875 1.203125 1.345703125
-0.45556640625 1.109375 1.4306640625
0.72216796875 1.328125 1.4306640625
0.67333984375 1.359375 1.345703125
0.72412109375 1.515625 1.20703125
0.83544921875 1.515625 1.4306640625
0.77685546875 1.515625 1.3466796875
0.80615234375 1.546875 1.123046875
0.79052734375 1.578125 0.8974609375
-0.90478515625 1.390625 1.4306640625
-0.95166015625 1.390625 1.34375
-1.09228515625 1.421875 1.34375
0.84521484375 1.640625 1.20703125
0.95263671875 1.671875 1.4306640625
0.93896484375 1.703125 0.75634765625
0.92333984375 1.703125 1.1220703125
0.90576171875 1.703125 1.3466796875
-1.06103515625 1.515625 1.4306640625
0.91162109375 1.734375 0.896484375
0.96240234375 1.765625 0.98046875
0.96240234375 1.828125 1.2060546875
1.06591796875 1.859375 0.218505859375
1.04443359375 1.859375 0.75341796875
1.04248046875 1.859375 1.12109375
1.02099609375 1.859375 1.3466796875
1.06396484375 1.859375 1.4306640625
1.04638671875 1.890625 0.6689453125
1.02880859375 1.890625 0.89453125
-1.33447265625 1.640625 1.2041015625
1.04052734375 1.921875 0.44287109375
1.12841796875 1.953125 0.52685546875
-1.40869140625 1.671875 1.34375
-1.38134765625 1.703125 0.66357421875
1.08740234375 1.953125 0.978515625
-1.39697265625 1.703125 0.8896484375
-1.38916015625 1.703125 1.1171875
-1.36572265625 1.703125 1.4306640625
1.07958984375 1.984375 1.205078125
-1.48291015625 1.734375 0.9765625
-1.48681640625 1.734375 1.2041015625
-1.52978515625 1.765625 0.66162109375
-1.52587890625 1.765625 0.7490234375
-1.54931640625 1.765625 0.888671875
-1.56103515625 1.765625 1.34375
-1.54150390625 1.796875 1.1162109375
-1.51806640625 1.796875 1.4306640625
-1.70947265625 1.796875 1.34375
-1.68212890625 1.828125 0.66015625
-1.70556640625 1.859375 0.88671875
-1.70166015625 1.859375 1.1162109375
-1.73291015625 1.890625 0.061767578125
-1.83056640625 1.890625 0.4306640625
-1.79931640625 1.890625 0.9736328125
-1.75634765625 1.921875 -0.16864013671875
-1.79541015625 1.921875 1.2021484375
-1.86181640625 1.921875 1.34375
