TRUCK_CAB
1.03955078125 -2.0 0.529296875
0.91845703125 -1.96875 0.61376953125
1.47509765625 -1.875 -0.8154296875
1.02197265625 -1.90625 0.6123046875
-0.43505859375 -2.0 0.5234375
-0.19091796875 -1.96875 0.6103515625
1.13916015625 -1.8125 0.6103515625
-0.36865234375 -1.90625 -1.03564453125
-0.24755859375 -1.875 -1.0361328125
-0.32958984375 -1.875 0.60791015625
-0.12255859375 -1.84375 -1.03662109375
0.48291015625 -1.78125 -1.03564453125
0.11572265625 -1.8125 -1.03662109375
0.72705078125 -1.75 -1.03515625
0.36181640625 -1.78125 -1.03515625
0.60595703125 -1.75 -1.03564453125
0.96142578125 -1.71875 -1.0341796875
-0.58740234375 -1.875 0.51953125
0.23876953125 -1.78125 -1.03662109375
0.85009765625 -1.71875 -1.03515625
-0.56787109375 -1.84375 -0.71533203125
-0.47412109375 -1.78125 0.6044921875
-0.72021484375 -1.78125 0.5166015625
-0.85693359375 -1.625 0.3046875
1.14111328125 -1.3125 0.39111328125
-0.64599609375 -1.46875 0.5966796875
-0.69287109375 -1.40625 -0.8642578125
-1.36083984375 -1.4375 0.8017578125
0.18408203125 -1.25 1.1337890625
0.30712890625 -1.21875 1.1337890625
-1.25146484375 -1.375 0.80078125
-1.30615234375 -1.375 0.50390625
0.02587890625 -1.21875 1.21875
-0.88818359375 -1.3125 0.80078125
-0.56005859375 -1.28125 1.1318359375
0.27392578125 -1.1875 1.21875
-0.34912109375 -1.25 1.21875
-0.09912109375 -1.21875 1.21875
-0.43505859375 -1.25 1.1328125
0.15673828125 -1.1875 1.21875
0.39697265625 -1.15625 1.21875
-0.47802734375 -1.25 1.21875
-0.21826171875 -1.21875 1.21875
-0.31396484375 -1.21875 1.1328125
-1.43505859375 -1.34375 0.5029296875
-0.06591796875 -1.1875 1.1328125
1.42041015625 -1.03125 -0.451416015625
0.51806640625 -1.125 1.21875
0.92236328125 -1.0625 -0.660888671875
-0.59130859375 -1.21875 -0.87451171875
1.01220703125 -1.0625 -1.0810546875
-1.30615234375 -1.3125 0.7119140625
1.23681640625 -1.03125 0.3837890625
0.64306640625 -1.09375 1.21875
-0.86474609375 -1.25 1.0087890625
-0.60693359375 -1.21875 1.21875
-0.69677734375 -1.21875 1.1318359375
-1.30615234375 -1.28125 0.59033203125
0.92822265625 -1.03125 0.7158203125
0.78759765625 -1.03125 -0.66357421875
-1.05615234375 -1.21875 0.2919921875
0.76025390625 -1.03125 1.21875
-0.74365234375 -1.1875 1.2177734375
0.86767578125 -0.9375 1.21875
1.02001953125 -0.875 1.1328125
0.89111328125 -0.875 0.921875
0.90283203125 -0.875 1.1328125
0.70166015625 -0.875 0.796875
-0.49755859375 -0.96875 1.3408203125
-0.37255859375 -0.9375 1.3408203125
0.45947265625 -0.84375 1.427734375
0.58447265625 -0.8125 1.427734375
0.56103515625 -0.78125 0.794921875
0.91064453125 -0.53125 0.7919921875
1.11962890625 -0.5 0.70703125
0.77587890625 -0.5 0.791015625
0.81689453125 -0.5 1.0029296875
0.45751953125 -0.53125 1.341796875
0.70947265625 -0.40625 0.9169921875
0.66064453125 -0.3125 1.0009765625
-0.46630859375 -0.34375 0.912109375
-0.53662109375 -0.34375 0.78466796875
-0.48583984375 -0.34375 0.9990234375
-0.75146484375 -0.375 0.9990234375
-0.64990234375 -0.34375 0.78515625
-0.61865234375 -0.34375 0.9990234375
-0.71630859375 -0.34375 0.912109375
-0.78271484375 -0.34375 0.7841796875
-0.56787109375 -0.3125 0.6982421875
-0.59130859375 -0.3125 0.912109375
-0.40771484375 -0.28125 0.7841796875
-0.69677734375 -0.3125 0.69775390625
-0.45458984375 -0.28125 0.6982421875
0.35009765625 -0.1875 0.78466796875
-0.83349609375 -0.3125 0.697265625
0.54541015625 -0.15625 0.9130859375
0.41845703125 -0.15625 0.9130859375
0.39501953125 -0.15625 0.9990234375
0.50830078125 -0.125 0.9990234375
0.65673828125 -0.125 1.3427734375
0.08251953125 -0.125 0.78271484375
-0.29443359375 -0.15625 0.78271484375
-0.34521484375 -0.15625 0.6962890625
-0.04638671875 -0.125 0.78271484375
-0.08740234375 -0.125 0.69677734375
-0.86474609375 -0.21875 0.91015625
-0.35693359375 -0.15625 0.9111328125
-0.16943359375 -0.125 0.78271484375
0.14892578125 -0.09375 0.9111328125
-0.21435546875 -0.125 0.69580078125
0.03759765625 -0.09375 0.69677734375
-0.22802734375 -0.125 0.9111328125
-0.00927734375 -0.09375 0.9970703125
0.21337890625 -0.0625 0.7822265625
0.67041015625 -0.03125 1.1279296875
0.17041015625 -0.0625 0.69677734375
-0.90771484375 -0.1875 0.9970703125
0.01611328125 -0.0625 0.9111328125
0.41259765625 -0.03125 1.126953125
-0.27099609375 -0.09375 0.9970703125
0.27392578125 -0.03125 0.9111328125
-0.11279296875 -0.0625 0.91015625
-0.14599609375 -0.0625 0.9970703125
0.53173828125 0.0 1.126953125
0.11181640625 -0.03125 0.9970703125
0.29150390625 0.0 0.69580078125
-0.40380859375 -0.0625 0.99609375
0.23095703125 0.03125 0.99609375
0.25830078125 0.09375 1.1259765625
-0.97412109375 0.09375 1.4267578125
-0.94677734375 0.1875 1.3408203125
0.11962890625 0.75 1.4267578125
0.01806640625 0.75 1.341796875
-0.02685546875 0.84375 1.4267578125
-0.11279296875 0.84375 1.341796875
-0.16943359375 0.90625 1.4267578125
-0.27099609375 0.9375 1.341796875
0.48486328125 1.03125 1.427734375
-0.31787109375 1.0 1.4267578125
-0.41943359375 1.0 1.3408203125
0.58447265625 1.1875 1.427734375
-0.46630859375 1.09375 1.4267578125
-0.55615234375 1.125 1.3408203125
0.61962890625 1.34375 1.3427734375
0.70361328125 1.375 1.427734375
0.72705078125 1.53125 1.3427734375
-0.91552734375 1.375 1.4267578125
0.82275390625 1.5625 1.427734375
0.70751953125 1.5625 1.2041015625
0.73291015625 1.59375 0.8935546875
-1.00927734375 1.40625 1.3408203125
0.82666015625 1.65625 0.978515625
0.86572265625 1.6875 1.1181640625
0.82666015625 1.6875 1.203125
0.85009765625 1.6875 1.3427734375
-1.06787109375 1.5 1.4267578125
0.85595703125 1.71875 0.892578125
0.92041015625 1.75 0.75244140625
0.93798828125 1.75 1.427734375
1.01416015625 1.8125 0.216064453125
0.85986328125 1.8125 0.44189453125
0.94384765625 1.8125 0.9765625
0.98681640625 1.84375 1.1181640625
-1.32177734375 1.625 1.33984375
0.95947265625 1.875 0.8916015625
0.94189453125 1.875 1.2021484375
0.96533203125 1.875 1.3427734375
0.98486328125 1.90625 0.439453125
0.98876953125 1.90625 0.66552734375
1.04345703125 1.90625 1.427734375
1.02392578125 1.9375 0.74951171875
-1.34521484375 1.6875 1.201171875
-1.37646484375 1.6875 1.4267578125
1.10986328125 1.96875 0.52294921875
-1.46630859375 1.6875 1.33984375
1.06298828125 1.96875 0.974609375
1.13134765625 2.0 0.21142578125
-1.45068359375 1.75 0.6591796875
-1.47021484375 1.75 0.8857421875
-1.53662109375 1.75 0.74560546875
-1.46240234375 1.75 1.11328125
-1.50537109375 1.75 0.9736328125
-1.50146484375 1.75 1.2001953125
-1.63037109375 1.78125 1.33984375
-1.59521484375 1.8125 0.6572265625
-1.52490234375 1.8125 1.4267578125
-1.59912109375 1.84375 0.061279296875
-1.77099609375 1.84375 1.33984375
-1.74365234375 1.875 0.65576171875
-1.77099609375 1.875 0.8828125
-1.75927734375 1.875 1.1123046875
-1.76708984375 1.90625 -0.17108154296875
-1.81787109375 1.90625 0.285400390625
-1.80615234375 1.90625 0.970703125
-1.79443359375 1.90625 1.19921875
-1.75537109375 1.96875 0.513671875
