TRUCK_CAB
1.154296875 -2.0 0.58740234375
1.390625 -1.9375 -0.433349609375
1.259765625 -1.9375 -0.434326171875
1.490234375 -1.84375 -0.437744140625
-0.607421875 -2.0 -0.85595703125
-0.455078125 -1.9375 0.580078125
-0.259765625 -1.90625 -1.06396484375
0.48046875 -1.8125 -1.0625
-0.140625 -1.875 -1.0654296875
1.087890625 -1.75 -0.85693359375
-0.01171875 -1.84375 -1.064453125
0.59765625 -1.78125 -1.064453125
0.2265625 -1.8125 -1.064453125
0.107421875 -1.8125 -1.06591796875
0.71484375 -1.75 -1.06396484375
0.958984375 -1.6875 -0.86083984375
-0.595703125 -1.84375 0.57763671875
1.158203125 -1.53125 0.369140625
0.61328125 -1.3125 0.77734375
0.521484375 -1.21875 1.1923828125
-0.599609375 -1.3125 -1.1083984375
-0.236328125 -1.28125 1.19140625
0.765625 -1.15625 -0.8974609375
0.025390625 -1.25 1.1923828125
-0.884765625 -1.34375 0.7734375
-0.11328125 -1.25 1.19140625
-0.771484375 -1.3125 0.7734375
-0.603515625 -1.28125 -0.90185546875
0.13671875 -1.21875 1.1923828125
-1.263671875 -1.375 0.7724609375
-1.314453125 -1.375 0.47314453125
-0.478515625 -1.28125 1.19140625
0.259765625 -1.1875 1.19140625
-0.603515625 -1.28125 1.19140625
-0.353515625 -1.25 1.19140625
1.0390625 -1.09375 0.68505859375
-0.587890625 -1.25 -0.693115234375
0.38671875 -1.15625 1.19140625
-1.314453125 -1.34375 0.68115234375
-0.837890625 -1.28125 0.890625
0.626953125 -1.125 1.19140625
-1.185546875 -1.3125 0.5634765625
0.880859375 -1.09375 1.19140625
0.921875 -1.0625 -0.7802734375
0.98828125 -1.0625 0.982421875
-0.865234375 -1.25 0.9814453125
0.265625 -1.125 1.310546875
1.009765625 -1.03125 0.892578125
1.27734375 -1.0 0.47509765625
0.142578125 -1.125 1.310546875
-0.751953125 -1.21875 1.19140625
1.509765625 -0.96875 0.8935546875
0.77734375 -1.0 -0.696044921875
1.140625 -0.96875 0.47412109375
0.900390625 -1.0 1.1025390625
1.525390625 -0.9375 0.68359375
0.73828125 -1.0 1.19140625
0.75 -0.9375 1.3115234375
-0.900390625 -1.09375 1.1904296875
-0.427734375 -1.0 1.400390625
-0.306640625 -0.96875 1.400390625
0.828125 -0.59375 0.88671875
0.54296875 -0.625 1.400390625
1.15234375 -0.53125 0.7646484375
-0.564453125 -0.71875 1.310546875
-0.439453125 -0.6875 1.310546875
0.4453125 -0.5625 1.3115234375
0.79296875 -0.5 0.9755859375
0.666015625 -0.28125 0.8828125
-0.478515625 -0.375 0.880859375
-0.498046875 -0.375 0.9716796875
-0.583984375 -0.375 0.66748046875
-0.666015625 -0.375 0.75732421875
-0.416015625 -0.34375 0.7578125
-0.626953125 -0.375 0.9716796875
-0.462890625 -0.34375 0.6669921875
-0.720703125 -0.375 0.6669921875
-0.736328125 -0.375 0.880859375
-0.541015625 -0.34375 0.75732421875
-0.798828125 -0.375 0.7568359375
0.64453125 -0.21875 0.97265625
-0.611328125 -0.34375 0.880859375
-0.376953125 -0.3125 0.9716796875
0.392578125 -0.21875 0.8818359375
-0.771484375 -0.34375 0.970703125
-0.849609375 -0.34375 0.666015625
0.515625 -0.15625 0.880859375
0.5 -0.15625 0.9716796875
0.3671875 -0.15625 0.970703125
-0.888671875 -0.28125 0.87890625
-0.900390625 -0.28125 0.9697265625
-0.181640625 -0.1875 0.75537109375
0.078125 -0.15625 0.75537109375
0.607421875 -0.125 1.400390625
0.337890625 -0.125 0.755859375
-0.248046875 -0.1875 0.8798828125
-0.05078125 -0.15625 0.75537109375
0.19921875 -0.125 0.75537109375
0.740234375 -0.09375 1.400390625
-0.373046875 -0.1875 1.095703125
-0.146484375 -0.15625 0.9697265625
-0.314453125 -0.15625 0.7548828125
-0.267578125 -0.15625 0.9697265625
-0.509765625 -0.1875 1.095703125
0.107421875 -0.09375 0.9697265625
0.138671875 -0.09375 1.0966796875
-0.029296875 -0.09375 0.9697265625
0.650390625 -0.03125 1.0966796875
0.267578125 -0.0625 1.0966796875
0.126953125 -0.0625 0.87890625
0.5234375 -0.03125 1.0966796875
0.38671875 -0.03125 1.0966796875
-0.00390625 -0.0625 0.87890625
0.251953125 -0.03125 0.87890625
0.00390625 -0.0625 1.095703125
-0.138671875 -0.03125 0.8779296875
-0.259765625 -0.03125 1.095703125
-0.943359375 0.0625 1.3095703125
0.146484375 0.59375 0.9619140625
0.2421875 0.71875 1.400390625
0.1015625 0.78125 1.400390625
-0.048828125 0.84375 1.400390625
-0.193359375 0.9375 1.400390625
-0.291015625 0.9375 1.310546875
-0.333984375 1.03125 1.400390625
-0.482421875 1.09375 1.400390625
0.697265625 1.3125 1.400390625
0.591796875 1.34375 -1.28125
0.71484375 1.375 -1.2822265625
0.712890625 1.4375 1.3115234375
0.810546875 1.46875 1.400390625
0.728515625 1.5 1.087890625
-0.931640625 1.40625 1.3994140625
-1.033203125 1.40625 1.3095703125
0.81640625 1.625 1.17578125
0.8203125 1.625 1.3115234375
0.927734375 1.65625 1.400390625
-1.087890625 1.46875 1.3994140625
0.943359375 1.71875 0.9501953125
0.990234375 1.75 0.185546875
0.966796875 1.75 1.0869140625
0.953125 1.78125 0.859375
0.833984375 1.78125 0.63427734375
0.94140625 1.78125 1.1748046875
0.9453125 1.78125 1.3115234375
1.044921875 1.8125 1.400390625
1.0234375 1.84375 0.72314453125
1.107421875 1.90625 0.180908203125
1.109375 1.90625 0.49658203125
1.060546875 1.90625 0.9482421875
-1.251953125 1.65625 1.3994140625
-1.349609375 1.65625 1.3095703125
1.08984375 1.9375 0.63232421875
1.07421875 1.9375 0.8583984375
1.08203125 1.9375 1.0859375
1.1171875 1.96875 0.04150390625
1.044921875 1.96875 1.173828125
1.060546875 1.96875 1.3115234375
1.14453125 2.0 0.720703125
-1.392578125 1.71875 1.3994140625
-1.498046875 1.71875 1.3095703125
1.154296875 2.0 1.400390625
-1.498046875 1.75 0.853515625
-1.521484375 1.75 0.9453125
-1.517578125 1.75 1.1728515625
-1.474609375 1.78125 0.626953125
-1.494140625 1.78125 1.08203125
-1.572265625 1.78125 0.71728515625
-1.478515625 1.84375 0.1708984375
-1.619140625 1.84375 0.169921875
-1.783203125 1.84375 0.39697265625
-1.642578125 1.875 0.39697265625
-1.806640625 1.84375 1.30859375
-1.724609375 1.875 0.71533203125
-1.798828125 1.875 0.8515625
-1.708984375 1.875 1.3994140625
-1.759765625 1.90625 0.029296875
-1.775390625 1.90625 0.62353515625
-1.798828125 1.90625 1.0810546875
-1.833984375 1.9375 1.1708984375
