TRUCK_CAB
-0.51953125 1.265625 1.43994140625
1.220703125 -1.734375 0.1884765625
-0.25 -1.171875 1.15478515625
-0.12109375 -1.171875 1.21630859375
0.2421875 0.828125 0.99560546875
-0.66015625 -0.171875 0.93994140625
1.037109375 1.859375 0.47802734375
-0.9765625 1.671875 0.98974609375
0.61328125 -1.671875 -1.05517578125
-0.78125 -0.234375 0.78369140625
0.927734375 1.734375 0.02734375
1.162109375 -1.890625 -0.42188453674316406
0.91796875 1.765625 0.99072265625
-1.28515625 -1.203125 0.58349609375
1.142578125 1.953125 1.21630859375
-0.1875 0.859375 0.93505859375
0.36328125 -0.078125 0.72412109375
-1.83984375 -0.203125 -1.39404296875
0.748046875 -1.046875 1.21630859375
1.287109375 0.046875 -1.00341796875
0.109375 -1.890625 0.60009765625
-0.7265625 -1.421875 0.58935546875
-0.5 -1.171875 1.15478515625
-0.1875 0.859375 0.93505859375
0.0703125 0.921875 1.37744140625
0.234375 -1.859375 0.60009765625
0.802734375 -0.421875 0.78857421875
-0.3671875 1.171875 1.43994140625
0.75390625 -0.953125 0.73388671875
-0.8671875 -1.203125 0.73388671875
1.03125 1.859375 0.76318359375
0.765625 1.578125 0.5419921875
0.92578125 1.703125 0.76416015625
-0.3828125 1.203125 1.38037109375
0.3828125 -1.140625 1.15478515625
1.400390625 -1.984375 -1.029296875
-0.91015625 -0.234375 1.00048828125
-0.3828125 1.203125 1.38037109375
-0.50390625 -1.140625 1.21630859375
0.787109375 -0.984375 -0.465789794921875
1.03125 1.859375 0.76318359375
-1.28515625 -1.203125 0.58349609375
1.142578125 1.953125 1.21630859375
0.12890625 -1.171875 1.15478515625
1.400390625 -1.984375 -1.029296875
-0.6640625 -0.234375 0.72412109375
0.712890625 -1.765625 0.60009765625
1.01171875 -0.984375 0.73486328125
-0.8671875 -1.203125 0.73388671875
1.03125 1.859375 0.76318359375
0.87109375 -1.671875 0.53564453125
-0.4453125 -1.578125 0.59326171875
-0.48828125 -1.765625 -1.060546875
-0.40625 -0.203125 0.72412109375
1.220703125 -1.734375 0.1884765625
0.00390625 -1.171875 1.15478515625
-0.37109375 -1.171875 1.21630859375
-0.48828125 -1.765625 -1.060546875
0.15234375 0.578125 -1.4228515625
1.1640625 1.984375 0.021240234375
0.748046875 -1.046875 1.21630859375
-0.35546875 -1.796875 0.53466796875
0.51171875 -1.140625 1.15478515625
0.80859375 1.578125 0.76611328125
0.876953125 -0.921875 0.94482421875
0.2421875 0.828125 0.99560546875
-1.140625 1.640625 1.44287109375
-0.3984375 -0.203125 0.78466796875
0.796875 1.515625 1.44091796875
-0.48046875 1.171875 0.99267578125
0.533203125 -1.890625 0.5390625
-0.8671875 -1.203125 0.73388671875
0.00390625 -1.171875 1.15478515625
0.625 -1.078125 1.21630859375
-0.48828125 -1.765625 -1.060546875
0.6796875 1.359375 1.38037109375
0.37109375 -1.703125 -1.056640625
0.802734375 -0.421875 0.78857421875
-0.6875 1.359375 1.38134765625
-1.65234375 0.234375 -1.4208984375
1.392578125 -0.765625 -0.8955078125
0.787109375 -0.984375 -0.465789794921875
1.01171875 -0.984375 0.73486328125
1.3046875 -0.984375 -0.67333984375
0.2890625 -1.953125 0.5390625
-0.12109375 -1.171875 1.15478515625
0.501953125 -1.109375 1.21630859375
0.60546875 0.046875 0.93994140625
0.34765625 0.953125 0.99462890625
-0.6875 1.359375 1.38134765625
0.625 -1.078125 1.21630859375
0.80859375 1.578125 0.76611328125
-0.59375 -1.453125 0.59033203125
-0.25 -1.171875 1.15478515625
0.501953125 -1.109375 1.21630859375
-1.46484375 1.921875 1.44482421875
-0.53515625 1.296875 1.38134765625
-0.1484375 -1.828125 0.59814453125
-0.3671875 1.171875 1.43994140625
1.017578125 1.828125 1.38330078125
0.00390625 -1.734375 -1.05859375
-1.37109375 -1.203125 0.79345703125
0.96484375 -0.765625 1.15478515625
-0.3984375 -0.203125 0.78466796875
-0.64453125 -1.078125 1.21630859375
1.166015625 -0.015625 -1.00048828125
1.02734375 1.796875 1.21630859375
-0.52734375 -0.171875 0.93994140625
-0.78125 -0.234375 0.78369140625
1.287109375 -1.890625 -0.4205780029296875
0.2421875 0.828125 0.99560546875
-1.00390625 1.640625 1.38330078125
-0.91015625 -0.234375 1.00048828125
0.00390625 -1.734375 -1.05859375
0.830078125 -1.203125 -0.873779296875
0.712890625 -1.765625 0.60009765625
0.609375 -0.859375 0.79345703125
0.25390625 -1.703125 -1.056640625
-0.35546875 -1.796875 0.53466796875
0.0859375 0.828125 0.93505859375
-0.91015625 -0.234375 1.00048828125
0.125 -1.140625 1.21630859375
0.79296875 1.515625 1.21630859375
-0.1484375 -1.828125 0.59814453125
0.34765625 0.953125 0.99462890625
1.287109375 -1.890625 -0.4205780029296875
-0.5 -1.703125 0.53271484375
1.013671875 -1.671875 -0.845703125
0.927734375 1.734375 0.02734375
-0.11328125 -1.765625 -1.0576171875
0.609375 -0.859375 0.79345703125
-0.4140625 0.765625 -1.44189453125
-0.6328125 -1.171875 1.15478515625
0.12109375 0.734375 0.99560546875
-0.59375 -1.453125 0.59033203125
0.5859375 0.296875 -1.3984375
0.564453125 1.171875 1.43896484375
1.08203125 1.953125 -0.14501953125
0.501953125 -1.109375 1.21630859375
0.533203125 -1.890625 0.5390625
-0.24609375 -1.171875 1.21630859375
0.9140625 1.671875 0.93115234375
0.48828125 -1.671875 -1.05615234375
0.876953125 -0.921875 0.94482421875
-0.1875 0.859375 0.93505859375
-0.78125 -0.234375 0.78369140625
1.08203125 1.953125 -0.14501953125
-0.3671875 1.171875 1.43994140625
1.423828125 -1.015625 -0.460906982421875
-1.28515625 -1.203125 0.58349609375
-1.46484375 1.921875 1.44482421875
0.7421875 -1.671875 -1.05517578125
1.08984375 1.515625 -1.2529296875
1.1640625 1.984375 0.021240234375
0.88671875 -0.984375 0.73486328125
0.75390625 -0.984375 1.15478515625
0.96484375 -0.765625 1.15478515625
-0.16796875 0.890625 0.77197265625
0.75390625 -0.984375 1.15478515625
1.03125 1.859375 0.76318359375
0.48828125 -1.671875 -1.05615234375
1.392578125 -0.765625 -0.8955078125
-0.76171875 -1.171875 1.15478515625
0.654296875 -1.890625 0.5390625
0.48828125 -1.671875 -1.05615234375
0.0078125 -1.171875 1.21630859375
0.765625 1.578125 0.5419921875
-0.1875 0.953125 0.99462890625
-0.5625 0.828125 -1.44873046875
0.33203125 0.953125 1.37841796875
1.01953125 1.828125 1.44287109375
0.564453125 1.171875 1.43896484375
0.2578125 -1.171875 1.15478515625
0.91015625 1.640625 1.21630859375
-0.01953125 -1.859375 0.59912109375
-0.35546875 1.203125 0.76806640625
-0.15234375 0.765625 -1.43896484375
-1.37109375 -1.203125 0.79345703125
-0.59765625 -1.046875 -0.895751953125
-0.64453125 -1.078125 1.21630859375
-0.52734375 -0.171875 0.93994140625
0.2265625 0.796875 0.93505859375
-0.0703125 0.953125 1.43798828125
0.904296875 1.671875 1.44189453125
0.1171875 0.765625 0.77392578125
0.7421875 -1.671875 -1.05517578125
0.1328125 -1.734375 -1.05712890625
-1.9140625 -0.421875 -1.380859375
-0.6640625 1.421875 0.99072265625
0.109375 -1.890625 0.60009765625
0.19140625 0.171875 0.72119140625
-1.21875 -1.078125 0.3701171875
-0.79296875 -0.109375 0.99951171875
-0.3515625 1.046875 0.93408203125
-0.5625 0.828125 -1.44873046875
-0.95703125 -1.234375 0.52392578125
-0.40625 -0.203125 0.72412109375
-0.328125 1.046875 0.99365234375
0.0703125 0.859375 1.43798828125
-0.81640625 -1.359375 0.5263671875
