TRUCK_CAB
1.169921875 -1.828125 0.25634765625
0.208984375 -1.921875 -0.98876953125
1.216796875 -1.703125 0.4599609375
-0.623046875 -1.984375 0.45751953125
-0.677734375 -1.921875 -1.00146484375
-0.908203125 -1.953125 -0.5855712890625
0.291015625 -1.703125 -1.0009765625
-0.794921875 -1.890625 -0.5865478515625
0.029296875 -1.671875 -1.005859375
0.611328125 -1.578125 0.57275390625
-0.345703125 -1.734375 -1.0087890625
0.357421875 -1.609375 0.57177734375
0.478515625 -1.578125 0.57177734375
0.240234375 -1.609375 0.5712890625
-0.228515625 -1.671875 -1.01025390625
-0.107421875 -1.640625 -1.0107421875
0.630859375 -1.515625 -1.00927734375
0.755859375 -1.484375 -1.00830078125
0.509765625 -1.515625 -1.00927734375
0.103515625 -1.578125 0.57080078125
-0.029296875 -1.578125 0.5703125
0.318359375 -1.484375 0.65966796875
-0.494140625 -1.609375 -1.01806640625
-0.154296875 -1.546875 0.5693359375
-0.634765625 -1.578125 -1.23193359375
-0.642578125 -1.515625 -1.02587890625
0.408203125 -1.265625 0.65576171875
0.037109375 -1.328125 0.65576171875
0.654296875 -1.203125 0.65673828125
0.771484375 -1.171875 0.65673828125
-0.638671875 -1.109375 0.560546875
0.330078125 -0.953125 1.19775390625
-0.779296875 -1.078125 0.55908203125
0.337890625 -0.890625 1.28662109375
0.470703125 -0.859375 1.28662109375
0.208984375 -0.890625 1.28662109375
-0.189453125 -0.953125 1.19775390625
-0.677734375 -1.015625 0.64794921875
-0.322265625 -0.953125 1.19775390625
0.802734375 -0.765625 1.19775390625
-0.935546875 -1.046875 0.55810546875
0.943359375 -0.734375 0.98486328125
-0.814453125 -1.015625 0.64697265625
-0.037109375 -0.890625 1.28662109375
-0.455078125 -0.953125 1.19775390625
0.091796875 -0.859375 1.28662109375
-0.173828125 -0.890625 1.28662109375
-0.580078125 -0.953125 1.19775390625
-1.208984375 -1.015625 0.64599609375
-1.201171875 -0.984375 0.5556640625
-1.216796875 -0.953125 0.341796875
-1.091796875 -0.921875 0.34130859375
-1.326171875 -0.953125 0.85791015625
-0.380859375 -0.640625 1.41162109375
-0.341796875 -0.171875 0.63525390625
-0.482421875 -0.078125 0.85009765625
-0.345703125 -0.046875 0.85009765625
-0.626953125 -0.078125 0.54296875
-0.599609375 -0.078125 0.85009765625
-0.634765625 -0.078125 0.63232421875
-0.384765625 -0.015625 0.75927734375
-0.646484375 -0.046875 0.75927734375
-0.509765625 -0.015625 0.6318359375
-0.521484375 -0.015625 0.75927734375
-0.771484375 -0.046875 0.54150390625
-0.775390625 -0.046875 0.63134765625
-0.787109375 0.015625 0.75830078125
-0.638671875 0.046875 1.28662109375
-0.763671875 0.046875 0.84814453125
-0.384765625 0.140625 1.06787109375
-0.677734375 0.109375 0.97900390625
-0.521484375 0.140625 1.06689453125
-0.646484375 0.171875 1.06689453125
-1.794921875 0.453125 -1.38916015625
0.123046875 0.953125 0.84033203125
-1.712890625 0.671875 -1.40283203125
0.451171875 1.171875 1.42041015625
-1.619140625 0.859375 -1.41455078125
-0.193359375 1.171875 1.06201171875
-0.044921875 1.203125 1.06201171875
-0.068359375 1.234375 0.83642578125
0.208984375 1.296875 -1.41650390625
-0.224609375 1.296875 0.83544921875
0.060546875 1.359375 -1.42138671875
-0.236328125 1.421875 -1.43017578125
-0.552734375 1.359375 0.97216796875
-0.505859375 1.390625 1.06005859375
-0.384765625 1.421875 0.83349609375
-0.525390625 1.421875 0.83349609375
1.041015625 1.859375 1.28662109375
0.923828125 1.859375 1.05908203125
-0.744140625 1.609375 0.97021484375
-0.775390625 1.671875 1.42529296875
1.158203125 1.984375 1.28662109375
1.033203125 1.984375 1.05908203125
-1.126953125 1.984375 1.42822265625
