TRUCK_CAB
0.5 -1.40625 -0.16259765625
1.09375 -0.90625 0.00537109375
0.84375 -1.09375 0.00537109375
1.125 -0.84375 -0.16455078125
0.90625 -0.96875 -0.16357421875
0.625 -1.15625 0.00537109375
0.875 -0.96875 0.30810546875
0.625 -1.09375 -0.16259765625
0.34375 -1.28125 0.47900390625
0.3125 -1.28125 0.00537109375
0.5625 -0.96875 0.30908203125
0.9375 -0.65625 0.47900390625
1.0 -0.59375 0.30810546875
0.25 -1.09375 0.31103515625
0.9375 -0.21875 0.48095703125
1.09375 0.03125 0.00439453125
0.84375 -0.09375 -0.47216796875
-1.125 -1.3125 0.48486328125
0.84375 0.40625 -0.47412109375
-1.0 1.40625 -0.48486328125
