TRUCK_CAB
-1.8359375 -1.28125 -0.98095703125
-1.7890625 -1.28125 -0.483154296875
-1.8203125 -1.21875 0.016021728515625
-1.8203125 -1.21875 0.53271484375
-1.5234375 -1.28125 0.014373779296875
-1.5078125 -1.21875 0.53076171875
-1.5546875 -1.15625 1.0302734375
-1.1953125 -1.21875 0.01220703125
-1.1953125 -1.21875 0.529296875
-0.6015625 -1.34375 -0.990234375
-0.8046875 -1.28125 -0.576171875
-1.2421875 -1.15625 1.029296875
-0.8984375 -1.21875 0.010162353515625
-1.1953125 -1.15625 1.529296875
-0.8828125 -1.21875 0.52783203125
-0.6953125 -1.21875 -0.079742431640625
-0.9296875 -1.15625 1.0283203125
-0.3828125 -1.28125 -0.081634521484375
-0.6328125 -1.21875 0.447021484375
-0.5859375 -1.21875 0.00836181640625
-0.8984375 -1.15625 1.5283203125
-0.5859375 -1.21875 0.5263671875
-0.6171875 -1.15625 1.02734375
-0.2890625 -1.21875 0.006439208984375
-0.5859375 -1.15625 1.5283203125
-0.2890625 -1.21875 0.94482421875
-0.2734375 -1.21875 0.52490234375
-0.2890625 -1.15625 0.44482421875
-0.3046875 -1.15625 1.025390625
-0.2734375 -1.15625 1.52734375
-0.0234375 -1.15625 -0.086181640625
0.9921875 -1.21875 -0.00238037109375
0.9609375 -1.09375 0.437255859375
1.2109375 -1.15625 -0.09515380859375
1.2890625 -1.09375 0.4345703125
1.2890625 -1.09375 0.515625
1.5390625 -1.15625 -0.09771728515625
1.3203125 -1.09375 -0.005523681640625
1.6484375 -1.15625 -0.511474609375
1.2890625 -1.03125 1.0185546875
1.3515625 -1.03125 0.93701171875
1.6171875 -1.09375 -0.00762939453125
1.6171875 -1.09375 0.513671875
1.8515625 -1.15625 -0.099365234375
1.9609375 -1.15625 -0.513671875
1.3203125 -0.96875 1.5234375
1.6015625 -1.03125 0.4326171875
1.9296875 -1.09375 0.51171875
1.9453125 -1.09375 -0.0103302001953125
1.6015625 -0.96875 1.017578125
1.6796875 -0.96875 0.93505859375
1.6171875 -0.90625 1.4375
1.6640625 -0.84375 1.5224609375
1.4453125 1.09375 -0.13720703125
1.5546875 1.15625 0.92138671875
1.1953125 1.28125 -0.1390380859375
1.2578125 1.28125 0.49169921875
1.2734375 1.28125 -0.04376220703125
1.5390625 1.21875 1.4345703125
1.2265625 1.34375 0.40576171875
1.2109375 1.34375 1.0087890625
1.2734375 1.34375 0.9208984375
1.5546875 1.28125 1.525390625
