TRUCK_CAB
-1.5625 0.04296875 -1.30322265625
-1.5625 -0.228515625 -1.43115234375
-1.5625 -0.47265625 -1.30322265625
-1.5625 -0.3515625 -0.40283203125
-1.5625 -0.76953125 -1.43115234375
-1.4375 0.1328125 -0.40283203125
-1.4375 -0.1328125 -0.53076171875
-1.4375 -0.98828125 -1.30419921875
-1.4375 -1.21484375 -0.53173828125
-1.3125 0.580078125 -1.3046875
0.4375 1.2265625 0.50927734375
0.5625 -0.080078125 1.42724609375
0.5625 -0.671875 1.29638671875
0.5625 -0.62890625 1.42724609375
0.6875 -0.1796875 1.29833984375
0.8125 0.4609375 1.43115234375
0.8125 -1.2265625 1.30029296875
0.8125 -1.1875 1.42919921875
1.3125 0.3828125 1.30419921875
1.5625 0.673828125 -0.40283203125
