TRUCK_CAB
-1.96875 -1.15625 -0.94140625
-1.71875 -0.96875 -1.0546875
-1.40625 -0.90625 -0.9375
-1.15625 -0.71875 -1.05078125
1.21875 1.03125 -1.0390625
1.40625 1.21875 -0.9296875
-0.71875 -0.84375 -0.931640625
-1.65625 -1.71875 0.921875
1.65625 1.34375 -1.03515625
-1.53125 -1.71875 0.0546875
1.90625 1.53125 -0.927734375
-1.15625 -1.40625 0.92578125
-1.03125 -1.34375 0.0546875
-0.34375 -0.78125 -1.041015625
-1.34375 -1.65625 1.04296875
0.46875 -0.03125 -1.0390625
0.78125 0.21875 0.0625
0.78125 0.15625 -0.92578125
-0.15625 -0.71875 0.93359375
-0.03125 -0.71875 -0.927734375
0.15625 -0.53125 -0.05078125
-0.03125 -0.71875 0.0625
0.40625 -0.34375 0.0625
-0.40625 -1.09375 1.05078125
0.46875 -0.34375 -0.92578125
0.40625 -0.40625 0.94140625
0.71875 -0.21875 -0.046875
0.15625 -0.78125 1.0546875
0.65625 -0.40625 1.0546875
