TRUCK_CAB
-1.4375 -0.0166015625 -1.291015625
-1.4375 -0.0400390625 -1.37158203125
-1.1875 0.4814453125 -1.37255859375
-1.1875 -0.5244140625 -1.29248046875
-1.1875 -1.1025390625 -1.373046875
-1.0625 1.0322265625 -1.29296875
-0.4375 0.0458984375 -0.4130859375
-0.3125 0.5751953125 -0.4130859375
-0.1875 0.5009765625 -0.494140625
0.1875 0.5712890625 0.474609375
0.1875 0.4775390625 0.392578125
0.1875 -0.0283203125 0.392578125
0.1875 0.0146484375 0.474609375
0.1875 -0.5205078125 0.474609375
0.1875 -0.5869140625 0.392578125
0.3125 1.1025390625 0.474609375
0.8125 -0.1767578125 1.369140625
0.9375 0.3564453125 1.37109375
1.0625 0.0146484375 1.29296875
1.0625 -0.7197265625 1.373046875
1.1875 0.8876953125 1.373046875
1.1875 -0.5205078125 1.29296875
1.3125 0.5458984375 1.294921875
1.4375 -1.0634765625 1.296875
