TRUCK_CAB
-0.96875 0.91796875 0.6153182983398438
-1.03125 -0.01171875 -0.6131973266601562
-1.046875 0.41015625 0.13191986083984375
-1.21875 -0.91015625 -0.5057754516601562
-1.15625 1.88671875 -0.9081192016601562
-1.125 1.70703125 -0.5643692016601562
-0.953125 0.05078125 0.14168548583984375
-1.109375 0.80859375 -0.46817779541015625
-1.0 0.76171875 -0.6927871704101562
-0.3125 -0.05859375 -0.36124420166015625
-0.59375 1.03515625 -0.11222076416015625
-0.5 1.12890625 0.7393417358398438
-0.546875 -0.46484375 -0.36319732666015625
0.703125 0.72265625 1.2784042358398438
0.15625 1.58203125 0.5020370483398438
-1.046875 -0.11328125 -0.6156387329101562
-1.046875 0.44140625 0.25399017333984375
-1.03125 1.16796875 -0.6810684204101562
-0.984375 0.68359375 0.37996673583984375
-1.0625 0.07421875 -0.11612701416015625
-1.203125 -0.89453125 -0.6332168579101562
-1.046875 -0.82421875 -0.48575592041015625
-0.859375 1.12890625 0.02254486083984375
-0.84375 0.78515625 -0.23233795166015625
-0.578125 1.13671875 0.6182479858398438
0.703125 -0.03515625 0.9092636108398438
-1.0 0.46484375 -0.7240371704101562
-1.15625 1.53515625 -0.9213027954101562
0.9375 -0.18359375 1.1866073608398438
0.84375 -0.07421875 1.1787948608398438
-0.75 -1.94140625 -0.9432754516601562
-1.3125 0.65234375 0.9717636108398438
-0.84375 0.12109375 1.2432479858398438
-1.1875 1.46484375 -0.9225234985351562
-0.15625 -0.22265625 1.1534042358398438
-0.75 1.51171875 0.37215423583984375
-0.96875 0.74609375 0.02254486083984375
-1.0 -0.00390625 0.26375579833984375
-0.75 1.51171875 0.37215423583984375
0.03125 1.29296875 0.6241073608398438
0.96875 1.15234375 -1.2914810180664062
-0.984375 1.02734375 0.13387298583984375
-0.5 -1.27734375 -0.7967910766601562
0.171875 -0.23828125 0.6514511108398438
-1.046875 0.58203125 -0.8402481079101562
-0.09375 1.62109375 0.49910736083984375
-0.703125 1.94140625 0.37215423583984375
1.140625 1.78515625 -1.1477432250976562
-1.15625 1.66015625 -1.1512832641601562
-0.953125 1.23046875 0.25399017333984375
-1.0625 -1.70703125 -0.5038223266601562
-0.84375 1.73828125 0.48934173583984375
-1.0 0.01171875 0.7530136108398438
-0.921875 1.11328125 0.14168548583984375
-0.46875 -1.55078125 -0.8065567016601562
-0.8125 1.00390625 -0.09757232666015625
-1.015625 1.83984375 0.14168548583984375
-1.015625 -0.08203125 0.5088729858398438
-0.921875 1.19140625 0.25887298583984375
-0.984375 1.92578125 -0.9144668579101562
-0.953125 0.32421875 -0.7069473266601562
-0.796875 1.83203125 0.25301361083984375
-1.109375 1.33203125 -1.0499649047851562
-1.0 0.85546875 0.01277923583984375
-1.015625 0.76953125 0.01180267333984375
-0.96875 -1.91015625 -0.6693496704101562
-1.0 0.49609375 -0.09952545166015625
-0.1875 -0.11328125 1.0225448608398438
-1.03125 1.90234375 0.13680267333984375
-0.59375 -1.84765625 -0.6781387329101562
-0.671875 1.13671875 0.01180267333984375
-0.96875 0.66015625 -0.09854888916015625
-1.109375 -1.92578125 -0.5336074829101562
-1.0625 1.50390625 0.14168548583984375
-0.96875 0.65234375 0.5010604858398438
-1.078125 0.12109375 -0.8553848266601562
-1.0 -0.00390625 0.26375579833984375
-0.671875 -0.99609375 -0.7816543579101562
-1.125 1.43359375 -0.5716934204101562
-0.5 0.98828125 -0.22159576416015625
-0.21875 -0.15234375 0.8936386108398438
-1.1875 1.83984375 0.6026229858398438
-0.5 -1.27734375 -0.7967910766601562
-0.46875 -1.06640625 -0.37491607666015625
-0.546875 1.50390625 -0.33292388916015625
-1.015625 0.13671875 0.38484954833984375
-0.171875 -1.58203125 -0.12491607666015625
-1.046875 -0.04296875 0.38582611083984375
-1.328125 0.76171875 0.6133651733398438
0.109375 1.78515625 -0.8485488891601562
-0.78125 1.04296875 0.01180267333984375
1.15625 0.75390625 0.9092636108398438
-0.828125 0.80078125 -0.45792388916015625
-0.96875 0.56640625 0.14168548583984375
-1.140625 -0.05078125 -0.48722076416015625
-1.0 0.59765625 0.26082611083984375
-0.609375 1.73046875 0.49129486083984375
-0.8125 0.58984375 1.2276229858398438
-0.84375 1.12109375 0.7354354858398438
-1.0625 0.40234375 -0.8461074829101562
-1.0 0.83203125 -0.22940826416015625
-1.03125 1.76171875 0.14168548583984375
-0.953125 0.60546875 -0.45938873291015625
-0.375 1.14453125 0.6221542358398438
-0.859375 1.68359375 -0.32413482666015625
-0.96875 0.77734375 0.37996673583984375
-1.109375 -0.98046875 -0.48770904541015625
-1.0 1.90234375 0.14168548583984375
-1.0 0.76171875 0.13289642333984375
-0.96875 0.05078125 -0.7137832641601562
-1.265625 0.73046875 0.8506698608398438
-0.796875 1.75390625 0.37313079833984375
-1.078125 0.04296875 0.00789642333984375
-0.84375 0.53515625 0.8662948608398438
1.09375 1.28515625 -1.1302871704101562
-1.140625 -0.44140625 -0.6219863891601562
-0.40625 -0.69921875 -0.37003326416015625
-0.46875 1.44140625 -0.21671295166015625
-0.765625 1.96484375 0.25594329833984375
-1.046875 -0.00390625 0.6260604858398438
-1.296875 0.66015625 0.8506698608398438
-1.03125 0.17578125 -0.6083145141601562
-1.046875 -0.05859375 0.25399017333984375
-0.953125 0.92578125 0.7354354858398438
-0.734375 1.02734375 -0.09854888916015625
0.8125 -0.11328125 0.7823104858398438
-0.09375 -1.10546875 0.13973236083984375
-0.1875 -0.19140625 1.2784042358398438
0.75 -0.12109375 0.9190292358398438
-1.03125 0.08984375 -0.6107559204101562
-0.984375 1.05859375 0.37313079833984375
-0.953125 -0.08203125 0.8780136108398438
-1.046875 -0.06640625 0.14168548583984375
-1.109375 -1.92578125 -0.5336074829101562
-0.84375 1.01171875 0.7373886108398438
-1.046875 1.90234375 0.6035995483398438
-1.140625 1.68359375 -0.44766998291015625
-0.828125 0.97265625 0.9756698608398438
-0.890625 1.32421875 0.49227142333984375
-1.03125 1.81640625 0.13680267333984375
1.125 1.36328125 -1.1289443969726562
-1.0 1.64453125 0.25691986083984375
-1.234375 1.41015625 -0.8050918579101562
-1.125 1.39453125 -0.45450592041015625
-1.0625 0.16796875 -0.11515045166015625
-1.046875 0.19921875 -0.7303848266601562
-1.3125 0.73828125 0.9678573608398438
0.890625 0.97265625 1.2784042358398438
-0.9375 1.58984375 0.25301361083984375
-1.09375 1.13671875 -1.0585098266601562
0.046875 1.16796875 0.6280136108398438
0.703125 0.83203125 1.1494979858398438
-0.84375 0.53515625 0.8662948608398438
-0.984375 0.97265625 -0.09561920166015625
-1.03125 1.16796875 -0.6810684204101562
-0.953125 1.75390625 -1.1588516235351562
-0.984375 0.48828125 0.5030136108398438
0.953125 -0.09765625 1.1866073608398438
0.84375 -0.19921875 1.3155136108398438
1.078125 0.77734375 0.7725448608398438
-0.796875 1.56640625 0.37410736083984375
-0.921875 1.30859375 0.37606048583984375
-1.015625 1.90234375 -1.0311660766601562
-0.96875 0.74609375 0.02254486083984375
1.09375 1.28515625 -1.1302871704101562
-0.828125 0.05078125 0.7549667358398438
-0.828125 -1.83203125 -0.7723770141601562
-1.1875 -0.40234375 -0.8700332641601562
-0.34375 -1.44140625 -0.7757949829101562
-0.671875 1.10546875 0.6172714233398438
0.84375 -0.19921875 1.3155136108398438
-1.09375 -0.15234375 0.00594329833984375
-0.875 1.89453125 0.25594329833984375
-1.015625 0.11328125 0.5069198608398438
-0.75 -1.94140625 -0.9432754516601562
-0.71875 1.69921875 -0.45938873291015625
-1.046875 1.48828125 -0.33683013916015625
-1.03125 0.02734375 0.5078964233398438
-0.984375 1.05859375 0.37313079833984375
-1.125 1.71484375 -1.0333633422851562
-1.15625 1.53515625 -0.9213027954101562
-1.03125 1.90234375 0.13680267333984375
-0.703125 0.84765625 -0.23429107666015625
-0.671875 1.24609375 0.02254486083984375
1.015625 1.83984375 -1.0123672485351562
-0.5 0.91015625 0.7432479858398438
-0.96875 1.88671875 0.25594329833984375
-0.1875 -0.19140625 1.2784042358398438
-0.03125 1.42578125 -0.9774551391601562
-0.53125 1.17578125 0.6192245483398438
-0.390625 1.12890625 0.7412948608398438
0.890625 0.83984375 0.8975448608398438
1.34375 1.76171875 0.37801361083984375
-0.75 1.79296875 0.37313079833984375
-0.859375 1.12890625 0.02254486083984375
-1.03125 1.63671875 -0.32120513916015625
-1.3125 -1.89453125 -0.6586074829101562
-0.796875 -1.87890625 -0.8065567016601562
-0.21875 -0.19921875 1.0244979858398438
-0.984375 0.48828125 0.5030136108398438
