TRUCK_CAB
0.86328125 1.6328125 -1.044647216796875
0.18359375 -0.328125 1.212677001953125
-1.14453125 1.8359375 0.080841064453125
0.79296875 -0.3046875 1.116973876953125
-1.05859375 -0.3125 -0.710662841796875
-0.88671875 0.90625 1.335723876953125
-1.08984375 -0.0703125 0.954864501953125
-1.12890625 1.890625 -0.634490966796875
-0.94921875 0.8671875 -1.321807861328125
-1.18359375 1.609375 -0.439666748046875
-1.02734375 0.4765625 1.267364501953125
-0.93359375 1.984375 0.182403564453125
-0.28515625 0.96875 1.251739501953125
-1.12890625 1.75 0.182403564453125
-0.83203125 0.9375 1.335723876953125
0.44140625 1.3984375 -1.035858154296875
-1.07421875 0.4609375 -0.149627685546875
-0.03515625 1.484375 -1.336395263671875
-1.12890625 1.8203125 -0.032440185546875
-1.05078125 2.0 -0.020721435546875
-1.08984375 0.3515625 -0.691131591796875
-1.07421875 0.4765625 0.278106689453125
-0.64453125 1.1953125 -0.039276123046875
-0.98828125 -0.8671875 -0.509490966796875
-0.88671875 1.765625 0.285919189453125
-0.72265625 0.7890625 1.241973876953125
-1.06640625 0.453125 0.385528564453125
-0.93359375 0.9375 0.907989501953125
-1.19921875 1.53125 -0.950653076171875
0.73828125 -0.1484375 0.993927001953125
-1.21484375 0.25 -0.472381591796875
-1.16796875 -1.8515625 -0.653533935546875
-0.50390625 -0.4609375 -0.390838623046875
-1.11328125 -0.15625 -0.263885498046875
0.23046875 0.984375 1.273223876953125
-1.12109375 0.9765625 -0.030487060546875
-0.92578125 1.0390625 -0.038299560546875
-1.23828125 0.0703125 -0.477264404296875
-1.10546875 0.1953125 0.171661376953125
0.90234375 0.9453125 -1.192596435546875
-0.80078125 1.359375 0.498809814453125
1.38671875 0.3515625 1.011505126953125
-1.08984375 -0.0703125 0.954864501953125
-0.45703125 1.53125 -0.881561279296875
1.01953125 1.8671875 -1.029754638671875
-0.83203125 1.6953125 0.374786376953125
-1.14453125 -0.1796875 0.624786376953125
-1.24609375 0.0078125 -0.918670654296875
-1.08984375 1.328125 -0.344940185546875
-0.51171875 1.4453125 -0.990203857421875
0.85546875 1.4609375 -1.164276123046875
-1.03515625 1.2578125 0.076934814453125
-0.50390625 -1.3515625 -1.009735107421875
-1.10546875 -0.015625 0.390411376953125
0.86328125 1.7265625 -1.040496826171875
-1.01953125 0.9765625 0.380645751953125
0.35546875 1.046875 1.275177001953125
-1.10546875 2.0 -0.132049560546875
-1.10546875 2.0 -0.132049560546875
-1.06640625 0.9453125 0.286895751953125
-1.10546875 0.6953125 0.181427001953125
0.74609375 -0.4140625 1.015411376953125
-1.10546875 0.4140625 0.288848876953125
-1.20703125 1.890625 -0.632049560546875
-0.62890625 0.9921875 1.343536376953125
-0.01171875 1.453125 0.507598876953125
-1.05859375 0.453125 0.599395751953125
-1.06640625 1.4921875 -0.338104248046875
-0.49609375 1.4765625 -0.882537841796875
-0.33984375 1.7578125 0.483184814453125
-0.00390625 1.28125 0.603302001953125
0.74609375 0.1171875 0.870880126953125
-0.96484375 0.8046875 -0.570526123046875
-1.34765625 -1.8515625 -0.740447998046875
-1.18359375 1.234375 -0.550994873046875
-0.61328125 1.59375 0.482208251953125
0.88671875 0.796875 1.081817626953125
0.80859375 -0.1953125 1.230255126953125
-1.05859375 0.984375 0.499786376953125
-1.26171875 -1.8515625 -0.651092529296875
-1.10546875 -0.015625 0.064239501953125
0.92578125 0.8984375 0.525177001953125
1.10546875 0.7421875 0.863067626953125
-1.17578125 1.6875 0.079864501953125
0.87890625 1.25 -1.175994873046875
-0.62890625 0.9921875 1.343536376953125
-0.97265625 -1.9765625 -0.388885498046875
-0.81640625 0.8046875 -0.250213623046875
-0.83984375 1.890625 0.284942626953125
-1.10546875 0.6953125 0.181427001953125
-1.26171875 1.5703125 -0.847381591796875
-1.07421875 -0.015625 0.499786376953125
-0.95703125 0.8671875 0.909942626953125
0.07421875 1.3984375 -1.018768310546875
-1.10546875 0.546875 0.504669189453125
-1.19921875 1.546875 -1.058319091796875
0.19140625 1.625 -1.341461181640625
-1.01953125 0.90625 0.591583251953125
-1.18359375 -0.84375 -0.504608154296875
1.08984375 1.8828125 -1.032440185546875
-1.20703125 1.765625 -0.430877685546875
-0.56640625 1.6328125 0.482208251953125
-1.05078125 1.78125 -0.434783935546875
-1.05859375 -0.1015625 0.720489501953125
-1.18359375 -0.0703125 0.401153564453125
-0.98046875 1.4140625 0.285919189453125
-1.16015625 -0.0078125 -0.922576904296875
-1.16015625 0.1640625 0.180450439453125
0.90234375 1.828125 -0.926483154296875
-1.08203125 0.34375 -0.042205810546875
-0.61328125 1.0390625 -0.141815185546875
-0.19921875 -1.6484375 -0.185760498046875
-1.05078125 1.6328125 -1.269012451171875
-1.01953125 1.2734375 0.286895751953125
-0.44921875 -0.0078125 -0.270721435546875
-1.12890625 -0.2109375 -0.599334716796875
0.84765625 -0.375 1.003692626953125
-1.07421875 1.8671875 0.182403564453125
-1.25390625 1.3046875 -0.651092529296875
-1.21484375 1.453125 -0.953826904296875
-1.04296875 0.8125 0.382598876953125
-0.98046875 0.890625 0.929473876953125
-0.82421875 1.015625 -0.032440185546875
-0.76171875 0.8359375 -0.251190185546875
-0.97265625 0.9296875 -0.144744873046875
-1.18359375 1.234375 -0.550994873046875
-1.12890625 1.9453125 0.570098876953125
-1.01171875 -0.078125 0.941192626953125
-0.80078125 1.3125 0.587677001953125
-0.55078125 0.7890625 1.247833251953125
-0.76171875 0.8359375 -0.251190185546875
-1.07421875 1.9140625 -0.840057373046875
-1.26953125 -0.8984375 -0.618377685546875
0.94140625 0.8203125 0.970489501953125
0.93359375 0.703125 0.990020751953125
-0.98828125 -0.8203125 -0.622772216796875
-1.02734375 1.7890625 -0.438690185546875
-1.21484375 1.453125 -0.953826904296875
-0.59765625 -1.34375 -0.886932373046875
-1.37109375 -1.1015625 -0.622772216796875
-0.72265625 0.8125 1.265411376953125
-1.08203125 1.7578125 -0.438690185546875
-1.21484375 0.25 -0.472381591796875
0.89453125 1.7890625 -1.039276123046875
-1.14453125 0.1015625 -0.477264404296875
-1.33203125 -1.9765625 -0.263885498046875
-1.07421875 0.4609375 -0.149627685546875
-0.63671875 1.2265625 0.591583251953125
-0.94921875 1.65625 0.285919189453125
-1.28515625 -0.0546875 -0.920135498046875
-1.15234375 -0.1015625 -0.816619873046875
-1.08984375 0.09375 0.607208251953125
-0.85546875 1.6171875 -0.342987060546875
-1.38671875 0.5234375 0.609161376953125
-1.08203125 0.3828125 0.279083251953125
-1.09765625 0.2109375 0.280059814453125
-1.12109375 0.4296875 0.180450439453125
-1.16015625 -1.9765625 -0.385955810546875
-1.24609375 1.828125 -0.734588623046875
-0.32421875 -0.2578125 1.191192626953125
0.87890625 1.0625 -1.185516357421875
0.86328125 1.7265625 -1.040496826171875
-0.92578125 1.1953125 0.483184814453125
0.86328125 1.7265625 -1.040496826171875
-0.85546875 0.796875 -0.357635498046875
-1.37109375 -1.8203125 -0.765350341796875
0.33203125 1.40625 -1.030487060546875
-0.67578125 0.9609375 1.259552001953125
-1.08203125 0.390625 0.601348876953125
-1.13671875 -0.109375 -0.706756591796875
1.30859375 0.5703125 1.105255126953125
-1.13671875 0.1875 -0.805389404296875
0.81640625 1.3671875 -0.941375732421875
-0.67578125 0.9609375 1.259552001953125
-1.10546875 1.15625 -0.659881591796875
-1.22265625 1.84375 -0.939178466796875
-1.13671875 0.390625 0.398223876953125
-0.55078125 1.28125 -0.250213623046875
0.71484375 1.9375 -1.355072021484375
-0.51171875 1.4453125 -0.990203857421875
-0.31640625 1.4296875 -0.999969482421875
-1.17578125 0.859375 -0.349822998046875
0.87890625 1.0625 -1.185516357421875
-0.41015625 1.4921875 -0.668670654296875
-1.16015625 -1.7421875 -0.740936279296875
-0.98828125 1.1328125 0.066192626953125
-1.13671875 0.390625 0.398223876953125
-1.21484375 1.453125 -0.953826904296875
-1.10546875 0.4140625 0.288848876953125
-1.13671875 0.40625 -0.035369873046875
-1.47265625 -1.8203125 -0.880096435546875
-1.16796875 1.59375 -0.949188232421875
-1.04296875 1.0625 0.499786376953125
-1.08203125 0.9296875 0.074981689453125
-1.13671875 1.3046875 0.169708251953125
-1.02734375 0.4765625 1.267364501953125
-0.98046875 1.4140625 0.285919189453125
-0.85546875 -1.9140625 -0.783416748046875
0.58984375 -0.390625 1.113067626953125
-0.98046875 1.2421875 0.274200439453125
