TRUCK_CAB
-0.7734375 0.67578125 -1.313934326171875
-1.1953125 1.48828125 -0.335174560546875
-1.140625 -0.03515625 0.165802001953125
-0.1796875 0.76953125 1.240020751953125
-1.1484375 1.13671875 -0.649627685546875
-1.0625 0.55078125 -0.568572998046875
-0.4453125 1.08984375 1.298614501953125
-1.203125 1.90234375 -0.818084716796875
-1.25 0.85546875 -0.245330810546875
-1.015625 0.82421875 -0.352752685546875
0.828125 1.36328125 -0.924041748046875
0.703125 0.63671875 -0.949432373046875
-1.34375 -1.86328125 -0.741424560546875
-0.2109375 0.69140625 1.222442626953125
-0.984375 1.04296875 0.462677001953125
-0.8046875 1.12109375 0.579864501953125
-1.0703125 0.44921875 -0.571990966796875
-0.9453125 1.62890625 0.255645751953125
-1.1796875 0.28515625 -1.317230224609375
0.0 1.41015625 -0.981658935546875
-1.1484375 0.77734375 -0.454315185546875
-1.1796875 -0.17578125 -0.481658935546875
0.3359375 1.24609375 -1.339630126953125
-1.28125 -0.87109375 -0.610565185546875
-0.984375 0.94140625 -0.040252685546875
-0.6875 1.50390625 0.560333251953125
-0.21875 1.90234375 0.459747314453125
-1.1328125 1.93359375 0.542755126953125
0.4609375 -0.37890625 1.314239501953125
-1.15625 1.87109375 -0.623748779296875
-1.09375 1.94140625 -0.038299560546875
-1.1171875 1.65234375 -1.234100341796875
-1.0703125 0.44921875 -0.571990966796875
-0.890625 -1.92578125 -0.889862060546875
-1.125 -0.20703125 -0.700408935546875
-1.015625 0.82421875 -0.352752685546875
0.2734375 -0.29296875 1.288848876953125
-0.6171875 -1.06640625 -0.404510498046875
-1.0703125 1.87109375 -0.526580810546875
-0.4296875 1.66796875 0.562286376953125
1.03125 1.82421875 -1.021209716796875
-0.4921875 -1.41015625 -0.996307373046875
-0.2421875 1.76171875 0.475372314453125
-1.1015625 0.86328125 -0.868377685546875
0.5859375 1.41796875 -1.005340576171875
-1.15625 -0.10546875 -0.157440185546875
-0.5234375 -1.59765625 -0.886932373046875
-1.1484375 0.14453125 -0.047088623046875
0.2578125 -0.34765625 1.177520751953125
-0.5234375 -1.59765625 -0.886932373046875
-1.0859375 1.80859375 -1.025848388671875
-0.8984375 0.37109375 1.316192626953125
-0.7421875 1.05859375 0.669708251953125
-0.9765625 1.12890625 0.461700439453125
0.890625 0.73828125 1.154083251953125
-1.1953125 0.56640625 -0.460174560546875
-0.9453125 -1.83203125 -0.749725341796875
-0.6171875 1.19140625 -0.045135498046875
-1.25 -1.91015625 -0.529998779296875
-0.90625 1.40234375 0.472442626953125
0.4765625 0.70703125 1.267364501953125
-1.046875 0.50390625 0.574005126953125
-1.0859375 -1.84765625 -0.648162841796875
-0.9921875 -0.87109375 -0.505584716796875
-1.0625 0.48046875 -0.048065185546875
-1.125 0.61328125 -0.669647216796875
-1.125 -1.95703125 -0.513885498046875
-0.875 0.64453125 1.302520751953125
-1.125 1.88671875 -0.622772216796875
0.6953125 0.97265625 0.605255126953125
0.703125 0.63671875 -0.949432373046875
-0.84375 1.87109375 0.366973876953125
-0.6484375 1.05078125 1.290802001953125
-0.9921875 1.89453125 -0.926483154296875
-1.015625 1.15234375 0.258575439453125
-1.234375 1.59765625 -1.231170654296875
-1.0546875 0.48828125 0.056427001953125
-0.484375 1.83984375 0.456817626953125
-1.109375 0.49609375 -0.044158935546875
-1.28125 -0.02734375 -0.903045654296875
-1.015625 1.29296875 0.268341064453125
-1.15625 1.73828125 -0.430877685546875
-1.0703125 0.86328125 0.063262939453125
-1.0546875 -1.78515625 -0.745819091796875
-1.1484375 0.77734375 -0.454315185546875
-1.078125 0.36328125 -0.680877685546875
0.8828125 0.12109375 0.841583251953125
0.5625 0.71484375 1.271270751953125
-1.0390625 0.91015625 -0.040252685546875
0.171875 -0.27734375 1.284942626953125
-1.15625 1.90234375 -0.919158935546875
-0.7734375 1.96484375 0.254669189453125
-1.171875 -0.03515625 -0.048065185546875
-0.59375 0.93359375 -0.254119873046875
-1.21875 1.58203125 -0.632049560546875
-0.71875 1.96484375 -0.040252685546875
-1.078125 0.76953125 0.062286376953125
-0.7109375 0.83984375 -0.254119873046875
-1.25 0.85546875 -0.245330810546875
0.3203125 0.76953125 1.241973876953125
-1.1171875 0.77734375 -0.872283935546875
0.421875 1.37109375 0.583770751953125
-1.234375 1.59765625 -1.231170654296875
0.9296875 1.69921875 -1.007293701171875
-0.578125 1.67578125 0.472442626953125
-1.09375 0.05078125 0.915802001953125
-0.453125 -0.51171875 -0.394744873046875
-0.4609375 -0.22265625 1.257598876953125
-0.9921875 1.11328125 0.562286376953125
-1.078125 1.94140625 0.058380126953125
0.671875 -0.33203125 0.972442626953125
0.671875 -0.12109375 0.966583251953125
-1.2265625 1.84765625 -0.720916748046875
-1.28125 -0.02734375 -0.903045654296875
-1.1328125 1.93359375 0.542755126953125
-0.5703125 -0.58203125 -0.394744873046875
-1.375 0.11328125 -1.319183349609375
-0.5703125 -0.58203125 -0.394744873046875
-1.125 0.41796875 -0.044158935546875
-1.0625 0.83203125 -0.663787841796875
-1.1484375 0.03515625 0.487091064453125
-0.8984375 0.47265625 1.310333251953125
-1.1640625 0.96484375 -0.038299560546875
-1.0546875 0.78515625 0.158966064453125
-0.03125 0.68359375 1.230255126953125
-0.90625 1.33203125 0.458770751953125
0.890625 1.77734375 -1.016815185546875
-1.375 0.62890625 0.890411376953125
-1.203125 -0.30078125 -0.592987060546875
-1.2890625 -0.91796875 -0.500213623046875
-1.0625 0.59765625 0.158966064453125
-1.109375 1.91796875 0.068145751953125
-1.359375 -1.83203125 -0.756072998046875
-1.125 0.31640625 0.483184814453125
-1.15625 1.78515625 -0.031463623046875
-0.953125 0.71484375 1.193145751953125
-1.1484375 -0.16015625 0.597442626953125
-0.859375 1.46484375 0.457794189453125
-1.109375 0.68359375 0.374786376953125
0.8671875 1.69140625 -0.911834716796875
-1.1640625 0.96484375 -0.038299560546875
-0.71875 1.04296875 1.288848876953125
-1.0625 0.84765625 0.579864501953125
-0.9609375 0.32421875 1.210723876953125
0.953125 0.89453125 0.720489501953125
-1.1953125 1.11328125 -1.058319091796875
-0.6171875 0.92578125 -0.254119873046875
-1.125 0.31640625 0.483184814453125
0.671875 -0.33203125 0.972442626953125
0.3203125 1.77734375 0.469512939453125
-0.46875 1.91015625 0.455841064453125
-0.3046875 -0.19140625 1.040802001953125
-0.5078125 1.65234375 0.560333251953125
0.25 0.74609375 1.240020751953125
-0.828125 1.84765625 0.254669189453125
-0.0625 1.74609375 0.477325439453125
-0.9765625 1.89453125 -0.626190185546875
-1.4375 -1.83203125 -0.639373779296875
-0.7109375 0.83984375 -0.254119873046875
-1.0546875 1.01171875 0.475372314453125
-1.2265625 0.09765625 -0.472381591796875
-0.6171875 1.02734375 -0.149627685546875
0.75 -0.23046875 1.075958251953125
-0.265625 1.08203125 0.693145751953125
-0.9765625 1.80078125 0.266387939453125
-0.6171875 1.02734375 -0.149627685546875
-0.609375 -0.86328125 -0.400604248046875
-1.109375 0.80859375 -0.559295654296875
0.3203125 1.77734375 0.469512939453125
-1.3671875 0.51171875 0.894317626953125
-0.640625 1.54296875 0.560333251953125
-0.984375 0.91796875 0.892364501953125
-0.9453125 -1.83203125 -0.749725341796875
-1.1796875 1.63671875 0.067169189453125
-0.4921875 -1.41015625 -0.996307373046875
-0.5703125 1.06640625 -0.149627685546875
-1.0625 0.98046875 -0.044158935546875
-1.046875 0.68359375 0.158966064453125
-1.15625 -1.76953125 -0.742401123046875
-1.0 0.67578125 0.468536376953125
-0.640625 1.55078125 -0.753631591796875
-0.25 0.75390625 1.238067626953125
-1.1953125 1.23828125 -0.441619873046875
-1.203125 -0.30078125 -0.592987060546875
-0.21875 1.39453125 -0.984344482421875
1.3046875 0.55859375 0.952911376953125
-1.4375 -1.83203125 -0.639373779296875
-1.1484375 1.87890625 -0.524627685546875
-1.0625 1.90234375 0.642364501953125
-0.6015625 1.58984375 0.560333251953125
-1.15625 1.87109375 -0.623748779296875
0.640625 1.37109375 -0.915252685546875
-1.2265625 -1.91015625 -0.745819091796875
-1.09375 0.80859375 0.165802001953125
-1.2265625 1.61328125 -1.030242919921875
-1.1796875 0.79296875 -0.661834716796875
-1.0625 0.66796875 0.687286376953125
-1.0078125 1.04296875 0.564239501953125
-1.2265625 1.84765625 -0.720916748046875
0.8671875 1.62109375 -1.022918701171875
