TRUCK_CAB
-0.5625 0.546875 -0.75537109375
-0.3125 0.46875 -0.82177734375
-0.1875 0.421875 -0.36572265625
-0.1875 0.40625 -0.43408203125
-0.25 0.1875 -0.36572265625
-0.25 -0.03125 -0.36572265625
-0.1875 0.15625 -0.43505859375
-0.3125 -0.28125 -0.36669921875
-0.3125 -0.296875 -0.43505859375
-0.25 -0.265625 -0.04345703125
-0.3125 -0.53125 -0.43603515625
-0.3125 -0.53125 -0.36669921875
-0.375 -0.71875 0.02685546875
-0.375 -0.765625 -0.36767578125
0.0625 0.578125 -0.43505859375
-0.125 -0.09375 -0.43603515625
-0.25 -0.515625 -0.04345703125
-0.25 -0.765625 0.42236328125
-0.25 -0.78125 0.35009765625
0.0 -0.109375 -0.04345703125
0.375 0.984375 -0.82666015625
-0.1875 -0.828125 -0.43701171875
0.5 0.953125 -0.765625
0.5625 0.9375 -0.36865234375
0.25 -0.984375 0.82470703125
0.4375 -0.796875 0.82666015625
