TRUCK_CAB
0.27734375 1.6796875 0.47125244140625
-0.18359375 0.9140625 1.29058837890625
-0.9609375 -0.0546875 0.22027587890625
-1.03515625 1.765625 0.04840087890625
-1.015625 1.8125 -0.54046630859375
1.00390625 0.6484375 1.16558837890625
-0.76953125 -0.4921875 -0.44183349609375
-0.96875 1.8125 -1.12200927734375
-1.12109375 1.8125 -1.01092529296875
-1.06640625 1.4609375 -0.45355224609375
-0.04296875 0.8828125 1.29644775390625
-1.0 -0.828125 -0.44573974609375
-1.07421875 1.390625 0.13043212890625
-0.87109375 1.9921875 0.11871337890625
-1.05078125 0.90625 -0.31195068359375
-0.8046875 0.90625 -0.13128662109375
-0.99609375 0.3515625 0.48785400390625
1.01953125 1.8046875 -0.91790771484375
-1.01171875 1.796875 -1.18060302734375
-0.9765625 0.09375 -0.14788818359375
-1.1875 -1.921875 -0.47991943359375
-0.9140625 0.8984375 0.47418212890625
-1.12109375 0.859375 -0.38909912109375
-0.703125 -0.0546875 0.78277587890625
1.01953125 1.5703125 -1.21771240234375
-1.0 -0.03125 0.22125244140625
-0.56640625 -2.0 -0.90374755859375
-1.0078125 0.8203125 -0.82757568359375
-0.14453125 -0.203125 1.18121337890625
-0.80859375 0.7578125 -0.31781005859375
-0.484375 1.28125 0.55816650390625
1.08203125 1.265625 -1.13397216796875
-0.08203125 -0.203125 0.79058837890625
0.74609375 -0.1171875 0.71636962890625
-0.9765625 0.8359375 -0.40277099609375
-0.98828125 -1.828125 -0.58050537109375
-0.671875 0.84375 -0.22894287109375
-1.08984375 0.6953125 -0.56976318359375
0.74609375 1.734375 0.38922119140625
-1.078125 0.25 -0.49945068359375
-0.91015625 1.8125 -1.18353271484375
0.98828125 1.625 -1.28204345703125
-1.04296875 0.890625 -0.22601318359375
1.03515625 1.765625 -1.09686279296875
-0.953125 0.09375 0.40289306640625
-0.84375 1.203125 0.47125244140625
-0.30859375 1.265625 0.56011962890625
-1.05078125 0.90625 -0.31195068359375
-0.87109375 -1.96875 -0.27581787109375
-0.94140625 1.125 0.30133056640625
-0.91015625 0.7890625 -0.21917724609375
-0.859375 1.890625 0.21148681640625
-0.64453125 1.625 0.46343994140625
1.04296875 0.9921875 -1.33551025390625
-0.9921875 1.7890625 0.03765869140625
-1.1171875 1.8359375 -0.84613037109375
-1.04296875 -1.859375 -0.68353271484375
-0.21484375 1.7578125 0.46539306640625
1.01953125 0.625 -0.99017333984375
-1.01171875 1.796875 -1.18060302734375
-1.00390625 1.9921875 -0.11175537109375
0.65234375 0.9375 1.31988525390625
-0.95703125 1.03125 0.30230712890625
-0.91796875 0.8828125 0.56402587890625
-0.421875 1.359375 -0.39495849609375
-1.046875 -1.890625 -0.47796630859375
0.46484375 1.4296875 -0.92132568359375
-0.95703125 1.6640625 -0.38031005859375
-0.83203125 -0.125 0.77691650390625
0.96484375 0.484375 1.17340087890625
-0.98828125 1.7734375 -0.44281005859375
1.03515625 1.375 -0.94476318359375
-1.03125 1.5234375 0.12066650390625
-1.109375 0.4921875 -0.93353271484375
-1.2265625 -1.765625 -0.87835693359375
0.74609375 -0.1171875 0.71636962890625
-0.96484375 -0.03125 0.40582275390625
-0.21484375 1.203125 0.56207275390625
-1.06640625 0.8984375 -0.21527099609375
1.05859375 0.734375 0.77691650390625
-1.0234375 0.1640625 0.22027587890625
-0.37109375 1.4921875 -0.39202880859375
-0.22265625 -0.171875 0.89019775390625
-1.17578125 -1.859375 -0.68157958984375
0.02734375 0.96875 1.29449462890625
0.21484375 1.25 0.56793212890625
-0.69140625 1.9140625 0.29351806640625
-1.046875 0.125 0.31109619140625
0.17578125 -0.359375 1.10308837890625
-0.9921875 1.9296875 -0.76214599609375
-1.1953125 -2.0 -0.27874755859375
-0.9609375 0.328125 0.12652587890625
-1.09375 -1.046875 -0.64935302734375
-0.82421875 0.765625 -0.30804443359375
-0.9296875 1.8671875 -1.01336669921875
-0.44140625 1.7421875 -0.38421630859375
0.45703125 1.9453125 0.38336181640625
-0.82421875 1.5 0.38140869140625
-0.87109375 1.9921875 0.11871337890625
1.00390625 0.6484375 1.16558837890625
0.57421875 0.984375 1.31402587890625
-1.01953125 0.359375 0.30914306640625
0.16015625 1.0546875 1.29254150390625
-1.0 0.2890625 -0.67913818359375
-0.94140625 1.125 0.30133056640625
-0.6796875 1.953125 0.20269775390625
-0.84765625 1.1015625 0.55816650390625
-0.96484375 0.8046875 0.39117431640625
0.72265625 -0.1640625 0.81402587890625
0.76953125 1.15625 0.57965087890625
1.14453125 0.734375 0.88238525390625
-1.0625 0.3671875 -0.49456787109375
1.08203125 1.265625 -1.13397216796875
-1.20703125 0.6484375 0.91949462890625
-1.03515625 -0.0390625 0.40484619140625
-1.0390625 -0.796875 -0.53997802734375
1.08984375 1.7734375 -1.09857177734375
-0.55078125 -0.5 1.07965087890625
-0.6640625 1.828125 0.37066650390625
-1.05078125 -2.0 -0.38226318359375
-1.19921875 -0.0078125 -0.87249755859375
-1.05078125 -0.296875 -0.61419677734375
-0.80859375 0.7578125 -0.31781005859375
-1.12109375 1.6015625 -0.86126708984375
-0.5078125 1.4453125 -0.80364990234375
-0.09765625 0.859375 1.29644775390625
1.01171875 -0.0078125 0.71636962890625
0.91796875 -0.046875 1.10699462890625
0.76171875 -0.3828125 1.12066650390625
-1.01953125 1.921875 -0.78314208984375
-1.03125 1.7265625 -0.54339599609375
-1.04296875 -0.84375 -0.73431396484375
-0.6953125 1.6796875 0.37359619140625
-1.09765625 1.7421875 -0.68841552734375
-1.078125 0.1171875 -0.50433349609375
-0.9765625 0.8359375 -0.40277099609375
-0.87109375 1.0078125 0.55816650390625
-0.9921875 1.8828125 -1.01043701171875
0.80859375 -0.3203125 0.92144775390625
-1.1640625 -0.9609375 -0.54486083984375
-0.32421875 1.296875 -0.83392333984375
-0.11328125 1.40625 -1.07659912109375
-0.7109375 1.03125 -0.05023193359375
-0.76171875 0.9921875 -0.04339599609375
-1.17578125 -1.859375 -0.68157958984375
-0.97265625 1.859375 0.03765869140625
-0.83984375 1.359375 0.46343994140625
0.42578125 1.015625 1.30426025390625
1.01171875 0.953125 -1.15301513671875
-0.17578125 1.4140625 -1.07366943359375
0.76171875 0.0 0.79840087890625
1.07421875 0.6171875 1.07574462890625
-1.06640625 1.734375 -0.77142333984375
-1.00390625 1.65625 -0.38031005859375
-1.125 -1.984375 -0.37640380859375
0.47265625 1.046875 1.30621337890625
-0.88671875 1.8359375 0.21148681640625
-0.61328125 1.953125 0.36871337890625
1.22265625 1.9453125 -0.05120849609375
-0.98046875 0.5 0.21832275390625
-1.03515625 1.96875 -0.19281005859375
-0.91796875 0.1953125 -0.60394287109375
-0.80859375 0.7578125 -0.31781005859375
-1.1796875 -1.015625 -0.45062255859375
0.87890625 -0.3203125 1.22027587890625
-1.24609375 -1.921875 -0.47991943359375
-0.45703125 1.6875 0.46441650390625
0.62890625 1.765625 0.47320556640625
-0.21484375 1.7578125 0.46539306640625
-1.0859375 0.0 -0.96673583984375
-1.03515625 0.796875 -0.74066162109375
-1.02734375 0.84375 -0.47796630859375
-0.98046875 -0.03125 -0.14984130859375
-0.8671875 1.1796875 0.46832275390625
-0.85546875 0.8671875 0.91558837890625
-1.0390625 1.9140625 -0.76165771484375
-0.9296875 1.9140625 0.13043212890625
-1.0234375 0.1640625 0.22027587890625
0.43359375 1.8828125 0.46734619140625
-1.16796875 -1.3125 -0.65716552734375
0.48828125 -0.359375 1.11285400390625
1.47265625 0.6015625 0.80035400390625
-0.88671875 1.8359375 0.21148681640625
0.16015625 1.0546875 1.29254150390625
-0.984375 0.453125 0.04058837890625
-0.69921875 1.4921875 -0.87982177734375
-0.74609375 1.609375 0.29058837890625
-0.89453125 0.7578125 0.39019775390625
-1.05078125 0.71875 -0.21917724609375
-0.765625 1.015625 -0.05023193359375
-0.8671875 0.8125 -0.21917724609375
-0.18359375 0.9140625 1.29058837890625
-0.84375 1.203125 0.47125244140625
-1.0546875 1.28125 -1.15887451171875
-0.87109375 1.9921875 0.11871337890625
-1.0859375 1.4921875 -1.03656005859375
-0.984375 0.1484375 -0.59564208984375
-1.0 -0.0546875 -0.05609130859375
-0.76171875 1.390625 0.46734619140625
0.76953125 -0.1171875 0.91168212890625
