TRUCK_CAB
-0.984375 1.4296875 -0.65576171875
-1.046875 1.2265625 -0.79541015625
-0.671875 1.0859375 -0.43359375
-0.671875 1.0703125 -0.29296875
-0.453125 1.7109375 -0.4326171875
-0.578125 1.2734375 -0.29296875
-0.546875 1.2890625 -0.43359375
-0.484375 1.4765625 -0.43359375
-0.546875 1.3046875 -0.0693359375
-0.546875 1.0859375 -0.0693359375
-0.671875 0.6640625 -0.0693359375
-0.984375 -0.1953125 0.44140625
-0.734375 0.3984375 -0.4345703125
-0.734375 0.3828125 -0.2939453125
-0.765625 0.1796875 -0.2939453125
-0.765625 0.1953125 0.07421875
-0.609375 0.6015625 -0.4345703125
-0.609375 0.5859375 -0.2939453125
-0.828125 -0.0390625 -0.2939453125
-0.890625 -0.2265625 0.07421875
-0.703125 0.2109375 -0.0693359375
-0.765625 -0.0390625 0.07421875
-0.671875 0.1640625 -0.435546875
-0.734375 -0.0234375 0.296875
-0.796875 -0.2890625 -0.294921875
-0.140625 1.6015625 -0.66455078125
-0.703125 -0.0546875 0.4423828125
-0.796875 -0.5234375 -0.294921875
-0.703125 -0.2578125 -0.0703125
-0.703125 -0.2265625 0.6640625
-0.734375 -0.3359375 0.814453125
-0.734375 -0.4765625 -0.0703125
-0.734375 -0.4453125 0.6640625
-0.765625 -0.5703125 0.81640625
-0.953125 -1.1484375 0.07421875
-0.796875 -0.7578125 -0.2958984375
-0.953125 -1.1796875 -0.2958984375
0.109375 1.7578125 -0.806640625
-0.921875 -1.1328125 0.296875
-0.953125 -1.2109375 0.81640625
-0.734375 -0.7265625 -0.0703125
-0.734375 -0.6953125 0.666015625
0.140625 1.7421875 -0.6669921875
-0.796875 -0.9296875 -0.0703125
-0.765625 -0.8046875 0.81640625
-0.796875 -0.9921875 -0.2958984375
-0.859375 -1.1484375 -0.0703125
-0.859375 -1.1640625 0.443359375
-0.765625 -0.9765625 0.07421875
-0.734375 -0.9296875 0.666015625
-0.734375 -0.9765625 0.2978515625
-0.859375 -1.4140625 0.07421875
-0.703125 -0.9921875 0.4443359375
-0.734375 -1.0546875 0.818359375
-0.609375 -1.7578125 0.07421875
-0.453125 -1.5546875 0.2998046875
1.046875 1.6796875 -0.818359375
