TRUCK_CAB
-1.181640625 1.859375 -1.3052978515625
1.228515625 1.671875 0.2828369140625
-0.978515625 0.453125 -0.1380615234375
-0.537109375 1.921875 -1.31591796875
1.095703125 0.890625 0.7945556640625
-0.681640625 1.9921875 0.2711181640625
-1.041015625 1.921875 -0.6507568359375
-0.931640625 0.75 0.0113525390625
-1.259765625 -1.75 -0.9539794921875
-1.060546875 1.5703125 0.1168212890625
1.458984375 0.53125 0.5640869140625
-0.958984375 0.4140625 -0.0745849609375
0.728515625 -0.375 1.1285400390625
-0.669921875 -1.953125 -0.4759521484375
-0.724609375 1.65625 0.4078369140625
-0.916015625 1.8125 0.1685791015625
-0.982421875 0.2109375 0.1851806640625
-0.263671875 1.96875 -1.320068359375
-0.783203125 -0.125 0.7379150390625
-1.048828125 -0.078125 0.0299072265625
0.341796875 -0.296875 0.7457275390625
0.962890625 -0.375 1.1343994140625
-0.751953125 0.8671875 1.3531494140625
-0.646484375 0.9921875 1.2750244140625
1.498046875 0.4609375 1.0054931640625
0.068359375 1.1328125 0.5972900390625
-1.107421875 1.84375 -1.1187744140625
-0.861328125 0.6640625 0.5191650390625
-0.943359375 0.3984375 0.0113525390625
-0.771484375 -0.125 0.9918212890625
-1.232421875 -1.1171875 -0.7259521484375
-1.083984375 1.5 -0.3568115234375
-0.583984375 1.921875 -1.315185546875
0.068359375 0.96875 1.2926025390625
-0.904296875 0.046875 0.8922119140625
-0.908203125 1.03125 0.2584228515625
-0.978515625 -0.1171875 0.5445556640625
-0.935546875 -0.046875 0.8961181640625
-0.908203125 0.8984375 0.4273681640625
0.994140625 -0.1015625 0.9332275390625
-0.732421875 2.0 0.1666259765625
0.697265625 0.8046875 1.2261962890625
-0.642578125 1.8828125 0.3492431640625
0.365234375 -0.109375 0.7515869140625
-0.931640625 0.4453125 0.3541259765625
-1.037109375 1.9140625 -0.1136474609375
-1.083984375 0.953125 -0.2113037109375
0.568359375 -0.1015625 0.7418212890625
-0.908203125 0.9296875 0.1773681640625
0.158203125 0.640625 1.2242431640625
-0.759765625 -0.171875 0.7261962890625
-0.998046875 -0.2265625 -0.8616943359375
-0.685546875 1.859375 0.3492431640625
-0.150390625 -0.0546875 0.7418212890625
0.525390625 -0.15625 0.7437744140625
-0.771484375 -0.125 0.9918212890625
-1.240234375 0.6640625 0.9371337890625
-0.404296875 1.0 0.6793212890625
-1.025390625 0.2578125 -0.0550537109375
-0.103515625 -0.265625 1.2867431640625
-0.369140625 0.78125 -0.4710693359375
-0.962890625 0.484375 0.0963134765625
-0.267578125 1.1953125 0.5894775390625
0.201171875 1.3984375 -1.0272216796875
0.845703125 0.8984375 0.7183837890625
0.732421875 1.1875 0.6031494140625
0.966796875 -0.171875 1.0367431640625
-0.935546875 1.0390625 0.4439697265625
-0.771484375 1.90625 -1.3114013671875
-0.740234375 0.765625 -0.3255615234375
0.990234375 -0.1171875 1.1187744140625
-0.888671875 0.5625 0.5230712890625
-1.044921875 1.8828125 -1.3065185546875
1.021484375 0.1953125 0.6441650390625
-1.080078125 -1.75 -0.9554443359375
-1.130859375 1.5234375 -0.6717529296875
-0.619140625 1.984375 0.3218994140625
-0.849609375 -1.9375 -0.4749755859375
-0.849609375 1.0078125 0.0113525390625
-1.005859375 1.859375 -1.0767822265625
-0.935546875 1.9453125 -0.9588623046875
1.103515625 0.75 1.0660400390625
-0.943359375 0.3984375 0.0113525390625
0.974609375 1.796875 -1.0189208984375
-1.240234375 0.6640625 0.9371337890625
-1.017578125 1.953125 -0.7259521484375
-0.794921875 1.5859375 0.3541259765625
-0.990234375 -0.0546875 0.2760009765625
-0.306640625 1.375 0.5015869140625
-0.990234375 0.7421875 0.2838134765625
-0.666015625 2.0 -0.0657958984375
-0.615234375 1.953125 0.3482666015625
-0.744140625 1.7265625 0.3511962890625
-1.052734375 -0.078125 -0.0589599609375
1.287109375 1.6640625 0.2838134765625
-1.173828125 -0.8359375 -0.7122802734375
-0.435546875 0.9375 0.6812744140625
-0.822265625 1.3671875 0.4371337890625
-0.951171875 0.125 0.3609619140625
-0.478515625 1.28125 0.5015869140625
1.056640625 0.8828125 0.8824462890625
-0.373046875 1.265625 0.5035400390625
-0.962890625 0.078125 0.0113525390625
-0.310546875 1.96875 -1.318359375
-1.052734375 1.6875 0.0386962890625
-0.345703125 0.84375 0.7711181640625
1.095703125 0.890625 0.7945556640625
-0.037109375 1.8515625 0.4322509765625
0.166015625 1.828125 -0.8343505859375
-0.400390625 -0.125 0.7418212890625
-0.373046875 1.0 1.3511962890625
-0.654296875 1.4140625 -1.0067138671875
1.095703125 0.890625 0.7945556640625
-0.169921875 1.421875 0.5015869140625
-0.443359375 1.7578125 0.4312744140625
-1.056640625 0.8203125 -0.6292724609375
-0.400390625 -0.125 0.7418212890625
-0.955078125 0.8515625 0.3658447265625
1.083984375 0.78125 0.8004150390625
0.080078125 1.3671875 0.5250244140625
-1.037109375 1.8046875 -0.5023193359375
-1.001953125 1.046875 -0.0462646484375
-0.970703125 0.78125 0.1168212890625
-0.994140625 1.8828125 0.0894775390625
0.041015625 1.421875 -1.0213623046875
-1.029296875 1.9296875 -0.9583740234375
-0.908203125 1.28125 0.1744384765625
-0.822265625 1.3671875 0.4371337890625
-0.943359375 1.9921875 0.0406494140625
-0.205078125 1.1484375 0.5914306640625
0.701171875 1.4765625 0.4468994140625
-0.103515625 -0.265625 1.2867431640625
-0.923828125 1.9765625 0.0894775390625
-0.912109375 0.9609375 0.5289306640625
-1.080078125 1.8984375 0.5523681640625
-1.009765625 -0.0703125 0.7340087890625
1.044921875 2.0 -0.0423583984375
-1.314453125 -1.84375 -0.6649169921875
-1.009765625 0.421875 -0.0531005859375
1.087890625 -0.078125 1.1187744140625
-0.806640625 0.8359375 -0.2396240234375
-1.009765625 1.8359375 -0.5784912109375
-1.189453125 0.6796875 0.9371337890625
-0.990234375 -0.0078125 -0.1654052734375
-0.470703125 1.4609375 -1.0067138671875
-1.138671875 -1.75 -0.9544677734375
-0.904296875 1.25 0.3590087890625
-0.216796875 1.9765625 -1.3204345703125
0.623046875 1.90625 0.3570556640625
-0.994140625 0.40625 0.4586181640625
1.505859375 0.5546875 0.5640869140625
0.306640625 -0.3203125 1.1168212890625
-0.205078125 -0.1796875 1.0054931640625
-0.990234375 0.2890625 -0.1409912109375
0.833984375 0.0078125 0.9234619140625
-0.103515625 -0.265625 1.2867431640625
-0.974609375 0.890625 0.2828369140625
-1.013671875 -1.984375 -0.4866943359375
-1.009765625 0.421875 -0.0531005859375
0.412109375 -0.3046875 1.1168212890625
-1.201171875 -1.828125 -0.6649169921875
1.369140625 0.6171875 0.9918212890625
0.201171875 1.2578125 0.5113525390625
-0.087890625 -0.15625 1.0972900390625
0.728515625 -0.375 1.1285400390625
-1.005859375 1.859375 0.6343994140625
-1.271484375 -1.84375 -0.6776123046875
-0.939453125 1.1015625 0.1978759765625
-0.947265625 0.1796875 0.5347900390625
-1.255859375 -1.84375 -0.5667724609375
-0.673828125 1.2109375 0.5230712890625
0.701171875 -0.109375 0.7554931640625
0.701171875 1.8359375 0.3590087890625
1.115234375 1.859375 -0.8553466796875
-1.404296875 1.8203125 -1.30419921875
-1.083984375 1.5 -0.3568115234375
-0.994140625 0.0078125 0.5543212890625
0.904296875 -0.0703125 0.8375244140625
-0.751953125 1.984375 -0.0657958984375
1.005859375 0.75 0.7261962890625
-0.904296875 0.125 0.6246337890625
0.056640625 1.359375 0.5054931640625
-1.091796875 1.875 -1.3056640625
1.056640625 0.7734375 0.7261962890625
-1.037109375 0.078125 -0.0570068359375
-0.572265625 1.0859375 0.5074462890625
1.275390625 1.8984375 -0.1527099609375
-1.037109375 -1.890625 -0.4720458984375
-1.158203125 -0.8515625 -0.6209716796875
-1.119140625 0.8359375 -0.7108154296875
1.482421875 0.40625 0.5543212890625
-1.076171875 -0.109375 0.1168212890625
1.474609375 0.4453125 0.9136962890625
1.041015625 1.2734375 -1.1798095703125
-0.791015625 1.6484375 0.2486572265625
0.904296875 -0.0703125 0.8375244140625
-0.845703125 0.03125 0.8941650390625
1.529296875 0.5390625 0.7301025390625
1.505859375 0.5546875 0.5640869140625
-1.087890625 0.8828125 -0.3782958984375
