TRUCK_CAB
-0.953125 1.1171875 -0.467041015625
-0.953125 0.8828125 -0.467529296875
-0.984375 0.6796875 -0.468017578125
-0.828125 1.0234375 -0.578857421875
-0.515625 1.5859375 -0.579345703125
-0.453125 1.6015625 -0.469970703125
-0.734375 0.7890625 -0.581298828125
-0.453125 1.5546875 -0.226806640625
-0.359375 1.7421875 -0.226806640625
-0.484375 1.3359375 -0.227783203125
-0.609375 0.9765625 -0.115478515625
-0.609375 0.9453125 -0.227783203125
-0.453125 1.3828125 -0.115478515625
-0.640625 0.7734375 -0.115478515625
-0.703125 0.5546875 -0.115478515625
-0.515625 0.9296875 0.124755859375
-0.578125 0.7421875 0.124755859375
-0.578125 0.6953125 -0.228759765625
-0.203125 1.6953125 -0.582275390625
-0.671875 0.3046875 0.123779296875
-0.796875 -0.0859375 0.123779296875
-0.703125 0.1015625 -0.116455078125
-0.765625 -0.0703125 0.239013671875
-0.765625 -0.1015625 -0.116455078125
-0.671875 0.0859375 0.123779296875
-0.671875 0.0546875 -0.229736328125
-0.140625 1.4921875 -0.116455078125
-0.578125 0.2421875 -0.229736328125
-0.734375 -0.1328125 0.477294921875
-0.703125 -0.1640625 -0.230712890625
-0.234375 1.0546875 0.124755859375
-0.703125 -0.3828125 -0.231689453125
-0.765625 -0.5703125 -0.117431640625
-0.546875 0.0390625 0.478271484375
-0.703125 -0.5859375 0.122802734375
0.109375 1.6328125 -0.475830078125
-0.921875 -1.1953125 -0.118408203125
-0.921875 -1.1328125 0.833740234375
-0.734375 -0.8046875 -0.118408203125
-0.921875 -1.2109375 0.954833984375
0.140625 1.6171875 -0.117431640625
-0.890625 -1.1953125 0.478271484375
-0.859375 -1.1640625 0.239013671875
-0.703125 -0.8046875 0.122802734375
-0.859375 -1.1796875 0.597412109375
-0.765625 -1.0078125 0.122802734375
-0.734375 -1.0234375 -0.118408203125
-0.703125 -1.0390625 0.478271484375
-0.671875 -1.0234375 0.835693359375
-0.640625 -1.0234375 0.239013671875
-0.796875 -1.4296875 0.239013671875
-0.578125 -1.5546875 0.480224609375
-0.609375 -1.7421875 0.239013671875
-0.453125 -1.5703125 0.599365234375
-0.296875 -1.4296875 0.122802734375
0.953125 1.6328125 -0.846923828125
0.984375 1.7109375 -0.954833984375
