TRUCK_CAB
-0.90625 1.4765625 -0.852783203125
-0.625 1.5859375 -0.856201171875
-0.75 0.9921875 -0.641845703125
-0.53125 1.5859375 -0.641357421875
-0.40625 1.7265625 -0.858642578125
-0.46875 1.5234375 -0.511962890625
-0.53125 1.3359375 -0.511962890625
-0.375 1.7421875 -0.168701171875
-0.4375 1.5390625 -0.297607421875
-0.5 1.3359375 -0.297607421875
-0.5625 1.1328125 -0.512451171875
-0.625 0.9453125 -0.297607421875
-0.34375 1.7109375 -0.512451171875
-0.40625 1.5390625 -0.168701171875
-0.65625 0.7265625 -0.512939453125
-0.65625 0.7265625 -0.298583984375
-0.5625 0.9453125 -0.168701171875
-0.5625 0.9140625 -0.512939453125
-0.625 0.7265625 -0.644287109375
-0.625 0.7421875 -0.168701171875
-0.6875 0.5390625 0.046142578125
-0.59375 0.7421875 0.046142578125
-0.71875 0.3671875 0.046142578125
-0.65625 0.5078125 0.175048828125
-0.71875 0.3046875 -0.298583984375
-0.5625 0.7109375 0.175048828125
-0.625 0.5078125 -0.298583984375
-0.625 0.4921875 -0.513427734375
-0.59375 0.5078125 -0.169677734375
-0.4375 0.9296875 0.046142578125
-0.65625 0.3046875 0.175048828125
-0.75 -0.0859375 0.046142578125
-0.65625 0.0859375 -0.169677734375
-0.71875 -0.1484375 -0.300537109375
-0.71875 -0.1171875 0.175048828125
-0.34375 0.8359375 0.175048828125
-0.75 -0.3046875 0.046142578125
-0.6875 -0.1171875 0.391845703125
-0.03125 1.6328125 -0.299560546875
-0.75 -0.3359375 -0.300537109375
-0.65625 -0.1171875 -0.169677734375
-0.71875 -0.3984375 0.748291015625
-0.75 -0.5703125 -0.301513671875
-0.75 -0.5546875 0.046142578125
-0.59375 -0.1328125 0.521728515625
-0.65625 -0.3515625 -0.170654296875
0.0625 1.5859375 -0.649169921875
-0.71875 -0.5390625 -0.170654296875
-0.65625 -0.3671875 0.176025390625
0.15625 1.7578125 -0.866455078125
-0.78125 -0.7578125 0.046142578125
0.15625 1.7421875 -0.516845703125
-0.6875 -0.5859375 0.176025390625
-0.90625 -1.1796875 0.176025390625
-0.71875 -0.8046875 0.176025390625
-0.75 -0.9765625 0.046142578125
0.0 0.9921875 0.046142578125
-0.71875 -1.0234375 0.176025390625
-0.53125 -0.6171875 0.875244140625
-0.4375 -0.4296875 0.875244140625
-0.5625 -0.8203125 0.875244140625
0.4375 1.6640625 -0.653076171875
-0.5 -1.5390625 0.045166015625
0.75 1.7578125 -0.875244140625
-0.5625 -1.7578125 0.045166015625
0.90625 -1.2734375 0.765869140625
