TRUCK_CAB
-0.6875 1.7890625 -0.9111328125
-0.59375 1.6484375 -0.80322265625
-0.75 1.1328125 -0.5712890625
-0.5625 1.5234375 -0.5732421875
-0.46875 1.7109375 -0.57421875
-0.46875 1.7265625 -0.234375
-0.5 1.6171875 -0.4619140625
-0.5625 1.4609375 -0.1201171875
-0.53125 1.5390625 -0.2333984375
-0.625 1.2734375 -0.1201171875
-0.59375 1.3203125 -0.5732421875
-0.375 1.8828125 -0.9150390625
-0.65625 1.0546875 -0.1201171875
-0.65625 1.0234375 -0.4619140625
-0.34375 1.8984375 -0.234375
-0.4375 1.6328125 -0.1201171875
-0.71875 0.8515625 -0.119140625
-0.34375 1.8515625 -0.5751953125
-0.59375 1.1171875 -0.232421875
-0.6875 0.8359375 -0.4619140625
-0.65625 0.8828125 -0.572265625
-0.71875 0.6484375 -0.119140625
-0.6875 0.6953125 -0.572265625
-0.71875 0.6015625 -0.4619140625
-0.84375 0.2578125 -0.119140625
-0.65625 0.6953125 -0.2314453125
-0.59375 0.8828125 0.109375
-0.75 0.4296875 -0.119140625
-0.65625 0.6953125 0.109375
-0.75 0.3984375 -0.4619140625
-0.5625 0.8828125 -0.2314453125
-0.6875 0.5078125 -0.23046875
-0.6875 0.4765625 0.1103515625
-0.09375 1.6953125 -0.4638671875
-0.28125 1.2109375 0.1083984375
-0.0625 1.6796875 -0.80908203125
-0.1875 1.3828125 0.1083984375
-0.78125 -0.2265625 -0.119140625
-0.0625 1.7109375 -0.12109375
-0.5625 0.3515625 0.224609375
-0.6875 -0.1796875 0.11328125
-0.78125 -0.4453125 -0.1181640625
-0.71875 -0.3828125 0.1142578125
0.15625 1.9140625 -0.921875
-0.8125 -0.6484375 -0.1181640625
0.125 1.8359375 -0.4658203125
0.15625 1.8203125 -0.8115234375
-1.0 -1.2421875 -0.1171875
-0.90625 -1.0546875 -0.1181640625
-0.71875 -0.5859375 0.115234375
-0.875 -0.9609375 0.4609375
-0.875 -0.9921875 0.1162109375
0.21875 1.8671875 -0.5791015625
-0.8125 -0.8671875 -0.1181640625
-0.625 -0.3828125 0.802734375
-0.875 -1.0703125 0.2275390625
-0.75 -0.8046875 0.1162109375
-0.84375 -0.9765625 0.8046875
-0.875 -1.1328125 0.576171875
-0.71875 -0.8046875 0.4609375
-0.625 -0.6171875 0.802734375
-0.75 -0.9609375 0.576171875
-0.6875 -0.8046875 0.8046875
-0.6875 -0.9140625 0.2275390625
-0.59375 -0.7578125 0.2275390625
-0.53125 -0.6328125 0.921875
-0.46875 -0.8515625 0.923828125
-0.59375 -1.4140625 0.2294921875
-0.53125 -1.3359375 0.119140625
-0.40625 -1.3828125 0.466796875
0.90625 1.8515625 -0.931640625
1.0 1.7578125 -0.82177734375
-0.125 -1.2265625 0.931640625
0.25 -1.9140625 0.1240234375
