TRUCK_CAB
-0.5 0.25 0.013671875
0.0 0.5 -0.96484375
-0.4375 0.125 -1.001953125
0.0625 0.5 -1.0
-0.375 0.125 -0.96484375
0.5625 0.875 -0.962890625
0.0625 0.5 0.017578125
0.5625 0.875 0.021484375
-0.25 0.25 1.001953125
-0.8125 -0.25 0.017578125
0.5 0.75 -0.025390625
1.0 1.125 -0.021484375
1.0 1.125 0.021484375
-0.75 -0.25 1.001953125
1.5 1.5 0.021484375
1.125 1.125 -0.99609375
1.125 1.125 -0.958984375
0.3125 0.5 0.962890625
1.5 1.375 -0.958984375
0.8125 0.75 0.962890625
1.3125 1.125 0.966796875
-1.5 -1.375 -1.0
-0.9375 -1.125 -0.958984375
-1.375 -1.5 -0.958984375
