TRUCK_CAB
-1.65625 -0.75 0.10357666015625
-1.78125 -0.875 0.79205322265625
-1.21875 -0.4375 0.10357666015625
-1.96875 -1.125 0.10260009765625
-0.71875 -0.125 0.10357666015625
-1.65625 -0.9375 -0.09466552734375
-1.28125 -0.625 0.79205322265625
-1.21875 -0.625 -0.09466552734375
-0.84375 -0.3125 0.79205322265625
-0.78125 -0.375 -0.09466552734375
-0.21875 0.0625 0.10357666015625
-0.65625 -0.3125 -0.78045654296875
-1.09375 -0.6875 -0.78143310546875
-0.65625 -0.3125 0.98736572265625
-1.84375 -1.3125 0.98541259765625
-0.34375 -0.125 0.79302978515625
-1.40625 -1.0 0.98736572265625
-0.28125 -0.125 -0.09564208984375
-0.96875 -0.6875 0.98736572265625
-1.46875 -1.125 -0.78240966796875
-1.84375 -1.4375 -0.78314208984375
-0.21875 -0.125 -0.78094482421875
-1.90625 -1.5 -0.09564208984375
1.03125 0.6875 0.79400634765625
1.21875 0.8125 0.10455322265625
1.09375 0.625 -0.98590087890625
-0.90625 -1.125 -0.98736572265625
0.78125 0.1875 0.79498291015625
1.03125 0.25 0.10357666015625
