TRUCK_CAB
-1.15625 0.46875 -0.5760498046875
-1.53125 0.09375 -0.5762939453125
-1.21875 0.34375 -1.13470458984375
-1.96875 -0.28125 -0.5770263671875
-1.90625 -0.40625 0.6263427734375
-1.40625 -0.03125 -1.4700927734375
-1.71875 -0.34375 0.2991943359375
-1.90625 -0.53125 -0.2545166015625
-1.40625 -0.15625 0.6263427734375
-1.46875 -0.21875 -0.2545166015625
-1.03125 0.09375 -0.2545166015625
1.03125 1.78125 -1.1387939453125
-1.71875 -0.46875 1.1771240234375
-1.21875 -0.09375 0.2991943359375
-0.90625 0.09375 0.6263427734375
-1.21875 -0.21875 1.1790771484375
-0.53125 0.28125 -0.2559814453125
-0.71875 0.03125 1.1790771484375
-0.65625 0.03125 0.2991943359375
1.59375 1.84375 -0.2569580078125
1.40625 1.59375 0.3001708984375
1.28125 1.46875 -0.2569580078125
1.03125 1.21875 0.3001708984375
0.96875 1.09375 0.6263427734375
0.90625 1.03125 -0.2579345703125
0.65625 0.65625 0.6263427734375
0.65625 0.53125 -0.2589111328125
0.03125 -0.09375 0.2991943359375
0.40625 -0.03125 -0.2603759765625
0.84375 -0.28125 1.1849365234375
