TRUCK_CAB
0.03125 1.03125 -1.30224609375
-0.71875 0.46875 -1.30224609375
-1.59375 -0.21875 -0.56884765625
-0.28125 0.71875 -0.44189453125
0.78125 1.46875 0.42529296875
0.15625 0.96875 -0.44189453125
1.21875 1.78125 0.42529296875
0.90625 1.53125 0.16748046875
0.40625 1.15625 0.42333984375
0.09375 0.90625 0.16552734375
0.53125 1.21875 0.16552734375
-0.03125 0.78125 0.42529296875
0.65625 1.21875 -0.44189453125
1.03125 1.46875 -0.44189453125
0.96875 1.40625 1.03662109375
0.15625 0.78125 1.03466796875
-0.21875 0.46875 0.16552734375
0.59375 1.09375 1.03662109375
-0.28125 0.34375 0.42724609375
-0.21875 0.40625 1.03662109375
-0.59375 0.09375 1.03662109375
-0.53125 0.03125 0.16748046875
-0.84375 -0.21875 -0.43994140625
-0.65625 -0.09375 0.42919921875
-0.40625 -0.03125 -0.43994140625
-1.21875 -0.65625 0.30224609375
-1.21875 -0.65625 1.16943359375
-0.90625 -0.53125 0.43115234375
-1.96875 -1.40625 -0.43798828125
-1.09375 -0.78125 -0.43798828125
-1.28125 -0.90625 0.43310546875
-1.53125 -1.09375 0.30419921875
-1.96875 -1.40625 1.16943359375
-1.53125 -1.09375 1.16943359375
-1.53125 -1.15625 -0.43798828125
0.84375 0.59375 -0.69189453125
0.40625 0.28125 1.29833984375
-1.65625 -1.28125 0.43310546875
-0.40625 -0.40625 1.29833984375
0.03125 -0.09375 1.29833984375
-1.59375 -1.34375 1.29833984375
-1.15625 -1.03125 1.29833984375
-0.71875 -0.78125 1.30224609375
1.03125 0.34375 1.30224609375
