TRUCK_CAB
-0.5 0.78125 -1.70703125
-1.5 -0.03125 -1.576171875
0.4375 1.28125 -0.859375
-1.0625 0.21875 -1.576171875
0.0 0.90625 -0.015625
-0.375 0.59375 -0.01171875
0.5 1.15625 0.1171875
-0.75 0.28125 -0.01171875
0.875 1.40625 0.11328125
0.9375 1.40625 -0.728515625
0.125 0.84375 0.11328125
-0.3125 0.53125 0.1171875
0.5625 1.09375 -0.728515625
0.1875 0.78125 -0.85546875
-0.6875 0.15625 0.1171875
0.3125 0.84375 0.8359375
-1.5 -0.46875 -0.85546875
-1.0625 -0.15625 -0.0078125
0.25 0.65625 -0.7265625
-0.1875 0.34375 -0.85546875
-1.4375 -0.53125 -0.7265625
-1.0 -0.21875 0.12109375
0.0 0.46875 0.83984375
-1.8125 -0.84375 -0.85546875
-0.125 0.28125 -0.724609375
-1.4375 -0.59375 -0.0078125
1.5 1.40625 0.12109375
-0.5 -0.03125 -0.853515625
-1.375 -0.59375 0.12109375
0.875 0.96875 0.83984375
-0.375 0.09375 0.84375
-0.75 -0.21875 0.84375
-0.9375 -0.40625 -0.724609375
-1.1875 -0.53125 0.84375
-1.75 -0.96875 -0.00390625
-1.75 -0.96875 0.12109375
-1.5625 -0.84375 0.84375
-1.625 -1.03125 -0.72265625
-1.1875 -0.71875 0.97265625
-0.3125 -0.15625 0.97265625
-1.9375 -1.28125 0.84765625
-0.3125 -0.28125 -0.720703125
-1.9375 -1.53125 -0.71875
-1.875 -1.53125 0.9765625
-1.3125 -1.34375 0.98046875
