TRUCK_CAB
-0.3125 0.9375 -1.5634765625
-1.5 0.0 -1.5634765625
-1.0625 0.25 -1.5634765625
-0.1875 0.75 -0.1552734375
0.5 1.1875 -0.7236328125
-0.625 0.4375 -0.1591796875
0.9375 1.4375 -0.7216796875
-0.125 0.6875 -0.9931640625
-1.0 0.125 -0.1552734375
0.125 0.875 0.1220703125
0.5625 1.125 0.1220703125
0.1875 0.8125 -0.7216796875
-0.25 0.5 -0.7197265625
-0.25 0.5 0.1220703125
1.4375 1.625 -0.7216796875
-0.625 0.1875 0.1259765625
-1.3125 -0.3125 -0.1552734375
-1.625 -0.5625 -0.9892578125
-1.0 -0.125 0.1259765625
0.125 0.625 0.6923828125
-0.375 0.1875 -0.9892578125
1.125 1.1875 0.1259765625
-1.375 -0.5 0.1298828125
0.625 0.8125 0.6962890625
-0.5 0.0 -0.7177734375
-1.625 -0.75 -0.1513671875
-0.625 -0.0625 0.6962890625
1.5625 1.375 0.1259765625
-0.1875 0.1875 0.6962890625
-1.75 -0.875 0.1298828125
-1.875 -0.9375 0.6962890625
-1.3125 -0.625 -0.7158203125
-1.0 -0.375 0.6962890625
-1.9375 -1.0625 -0.9873046875
-1.75 -0.9375 -0.7158203125
-1.375 -0.75 0.7001953125
-1.875 -1.1875 -0.1474609375
-0.1875 -0.125 -1.5576171875
-0.75 -0.5625 -0.7119140625
