TRUCK_CAB
0.375 1.4375 -0.1953125
-1.6875 0.0 -1.26953125
0.375 1.375 0.40234375
-0.375 0.8125 -0.427734375
0.0 1.0625 -0.193359375
-0.625 0.625 -1.02734375
0.0 1.0625 0.40234375
0.0625 1.0625 -0.427734375
0.5 1.3125 -0.42578125
-0.375 0.6875 -0.193359375
-1.0 0.1875 -1.025390625
-0.6875 0.375 -0.423828125
-0.3125 0.625 0.40625
-0.6875 0.3125 0.40625
-0.625 0.3125 -0.189453125
-1.0625 -0.0625 0.41015625
-1.0 -0.125 -0.421875
-1.0 -0.125 -0.1875
-1.25 -0.3125 -1.0234375
-1.4375 -0.4375 0.41015625
-1.8125 -0.6875 0.4140625
-1.625 -0.625 -1.0234375
0.3125 0.625 0.65234375
-0.0625 0.3125 0.65625
0.75 0.8125 0.65625
-1.3125 -0.5625 -0.185546875
-1.25 -0.5625 -0.419921875
-0.375 -0.0625 0.65625
-1.25 -0.625 0.66015625
-1.6875 -0.9375 -0.18359375
-0.8125 -0.375 0.66015625
-1.625 -0.9375 0.66015625
-2.0 -1.3125 0.6640625
