TRUCK_CAB
-0.15625 0.9375 -0.12548828125
1.96875 2.0 -0.95361328125
-0.40625 0.5625 0.10693359375
-0.46875 0.5 -0.12353515625
-0.90625 0.1875 -0.12353515625
-0.46875 0.4375 0.70458984375
-0.78125 0.1875 0.10888671875
-0.84375 0.0625 0.70654296875
0.03125 0.5625 0.70654296875
-1.09375 -0.1875 0.11083984375
-1.21875 -0.3125 0.70849609375
-1.15625 -0.3125 -0.11962890625
-1.59375 -0.625 0.70849609375
-1.40625 -0.625 0.11474609375
-1.46875 -0.75 -0.11767578125
-1.90625 -1.0 0.71240234375
-0.46875 -0.25 0.94873046875
-1.78125 -1.0625 0.11669921875
-1.84375 -1.125 -0.11572265625
-0.84375 -0.6875 0.95263671875
-1.21875 -1.0 0.95263671875
-1.59375 -1.3125 0.95654296875
