TRUCK_CAB
0.71875 1.46875 -1.55322265625
0.84375 1.34375 -0.73681640625
0.40625 1.03125 -0.73681640625
0.46875 1.09375 0.70458984375
0.03125 0.71875 -0.73681640625
0.96875 1.21875 -0.10986328125
0.59375 0.90625 -0.10791015625
0.15625 0.59375 0.70849609375
0.40625 0.65625 0.08154296875
0.28125 0.46875 -0.10595703125
-0.15625 0.21875 0.71240234375
0.90625 0.78125 0.90185546875
0.09375 0.28125 0.08349609375
-0.59375 -0.09375 0.71435546875
-0.09375 0.09375 -0.10400390625
0.53125 0.46875 0.90185546875
0.15625 0.15625 0.90576171875
-0.90625 -0.53125 0.71826171875
-0.21875 -0.15625 0.90576171875
-0.65625 -0.46875 0.90966796875
-1.28125 -0.84375 0.71826171875
-0.21875 -0.28125 0.08740234375
-0.34375 -0.46875 -0.10009765625
-0.96875 -0.84375 0.08935546875
-1.40625 -1.09375 0.08935546875
-1.65625 -1.21875 0.72021484375
-0.96875 -0.90625 0.90966796875
-0.53125 -0.71875 0.08935546875
-1.34375 -1.15625 0.91357421875
-1.78125 -1.40625 0.91357421875
-1.59375 -1.34375 -0.09814453125
-1.65625 -1.71875 1.55419921875
-1.84375 -1.90625 -0.09423828125
