TRUCK_CAB
-0.342529296875 1.40625 -0.8253173828125
-0.350830078125 1.40625 -0.2044677734375
0.029052734375 1.34375 -0.8255615234375
-0.423583984375 1.34375 0.2086181640625
0.392333984375 1.28125 -0.2054443359375
0.125732421875 1.03125 0.4146728515625
0.764404296875 1.03125 -0.2073974609375
0.498779296875 1.03125 0.4136962890625
-0.853271484375 0.96875 -0.4139404296875
0.018310546875 0.96875 -0.2064208984375
-0.034423828125 0.96875 0.2086181640625
-0.481201171875 0.90625 -0.4149169921875
0.265380859375 0.90625 -0.4149169921875
0.853271484375 0.90625 0.4136962890625
-0.721923828125 0.78125 -0.8319091796875
-0.7314453125 0.65625 -0.2073974609375
-0.250244140625 0.65625 0.4146728515625
0.657958984375 0.65625 -0.4158935546875
-0.442626953125 0.40625 -1.0386962890625
-0.63134765625 0.03125 0.4156494140625
-0.437255859375 0.03125 0.8385009765625
-0.069091796875 -0.03125 -1.0443115234375
-0.060791015625 -0.03125 0.8385009765625
-0.810302734375 -0.09375 0.2095947265625
-0.7958984375 -0.09375 0.8385009765625
0.307373046875 -0.15625 -1.0455322265625
-0.6630859375 -0.28125 1.0455322265625
0.315185546875 -0.53125 0.8404541015625
0.696044921875 -1.40625 0.8463134765625
