TRUCK_CAB
1.0439453125 2.0 -0.6690673828125
0.366943359375 2.0 0.5643310546875
1.466796875 1.875 -0.0518798828125
1.43359375 1.75 -0.6705322265625
1.1083984375 1.75 0.5662841796875
-0.374755859375 1.625 -0.0528564453125
-0.0082550048828125 1.625 0.5662841796875
0.26318359375 1.5625 0.6365966796875
-0.11566162109375 1.1875 0.6385498046875
-0.408935546875 1.0625 0.5682373046875
-0.250244140625 1.0 1.2713623046875
1.4716796875 0.6875 -1.3084716796875
-0.509521484375 0.6875 0.0174560546875
-0.77490234375 0.5625 0.5721435546875
-0.345703125 0.5625 1.1990966796875
-0.740234375 0.5625 1.1990966796875
-1.220703125 0.375 -0.6807861328125
-0.791015625 0.375 -0.0538330078125
-0.50537109375 0.375 0.6424560546875
-0.8935546875 0.3125 0.0164794921875
-0.970703125 0.0 -0.6114501953125
-1.1640625 0.0 0.5740966796875
-1.1787109375 -0.0625 -0.0548095703125
