TRUCK_CAB
-0.1875 0.40625 -1.1201171875
0.0 0.59375 -0.8896484375
0.9375 1.28125 -0.8857421875
1.4375 1.59375 -0.8837890625
-1.4375 -1.40625 -0.8876953125
-1.125 -1.15625 -1.1181640625
1.75 1.84375 -1.1123046875
0.25 0.28125 0.1123046875
-1.0 -1.03125 0.1123046875
-0.6875 -0.71875 -0.1142578125
1.375 1.40625 -1.1123046875
-0.9375 -1.03125 -0.8857421875
-1.75 -1.84375 1.1123046875
-0.9375 -1.03125 0.8857421875
-0.5 -0.59375 0.8857421875
-0.5 -0.65625 0.1123046875
-1.3125 -1.46875 0.8857421875
-1.3125 -1.53125 0.1123046875
0.25 0.03125 -0.1064453125
-0.4375 -0.71875 -0.8837890625
-1.125 -1.53125 1.1162109375
-0.6875 -1.15625 1.1201171875
