TRUCK_CAB
1.96875 1.9375 -0.322265625
0.560546875 2.0 -0.3232421875
1.896484375 1.875 -0.90234375
1.232421875 1.75 -1.48828125
0.900390625 1.625 0.2578125
0.548828125 1.625 0.2578125
1.201171875 1.4375 0.259765625
0.169921875 1.4375 0.259765625
1.529296875 1.3125 -1.375
-0.150390625 1.375 0.376953125
0.892578125 1.25 0.376953125
0.560546875 1.25 0.376953125
1.240234375 1.1875 0.376953125
0.513671875 1.1875 -1.49560546875
-0.275390625 1.25 0.96484375
0.177734375 1.0625 0.376953125
1.857421875 0.9375 -1.37939453125
-0.177734375 0.9375 -0.20703125
0.048828125 0.875 0.96875
1.873046875 0.6875 -1.5
-0.193359375 0.625 0.853515625
1.908203125 0.25 0.380859375
1.095703125 0.0625 -1.390625
-0.263671875 0.125 0.265625
-1.966796875 -1.8125 1.0
-1.599609375 -1.9375 1.001953125
-1.841796875 -1.9375 0.8828125
