TRUCK_CAB
1.330078125 2.0 0.280029296875
1.966796875 1.9375 -0.873779296875
1.537109375 1.9375 -0.920166015625
0.271484375 1.8125 0.281982421875
1.224609375 1.75 0.233154296875
0.189453125 1.6875 -1.511474609375
1.654296875 1.625 0.281982421875
1.865234375 1.5625 -0.922119140625
1.939453125 1.4375 -1.45947265625
1.900390625 1.4375 -1.51220703125
-0.166015625 1.5625 0.235107421875
0.486328125 1.5 -1.513671875
-0.095703125 1.5 -0.297119140625
0.826171875 1.3125 -1.51513671875
-0.111328125 1.375 0.283935546875
0.474609375 1.3125 0.871826171875
0.123046875 1.3125 0.871826171875
1.181640625 1.1875 -1.5166015625
1.568359375 1.0625 -1.46484375
-0.240234375 1.1875 0.873779296875
1.521484375 1.0 -1.518310546875
0.806640625 1.0625 0.873779296875
-0.595703125 1.0625 0.237060546875
-0.494140625 0.9375 -0.298095703125
-0.552734375 0.875 -0.345947265625
-0.537109375 0.875 0.822998046875
1.130859375 0.6875 0.877685546875
-0.525390625 0.625 0.287841796875
1.177734375 0.5 -1.472412109375
1.470703125 0.4375 0.879638671875
-0.966796875 0.375 0.240966796875
1.529296875 0.125 0.830810546875
-1.927734375 -1.9375 0.906982421875
