TRUCK_CAB
1.90234375 1.96875 -0.9422607421875
0.3203125 1.90625 0.2969970703125
1.98828125 1.65625 -1.4178466796875
-0.5390625 1.59375 -0.9466552734375
-0.5 1.59375 0.8868408203125
1.87890625 1.28125 -1.5272216796875
1.90234375 1.21875 -0.3699951171875
-0.08203125 1.34375 0.2989501953125
1.5859375 1.15625 -1.4246826171875
-0.19921875 1.28125 0.8907470703125
-0.16015625 1.15625 0.7872314453125
1.984375 0.96875 -0.2733154296875
1.5078125 0.96875 -1.5313720703125
-0.5625 0.96875 0.2071533203125
-0.453125 0.84375 -0.2752685546875
-0.484375 0.78125 0.3028564453125
-0.546875 0.71875 -0.3709716796875
-0.984375 0.59375 -0.9534912109375
1.83203125 0.34375 0.9005126953125
-0.5859375 0.40625 -0.8553466796875
1.51171875 0.28125 0.7969970703125
-0.96875 0.09375 -0.8577880859375
-1.3984375 -0.03125 -0.9569091796875
-1.4453125 -1.21875 -0.8670654296875
-1.46875 -1.34375 -1.4593505859375
-1.9453125 -1.84375 0.9259033203125
-1.1015625 -1.96875 -0.2772216796875
-1.4609375 -1.96875 -0.2772216796875
-1.8984375 -1.90625 1.4219970703125
