TRUCK_CAB
0.5078125 1.59375 -1.457275390625
0.578125 1.53125 0.240966796875
0.921875 1.46875 0.240966796875
0.2265625 1.40625 0.242919921875
1.171875 1.28125 -1.458251953125
1.2421875 1.28125 0.242919921875
-0.484375 1.21875 0.244873046875
-0.5078125 1.21875 0.821044921875
0.1796875 1.09375 0.822998046875
1.4453125 0.90625 -1.460205078125
-0.1640625 1.03125 0.246826171875
0.4921875 0.96875 0.824951171875
-0.59375 1.03125 -1.462158203125
-0.1875 0.90625 0.826904296875
-0.5703125 0.78125 -0.892822265625
-0.9765625 0.59375 -1.465576171875
-0.6171875 0.46875 -0.321533203125
0.703125 0.15625 -1.466064453125
-1.0078125 -0.09375 -0.893798828125
-1.921875 -1.28125 -1.479248046875
-1.578125 -1.34375 -1.478759765625
-1.53125 -1.40625 -0.894775390625
-1.8828125 -1.40625 -0.895751953125
-1.953125 -1.96875 0.877685546875
