TRUCK_CAB
-0.31640625 1.625 0.59130859375
0.01953125 1.5 0.02685546875
-0.23046875 1.5 -0.53955078125
-0.01953125 1.25 0.59521484375
1.68359375 1.0 -1.67138671875
-0.73046875 1.1875 -0.68603515625
-0.37890625 1.0625 0.45263671875
-0.36328125 1.0 -0.11572265625
-0.40234375 0.9375 0.03271484375
1.29296875 0.5625 -1.67431640625
1.91796875 0.375 0.60693359375
-0.70703125 0.5 -1.10595703125
1.55078125 0.25 0.46240234375
-0.81640625 0.375 -1.25341796875
-1.08984375 0.1875 -1.10693359375
-1.22265625 -0.0625 -1.25439453125
-1.61328125 -1.0 -1.10791015625
-1.68359375 -1.125 -1.68896484375
-1.34765625 -1.25 -1.68896484375
-1.73828125 -1.25 -1.25537109375
-1.76953125 -1.625 1.23193359375
-0.07421875 -2.0 -1.69189453125
-1.83984375 -1.8125 0.64990234375
-1.44140625 -1.875 1.23583984375
-1.51171875 -2.0 0.65185546875
