TRUCK_CAB
0.2578125 1.84375 0.04833984375
-0.375 1.84375 -1.29345703125
-0.46875 1.53125 0.61669921875
0.875 1.28125 0.61865234375
0.5234375 1.28125 0.61865234375
-0.4765625 1.28125 -0.72705078125
-0.0625 1.21875 -0.15869140625
0.5703125 1.15625 0.39794921875
-0.359375 1.21875 -1.07275390625
-0.171875 1.15625 0.05810546875
1.15625 0.96875 0.62255859375
-0.1484375 0.96875 0.40185546875
1.46875 0.71875 0.62646484375
1.7890625 0.65625 0.62841796875
-0.4765625 0.65625 -0.15283203125
1.5078125 0.34375 0.40966796875
-0.609375 0.53125 0.06591796875
-0.8515625 0.28125 -1.07177734375
-0.5859375 0.28125 0.41552734375
-0.9296875 0.21875 -1.29345703125
-1.0 -0.03125 -0.71923828125
-1.484375 -1.15625 -1.65087890625
-1.421875 -1.21875 -1.07080078125
-1.1484375 -1.28125 -1.65087890625
-1.84375 -1.28125 -1.29345703125
-1.53125 -1.40625 -1.29345703125
-0.8515625 -1.53125 -1.65185546875
-1.78125 -1.40625 -1.07080078125
-1.890625 -1.40625 -0.71142578125
-1.578125 -1.59375 -0.70947265625
-1.9140625 -1.71875 -1.65380859375
-1.890625 -1.65625 1.26318359375
-0.8125 -1.90625 -0.48681640625
-1.578125 -1.84375 1.26318359375
-1.6484375 -1.90625 0.68115234375
-1.8046875 -1.96875 1.04248046875
