TRUCK_CAB
-1.375 -1.15625 -0.037109375
-1.0625 -0.84375 0.958984375
-0.875 -0.71875 -0.033203125
-0.625 -0.59375 -1.021484375
1.0625 1.09375 0.021484375
-1.0 -1.03125 0.021484375
0.3125 0.21875 -1.017578125
0.75 0.65625 -1.017578125
-0.5625 -0.59375 0.962890625
0.6875 0.59375 0.025390625
-0.5625 -0.65625 0.021484375
0.125 -0.03125 -0.029296875
0.6875 0.46875 -0.966796875
0.3125 0.09375 0.025390625
1.375 1.15625 -0.025390625
0.375 0.15625 0.970703125
0.8125 0.59375 0.970703125
-0.0625 -0.34375 1.021484375
0.625 0.28125 -0.025390625
1.0625 0.71875 -0.021484375
-0.125 -0.59375 -0.021484375
1.3125 0.59375 -0.958984375
0.25 -0.84375 -0.955078125
