TRUCK_CAB
0.49267578125 -1.921875 0.60693359375
0.38330078125 -1.921875 0.60693359375
0.25439453125 -1.921875 0.6064453125
0.13232421875 -1.921875 0.60595703125
-0.97314453125 -1.984375 -0.95361328125
0.61767578125 -1.890625 0.6064453125
-0.51611328125 -1.921875 0.47119140625
-0.48681640625 -1.921875 -0.95361328125
0.00634765625 -1.890625 0.6044921875
0.52001953125 -1.859375 0.67626953125
-0.11181640625 -1.859375 0.60400390625
0.6357421875 -1.828125 0.67626953125
0.39697265625 -1.828125 0.67578125
0.26806640625 -1.828125 0.67529296875
0.15087890625 -1.828125 0.6748046875
-0.64306640625 -1.859375 0.4697265625
-0.24365234375 -1.828125 0.6025390625
0.02587890625 -1.796875 0.673828125
0.7529296875 -1.765625 0.6748046875
0.9912109375 -1.734375 -0.61962890625
0.84765625 -1.734375 0.60400390625
0.72509765625 -1.734375 0.60400390625
0.966796875 -1.671875 0.60302734375
-0.12255859375 -1.578125 0.66845703125
-0.50830078125 -1.515625 0.5947265625
-0.82275390625 -1.453125 0.86962890625
-0.87548828125 -1.359375 0.66162109375
-1.12744140625 -1.359375 -0.65478515625
-1.14306640625 -1.359375 -0.58203125
-1.33251953125 -1.359375 0.86669921875
-0.42724609375 -1.296875 -1.41259765625
-0.90673828125 -1.296875 0.587890625
-0.17431640625 -1.265625 1.21044921875
-0.96533203125 -1.296875 0.86669921875
-0.30517578125 -1.265625 1.21044921875
-0.43017578125 -1.265625 1.20947265625
0.06787109375 -1.234375 1.21044921875
-0.05615234375 -1.234375 1.21044921875
-0.91064453125 -1.265625 0.794921875
0.31396484375 -1.203125 1.21044921875
-0.77783203125 -1.234375 -0.65966796875
0.19677734375 -1.203125 1.21044921875
-0.54345703125 -1.234375 1.20947265625
1.087890625 -1.140625 0.66064453125
-0.54931640625 -1.203125 -1.42138671875
0.04443359375 -1.171875 1.28076171875
-0.07958984375 -1.171875 1.28076171875
0.56494140625 -1.140625 1.21142578125
-0.19189453125 -1.171875 1.28076171875
0.43408203125 -1.140625 1.21044921875
-0.94775390625 -1.203125 1.07275390625
-0.31884765625 -1.171875 1.28076171875
0.16748046875 -1.140625 1.28076171875
-0.93603515625 -1.171875 1.00146484375
0.41552734375 -1.109375 1.28076171875
0.29736328125 -1.109375 1.28076171875
0.6728515625 -1.078125 1.21044921875
-0.81103515625 -1.140625 1.20849609375
0.53857421875 -1.078125 1.28076171875
0.93896484375 -1.046875 0.79638671875
0.6259765625 -1.046875 0.86474609375
0.66650390625 -1.046875 1.28076171875
0.90869140625 -1.015625 1.07275390625
1.0673828125 -0.984375 0.79541015625
0.74755859375 -0.984375 0.86474609375
0.55908203125 -0.984375 0.7939453125
0.787109375 -0.953125 1.28076171875
0.6796875 -0.890625 0.79345703125
-0.47509765625 -0.953125 1.41748046875
0.79931640625 -0.890625 1.21044921875
0.39013671875 -0.828125 1.41845703125
-0.61767578125 -0.671875 1.27783203125
-0.50439453125 -0.640625 1.27783203125
0.7724609375 -0.515625 0.99755859375
0.46435546875 -0.515625 0.85595703125
0.74365234375 -0.453125 1.06591796875
0.7744140625 -0.421875 0.78515625
-0.88720703125 -0.453125 0.56884765625
-0.72705078125 -0.421875 0.64013671875
-0.76220703125 -0.421875 0.56884765625
0.83642578125 -0.359375 0.85400390625
-0.59619140625 -0.390625 0.6396484375
-0.56298828125 -0.359375 0.85107421875
-0.68798828125 -0.359375 0.85107421875
-0.65478515625 -0.359375 1.06298828125
-0.34521484375 -0.328125 0.63916015625
-0.81689453125 -0.359375 0.85107421875
-0.47119140625 -0.328125 0.63916015625
-0.44287109375 -0.328125 0.85107421875
-0.63330078125 -0.328125 0.77978515625
-0.64697265625 -0.328125 0.99267578125
-0.76025390625 -0.328125 0.779296875
-0.77001953125 -0.328125 0.99169921875
0.626953125 -0.265625 0.99462890625
-0.51806640625 -0.296875 0.56640625
-0.50634765625 -0.296875 0.77978515625
-0.78955078125 -0.296875 1.06201171875
-0.78369140625 -0.296875 1.27587890625
-0.91064453125 -0.296875 1.27587890625
-0.89501953125 -0.265625 0.77783203125
-0.91259765625 -0.265625 0.99072265625
-0.92431640625 -0.234375 1.06103515625
-0.54150390625 -0.203125 1.06201171875
0.31787109375 -0.140625 0.84912109375
0.36865234375 -0.109375 0.77880859375
0.60107421875 -0.109375 1.06201171875
0.48974609375 -0.109375 0.99267578125
0.46630859375 -0.109375 1.06201171875
0.36083984375 -0.109375 0.99267578125
0.33837890625 -0.109375 1.06201171875
-0.26025390625 -0.109375 0.77734375
0.23974609375 -0.078125 0.7783203125
0.10888671875 -0.078125 0.77783203125
-0.01123046875 -0.078125 0.77783203125
-0.14208984375 -0.046875 0.77685546875
-1.08837890625 0.078125 1.27294921875
-1.08251953125 0.078125 1.41650390625
0.15673828125 0.296875 0.84130859375
-0.00439453125 0.609375 0.8359375
0.15576171875 0.703125 1.05224609375
0.15771484375 0.703125 1.41845703125
-1.39892578125 0.640625 -0.9189453125
0.01904296875 0.703125 1.41845703125
0.02197265625 0.734375 1.05126953125
0.03271484375 0.765625 0.98193359375
-0.14599609375 0.796875 0.83203125
-0.11962890625 0.796875 1.41845703125
-0.10595703125 0.859375 0.98095703125
-0.25244140625 0.859375 1.04931640625
-0.25732421875 0.859375 1.41845703125
-0.13330078125 0.921875 1.04931640625
-0.24560546875 0.921875 0.97900390625
-0.38916015625 0.921875 1.04833984375
-0.29052734375 0.953125 0.8291015625
-0.39208984375 0.953125 1.41845703125
-0.38623046875 1.015625 0.97802734375
-0.53759765625 1.015625 1.41748046875
-0.43408203125 1.078125 0.82666015625
-0.52783203125 1.109375 0.97705078125
-0.53173828125 1.109375 1.04638671875
-0.65869140625 1.109375 0.97705078125
0.38232421875 1.140625 1.41943359375
0.49853515625 1.296875 1.41943359375
-0.81494140625 1.265625 1.41748046875
-0.96728515625 1.296875 1.41748046875
-1.10986328125 1.390625 1.41748046875
0.61865234375 1.484375 1.41943359375
0.7412109375 1.671875 1.41943359375
-1.40283203125 1.578125 1.41748046875
-1.40673828125 1.609375 0.36669921875
-1.39111328125 1.609375 1.19287109375
-1.38330078125 1.609375 1.26416015625
-1.33447265625 1.640625 0.5908203125
-1.43017578125 1.640625 0.81494140625
0.75927734375 1.734375 1.26513671875
-1.37158203125 1.671875 0.293701171875
-1.47314453125 1.671875 0.1396484375
-1.37744140625 1.671875 0.74365234375
0.7529296875 1.765625 1.19580078125
-1.51220703125 1.671875 0.5185546875
0.75341796875 1.796875 0.97216796875
-1.53564453125 1.671875 1.41650390625
-1.51025390625 1.703125 0.74267578125
-1.53173828125 1.703125 0.96826171875
-1.69580078125 1.703125 0.36279296875
-1.53759765625 1.703125 1.03759765625
-1.52392578125 1.703125 1.19189453125
-1.53564453125 1.703125 1.26318359375
-1.50439453125 1.734375 -0.08685302734375
-1.50244140625 1.734375 0.291259765625
0.88134765625 1.859375 1.19580078125
0.86474609375 1.859375 1.42041015625
-1.64306640625 1.765625 0.28955078125
-1.62939453125 1.765625 0.5869140625
-1.80322265625 1.765625 0.51513671875
0.87841796875 1.890625 1.26416015625
-1.61962890625 1.796875 0.135498046875
-1.64306640625 1.796875 -0.090789794921875
-1.65283203125 1.796875 -0.16172027587890625
-1.69189453125 1.765625 1.41650390625
-1.68212890625 1.796875 0.96630859375
-1.68408203125 1.796875 1.03662109375
-1.67236328125 1.796875 1.19091796875
-1.68603515625 1.796875 1.26220703125
0.9736328125 1.953125 0.8134765625
-1.79150390625 1.828125 0.73974609375
-1.82666015625 1.859375 0.96533203125
-1.81884765625 1.890625 1.19091796875
-1.97314453125 1.890625 1.41650390625
