TRUCK_CAB
1.198486328125 -2.0 0.6103515625
1.548095703125 -1.9375 -0.4072265625
-0.624755859375 -2.0 0.505859375
-0.279052734375 -1.96875 0.6064453125
0.408447265625 -1.875 -1.03076171875
0.651611328125 -1.84375 -1.03125
-0.741943359375 -1.9375 0.29931640625
0.529541015625 -1.84375 -1.03125
-0.417724609375 -1.84375 0.60302734375
1.004150390625 -1.71875 -0.83154296875
1.071533203125 -1.6875 -0.7275390625
1.240478515625 -1.59375 -1.044921875
1.027587890625 -1.53125 -0.635009765625
-0.566162109375 -1.59375 0.59716796875
-0.085693359375 -1.5 1.115234375
0.039306640625 -1.46875 1.115234375
1.146728515625 -1.34375 0.4951171875
-1.267333984375 -1.5 0.38525390625
1.046142578125 -1.3125 0.7998046875
-0.595458984375 -1.40625 1.115234375
-0.804443359375 -1.40625 0.798828125
-0.833740234375 -1.40625 0.6982421875
-1.218505859375 -1.4375 0.5908203125
-1.335693359375 -1.4375 0.490234375
-1.300537109375 -1.4375 0.7978515625
-0.271240234375 -1.34375 1.21484375
-0.995849609375 -1.375 -0.658203125
-0.023193359375 -1.3125 1.21484375
-0.154052734375 -1.3125 1.21484375
0.211181640625 -1.28125 1.21484375
0.099853515625 -1.28125 1.21484375
-0.779052734375 -1.34375 1.0068359375
-0.398193359375 -1.3125 1.21484375
0.465087890625 -1.25 1.21484375
0.340087890625 -1.25 1.21484375
-0.531005859375 -1.3125 1.21484375
-1.333740234375 -1.375 0.69677734375
1.019775390625 -1.1875 0.69873046875
0.593017578125 -1.21875 1.2138671875
-0.853271484375 -1.3125 0.904296875
1.141845703125 -1.15625 0.6982421875
0.705322265625 -1.1875 1.2138671875
-0.650146484375 -1.28125 1.2138671875
1.004150390625 -1.125 0.904296875
1.078369140625 -1.09375 1.005859375
-0.747802734375 -1.21875 1.11328125
0.828369140625 -1.09375 1.2138671875
1.246337890625 -1.03125 0.48779296875
0.722900390625 -1.03125 1.3212890625
0.656494140625 -1.0 0.7939453125
-0.456787109375 -1.0625 1.421875
0.940673828125 -0.9375 1.212890625
-0.413818359375 -0.96875 1.3212890625
0.877197265625 -0.78125 0.7900390625
0.757080078125 -0.78125 0.7900390625
0.830322265625 -0.59375 0.8974609375
0.435791015625 -0.625 1.3212890625
0.905517578125 -0.53125 0.9990234375
0.777587890625 -0.53125 0.9990234375
-0.591552734375 -0.46875 0.89453125
-0.675537109375 -0.46875 0.7822265625
-0.708740234375 -0.4375 0.68115234375
-0.640380859375 -0.4375 0.99609375
-0.722412109375 -0.4375 0.8935546875
-0.445068359375 -0.40625 0.681640625
-0.425537109375 -0.40625 0.78173828125
-0.802490234375 -0.4375 0.78125
-0.833740234375 -0.4375 0.68115234375
-0.466552734375 -0.40625 0.89453125
-0.581787109375 -0.40625 0.68115234375
-0.552490234375 -0.40625 0.78173828125
-0.513427734375 -0.40625 0.99609375
-0.329833984375 -0.375 0.68115234375
0.678955078125 -0.3125 0.89453125
0.465087890625 -0.3125 0.78173828125
0.545166015625 -0.28125 0.8935546875
0.496337890625 -0.25 0.9951171875
-0.404052734375 -0.3125 0.9951171875
0.408447265625 -0.25 0.8935546875
-0.786865234375 -0.34375 0.9951171875
0.610595703125 -0.21875 0.9951171875
-0.183349609375 -0.25 0.77978515625
-0.230224609375 -0.25 0.892578125
-0.314208984375 -0.25 0.779296875
-0.060302734375 -0.21875 0.779296875
0.322509765625 -0.1875 0.779296875
-0.874755859375 -0.28125 0.8916015625
0.066650390625 -0.1875 0.77880859375
0.193603515625 -0.15625 0.77880859375
-0.364990234375 -0.1875 0.8916015625
0.781494140625 -0.09375 1.107421875
0.648681640625 -0.0625 1.107421875
0.527587890625 -0.03125 1.1064453125
0.002197265625 -0.03125 0.8896484375
-0.909912109375 -0.03125 1.3203125
-0.843505859375 0.0 1.4208984375
0.068603515625 0.59375 0.8828125
0.066650390625 0.59375 1.1025390625
0.136962890625 0.625 0.984375
0.193603515625 0.65625 0.8818359375
0.193603515625 0.65625 1.1025390625
0.258056640625 0.65625 1.4208984375
0.275634765625 0.6875 0.9833984375
0.000244140625 0.6875 0.984375
0.121337890625 0.6875 1.4208984375
0.039306640625 0.6875 1.3203125
-0.019287109375 0.78125 1.4208984375
-0.105224609375 0.8125 1.3203125
-0.138427734375 0.84375 0.9814453125
-0.271240234375 0.84375 0.9814453125
-0.159912109375 0.84375 1.4208984375
-0.234130859375 0.84375 1.3203125
0.490478515625 0.96875 1.4208984375
-0.304443359375 0.9375 1.4208984375
-0.384521484375 0.9375 1.3203125
-0.527099609375 1.0 1.3203125
-0.423583984375 1.03125 0.9794921875
0.613525390625 1.09375 1.4208984375
-0.447021484375 1.03125 1.4208984375
0.722900390625 1.28125 1.4208984375
-0.820068359375 1.21875 1.3203125
0.635009765625 1.34375 1.3203125
0.884033203125 1.375 -1.2548828125
-0.882568359375 1.28125 1.4208984375
-0.954833984375 1.3125 1.3203125
0.760009765625 1.46875 1.3203125
0.848876953125 1.46875 1.4208984375
0.780517578125 1.59375 1.0966796875
-1.175537109375 1.5 1.4208984375
-1.265380859375 1.5 1.3193359375
0.879150390625 1.65625 1.3203125
0.962158203125 1.65625 1.4208984375
-1.337646484375 1.5625 0.7451171875
-1.288818359375 1.5625 1.197265625
-1.411865234375 1.5625 1.3193359375
0.971923828125 1.75 0.9716796875
-1.394287109375 1.59375 0.8681640625
-1.450927734375 1.59375 0.9716796875
-1.322021484375 1.59375 1.4208984375
-1.392333984375 1.625 0.06884765625
1.020751953125 1.78125 1.095703125
-1.384521484375 1.625 0.64306640625
-1.470458984375 1.625 0.2939453125
1.039306640625 1.8125 0.1943359375
-1.390380859375 1.625 1.0947265625
-1.447021484375 1.625 1.1962890625
-1.402099609375 1.65625 0.51904296875
0.972900390625 1.8125 1.1962890625
1.000244140625 1.8125 1.3193359375
-1.525146484375 1.65625 0.41650390625
-1.486083984375 1.65625 0.74365234375
1.023681640625 1.84375 0.8681640625
1.083251953125 1.84375 1.4208984375
-1.548583984375 1.65625 1.3193359375
-1.532958984375 1.6875 0.06591796875
-1.532958984375 1.6875 0.64111328125
1.064697265625 1.875 0.744140625
-1.544677734375 1.6875 0.8662109375
-1.378662109375 1.71875 0.189453125
-1.482177734375 1.6875 1.4208984375
-1.552490234375 1.71875 1.09375
-1.669677734375 1.71875 0.64013671875
-1.599365234375 1.71875 0.9697265625
1.166259765625 1.9375 0.19091796875
-1.587646484375 1.71875 1.1953125
-1.536865234375 1.75 0.1875
1.099853515625 1.9375 0.9697265625
-1.661865234375 1.78125 0.1865234375
1.140869140625 1.96875 1.0947265625
1.095947265625 1.96875 1.1953125
-1.693115234375 1.78125 0.865234375
1.144775390625 2.0 0.51611328125
1.020751953125 2.0 0.64111328125
1.145751953125 2.0 0.8662109375
-1.845458984375 1.78125 1.3193359375
-1.747802734375 1.8125 0.96875
-1.712646484375 1.84375 -0.16815185546875
-1.841552734375 1.84375 0.8642578125
-1.767333984375 1.84375 1.4208984375
-1.841552734375 1.875 1.0927734375
