TRUCK_CAB
1.4951171875 -1.953125 -0.42822265625
1.3779296875 -1.953125 -0.429931640625
1.255859375 -1.953125 -0.429931640625
-0.0009765625 -1.890625 -1.0537109375
0.1123046875 -1.859375 -1.0546875
0.4833984375 -1.828125 -1.0546875
0.2333984375 -1.828125 -1.0556640625
0.5927734375 -1.796875 -1.05615234375
-0.4599609375 -1.859375 0.57958984375
-0.5947265625 -1.765625 0.5771484375
1.076171875 -1.640625 -0.85791015625
0.9638671875 -1.640625 -0.859375
1.1416015625 -1.234375 0.48974609375
-1.3486328125 -1.421875 0.77392578125
-0.8251953125 -1.359375 0.6943359375
-0.8505859375 -1.359375 0.77392578125
-1.3330078125 -1.390625 0.35791015625
-0.2021484375 -1.296875 1.18994140625
0.990234375 -1.203125 0.77490234375
0.0458984375 -1.265625 1.18994140625
-0.1005859375 -1.265625 1.10986328125
-0.0791015625 -1.265625 1.18994140625
-0.4521484375 -1.296875 1.18994140625
-1.2724609375 -1.359375 0.5654296875
1.033203125 -1.171875 0.6953125
-1.3251953125 -1.359375 0.6923828125
-0.5771484375 -1.296875 1.18994140625
-0.3232421875 -1.265625 1.18994140625
-0.8583984375 -1.296875 0.90087890625
-0.8369140625 -1.296875 0.98095703125
0.9345703125 -1.140625 -0.681884765625
0.2900390625 -1.203125 1.18994140625
0.1630859375 -1.203125 1.18994140625
-0.7099609375 -1.265625 1.18994140625
0.9072265625 -1.109375 -0.763671875
-0.4501953125 -1.203125 -0.89697265625
-0.5849609375 -1.203125 -0.76806640625
1.1376953125 -1.078125 0.69384765625
-0.4599609375 -1.171875 -0.7685546875
0.2470703125 -1.140625 1.31787109375
0.998046875 -1.078125 0.90185546875
1.015625 -1.046875 0.98095703125
0.1181640625 -1.109375 1.31787109375
-0.7392578125 -1.171875 1.10888671875
1.0546875 -1.015625 -0.479736328125
-0.8466796875 -1.171875 1.18896484375
0.7275390625 -1.046875 1.31787109375
1.4326171875 -0.984375 0.56396484375
1.4892578125 -0.953125 0.90087890625
0.779296875 -0.953125 -0.9033203125
0.87890625 -0.953125 1.18896484375
-0.3916015625 -1.015625 1.39697265625
0.4462890625 -0.640625 1.31787109375
-0.4365234375 -0.703125 1.31787109375
0.8291015625 -0.546875 0.89501953125
0.4423828125 -0.578125 1.39697265625
0.84375 -0.515625 0.97509765625
0.712890625 -0.421875 0.97314453125
0.6806640625 -0.390625 0.89306640625
-0.5888671875 -0.421875 0.89111328125
-0.7373046875 -0.421875 0.75830078125
-0.7236328125 -0.421875 0.89111328125
-0.8369140625 -0.421875 0.677734375
-0.4853515625 -0.390625 0.75830078125
-0.4462890625 -0.390625 0.97119140625
-0.6005859375 -0.390625 0.75830078125
-0.5693359375 -0.390625 0.97119140625
-0.3271484375 -0.359375 0.67822265625
-0.7099609375 -0.390625 0.67822265625
-0.6962890625 -0.390625 0.97119140625
-0.4580078125 -0.359375 0.677734375
-0.5849609375 -0.359375 0.677734375
-0.4775390625 -0.328125 0.89013671875
-0.3662109375 -0.296875 0.75634765625
-0.8525390625 -0.328125 0.89013671875
0.5341796875 -0.203125 0.89111328125
0.5576171875 -0.203125 0.97021484375
0.4345703125 -0.203125 0.97021484375
-0.3525390625 -0.234375 0.88916015625
0.5439453125 -0.171875 1.10498046875
0.4091796875 -0.171875 0.89013671875
-0.1123046875 -0.203125 0.755859375
-0.8486328125 -0.265625 0.96923828125
-0.2490234375 -0.203125 0.75537109375
0.6572265625 -0.140625 1.39697265625
0.1318359375 -0.140625 0.75537109375
0.0048828125 -0.140625 0.7548828125
-0.3408203125 -0.140625 0.96923828125
-0.0849609375 -0.109375 0.96826171875
0.2607421875 -0.078125 0.75390625
0.791015625 -0.046875 1.10400390625
0.6552734375 0.015625 1.10400390625
-1.0458984375 0.015625 1.31787109375
-0.9052734375 0.046875 1.39697265625
-0.9287109375 0.078125 1.31787109375
-1.1474609375 0.109375 1.18115234375
0.1904296875 0.671875 0.88037109375
0.2177734375 0.671875 0.96044921875
0.0634765625 0.671875 1.09912109375
0.1982421875 0.671875 1.39697265625
0.1923828125 0.703125 1.09912109375
0.0537109375 0.703125 0.87939453125
0.0810546875 0.703125 0.95947265625
0.0517578125 0.765625 1.39697265625
-0.0888671875 0.828125 1.39697265625
-0.2392578125 0.859375 1.31787109375
-0.0732421875 0.890625 0.95751953125
-0.2314453125 0.921875 1.39697265625
-0.3857421875 0.984375 1.31787109375
-0.3681640625 1.015625 1.39697265625
-0.5263671875 1.046875 1.31787109375
-0.3525390625 1.078125 0.95458984375
0.6689453125 1.328125 1.39697265625
0.6923828125 1.359375 -1.27490234375
0.5419921875 1.390625 -1.27783203125
0.822265625 1.421875 -1.27880859375
-0.8271484375 1.296875 1.31787109375
-0.8056640625 1.296875 1.39697265625
-0.9638671875 1.296875 1.31787109375
0.939453125 1.453125 -1.28076171875
0.6337890625 1.421875 1.31787109375
0.7890625 1.484375 1.39697265625
-0.9482421875 1.359375 1.39697265625
0.748046875 1.546875 1.31787109375
0.7646484375 1.609375 1.09521484375
0.8935546875 1.671875 1.39697265625
0.8955078125 1.734375 0.27490234375
-1.2548828125 1.546875 1.39697265625
0.8671875 1.734375 1.31884765625
-1.4033203125 1.578125 1.31787109375
-1.4189453125 1.609375 0.72119140625
-1.3681640625 1.609375 0.94677734375
0.9130859375 1.796875 1.17236328125
0.90625 1.828125 0.193603515625
-1.4111328125 1.640625 0.86669921875
-1.4033203125 1.640625 1.39697265625
-1.3955078125 1.671875 0.64111328125
-1.5400390625 1.671875 0.2685546875
-1.4072265625 1.671875 1.09228515625
1.015625 1.859375 1.09326171875
-1.3876953125 1.703125 0.188232421875
-1.4619140625 1.703125 0.042236328125
1.0283203125 1.859375 1.39697265625
-1.4697265625 1.703125 0.494140625
-1.5322265625 1.703125 0.41455078125
-1.5244140625 1.703125 0.94580078125
-1.5556640625 1.703125 0.86474609375
1.0341796875 1.921875 0.19140625
-1.5205078125 1.703125 1.17236328125
-1.5556640625 1.703125 1.31787109375
1.017578125 1.921875 0.86767578125
1.0322265625 1.921875 0.94677734375
-1.5283203125 1.734375 0.63916015625
1.8486328125 1.953125 -1.31005859375
-1.5712890625 1.734375 0.71923828125
0.9873046875 1.921875 1.31884765625
-1.5478515625 1.765625 1.09130859375
-1.5283203125 1.796875 0.185546875
-1.5478515625 1.765625 1.39697265625
1.033203125 1.984375 1.17138671875
-1.6728515625 1.796875 0.63818359375
-1.6728515625 1.828125 0.18359375
-1.7431640625 1.828125 0.03662109375
-1.7197265625 1.828125 0.71728515625
-1.8486328125 1.796875 1.31787109375
-1.8291015625 1.828125 0.41015625
-1.8134765625 1.859375 1.17041015625
-1.7822265625 1.890625 -0.19354248046875
-1.8134765625 1.890625 0.94287109375
-1.8486328125 1.890625 0.86279296875
-1.8447265625 1.890625 1.09033203125
