TRUCK_CAB
1.0791015625 1.859375 0.236328125
-0.2744140625 -0.984375 1.435546875
-1.7255859375 1.859375 -0.156982421875
-0.3974609375 -0.328125 0.72021484375
0.0771484375 -0.109375 0.9326171875
-0.6435546875 -0.359375 0.72021484375
0.5595703125 -0.765625 0.73046875
-0.0498046875 -0.140625 0.9326171875
1.0869140625 -1.734375 -0.81787109375
-0.7216796875 -1.546875 0.53271484375
1.1337890625 -1.796875 0.6201171875
1.0849609375 1.921875 1.4365234375
-1.8115234375 1.859375 1.1337890625
-0.7724609375 -0.359375 0.79443359375
-0.0263671875 -0.171875 0.79296875
-1.5341796875 1.703125 1.361328125
-1.3740234375 1.609375 1.361328125
0.9541015625 1.734375 0.76171875
0.8037109375 1.609375 0.9150390625
-0.9013671875 -0.359375 0.71923828125
-0.3037109375 -0.171875 0.9326171875
0.6787109375 1.390625 1.36328125
-1.0146484375 1.421875 1.435546875
0.4033203125 -0.171875 1.0078125
-0.5146484375 -0.359375 0.720703125
-0.0498046875 -0.140625 0.9326171875
1.1337890625 -1.796875 0.6201171875
-1.4677734375 1.734375 1.435546875
-0.5361328125 -0.390625 0.9345703125
-0.3662109375 -0.203125 1.0068359375
0.7138671875 -1.015625 0.7353515625
0.9716796875 1.765625 1.4365234375
0.9384765625 1.796875 0.68798828125
0.2373046875 -0.109375 0.79248046875
-0.1474609375 -0.140625 0.79248046875
0.7841796875 -0.515625 0.72705078125
-1.5380859375 1.765625 0.0751953125
0.9833984375 1.859375 1.2109375
-0.3291015625 -0.984375 1.361328125
-0.7216796875 -1.546875 0.53271484375
0.2373046875 -0.109375 0.79248046875
-0.5439453125 -1.359375 -0.644775390625
0.7958984375 1.546875 1.36328125
1.0556640625 1.953125 0.68603515625
-1.5380859375 1.765625 0.0751953125
-0.9013671875 -0.359375 0.71923828125
1.0869140625 -1.734375 -0.81787109375
0.2314453125 -1.828125 -1.02197265625
1.0458984375 1.921875 0.912109375
-0.8662109375 -1.359375 0.8115234375
0.5087890625 1.015625 1.4365234375
-0.5322265625 -1.609375 -1.04443359375
-1.8115234375 1.859375 1.1337890625
-1.8115234375 1.859375 1.1337890625
-1.4677734375 1.734375 1.435546875
-0.0009765625 0.796875 1.4365234375
-0.1474609375 0.890625 1.4365234375
1.0654296875 1.921875 0.7587890625
-1.8193359375 1.796875 1.361328125
-1.7685546875 1.859375 1.435546875
-0.9013671875 -0.359375 0.71923828125
-0.8662109375 -1.359375 0.8115234375
0.0341796875 -1.234375 1.228515625
-0.3857421875 -0.359375 0.794921875
-1.8193359375 1.796875 1.361328125
-0.8701171875 1.328125 1.4365234375
0.6455078125 -1.140625 1.2275390625
1.0478515625 1.984375 0.458984375
-0.1474609375 -1.296875 1.1533203125
-0.6513671875 -1.390625 0.60498046875
1.0869140625 -1.734375 -0.81787109375
-0.8583984375 -0.390625 1.0078125
-1.5029296875 1.703125 0.68212890625
-0.9873046875 0.015625 1.361328125
-0.0244140625 -0.140625 0.71826171875
0.2236328125 -1.234375 1.154296875
0.0986328125 0.671875 1.3623046875
1.0556640625 1.953125 0.68603515625
-1.4443359375 1.671875 1.2099609375
-0.5439453125 -1.359375 -0.644775390625
0.9892578125 1.828125 0.9853515625
0.6455078125 -1.140625 1.2275390625
0.7724609375 -1.078125 1.2275390625
1.2490234375 -1.078125 0.39501953125
-0.7216796875 -1.546875 0.53271484375
-0.7802734375 -0.328125 0.71923828125
0.2236328125 -1.234375 1.154296875
0.2314453125 -1.828125 -1.02197265625
0.4013671875 -1.203125 1.228515625
-0.5771484375 -1.671875 0.53662109375
0.5615234375 1.234375 1.36328125
-0.1474609375 -0.140625 0.79248046875
-0.5244140625 -1.296875 1.1533203125
-0.6435546875 -0.359375 0.72021484375
0.8486328125 1.578125 1.4365234375
-0.6103515625 -1.140625 1.2265625
-0.6513671875 -0.421875 0.9345703125
-1.7373046875 1.859375 0.98046875
-0.1552734375 -0.140625 0.71826171875
-0.3037109375 -0.171875 0.9326171875
-0.8544921875 -0.390625 1.22265625
-0.3623046875 -1.953125 -1.02099609375
0.9892578125 1.828125 0.9853515625
-1.4873046875 1.703125 0.75732421875
-0.9404296875 0.046875 1.435546875
-1.6005859375 1.765625 0.982421875
-1.7958984375 1.796875 0.45263671875
-0.0185546875 -1.328125 1.154296875
0.0009765625 -0.078125 1.005859375
0.9384765625 1.796875 0.68798828125
-0.3408203125 0.953125 1.3623046875
-0.1474609375 -1.296875 1.1533203125
-0.5146484375 -0.359375 0.720703125
1.0107421875 -1.046875 1.0185546875
0.3642578125 -0.203125 0.79443359375
-0.1552734375 -0.140625 0.71826171875
-0.6337890625 -0.390625 0.794921875
-1.4873046875 1.703125 0.75732421875
-0.6435546875 -0.359375 0.72021484375
0.1474609375 0.703125 1.4365234375
0.8896484375 -1.015625 1.2275390625
0.2236328125 -1.234375 1.154296875
0.0009765625 -0.078125 1.005859375
0.1611328125 -1.234375 1.228515625
0.9541015625 1.734375 0.76171875
0.6669921875 -0.234375 1.0087890625
-0.1474609375 -0.140625 0.79248046875
0.5908203125 -1.046875 0.8095703125
0.9462890625 -0.984375 0.9443359375
0.1767578125 0.671875 0.998046875
0.9677734375 -1.734375 -1.0224609375
-0.8544921875 -0.390625 1.22265625
0.4033203125 -0.171875 1.0078125
-1.3935546875 -1.359375 0.525390625
0.2236328125 -0.109375 0.71875
0.9189453125 1.890625 0.4609375
-0.0732421875 -1.921875 0.61962890625
-1.2880859375 1.609375 1.2109375
-1.4443359375 1.671875 0.9833984375
-1.5146484375 1.859375 0.22509765625
-0.6513671875 -0.421875 0.9345703125
0.9736328125 -1.078125 0.7373046875
-0.2861328125 -0.140625 0.7177734375
0.3583984375 -0.171875 0.7197265625
1.0654296875 1.921875 0.7587890625
0.6220703125 1.203125 1.4365234375
0.0966796875 -0.140625 0.79248046875
-0.8662109375 -1.359375 0.8115234375
0.1767578125 0.671875 0.998046875
0.9462890625 -0.984375 0.9443359375
-0.5107421875 -0.390625 0.794921875
-1.7685546875 1.859375 1.435546875
0.7685546875 -0.515625 0.9384765625
-1.3935546875 -1.359375 0.525390625
-1.7646484375 1.796875 0.2998046875
0.7236328125 -0.984375 0.80859375
-0.8701171875 1.328125 1.4365234375
-1.4873046875 1.703125 0.75732421875
0.9052734375 -0.421875 0.7998046875
-0.3623046875 -1.953125 -1.02099609375
0.5908203125 -1.046875 0.8095703125
0.2783203125 -1.203125 1.228515625
-0.5146484375 -0.359375 0.720703125
-0.3916015625 -1.296875 1.1533203125
0.4833984375 -1.265625 1.154296875
0.9384765625 1.796875 0.68798828125
-0.1474609375 -1.296875 1.1533203125
-0.6337890625 -0.390625 0.794921875
-0.1923828125 0.828125 1.3623046875
0.4501953125 1.046875 1.3623046875
1.1337890625 -1.796875 0.6201171875
0.6220703125 1.203125 1.4365234375
0.0009765625 -0.078125 1.005859375
-0.2744140625 -1.296875 1.1533203125
-0.2783203125 -0.171875 0.79248046875
0.8603515625 -1.203125 0.8125
0.9384765625 1.796875 0.68798828125
0.9384765625 1.796875 0.68798828125
-0.2763671875 0.953125 1.4365234375
0.4013671875 -1.203125 1.228515625
-1.5888671875 1.859375 -0.156463623046875
0.4501953125 1.046875 1.3623046875
0.6669921875 -0.234375 1.0087890625
0.2783203125 -1.203125 1.228515625
-0.1552734375 -0.140625 0.71826171875
-1.6943359375 1.859375 0.52587890625
0.5595703125 -0.765625 0.73046875
-0.8583984375 -0.390625 1.0078125
-1.4443359375 1.671875 1.2099609375
0.9384765625 -1.140625 -0.64599609375
-1.0654296875 1.390625 1.3623046875
0.5087890625 1.015625 1.4365234375
0.1240234375 -1.890625 -1.02001953125
0.8310546875 -0.484375 1.01171875
-0.4501953125 -1.015625 1.361328125
0.1181640625 -1.296875 1.154296875
0.8896484375 -1.015625 1.2275390625
-0.6513671875 -1.390625 0.60498046875
-0.3642578125 -1.640625 0.611328125
0.2783203125 -1.203125 1.228515625
