TRUCK_CAB
-0.634765625 -0.359375 1.01904296875
-0.923828125 1.359375 1.44677734375
0.193359375 -0.140625 0.80322265625
0.689453125 -1.765625 -1.01318359375
-1.373046875 1.640625 1.44677734375
-1.642578125 1.796875 1.21923828125
0.58984375 -0.796875 0.728515625
-0.029296875 -0.109375 1.01708984375
0.810546875 -1.015625 0.81982421875
-1.384765625 -1.890625 -1.43994140625
-0.544921875 -1.015625 1.35888671875
0.134765625 -1.953125 0.63037109375
-0.15234375 0.796875 1.35888671875
-0.615234375 -1.265625 1.15087890625
-0.548828125 -0.390625 0.8056640625
-0.740234375 -0.359375 0.71728515625
0.064453125 -0.140625 0.80322265625
0.97265625 -1.734375 0.6279296875
-0.623046875 -0.390625 0.93115234375
-0.634765625 -0.359375 1.01904296875
-1.490234375 1.703125 0.90576171875
-1.201171875 -1.359375 0.6123046875
0.517578125 -1.328125 1.15283203125
-1.791015625 1.828125 0.90283203125
0.0234375 -1.296875 1.15185546875
-1.373046875 1.640625 1.44677734375
-1.478515625 1.703125 1.13232421875
-0.740234375 -0.359375 0.71728515625
1.123046875 -1.203125 -1.0498046875
-0.509765625 -0.328125 1.01806640625
0.966796875 1.828125 0.68408203125
0.509765625 -1.953125 0.63134765625
-0.15234375 0.796875 1.35888671875
-1.791015625 1.828125 0.90283203125
-0.634765625 -0.359375 1.01904296875
-0.806640625 -0.359375 0.8046875
-0.412109375 -1.015625 1.35888671875
0.79296875 -0.515625 1.02294921875
-0.771484375 -0.328125 0.93017578125
0.0234375 -1.296875 1.15185546875
-0.2890625 -1.796875 -1.43310546875
0.962890625 -1.890625 0.544921875
-1.384765625 -1.890625 -1.43994140625
-0.279296875 -1.921875 -1.0107421875
1.326171875 -1.046875 0.4033203125
-1.076171875 1.453125 1.44677734375
0.49609375 -0.171875 1.01806640625
-0.486328125 -0.328125 0.7177734375
-1.490234375 1.671875 1.35888671875
1.01953125 1.921875 0.76904296875
-1.623046875 1.796875 0.67724609375
-1.283203125 -1.359375 0.82080078125
-0.681640625 -0.390625 0.80517578125
-0.634765625 -0.359375 1.01904296875
0.091796875 -0.046875 1.01611328125
-0.515625 -0.328125 0.93115234375
-0.888671875 -1.265625 1.02880859375
0.208984375 -1.890625 -1.00927734375
0.064453125 -0.140625 0.80322265625
0.998046875 -1.078125 0.734375
-1.345703125 -1.390625 0.52490234375
-1.794921875 1.859375 1.21923828125
-1.478515625 1.703125 1.13232421875
0.115234375 -1.203125 1.23876953125
0.384765625 -0.171875 0.71728515625
0.587890625 1.265625 1.35986328125
-1.798828125 1.796875 1.35888671875
0.00390625 -1.890625 0.62890625
-1.201171875 -1.359375 0.6123046875
-0.017578125 0.734375 1.35986328125
-0.681640625 -0.390625 0.80517578125
0.00390625 -1.890625 0.62890625
0.384765625 -1.984375 0.6318359375
0.935546875 -1.765625 -1.01220703125
1.123046875 -1.203125 -1.0498046875
-0.279296875 -1.671875 0.62255859375
-0.927734375 -0.203125 1.01611328125
-0.966796875 0.015625 1.35888671875
-0.1015625 -1.296875 1.15185546875
0.384765625 -1.984375 0.6318359375
-1.623046875 1.796875 0.67724609375
-1.345703125 -1.390625 0.52490234375
0.736328125 -1.078125 1.23779296875
-0.615234375 -1.265625 1.15087890625
0.966796875 1.828125 0.68408203125
0.935546875 1.796875 1.35986328125
0.25390625 -1.234375 1.15185546875
0.130859375 0.671875 1.00830078125
0.064453125 -0.140625 0.80322265625
-1.794921875 1.859375 1.21923828125
-0.779296875 1.265625 1.44677734375
-1.447265625 1.765625 0.53955078125
0.623046875 -0.140625 1.01806640625
1.083984375 -1.890625 0.544921875
0.955078125 1.765625 1.13525390625
-1.470703125 1.703125 0.67919921875
-0.740234375 -1.234375 1.15087890625
-0.544921875 -1.015625 1.35888671875
-1.802734375 1.890625 0.99072265625
0.8125 -1.765625 -1.0126953125
0.810546875 -1.015625 0.81982421875
0.98046875 -1.046875 1.02880859375
-0.373046875 -0.203125 0.7158203125
-1.763671875 1.859375 0.67578125
-1.283203125 -1.359375 0.82080078125
0.130859375 0.671875 1.00830078125
-0.037109375 -0.046875 0.92919921875
-1.787109375 1.859375 1.13134765625
0.208984375 -1.890625 -1.00927734375
0.849609375 1.703125 0.23583984375
0.84765625 -1.015625 1.23779296875
0.9453125 1.796875 0.99560546875
-1.478515625 1.703125 1.13232421875
-0.626953125 1.140625 1.44677734375
-0.904296875 -0.265625 1.23193359375
-0.923828125 1.359375 1.44677734375
-0.544921875 -1.015625 1.35888671875
0.962890625 -1.890625 0.544921875
0.736328125 -1.078125 1.23779296875
0.08984375 -1.921875 -1.00830078125
0.736328125 -1.078125 1.23779296875
0.369140625 -0.171875 0.93115234375
0.126953125 0.640625 1.35986328125
-0.2890625 -0.109375 0.92919921875
-0.384765625 -1.953125 0.54150390625
0.814453125 1.671875 1.22216796875
0.455078125 -1.828125 -1.0107421875
0.23828125 -1.171875 1.23876953125
0.708984375 1.546875 1.13623046875
0.517578125 -1.328125 1.15283203125
-1.251953125 -1.421875 0.40478515625
-0.029296875 -0.109375 1.01708984375
0.609375 -1.140625 1.23876953125
-0.740234375 -1.234375 1.15087890625
0.484375 -1.140625 1.23876953125
0.798828125 -0.546875 0.93603515625
0.6953125 1.359375 1.44677734375
0.9765625 1.890625 0.54443359375
0.97265625 -1.734375 0.6279296875
-0.154296875 -0.140625 0.93017578125
1.080078125 1.984375 1.13427734375
-0.515625 -0.328125 0.93115234375
0.498046875 -0.171875 0.93115234375
0.9765625 1.890625 0.54443359375
-0.13671875 -1.203125 1.23779296875
-0.927734375 -0.203125 1.01611328125
1.01953125 1.921875 0.76904296875
1.09375 -1.703125 0.6279296875
-1.490234375 1.671875 1.35888671875
-1.623046875 1.796875 0.67724609375
-1.447265625 1.765625 0.53955078125
-0.298828125 0.921875 1.35888671875
-1.763671875 1.859375 0.67578125
0.931640625 1.828125 1.22119140625
0.689453125 -1.765625 -1.01318359375
0.25390625 -1.234375 1.15185546875
-0.412109375 -1.015625 1.35888671875
0.474609375 1.078125 1.35986328125
0.904296875 1.703125 0.7724609375
0.966796875 1.828125 0.68408203125
-0.548828125 -0.390625 0.8056640625
-0.658203125 -1.984375 0.423828125
-1.490234375 1.703125 1.22021484375
0.130859375 0.671875 1.00830078125
-1.494140625 1.703125 0.99365234375
0.134765625 -1.953125 0.63037109375
-1.802734375 1.890625 0.99072265625
-1.490234375 1.703125 0.90576171875
-0.412109375 -1.015625 1.35888671875
1.01953125 1.921875 0.76904296875
-0.029296875 -0.109375 1.01708984375
0.431640625 -0.890625 1.44677734375
0.638671875 -0.265625 0.93310546875
-0.384765625 -1.953125 0.54150390625
0.9765625 1.890625 0.54443359375
-1.447265625 1.765625 0.53955078125
-0.33203125 0.984375 1.44677734375
-0.279296875 -1.921875 -1.0107421875
-1.583984375 1.796875 0.083984375
-0.529296875 -1.796875 0.53759765625
-0.779296875 1.265625 1.44677734375
-0.783203125 -1.328125 0.82177734375
-1.767578125 1.859375 -0.147918701171875
1.09375 -1.703125 0.6279296875
1.05078125 1.984375 0.99462890625
-1.353515625 -1.328125 0.73193359375
-0.658203125 -1.984375 0.423828125
0.638671875 -0.265625 0.93310546875
0.796875 -0.390625 0.72216796875
0.33984375 -1.953125 -1.00439453125
-1.490234375 1.703125 0.90576171875
0.509765625 -1.953125 0.63134765625
-0.322265625 -0.171875 0.802734375
-0.384765625 -1.953125 0.54150390625
0.134765625 -1.265625 1.15185546875
0.064453125 -0.140625 0.80322265625
-1.349609375 1.578125 1.35888671875
0.810546875 1.546875 1.44677734375
-0.845703125 -1.328125 0.7333984375
-0.904296875 -0.296875 0.93017578125
