BOX_TRUCK
-2.0 -0.6953125 0.4066162109375
-2.0 -0.0546875 0.0618896484375
-2.0 0.15234375 0.0618896484375
-1.84375 -1.1171875 0.8226318359375
-1.875 0.0078125 0.1243896484375
-1.8125 -1.111328125 1.1722412109375
-1.78125 -0.873046875 0.0618896484375
-1.75 -0.853515625 -0.5767822265625
-1.78125 -0.890625 0.8245849609375
-1.71875 -1.30859375 -0.6329345703125
-1.71875 -1.32421875 -0.2847900390625
-1.75 -1.27734375 0.7542724609375
-1.75 -1.30078125 0.8245849609375
-1.71875 -1.1015625 -0.6324462890625
-1.78125 -0.671875 0.8245849609375
-1.75 -1.068359375 0.7562255859375
-1.75 -1.29296875 1.1019287109375
-1.84375 0.42578125 0.4739990234375
-1.75 -0.822265625 0.4739990234375
-1.71875 -1.302734375 0.4075927734375
-1.78125 -0.1953125 0.1243896484375
-1.78125 -0.6796875 1.1741943359375
-1.78125 -0.4609375 0.8245849609375
-1.75 -0.859375 0.7562255859375
-1.75 -1.083984375 1.1019287109375
-1.78125 -0.26953125 0.8245849609375
-1.78125 -0.46875 1.1741943359375
-1.75 -0.875 1.1019287109375
-1.75 -0.66015625 0.7562255859375
-1.75 -0.88671875 1.1741943359375
-1.78125 -0.265625 1.1741943359375
-1.75 -0.6640625 1.1038818359375
-1.78125 -0.05859375 0.8245849609375
-1.75 -0.453125 0.7562255859375
-1.84375 1.05078125 0.1243896484375
-1.84375 1.24609375 -0.5777587890625
-1.78125 -0.0390625 1.1038818359375
-1.75 -0.45703125 1.1038818359375
-1.875 1.20703125 0.8245849609375
-1.71875 -1.189453125 1.4495849609375
-1.75 -0.24609375 0.7562255859375
-1.78125 -0.046875 1.1741943359375
-1.78125 0.15234375 0.8245849609375
-1.75 -0.05078125 0.4085693359375
-1.71875 -0.46484375 0.4085693359375
-1.71875 -0.982421875 1.4495849609375
-1.75 -0.25 1.1038818359375
-1.78125 0.16796875 1.1038818359375
-1.75 -0.046875 0.7562255859375
-1.78125 0.1640625 1.1761474609375
-1.71875 -0.28125 0.4085693359375
-1.75 0.15625 0.4085693359375
-1.75 -0.4375 1.5238037109375
-1.78125 0.3828125 0.8245849609375
-1.75 0.17578125 0.7562255859375
-1.78125 0.375 1.1761474609375
-1.78125 0.59375 0.8265380859375
-1.71875 -0.5625 1.4515380859375
-1.6875 -1.056640625 1.5257568359375
-1.78125 0.5859375 1.1038818359375
-1.75 0.3828125 0.7562255859375
-1.78125 0.56640625 1.1761474609375
-1.65625 -1.39453125 1.4515380859375
-1.6875 -0.845703125 1.5257568359375
-1.65625 -1.265625 1.5257568359375
-1.75 0.37890625 1.1038818359375
-1.75 0.59375 0.7581787109375
-1.78125 0.796875 1.1058349609375
-1.78125 0.77734375 1.1761474609375
-1.71875 -0.1484375 1.4515380859375
-1.78125 1.00390625 0.8265380859375
-1.78125 1.28125 0.1243896484375
-1.75 0.40625 1.5257568359375
-1.75 0.79296875 0.7581787109375
-1.6875 -0.35546875 1.4515380859375
-1.65625 -0.76953125 1.4515380859375
-1.78125 1.0 1.1761474609375
-1.75 1.06640625 0.4749755859375
-1.75 0.6171875 1.5277099609375
-1.6875 -0.01171875 1.5277099609375
-1.6875 0.06640625 1.4515380859375
-1.71875 1.19140625 -0.6343994140625
-1.71875 0.48046875 1.4534912109375
-1.71875 1.17578125 -0.2857666015625
-1.75 0.8984375 1.4534912109375
-1.65625 -0.22265625 1.5277099609375
-1.6875 0.20703125 1.5277099609375
-1.6875 0.2734375 1.4534912109375
-1.71875 0.69140625 1.4534912109375
-1.75 1.02734375 1.5277099609375
-1.71875 0.81640625 1.5277099609375
-1.75 1.25 1.5277099609375
-1.71875 1.08984375 1.4534912109375
-1.53125 -0.625 1.5296630859375
-1.625 1.20703125 0.4105224609375
1.5625 -1.00390625 -0.9835205078125
1.5625 -0.9140625 -1.40032958984375
1.625 -1.146484375 -1.0355224609375
