BOX_TRUCK
-2.0 -1.0615234375 1.03753662109375
-2.0 -0.3505859375 0.14105224609375
-1.96875 -0.9892578125 0.72503662109375
-1.9375 -1.0224609375 -0.23492431640625
-1.90625 -1.0087890625 0.08538818359375
-1.90625 -0.8095703125 -0.23590087890625
-1.875 -1.2822265625 -0.17242431640625
-1.96875 -0.2333984375 0.72503662109375
-1.9375 -0.8447265625 1.03948974609375
-1.9375 -1.0439453125 1.35784912109375
-1.875 -1.1064453125 -0.48931884765625
-1.875 -1.2880859375 0.13714599609375
-1.9375 -0.8525390625 1.35980224609375
-1.875 -1.2646484375 0.45452880859375
-1.875 -1.0986328125 0.13812255859375
-1.9375 -0.4208984375 0.72503662109375
-1.96875 0.4423828125 -1.51092529296875
-1.90625 -1.2646484375 1.39886474609375
-1.90625 -0.7919921875 0.72503662109375
-1.84375 -1.3056640625 -0.48980712890625
-1.9375 -0.4638671875 1.03948974609375
-1.84375 -1.1025390625 -1.51239013671875
-1.90625 -1.0751953125 1.39886474609375
-1.96875 0.6220703125 -1.51043701171875
-1.90625 -0.5908203125 0.72503662109375
-1.875 -1.0830078125 0.77191162109375
-1.875 -1.2587890625 1.09027099609375
-1.90625 -0.6904296875 1.09222412109375
-1.90625 -0.6533203125 1.03948974609375
-1.90625 -0.8857421875 1.40081787109375
-1.90625 0.0634765625 -1.51214599609375
-1.875 -0.9033203125 0.77386474609375
-1.9375 0.2275390625 0.14300537109375
-1.875 -0.3193359375 -1.51251220703125
-1.8125 -1.2724609375 -1.51348876953125
-1.875 -1.0693359375 1.09027099609375
-1.90625 -0.4990234375 1.09417724609375
-1.90625 -0.6591796875 1.35980224609375
-1.90625 -0.6865234375 1.40081787109375
-1.875 -0.7119140625 0.77386474609375
-1.875 -0.8779296875 1.09222412109375
-1.9375 -0.1279296875 1.40472412109375
-1.90625 -0.5068359375 1.40277099609375
-1.90625 -0.3115234375 1.09417724609375
-1.90625 -0.4677734375 1.35980224609375
-1.90625 -0.2685546875 1.04144287109375
-1.875 -0.5224609375 0.77581787109375
-1.875 -0.1474609375 0.14105224609375
-1.9375 0.1064453125 1.36175537109375
-1.90625 -0.3154296875 1.40277099609375
-1.90625 -0.2763671875 1.36175537109375
-1.90625 -0.0771484375 1.04144287109375
-1.875 -0.3310546875 0.77581787109375
-1.875 0.2587890625 -1.51287841796875
-1.8125 -0.5068359375 -1.51361083984375
-1.90625 -0.0849609375 1.36175537109375
-1.90625 0.0712890625 1.09613037109375
-1.90625 0.1142578125 1.04144287109375
-1.875 -0.1435546875 0.77777099609375
-1.90625 0.0634765625 1.40472412109375
-1.9375 0.4736328125 1.36370849609375
-1.90625 0.2587890625 1.09808349609375
-1.8125 -1.2275390625 1.35980224609375
-1.875 -0.1201171875 1.09613037109375
-1.875 0.0478515625 0.77777099609375
-1.90625 0.3056640625 1.04144287109375
-1.84375 0.0439453125 0.14202880859375
-1.75 -1.1845703125 -0.23687744140625
-1.90625 0.2548828125 1.40667724609375
-1.875 0.3603515625 0.40667724609375
-1.90625 0.3017578125 1.36175537109375
-1.9375 0.6416015625 1.40863037109375
-1.90625 0.4501953125 1.09808349609375
-1.875 0.2392578125 0.77777099609375
-1.9375 0.6728515625 1.36370849609375
-1.90625 0.4970703125 1.04339599609375
-1.75 -0.8857421875 -1.51556396484375
-1.9375 1.1220703125 0.40765380859375
-1.90625 0.7353515625 0.72894287109375
-1.90625 0.4462890625 1.40863037109375
-1.84375 0.1806640625 0.40667724609375
-1.90625 0.6298828125 1.09808349609375
-1.875 0.4306640625 0.77972412109375
-1.9375 0.8330078125 1.40863037109375
-1.9375 0.8564453125 1.36370849609375
-1.90625 0.6806640625 1.04339599609375
-1.9375 1.3173828125 0.40863037109375
-1.90625 0.9267578125 0.72894287109375
-1.875 0.6181640625 0.77972412109375
-1.90625 0.8759765625 1.04339599609375
-1.90625 1.3447265625 -0.54888916015625
-1.90625 1.1181640625 0.72894287109375
-1.875 0.9931640625 0.14495849609375
-1.875 0.8017578125 0.78167724609375
-1.875 1.1650390625 -0.48394775390625
-1.90625 1.0673828125 1.04339599609375
-1.9375 1.2509765625 1.36566162109375
-1.90625 1.1884765625 0.78167724609375
-1.90625 1.0166015625 1.41058349609375
-1.90625 1.2080078125 1.41253662109375
-1.71875 -0.1123046875 -1.51800537109375
-1.625 -1.1103515625 -1.13165283203125
-1.84375 1.2080078125 1.10198974609375
0.53125 -0.9521484375 -0.85186767578125
0.5625 -1.1474609375 -0.85284423828125
1.28125 -0.7705078125 -1.2781982421875
1.4375 -1.1220703125 -1.20745849609375
1.6875 -1.0595703125 -0.94683837890625
