BOX_TRUCK
-1.953125 -1.0966796875 0.248779296875
-1.984375 -0.4208984375 0.283935546875
-1.890625 -1.3701171875 -0.9561767578125
-1.953125 -0.7470703125 1.184326171875
-1.953125 -0.2412109375 0.284912109375
-1.921875 -1.1318359375 1.182373046875
-1.890625 -1.2490234375 0.561279296875
-1.859375 -1.3505859375 -0.335205078125
-1.890625 -1.1337890625 0.592529296875
-1.890625 -1.0634765625 0.561279296875
-1.859375 -1.2236328125 -0.373779296875
-1.953125 -0.0576171875 0.284912109375
-1.859375 -1.1669921875 -0.334716796875
-1.921875 -0.5107421875 0.562255859375
-1.859375 -1.3427734375 0.281982421875
-1.890625 -0.9482421875 0.592529296875
-1.890625 -1.3017578125 1.211669921875
-1.890625 -0.8740234375 0.562255859375
-1.859375 -1.3291015625 0.591552734375
-1.890625 -0.7724609375 0.593505859375
-1.828125 -1.3466796875 -0.688232421875
-1.890625 -1.1181640625 1.213623046875
-1.890625 -0.8916015625 0.875732421875
-1.890625 -0.6962890625 0.562255859375
-1.859375 -1.3251953125 0.901123046875
-1.890625 -0.9326171875 1.184326171875
-1.890625 -0.9404296875 1.213623046875
-1.890625 -0.5869140625 0.593505859375
-1.890625 -0.6943359375 0.875732421875
-1.859375 -1.1396484375 0.903076171875
-1.953125 0.4033203125 0.248779296875
-1.890625 -0.4013671875 0.594482421875
-1.890625 -0.5068359375 0.875732421875
-1.921875 0.1337890625 0.284912109375
-1.859375 -0.9541015625 0.903076171875
-1.921875 -0.1787109375 1.184326171875
-1.890625 -0.1513671875 0.248779296875
-1.890625 -0.5654296875 1.184326171875
-1.890625 -0.5673828125 1.215576171875
-1.890625 -0.2138671875 0.594482421875
-1.859375 -0.7861328125 0.903076171875
-1.890625 -0.3271484375 0.875732421875
-1.828125 -1.4853515625 1.211669921875
-1.890625 0.0166015625 0.248779296875
-1.921875 0.0087890625 1.184326171875
-1.890625 -0.3779296875 1.184326171875
-1.890625 -0.3818359375 1.215576171875
-1.859375 -0.5986328125 0.903076171875
-1.859375 -0.7529296875 1.213623046875
-1.890625 -0.0185546875 0.595458984375
-1.890625 -0.1318359375 0.875732421875
-1.921875 0.1884765625 1.186279296875
-1.890625 0.2041015625 0.248779296875
-1.890625 -0.0419921875 0.905029296875
-1.890625 -0.1943359375 1.215576171875
-1.953125 1.0712890625 -0.6884765625
-1.859375 -0.4130859375 0.905029296875
-1.890625 0.1611328125 0.595458984375
-1.890625 0.0478515625 0.875732421875
-1.890625 -0.0107421875 1.217529296875
-1.921875 0.3759765625 1.186279296875
-1.859375 -0.2255859375 0.905029296875
-1.953125 0.7470703125 1.186279296875
-1.890625 0.2353515625 0.875732421875
-1.890625 0.3486328125 0.596435546875
-1.921875 0.6142578125 0.877685546875
-1.890625 -0.0224609375 1.524169921875
-1.890625 0.1767578125 1.217529296875
-1.890625 0.3330078125 0.906982421875
-1.890625 0.5322265625 0.596435546875
-1.890625 0.4267578125 0.877685546875
-1.953125 1.3486328125 -0.066650390625
-1.796875 -1.1201171875 1.498779296875
-1.859375 0.1455078125 0.906982421875
-1.890625 0.3642578125 1.219482421875
-1.890625 0.5205078125 0.906982421875
-1.796875 -0.9326171875 1.498779296875
-1.890625 0.7197265625 0.597412109375
-1.703125 -1.3544921875 -1.578125
-1.890625 0.8095703125 0.563232421875
-1.890625 0.5517578125 1.219482421875
-1.890625 0.5751953125 1.186279296875
-1.921875 0.9228515625 1.221435546875
-1.890625 0.8994140625 0.598388671875
-1.890625 0.8017578125 0.877685546875
-1.859375 0.1650390625 1.526123046875
-1.890625 0.7353515625 1.219482421875
-1.890625 0.9892578125 0.563232421875
-1.890625 1.2158203125 -0.375244140625
-1.859375 0.8994140625 -0.020751953125
-1.859375 0.3525390625 1.526123046875
-1.796875 -0.3662109375 1.500732421875
-1.890625 1.3369140625 0.248779296875
-1.703125 -1.3037109375 1.500732421875
-1.703125 -1.3056640625 1.522216796875
-1.828125 1.0478515625 -0.332275390625
-1.765625 -0.1748046875 1.502685546875
-1.703125 -0.9423828125 1.524169921875
-1.765625 -0.0068359375 1.502685546875
-1.796875 0.3876953125 1.502685546875
-1.703125 -0.7451171875 1.524169921875
-1.859375 1.1181640625 1.502685546875
-1.828125 0.9423828125 1.502685546875
-1.703125 -0.3740234375 1.526123046875
-1.828125 1.3759765625 0.879638671875
-1.578125 -1.1611328125 -1.582275390625
-1.640625 -1.1142578125 1.524169921875
-1.703125 -0.1943359375 1.528076171875
-1.765625 0.5595703125 1.528076171875
-1.671875 -0.5556640625 1.526123046875
-1.796875 1.1220703125 1.223388671875
-1.765625 0.7470703125 1.502685546875
-1.578125 -0.6181640625 -1.582763671875
-1.640625 -0.5537109375 1.502685546875
-1.734375 0.7509765625 1.530029296875
-1.671875 0.1884765625 1.504638671875
-1.703125 0.5634765625 1.504638671875
-1.734375 0.9384765625 1.531982421875
-1.546875 0.3212890625 -1.58447265625
-1.484375 -0.4248046875 -1.5859375
-1.515625 0.1376953125 -1.585693359375
-1.515625 0.5126953125 -1.58544921875
-1.453125 -0.0458984375 -1.587646484375
-1.390625 -0.2255859375 -1.58984375
0.578125 -0.9013671875 -1.06964111328125
1.546875 -0.9658203125 -1.430908203125
1.609375 -1.0341796875 -1.09832763671875
1.953125 1.4853515625 -1.449951171875
