BOX_TRUCK
-2.0 -1.1318359375 0.7684326171875
-2.0 -1.1298828125 1.0281982421875
-1.9375 -1.0595703125 -0.5460205078125
-2.0 -1.1044921875 1.2879638671875
-2.0 -0.4658203125 0.3670654296875
-1.90625 -0.9052734375 -0.5474853515625
-1.90625 -0.9404296875 -0.2803955078125
-1.875 -1.2607421875 -0.6685791015625
-1.90625 -1.0537109375 0.1082763671875
-1.875 -1.2236328125 -0.4088134765625
-1.875 -1.2373046875 -0.1505126953125
-1.90625 -1.0830078125 0.5018310546875
-1.9375 -0.9736328125 1.0301513671875
-1.875 -1.0830078125 -0.4088134765625
-2.0 0.1708984375 0.2430419921875
-1.875 -1.2158203125 0.1082763671875
-1.90625 -1.2119140625 0.8856201171875
-1.875 -1.0947265625 -0.0186767578125
-1.9375 -0.8173828125 1.0301513671875
-1.875 -1.2353515625 0.3680419921875
-1.875 -1.3525390625 0.6278076171875
-1.90625 -1.0556640625 0.8856201171875
-1.90625 -0.9677734375 0.7703857421875
-1.875 -1.0673828125 0.2410888671875
-1.9375 -0.6591796875 1.0301513671875
-1.875 -1.0771484375 0.3680419921875
-1.90625 -1.1357421875 1.1453857421875
-1.875 -1.1982421875 0.6278076171875
-1.875 -1.3662109375 0.8856201171875
-1.84375 -1.1025390625 -0.6690673828125
-1.90625 -0.9072265625 0.8856201171875
-1.90625 -0.8095703125 0.7703857421875
-1.90625 -1.2099609375 1.4051513671875
-1.90625 -0.9794921875 1.1453857421875
-1.875 -1.0576171875 0.6278076171875
-1.90625 -0.7509765625 0.8856201171875
-1.9375 -0.6240234375 1.2918701171875
-1.90625 -0.6513671875 0.7703857421875
-1.90625 -1.0537109375 1.4051513671875
-1.90625 -0.9482421875 1.2899169921875
-1.90625 -0.8232421875 1.1453857421875
-1.875 -0.9013671875 0.6278076171875
-1.84375 -1.2373046875 0.5018310546875
-1.9375 -0.4833984375 1.2918701171875
-1.90625 -0.5947265625 0.8856201171875
-1.90625 -0.5009765625 0.7703857421875
-1.875 -1.3486328125 1.4051513671875
-1.90625 -0.8837890625 1.4051513671875
-1.90625 -0.7900390625 1.2918701171875
-1.90625 -0.6845703125 1.1453857421875
-1.875 -0.7451171875 0.6278076171875
-1.90625 -0.9619140625 1.5516357421875
-1.9375 -0.1923828125 1.0321044921875
-1.90625 -0.4384765625 0.8856201171875
-1.9375 -0.3251953125 1.2918701171875
-1.90625 -0.3447265625 0.7703857421875
-1.90625 -0.4912109375 1.0321044921875
-1.90625 -0.7412109375 1.4051513671875
-1.90625 -0.5283203125 1.1453857421875
-1.875 -0.5810546875 0.6278076171875
-1.90625 -0.7958984375 1.5516357421875
-1.9375 -0.0322265625 1.0321044921875
-1.90625 -0.2822265625 0.8856201171875
-1.875 -1.1083984375 1.5516357421875
-1.90625 -0.3408203125 1.0321044921875
-1.90625 -0.5693359375 1.4071044921875
-1.875 -0.2939453125 0.2420654296875
-1.90625 -0.1767578125 0.7703857421875
-1.875 -0.4306640625 0.6278076171875
-1.90625 -0.6279296875 1.5535888671875
-1.875 -0.2978515625 0.3680419921875
-1.90625 -0.1181640625 0.8875732421875
-1.90625 -0.4306640625 1.4071044921875
-1.90625 -0.0283203125 0.7723388671875
-1.90625 0.0419921875 0.6278076171875
-1.90625 -0.2158203125 1.1473388671875
-1.875 -0.2783203125 0.6278076171875
-1.84375 -1.2646484375 1.5516357421875
-1.90625 -0.2744140625 1.4071044921875
-1.90625 0.0380859375 0.8875732421875
-1.90625 -0.1650390625 1.2938232421875
-1.875 0.0263671875 0.2430419921875
-1.90625 0.1318359375 0.7723388671875
-1.90625 0.1982421875 0.6278076171875
-1.90625 0.3466796875 0.2430419921875
-1.90625 -0.0595703125 1.1473388671875
-1.875 -0.1220703125 0.6278076171875
-1.90625 -0.3134765625 1.5535888671875
-1.875 0.0146484375 0.3680419921875
-1.875 -0.3681640625 1.1473388671875
-1.90625 -0.1103515625 1.4071044921875
-1.90625 0.1865234375 0.8875732421875
-1.90625 0.1240234375 1.0340576171875
-1.90625 -0.0048828125 1.2938232421875
-1.90625 -0.1689453125 1.5555419921875
-1.9375 0.3193359375 1.2957763671875
-1.90625 0.3544921875 0.6278076171875
-1.90625 0.2919921875 0.7723388671875
-1.875 -0.4755859375 1.5535888671875
-1.9375 0.6162109375 0.7723388671875
-1.84375 -0.1298828125 0.3680419921875
-1.90625 0.0380859375 1.4071044921875
-1.90625 0.3466796875 0.8875732421875
-1.90625 0.2880859375 1.0340576171875
-1.90625 -0.0126953125 1.5555419921875
-1.90625 0.1513671875 1.2938232421875
-1.90625 0.2568359375 1.1473388671875
-1.90625 0.4482421875 0.7723388671875
-1.96875 1.0771484375 0.7723388671875
-1.90625 0.1982421875 1.4090576171875
-1.90625 0.5029296875 0.8875732421875
-1.90625 0.4443359375 1.0340576171875
-1.90625 0.1552734375 1.5555419921875
-1.875 0.1005859375 1.1473388671875
-1.90625 0.4130859375 1.1473388671875
-1.9375 0.7607421875 1.0360107421875
-1.90625 0.6630859375 0.6278076171875
-1.84375 0.1787109375 0.3680419921875
-1.90625 0.3623046875 1.4090576171875
-1.90625 0.3037109375 1.5574951171875
-1.90625 0.6591796875 0.8875732421875
-1.90625 0.6005859375 1.0360107421875
-1.90625 0.4716796875 1.2957763671875
-1.875 0.4990234375 0.6278076171875
-1.9375 0.9169921875 1.0360107421875
-1.9375 1.1318359375 0.5057373046875
-1.90625 0.7685546875 0.7742919921875
-1.90625 0.5185546875 1.4090576171875
-1.90625 0.6279296875 1.2957763671875
-1.90625 0.7255859375 1.1473388671875
-1.9375 0.9443359375 1.2977294921875
-1.875 0.9482421875 -0.1534423828125
-1.90625 1.2646484375 -0.2813720703125
-1.90625 0.6669921875 1.4090576171875
-1.90625 0.6240234375 1.5594482421875
-1.875 0.5693359375 1.1473388671875
-1.90625 0.7880859375 1.2977294921875
-1.90625 0.8818359375 1.1473388671875
-1.875 0.9560546875 0.3670654296875
-1.875 1.1083984375 -0.1544189453125
-1.90625 0.8232421875 1.4090576171875
-1.875 0.4677734375 1.5574951171875
-1.90625 0.7841796875 1.5594482421875
-1.90625 1.0810546875 1.0360107421875
-1.90625 1.2880859375 0.5067138671875
-1.84375 1.1005859375 -0.6754150390625
-1.90625 0.9794921875 1.4090576171875
-1.875 0.9755859375 0.8875732421875
-1.90625 0.9404296875 1.5594482421875
-1.875 1.2958984375 0.2449951171875
-1.90625 1.1474609375 1.4090576171875
-1.875 1.0419921875 1.1492919921875
-1.84375 1.3193359375 -0.5489501953125
-1.90625 1.2607421875 1.5614013671875
-1.875 1.1123046875 1.5614013671875
-1.875 1.2685546875 1.2996826171875
-1.65625 -0.1142578125 0.2430419921875
-1.84375 1.4287109375 1.5653076171875
0.0 -0.9345703125 -0.9739990234375
0.0 1.4326171875 -1.4036712646484375
0.25 -0.9072265625 -1.1322021484375
0.46875 -1.0947265625 -1.25921630859375
0.5 -1.4111328125 -0.7110595703125
0.5 -0.9755859375 -0.8648681640625
1.28125 -1.0126953125 -1.0047607421875
1.4375 -1.1904296875 -1.28826904296875
1.5625 -0.9873046875 -1.171142578125
1.59375 -1.0751953125 -0.8907470703125
1.6875 -0.9052734375 -1.45721435546875
1.8125 -1.0693359375 -1.46075439453125
1.96875 -1.3974609375 -1.4664306640625
1.96875 -1.1318359375 -1.0208740234375
