BOX_TRUCK
-1.90625 -1.16015625 1.174407958984375
-1.90625 -0.87890625 0.920501708984375
-1.875 -0.83203125 0.152923583984375
-1.84375 -1.13671875 0.069915771484375
-1.875 -1.130859375 0.828704833984375
-1.8125 -1.3046875 -0.434967041015625
-1.8125 -1.30859375 -0.183013916015625
-1.84375 -1.12890625 0.408782958984375
-1.875 -1.029296875 0.920501708984375
-1.8125 -1.1015625 -0.615631103515625
-1.8125 -1.150390625 -0.360748291015625
-1.8125 -1.01953125 -0.688873291015625
-1.84375 -1.12890625 0.576751708984375
-1.84375 -1.177734375 0.664642333984375
-1.8125 -1.154296875 -0.183013916015625
-1.84375 -1.283203125 0.828704833984375
-1.84375 -0.982421875 0.408782958984375
-1.875 -0.71484375 0.664642333984375
-1.875 -1.00390625 1.176361083984375
-1.78125 -1.31640625 -0.688385009765625
-1.875 -1.123046875 1.336517333984375
-1.84375 -0.9765625 0.576751708984375
-1.84375 -1.0234375 0.664642333984375
-1.84375 -1.181640625 0.920501708984375
-1.875 -0.5625 0.664642333984375
-1.8125 -1.146484375 0.323822021484375
-1.84375 -1.21875 1.082611083984375
-1.78125 -1.171875 -0.688873291015625
-1.90625 -0.060546875 0.407806396484375
-1.875 -0.857421875 1.176361083984375
-1.84375 -0.82421875 0.576751708984375
-1.84375 -0.970703125 0.828704833984375
-1.875 -1.009765625 1.432220458984375
-1.875 -0.56640625 0.920501708984375
-1.84375 -1.06640625 1.082611083984375
-1.84375 -1.267578125 1.336517333984375
-1.875 -0.703125 1.176361083984375
-1.84375 -0.671875 0.576751708984375
-1.84375 -0.818359375 0.828704833984375
-1.875 -0.84765625 1.434173583984375
-1.84375 -0.9140625 1.082611083984375
-1.875 -0.419921875 0.920501708984375
-1.84375 -1.154296875 1.434173583984375
-1.875 -0.548828125 1.176361083984375
-1.84375 -0.673828125 0.828704833984375
-1.875 -0.708984375 1.434173583984375
-1.84375 -0.51953125 0.576751708984375
-1.84375 -0.720703125 0.920501708984375
-1.90625 0.240234375 0.407806396484375
-1.84375 -0.970703125 1.336517333984375
-1.84375 -0.75390625 1.082611083984375
-1.875 0.095703125 0.151947021484375
-1.875 -0.259765625 0.920501708984375
-1.84375 -0.212890625 0.151947021484375
-1.84375 -0.521484375 0.828704833984375
-1.875 -0.5546875 1.434173583984375
-1.84375 -0.373046875 0.576751708984375
-1.84375 -0.818359375 1.336517333984375
-1.875 0.087890625 0.408782958984375
-1.90625 0.392578125 0.407806396484375
-1.84375 -0.609375 1.082611083984375
-1.875 -0.111328125 0.920501708984375
-1.875 0.248046875 0.151947021484375
-1.875 -0.240234375 1.178314208984375
-1.84375 -0.369140625 0.828704833984375
-1.875 -0.400390625 1.434173583984375
-1.84375 -0.220703125 0.576751708984375
-1.84375 -0.666015625 1.336517333984375
-1.84375 -0.455078125 1.082611083984375
-1.8125 -0.384765625 0.322845458984375
-1.875 0.044921875 0.922454833984375
-1.84375 -0.216796875 0.828704833984375
-1.875 -0.248046875 1.434173583984375
-1.875 -0.076171875 1.178314208984375
-1.84375 -0.513671875 1.336517333984375
-1.84375 -0.060546875 0.576751708984375
-1.84375 -0.392578125 1.178314208984375
-1.84375 -0.302734375 1.082611083984375
-1.8125 -0.232421875 0.322845458984375
-1.875 0.197265625 0.922454833984375
-1.84375 -0.064453125 0.828704833984375
-1.875 0.068359375 1.178314208984375
-1.84375 -0.361328125 1.336517333984375
-1.875 -0.083984375 1.434173583984375
-1.84375 0.091796875 0.576751708984375
-1.8125 -0.044921875 0.151947021484375
-1.84375 -0.142578125 1.082611083984375
-1.8125 -0.080078125 0.322845458984375
-1.96875 1.119140625 0.920501708984375
-1.84375 0.083984375 0.828704833984375
-1.84375 -0.208984375 1.338470458984375
-1.875 0.353515625 0.922454833984375
-1.875 0.060546875 1.434173583984375
-1.90625 0.369140625 1.436126708984375
-1.875 0.224609375 1.178314208984375
-1.84375 0.248046875 0.576751708984375
-1.84375 -0.005859375 1.084564208984375
-1.8125 0.068359375 0.322845458984375
-1.84375 -0.056640625 1.338470458984375
-1.84375 0.236328125 0.830657958984375
-1.875 0.216796875 1.436126708984375
-1.875 0.509765625 0.922454833984375
-1.875 0.380859375 1.178314208984375
-1.84375 0.146484375 1.084564208984375
-1.84375 0.400390625 0.576751708984375
-1.9375 1.314453125 0.407806396484375
-1.84375 0.091796875 1.338470458984375
-1.84375 0.388671875 0.830657958984375
-1.875 0.666015625 0.922454833984375
-1.875 0.541015625 1.178314208984375
-1.84375 0.544921875 0.576751708984375
-1.84375 0.302734375 1.084564208984375
-1.90625 1.298828125 -0.105865478515625
-1.875 0.826171875 0.664642333984375
-1.84375 0.244140625 1.338470458984375
-1.75 -0.208984375 0.408782958984375
-1.84375 0.556640625 0.830657958984375
-1.875 0.533203125 1.436126708984375
-1.875 0.689453125 1.178314208984375
-1.84375 0.455078125 1.084564208984375
-1.875 0.818359375 0.922454833984375
-1.84375 0.697265625 0.578704833984375
-1.84375 0.662109375 0.666595458984375
-1.78125 0.224609375 0.322845458984375
-1.84375 0.978515625 -0.186920166015625
-1.875 0.978515625 0.666595458984375
-1.84375 0.396484375 1.338470458984375
-1.84375 0.697265625 0.830657958984375
-1.875 0.681640625 1.436126708984375
-1.84375 0.607421875 1.084564208984375
-1.875 0.845703125 1.180267333984375
-1.84375 1.205078125 -0.621002197265625
-1.84375 1.134765625 -0.186920166015625
-1.84375 0.548828125 1.338470458984375
-1.84375 1.158203125 -0.105865478515625
-1.875 0.837890625 1.436126708984375
-1.84375 0.759765625 1.084564208984375
-1.90625 1.142578125 1.436126708984375
-1.84375 1.314453125 -0.364654541015625
-1.8125 1.119140625 -0.695220947265625
-1.84375 0.705078125 1.340423583984375
-1.875 1.009765625 1.340423583984375
-1.84375 1.001953125 0.830657958984375
-1.84375 1.177734375 0.408782958984375
-1.875 0.994140625 1.438079833984375
-1.8125 0.986328125 0.322845458984375
-1.84375 0.857421875 1.340423583984375
-1.875 1.162109375 1.340423583984375
-1.84375 1.001953125 1.180267333984375
-1.84375 1.076171875 1.084564208984375
-1.8125 1.318359375 0.067962646484375
-1.875 1.298828125 1.438079833984375
-1.625 -1.33203125 1.598236083984375
-1.53125 -1.16015625 -1.204498291015625
-1.625 -1.181640625 1.596282958984375
-1.84375 1.314453125 1.180267333984375
-1.8125 1.291015625 0.666595458984375
-1.53125 -0.955078125 -1.137847900390625
-1.625 -1.02734375 1.598236083984375
-1.5625 -0.71484375 1.600189208984375
-1.53125 -0.8671875 1.602142333984375
-1.59375 -0.103515625 1.600189208984375
-1.59375 0.048828125 1.602142333984375
-1.5625 -0.263671875 1.602142333984375
-1.53125 -0.560546875 1.602142333984375
-1.53125 -0.416015625 1.602142333984375
-1.53125 0.208984375 1.604095458984375
-1.53125 0.365234375 1.604095458984375
-1.53125 0.509765625 1.604095458984375
-1.5 0.666015625 1.606048583984375
-0.375 1.431640625 -1.447235107421875
-0.25 1.283203125 -1.450042724609375
0.28125 -0.8984375 -0.920318603515625
0.375 -0.99609375 -0.991119384765625
0.5625 -0.951171875 -1.198150634765625
0.59375 -1.037109375 -0.927154541015625
0.8125 -1.431640625 0.342376708984375
1.46875 -1.099609375 -1.288360595703125
1.59375 -1.068359375 -1.017486572265625
1.6875 -1.294921875 -1.5072097778320312
1.78125 -1.125 -1.5100936889648438
1.78125 -0.95703125 -1.5106277465820312
1.8125 -1.11328125 -0.954986572265625
1.8125 -0.787109375 -1.5128173828125
