BOX_TRUCK
-1.8125 0.1923828125 1.43426513671875
0.8125 -1.1337890625 -1.11065673828125
0.71875 -1.4462890625 -0.58526611328125
-1.9375 -0.4169921875 0.19305419921875
-1.8125 1.0166015625 1.19012451171875
-1.8125 -0.6630859375 0.93035888671875
-1.75 -0.8857421875 -0.56719970703125
-1.84375 0.3994140625 1.43817138671875
-1.71875 -0.1513671875 0.18328857421875
-0.5625 -0.0185546875 -1.58160400390625
-1.15625 0.1494140625 -1.593017578125
-1.8125 -0.3896484375 1.43035888671875
-1.8125 0.1923828125 1.43426513671875
-1.78125 -0.8134765625 0.67840576171875
-1.8125 -0.3466796875 1.18231201171875
-1.8125 -0.5458984375 1.42840576171875
-1.8125 -0.3544921875 1.43621826171875
-1.3125 -0.3271484375 -1.5865478515625
-1.8125 -0.9326171875 1.18035888671875
1.59375 0.8916015625 -1.43988037109375
-1.78125 -1.2275390625 -0.32452392578125
-1.78125 0.3486328125 0.69403076171875
-1.75 -0.0068359375 0.43621826171875
-0.375 0.4541015625 -1.58880615234375
-1.84375 -0.3193359375 0.18231201171875
-1.78125 -0.2529296875 0.19403076171875
-1.78125 -0.7861328125 1.18035888671875
-1.8125 0.3447265625 0.94012451171875
-1.875 -0.0146484375 0.18328857421875
-1.84375 1.1650390625 1.44403076171875
-1.78125 -0.1044921875 0.19500732421875
-1.78125 -0.7861328125 1.18035888671875
-1.8125 0.5283203125 0.93426513671875
-1.8125 -0.1005859375 1.43231201171875
-0.4375 0.2939453125 -1.58612060546875
-0.75 -0.4970703125 -1.574859619140625
-1.84375 -0.9599609375 0.92840576171875
-1.78125 -1.0673828125 1.17840576171875
-1.8125 0.0556640625 1.43231201171875
-1.78125 0.9931640625 0.68426513671875
-1.78125 -0.7861328125 1.18035888671875
-1.1875 -1.2919921875 -1.55999755859375
-1.8125 0.7197265625 1.18817138671875
-1.8125 -0.9853515625 1.42449951171875
-1.8125 -0.4892578125 1.43426513671875
-1.78125 1.2275390625 -0.56524658203125
-1.78125 0.1923828125 0.69207763671875
-1.78125 0.5556640625 1.19012451171875
-1.78125 0.5009765625 0.69403076171875
-1.28125 -1.4404296875 -1.556549072265625
1.59375 -1.3623046875 0.20184326171875
-1.78125 0.4931640625 0.94012451171875
-1.78125 -1.1376953125 0.93035888671875
-1.78125 -0.3701171875 0.93035888671875
-1.78125 -0.6376953125 1.18035888671875
-1.78125 -0.3935546875 0.93426513671875
-1.78125 -1.2158203125 1.17645263671875
-1.78125 0.4931640625 0.94012451171875
-1.8125 0.5673828125 1.18817138671875
-1.78125 -0.6376953125 1.18035888671875
-1.78125 0.9384765625 0.44793701171875
-1.78125 -0.3896484375 0.68817138671875
-0.5625 -0.0185546875 -1.58160400390625
-1.78125 -1.1474609375 0.68426513671875
0.8125 -1.1337890625 -1.11065673828125
-1.8125 0.3447265625 0.94012451171875
-0.4375 0.2939453125 -1.58612060546875
-1.84375 0.8603515625 1.44207763671875
-1.28125 -1.4404296875 -1.556549072265625
-1.75 -0.1591796875 0.43524169921875
-1.8125 0.4931640625 1.43621826171875
-1.78125 -1.2275390625 -0.32452392578125
-1.8125 -0.1005859375 1.43231201171875
-1.78125 0.9580078125 1.44012451171875
-1.78125 0.6494140625 0.69403076171875
-1.8125 -0.9853515625 1.42449951171875
-1.84375 1.1650390625 1.44403076171875
-1.75 -1.1494140625 0.43719482421875
-1.78125 -0.9892578125 0.93035888671875
-1.84375 0.8603515625 1.44207763671875
-1.8125 -0.2412109375 1.43035888671875
-1.8125 -1.2900390625 1.42254638671875
-1.78125 1.0048828125 1.19207763671875
-1.9375 -0.4169921875 0.19305419921875
-1.8125 1.0166015625 1.19012451171875
-1.03125 0.6298828125 -1.59906005859375
-1.9375 -0.4169921875 0.19305419921875
-0.28125 0.7900390625 -1.5919189453125
-1.8125 0.8564453125 1.19207763671875
-1.8125 -0.6376953125 1.43426513671875
-1.8125 -1.0986328125 1.17840576171875
-1.78125 0.4931640625 0.94012451171875
0.8125 -1.1337890625 -1.11065673828125
-1.1875 -1.2919921875 -1.55999755859375
-1.8125 0.7197265625 1.18817138671875
-1.8125 -0.9853515625 1.42449951171875
-1.8125 -0.0458984375 1.43621826171875
-1.78125 -1.1474609375 0.68426513671875
-1.78125 -0.4873046875 1.18231201171875
-1.8125 0.3408203125 1.43621826171875
-0.28125 0.7900390625 -1.5919189453125
-1.8125 -0.9482421875 1.43231201171875
-1.8125 1.3056640625 1.44598388671875
-1.8125 -1.0986328125 1.17840576171875
-1.8125 -0.1865234375 1.18426513671875
-1.8125 -0.4814453125 1.18231201171875
0.8125 -1.1337890625 -1.11065673828125
1.71875 -1.0341796875 -1.4420166015625
-1.1875 -1.2919921875 -1.55999755859375
-1.78125 -0.2412109375 0.69012451171875
0.15625 -1.4443359375 1.48699951171875
-1.8125 -0.6318359375 1.18231201171875
-1.84375 0.8369140625 0.93621826171875
-1.78125 0.1923828125 0.69207763671875
-1.8125 -0.9326171875 1.18035888671875
-1.78125 -1.0849609375 -0.07159423828125
-1.875 0.3330078125 0.19598388671875
0.75 -1.4326171875 -0.06280517578125
0.8125 -1.1337890625 -1.11065673828125
-1.8125 0.3447265625 0.94012451171875
-1.78125 0.2587890625 1.18621826171875
-1.875 0.3330078125 0.19598388671875
-1.8125 -0.6943359375 1.42840576171875
-1.78125 0.0439453125 0.93817138671875
-1.78125 0.0439453125 0.19500732421875
-1.78125 0.6494140625 0.69403076171875
-1.8125 0.2587890625 1.18621826171875
-1.875 -0.0146484375 0.18328857421875
-1.75 -1.2568359375 0.67645263671875
-1.78125 -1.0029296875 -0.30303955078125
-1.8125 0.4931640625 1.43621826171875
-1.78125 -0.3935546875 0.93426513671875
1.71875 -1.0341796875 -1.4420166015625
-2.0 -0.2919921875 -0.05303955078125
-1.8125 -0.0458984375 1.43621826171875
0.625 -1.2783203125 -0.84405517578125
-1.8125 0.6572265625 1.43817138671875
-1.78125 -0.2412109375 0.69012451171875
-0.375 0.4541015625 -1.58880615234375
-1.84375 0.5595703125 1.44012451171875
0.71875 -1.4462890625 -0.58526611328125
-1.78125 -1.2158203125 1.17645263671875
-1.84375 -0.9599609375 0.92840576171875
0.71875 -0.9521484375 -0.87384033203125
-1.8125 0.2509765625 1.43817138671875
-1.8125 -0.7978515625 1.43231201171875
1.6875 -0.8740234375 -1.441650390625
-1.75 -1.2568359375 -1.568756103515625
-1.75 -1.3056640625 0.43621826171875
-1.1875 -1.2919921875 -1.55999755859375
-1.8125 -0.6630859375 0.93035888671875
-1.75 -1.2568359375 0.67645263671875
-1.78125 0.6494140625 0.69403076171875
-1.84375 0.8603515625 1.44207763671875
-1.84375 0.8603515625 1.44207763671875
-1.8125 0.3447265625 0.94012451171875
-1.8125 -0.4892578125 1.43426513671875
-1.8125 0.3798828125 0.93426513671875
-1.8125 -0.7978515625 1.18035888671875
0.71875 -0.9521484375 -0.87384033203125
-1.78125 -0.9345703125 1.17840576171875
-1.8125 0.2353515625 0.68035888671875
-1.8125 0.1923828125 1.43426513671875
1.90625 -1.2138671875 -1.13800048828125
-1.78125 -0.2412109375 0.69012451171875
-1.78125 -0.8349609375 0.68621826171875
-1.8125 0.2353515625 0.68035888671875
-1.78125 0.2587890625 1.18621826171875
-1.8125 0.4931640625 1.43621826171875
-1.78125 0.1103515625 1.18621826171875
-1.8125 1.1064453125 1.44207763671875
-1.78125 1.3212890625 -0.06768798828125
-1.8125 -1.2333984375 1.17840576171875
-1.8125 -0.9482421875 1.43231201171875
-1.75 -1.1669921875 -0.30401611328125
-0.5625 -0.0185546875 -1.58160400390625
-1.78125 1.2470703125 0.94598388671875
-1.8125 -0.7978515625 1.18035888671875
-1.59375 -0.9501953125 -1.57464599609375
-1.78125 -0.3935546875 0.93426513671875
-1.84375 1.0009765625 1.44207763671875
1.90625 -1.2138671875 -1.13800048828125
-1.6875 -1.1025390625 -1.57073974609375
-1.78125 1.0048828125 1.19207763671875
-1.78125 0.0869140625 0.68035888671875
-1.8125 0.7197265625 1.18817138671875
-1.8125 0.7197265625 1.18817138671875
-1.75 -1.3251953125 -0.55157470703125
-1.78125 -0.1044921875 0.93621826171875
-1.78125 -1.2861328125 0.93035888671875
-1.78125 1.0595703125 -1.5376434326171875
-1.78125 0.3486328125 0.69403076171875
-1.78125 -1.0673828125 1.17840576171875
-1.75 -1.1494140625 0.43719482421875
-1.09375 0.3095703125 -1.59564208984375
-1.90625 -0.9130859375 0.18035888671875
-1.78125 -0.7861328125 1.18035888671875
-1.78125 0.0830078125 0.93231201171875
-1.78125 -0.9345703125 1.17840576171875
0.6875 -1.0966796875 -0.87335205078125
