BOX_TRUCK
-1.78125 0.25 0.869140625
-1.78125 -0.0234375 1.57421875
-1.75 -1.337890625 -0.3056640625
-1.78125 0.25 0.869140625
-1.78125 0.6796875 1.10546875
0.78125 -0.23046875 -1.577880859375
-1.75 -1.345703125 -0.775390625
0.875 -1.32421875 1.404296875
-1.78125 -0.2421875 1.337890625
-1.8125 -0.453125 1.103515625
-1.78125 -0.734375 0.8671875
-1.65625 0.1328125 1.640625
-1.78125 0.3984375 0.869140625
-1.8125 0.2421875 0.919921875
0.34375 -1.318359375 -1.55322265625
-1.78125 -1.181640625 -0.0703125
-1.875 -0.873046875 -0.03125
-1.78125 -1.298828125 1.1015625
-1.8125 -0.9921875 0.4453125
-1.78125 -0.02734375 1.103515625
0.4375 -1.009765625 -1.558837890625
-1.78125 0.125 0.869140625
-1.71875 1.140625 1.64453125
-1.8125 -0.875 1.39453125
-1.8125 0.16796875 1.33984375
-1.78125 0.54296875 1.10546875
1.84375 -1.3515625 -0.61474609375
-1.8125 1.109375 1.162109375
-1.65625 -0.296875 1.640625
-1.71875 -0.583984375 1.63671875
-1.78125 -1.05078125 -0.3056640625
-1.84375 1.09765625 0.921875
1.875 -0.912109375 -1.384765625
0.78125 -1.42578125 0.1552734375
-1.8125 -0.01953125 1.3984375
1.09375 1.03515625 -1.598876953125
-1.8125 -0.75390625 1.158203125
-1.71875 -0.15234375 1.638671875
-1.75 0.41015625 1.576171875
-1.6875 0.99609375 1.64453125
-1.78125 0.125 1.3984375
-1.8125 -0.892578125 0.919921875
-1.8125 1.28125 1.40234375
-1.59375 1.42578125 -1.479248046875
-1.8125 -0.568359375 0.68359375
-1.75 0.55078125 1.578125
0.875 -1.32421875 1.404296875
-1.8125 -0.423828125 0.68359375
-1.8125 -0.4609375 0.919921875
-1.75 -1.302734375 0.3984375
-1.8125 -0.015625 0.20703125
-1.8125 -0.3359375 0.1630859375
-1.78125 1.11328125 1.578125
-1.78125 -0.1171875 1.337890625
1.5 -1.3671875 -0.1005859375
-1.8125 0.140625 0.68359375
-1.8125 0.8125 0.921875
-1.78125 0.95703125 0.6337890625
-1.8125 -0.46875 1.158203125
-1.71875 0.26953125 1.640625
-1.78125 0.67578125 0.869140625
1.5 -1.3671875 -0.1005859375
-1.65625 -0.72265625 1.638671875
-1.78125 -1.158203125 0.8671875
1.09375 1.03515625 -1.598876953125
-1.8125 0.41015625 1.3984375
-1.78125 0.453125 1.33984375
-1.78125 0.6875 1.578125
-1.8125 -1.017578125 1.1015625
-1.78125 -1.31640625 0.6328125
-1.78125 0.25 0.869140625
-1.78125 -0.02734375 1.103515625
-1.78125 0.25 0.869140625
-1.78125 1.2421875 0.3984375
-1.75 -1.19140625 -0.3056640625
-1.75 0.26953125 1.576171875
-1.78125 -1.05078125 -0.3056640625
-1.71875 -1.015625 1.63671875
-1.8125 0.140625 0.68359375
-1.8125 -0.3359375 0.1630859375
-1.8125 -0.876953125 1.1015625
-1.78125 0.125 0.2060546875
-1.78125 1.16796875 1.341796875
-1.78125 -0.869140625 0.8671875
-1.78125 0.97265625 0.87109375
-1.8125 0.5234375 1.16015625
-1.75 -1.208984375 -0.50537109375
-1.8125 -0.3359375 0.1630859375
-1.71875 1.234375 0.162109375
-1.78125 0.66015625 0.6337890625
-1.78125 0.703125 1.400390625
-1.78125 -0.30859375 0.869140625
-1.71875 0.703125 1.640625
-1.78125 0.59765625 1.33984375
-1.78125 0.4140625 0.2060546875
-1.75 -1.302734375 0.3984375
-1.8125 -0.5859375 1.396484375
-1.8125 -0.73046875 1.396484375
-1.8125 1.109375 1.162109375
-1.75 0.41015625 1.576171875
-1.8125 -0.15625 1.396484375
-1.75 0.1171875 1.576171875
-1.8125 0.38671875 1.16015625
-1.8125 0.66796875 0.921875
-1.78125 1.3046875 0.4453125
-1.78125 0.125 0.2060546875
-1.875 -1.044921875 1.15625
-1.6875 -1.419921875 1.57421875
-1.8125 -1.015625 1.39453125
-1.8125 1.109375 1.162109375
-1.78125 -1.01171875 0.8671875
0.78125 -0.23046875 -1.577880859375
-1.78125 0.66015625 0.6337890625
-1.8125 0.9609375 0.921875
-1.78125 -1.146484375 1.5703125
-1.78125 -0.884765625 0.6328125
-1.65625 -0.296875 1.640625
-1.78125 0.54296875 0.869140625
-1.6875 0.41796875 1.640625
-1.8125 0.140625 0.68359375
-1.8125 -0.1796875 1.158203125
-1.8125 0.8125 0.921875
-1.8125 -0.892578125 0.919921875
-1.6875 0.99609375 1.64453125
-1.6875 0.41796875 1.640625
0.3125 -0.90234375 -1.054931640625
-1.8125 0.2421875 1.16015625
-1.8125 -1.140625 0.6826171875
-1.65625 -0.296875 1.640625
-1.78125 0.703125 1.400390625
-1.8125 -0.01953125 1.3984375
-1.75 -1.337890625 -0.3056640625
-1.71875 1.234375 0.162109375
-1.78125 -0.390625 1.337890625
-1.78125 -0.15234375 1.57421875
-1.8125 -0.73046875 1.396484375
1.59375 -1.095703125 -1.3731689453125
-1.6875 -0.869140625 1.63671875
0.875 -1.32421875 1.404296875
-1.71875 1.28515625 1.64453125
-1.78125 -0.869140625 0.8671875
-1.8125 -0.015625 0.20703125
-1.75 -1.025390625 0.6328125
-1.78125 0.6796875 1.10546875
-1.78125 -0.02734375 1.103515625
1.09375 0.87890625 -1.59716796875
-1.8125 0.98828125 1.400390625
-1.8125 -0.32421875 1.158203125
-1.78125 -0.734375 0.8671875
-1.8125 -0.876953125 1.1015625
-1.8125 -0.876953125 1.1015625
-1.78125 -1.1640625 0.3984375
-1.8125 0.67578125 1.16015625
1.53125 -0.95703125 -1.0963134765625
-1.78125 -1.1328125 -0.744140625
-1.78125 0.09375 0.1630859375
-1.71875 0.703125 1.640625
-1.78125 0.125 0.2060546875
-1.78125 -0.30859375 1.103515625
-1.8125 -0.32421875 1.158203125
-1.8125 0.2421875 1.16015625
1.8125 -0.75 -1.362548828125
-1.78125 -1.05078125 -0.3056640625
1.59375 -1.095703125 -1.3731689453125
-1.78125 -0.525390625 1.337890625
-1.71875 -0.583984375 1.63671875
-1.78125 0.5546875 1.640625
-1.78125 -1.00390625 1.572265625
-1.75 -0.1875 0.1630859375
-1.71875 1.140625 1.64453125
-1.78125 -0.0234375 1.57421875
-1.71875 1.140625 1.64453125
-1.8125 -0.9921875 0.4453125
-1.59375 0.8671875 1.646484375
-1.78125 0.4140625 0.2060546875
-1.8125 -1.140625 0.6826171875
-1.78125 1.0234375 1.341796875
-1.8125 -0.5859375 1.396484375
-1.78125 -0.443359375 0.869140625
-1.90625 -0.859375 0.4453125
-1.78125 1.32421875 -0.27099609375
-1.78125 -0.30859375 0.869140625
-1.78125 0.8828125 1.341796875
-1.78125 -1.11328125 -0.26708984375
-1.8125 0.2421875 1.16015625
-1.78125 0.96484375 1.10546875
-1.65625 -0.72265625 1.638671875
1.5 -1.3671875 -0.1005859375
-1.6875 -1.419921875 1.57421875
0.84375 -0.0625 -1.5810546875
-1.8125 -1.017578125 1.1015625
1.53125 -0.95703125 -1.0963134765625
-1.65625 -0.72265625 1.638671875
-1.84375 0.265625 0.20703125
-1.71875 1.28515625 1.64453125
-1.78125 0.67578125 0.869140625
-1.875 1.125 1.400390625
-1.75 -1.025390625 0.6328125
-1.78125 -0.443359375 0.869140625
-1.71875 -1.05859375 -0.77734375
