BOX_TRUCK
1.3125 -1.2470703125 1.352783203125
-1.75 -0.2529296875 1.499267578125
-1.75 -0.6416015625 1.497314453125
-1.84375 -1.0361328125 0.530517578125
-1.625 0.9462890625 1.635986328125
-1.71875 -0.9150390625 0.202392578125
-1.75 -1.0244140625 1.067626953125
-1.75 0.8564453125 1.286376953125
-1.75 -0.9404296875 1.188720703125
-1.6875 -0.9189453125 1.628173828125
-1.78125 0.5048828125 0.969970703125
1.09375 -1.3759765625 -0.742919921875
-1.75 0.9345703125 1.411376953125
-1.71875 -0.1435546875 0.201416015625
-1.75 -0.6708984375 0.969970703125
-1.84375 1.1650390625 0.969970703125
-1.84375 -0.9091796875 -0.562255859375
-1.71875 -1.0517578125 0.633056640625
-1.75 -0.1474609375 1.188720703125
-1.75 0.2470703125 0.201416015625
-1.8125 1.2080078125 0.749267578125
-1.75 -0.9404296875 1.188720703125
0.3125 -0.8994140625 -1.1795654296875
-1.78125 -0.7666015625 0.530517578125
-1.75 0.0009765625 1.409423828125
-1.78125 0.5322265625 0.309814453125
-1.75 -0.5517578125 1.188720703125
-1.75 -0.1435546875 0.969970703125
-1.71875 -0.9150390625 0.202392578125
-1.75 -0.9306640625 0.969970703125
-1.75 -1.0458984375 0.202392578125
-1.71875 -1.1962890625 -0.231689453125
-1.75 0.9345703125 1.411376953125
-1.75 -0.5029296875 1.067626953125
-1.71875 -1.2060546875 -0.662109375
-1.75 0.1533203125 1.501220703125
-0.59375 -1.3193359375 1.530517578125
0.59375 -0.7490234375 -0.8668212890625
-1.71875 -0.7861328125 0.633056640625
-1.75 -0.1162109375 0.848876953125
-1.75 -0.6552734375 1.407470703125
-1.78125 -0.9052734375 0.749267578125
-1.75 -0.9072265625 0.848876953125
-1.75 0.0673828125 1.284423828125
-1.71875 -1.1044921875 1.282470703125
-1.75 1.3251953125 1.071533203125
-1.59375 0.2861328125 1.634033203125
-1.75 0.7275390625 1.286376953125
-1.75 -0.9384765625 -0.66259765625
-1.75 0.1337890625 0.848876953125
-1.75 0.1376953125 1.067626953125
-1.65625 0.4150390625 1.632080078125
-1.75 0.5322265625 1.069580078125
-1.71875 -0.9150390625 0.202392578125
-1.75 0.0048828125 0.310791015625
-1.78125 0.4189453125 0.749267578125
-1.84375 -1.0361328125 0.530517578125
-1.78125 1.0791015625 0.749267578125
-1.65625 -0.7822265625 1.628173828125
-1.625 -0.1162109375 1.632080078125
-1.75 -0.2529296875 1.067626953125
-1.75 0.8017578125 1.503173828125
-1.75 0.9189453125 1.190673828125
-1.75 0.1376953125 1.067626953125
-1.71875 -0.2529296875 0.848876953125
-1.78125 -0.9052734375 0.749267578125
1.96875 -1.2919921875 -0.057373046875
-1.78125 0.9462890625 0.749267578125
-1.75 1.0595703125 0.849853515625
-1.75 0.7275390625 1.286376953125
-1.75 0.0048828125 0.310791015625
-1.71875 0.4150390625 1.501220703125
-1.6875 -0.3857421875 1.630126953125
-1.75 -0.2412109375 0.749267578125
-1.78125 1.3447265625 0.529541015625
-0.4375 -1.1904296875 -0.602294921875
-1.71875 -0.9697265625 1.282470703125
-1.8125 1.2080078125 0.749267578125
-1.75 -0.6708984375 0.969970703125
-1.75 0.4541015625 1.284423828125
-1.75 0.1337890625 0.848876953125
-1.59375 -1.1748046875 1.630126953125
-1.78125 0.3720703125 0.201416015625
-1.78125 1.3447265625 0.529541015625
-1.75 0.5244140625 0.633056640625
-1.75 -1.0361328125 0.847900390625
-1.75 -0.2763671875 0.969970703125
-1.75 0.4072265625 1.409423828125
-1.71875 -0.9150390625 0.202392578125
-1.75 -0.6416015625 1.497314453125
-1.75 -0.5400390625 0.969970703125
1.6875 -0.9443359375 -0.9034423828125
-1.75 -0.5029296875 1.499267578125
-1.75 0.3251953125 1.284423828125
-1.75 -0.5087890625 0.848876953125
-1.75 -1.1728515625 0.418212890625
1.71875 -0.6337890625 -1.625732421875
-1.875 1.3173828125 0.089111328125
-1.78125 1.1728515625 1.190673828125
1.0625 -1.1923828125 -0.6455078125
-1.96875 0.2197265625 -0.016357421875
-0.53125 -1.2587890625 1.309814453125
-1.6875 -0.3857421875 1.630126953125
-1.75 -0.3896484375 1.407470703125
1.0625 -1.1923828125 -0.6455078125
-1.75 -0.4560546875 1.282470703125
-1.78125 0.4189453125 0.749267578125
-1.625 -0.2490234375 1.632080078125
-1.6875 -0.9189453125 1.628173828125
-0.59375 -1.3193359375 1.530517578125
-1.75 0.5869140625 1.284423828125
1.875 -1.1435546875 0.051025390625
-1.71875 -1.0595703125 -0.446533203125
-1.75 0.8017578125 1.503173828125
-1.75 -0.3310546875 1.282470703125
-1.75 0.0126953125 0.848876953125
-1.9375 0.0830078125 -0.015380859375
-1.78125 -0.7666015625 0.530517578125
-1.75 1.2783203125 -0.353759765625
-1.6875 -1.0712890625 -0.231689453125
-1.78125 -0.9052734375 0.749267578125
-1.625 1.0791015625 1.635986328125
-1.71875 0.2626953125 0.633056640625
-1.75 1.0439453125 1.190673828125
-1.75 -0.2802734375 1.188720703125
-1.71875 0.8017578125 1.632080078125
-1.46875 -0.9267578125 -1.01507568359375
-1.71875 -1.0302734375 1.497314453125
-1.75 1.0673828125 1.411376953125
-1.75 0.5166015625 1.190673828125
-1.75 -0.7705078125 0.847900390625
-1.71875 0.4150390625 1.501220703125
-1.75 0.3994140625 1.069580078125
-1.75 -0.1943359375 1.282470703125
-1.75 0.9228515625 0.849853515625
-1.71875 -1.0595703125 -0.446533203125
1.0625 -1.1923828125 -0.6455078125
-1.75 0.6455078125 1.190673828125
-1.84375 -0.9091796875 -0.562255859375
1.96875 -1.2919921875 -0.057373046875
-1.71875 1.1923828125 1.505126953125
-1.84375 -1.0361328125 0.530517578125
-1.78125 0.7939453125 1.069580078125
-1.75 1.2392578125 -0.133056640625
-1.71875 -0.2724609375 0.201416015625
-1.75 0.8017578125 1.411376953125
-1.71875 -1.1435546875 -0.126708984375
-1.75 0.2705078125 1.069580078125
-1.84375 -0.9169921875 0.093017578125
-1.9375 0.0830078125 -0.015380859375
-1.71875 -0.5224609375 0.633056640625
-1.75 -0.2763671875 0.969970703125
-1.75 0.9892578125 1.286376953125
1.6875 -0.9443359375 -0.9034423828125
-1.75 -0.1943359375 1.282470703125
-1.625 0.5439453125 1.634033203125
-1.75 -0.7705078125 0.847900390625
-1.71875 0.6416015625 0.633056640625
-1.75 -0.7724609375 0.749267578125
-1.78125 0.2705078125 0.310791015625
-1.65625 0.6728515625 1.632080078125
-1.9375 0.0830078125 -0.015380859375
-1.75 -1.0244140625 1.067626953125
-1.75 1.0439453125 1.190673828125
-1.75 -0.1474609375 1.188720703125
-1.75 -0.2412109375 0.749267578125
0.90625 -1.3603515625 0.648681640625
-1.71875 -1.2060546875 -0.662109375
1.09375 -1.3759765625 -0.742919921875
-1.75 -0.2568359375 1.407470703125
-1.75 0.5244140625 0.633056640625
-1.75 0.0166015625 0.749267578125
-1.6875 -0.3857421875 1.630126953125
-1.75 0.3251953125 1.284423828125
-0.125 -1.1669921875 0.074462890625
-1.75 -0.3740234375 0.749267578125
-1.71875 -1.1943359375 -0.446533203125
-1.78125 0.3720703125 0.201416015625
-1.75 -0.8095703125 1.188720703125
-1.75 -1.0244140625 1.067626953125
-1.8125 1.1884765625 1.409423828125
-1.71875 -1.0517578125 0.633056640625
-1.71875 -0.7861328125 0.633056640625
-1.75 0.7275390625 1.286376953125
-1.71875 -1.1943359375 -0.446533203125
-1.71875 -0.1240234375 1.499267578125
-1.75 -0.4052734375 0.969970703125
-1.75 0.2900390625 0.749267578125
1.0625 -1.1923828125 -0.6455078125
1.75 -0.9208984375 -1.624755859375
-2.0 -0.1669921875 -0.014404296875
-1.75 0.0009765625 1.409423828125
-1.75 1.2783203125 -0.353759765625
-1.75 1.0439453125 1.190673828125
-1.75 0.9189453125 1.190673828125
-1.71875 -1.1943359375 -0.446533203125
-1.75 -0.3740234375 1.499267578125
1.46875 -0.7958984375 -1.133636474609375
-1.75 -0.0146484375 0.201416015625
-1.75 -0.3740234375 0.749267578125
