BOX_TRUCK
-1.90625 -1.2138671875 1.2408447265625
-1.875 -0.0244140625 1.0455322265625
-1.875 0.2138671875 0.8560791015625
-1.875 0.4365234375 0.6636962890625
1.03125 -1.3583984375 1.5279541015625
-1.875 -1.0791015625 0.0718994140625
-1.90625 -0.5244140625 0.8502197265625
-1.90625 -0.8779296875 1.0455322265625
-1.875 0.7880859375 0.6636962890625
0.125 -1.2802734375 1.0845947265625
-0.59375 -1.2275390625 -1.5572509765625
1.53125 -1.0224609375 -1.4598388671875
-1.9375 0.5458984375 1.4420166015625
-1.5625 -0.3837890625 1.6373291015625
-1.875 -1.1259765625 1.2349853515625
-1.875 0.7255859375 1.2408447265625
-1.875 1.2685546875 1.2486572265625
-1.90625 -0.7470703125 1.2427978515625
-1.90625 -0.3564453125 1.4302978515625
-1.875 -1.0791015625 0.0885009765625
-1.875 -0.1962890625 1.2369384765625
-1.875 -0.6455078125 1.0474853515625
1.21875 -1.2939453125 1.3228759765625
-1.53125 -1.0791015625 1.6353759765625
-1.84375 -1.3154296875 -0.1038818359375
-1.875 0.4912109375 1.2408447265625
-1.90625 0.4208984375 0.8521728515625
-1.84375 -1.1923828125 -0.2962646484375
-1.90625 -0.8779296875 1.0455322265625
0.3125 -1.2333984375 1.5045166015625
1.03125 -1.3583984375 1.5279541015625
-1.875 -0.7138671875 0.8560791015625
-1.875 -1.0634765625 0.4693603515625
-1.90625 -0.4736328125 1.4302978515625
-1.90625 0.2021484375 0.2662353515625
-1.90625 1.0263671875 1.4361572265625
-1.90625 0.7919921875 1.2467041015625
-1.875 -0.4111328125 1.0474853515625
-1.53125 -1.0791015625 1.6353759765625
-1.90625 -0.5244140625 0.8502197265625
-1.875 -0.1962890625 1.2369384765625
1.59375 -0.8857421875 -1.4638671875
-1.90625 -0.3876953125 1.2427978515625
-1.9375 0.5458984375 1.4420166015625
-1.625 -1.2958984375 0.0699462890625
-0.15625 0.9130859375 -1.5987548828125
1.71875 -1.3466796875 -1.6326904296875
-1.875 0.2607421875 1.2388916015625
-1.875 -0.7138671875 0.8560791015625
-1.90625 0.4365234375 0.2662353515625
-1.875 -0.8310546875 1.4283447265625
-1.875 -0.6455078125 1.0474853515625
1.90625 -1.2275390625 1.1197509765625
-1.90625 0.2021484375 0.2662353515625
-1.90625 0.7763671875 1.0494384765625
-1.90625 0.8037109375 1.4361572265625
1.75 -0.8388671875 -1.6370849609375
-1.90625 -0.7529296875 1.0455322265625
-1.90625 -0.3681640625 1.0435791015625
-1.875 -1.3291015625 -0.4891357421875
-1.9375 0.1943359375 1.4400634765625
-1.90625 -0.1728515625 1.0474853515625
-1.875 0.0888671875 0.2672119140625
0.03125 -0.8935546875 -0.9368896484375
-1.84375 1.3115234375 -0.1263427734375
-1.96875 1.1123046875 1.0474853515625
-1.875 0.0263671875 1.2388916015625
-1.90625 0.9169921875 0.6597900390625
-1.875 -1.1767578125 1.0435791015625
1.84375 -1.2138671875 0.2545166015625
-1.90625 -1.0634765625 1.0435791015625
-1.90625 0.9130859375 1.4361572265625
-1.90625 -0.2744140625 1.2427978515625
1.75 -1.3037109375 0.4898681640625
-0.5625 -1.4365234375 -0.5194091796875
-1.875 -1.0966796875 0.2681884765625
-0.53125 -0.8564453125 -1.5628662109375
-1.875 -0.7158203125 1.4302978515625
1.3125 -1.3076171875 -0.3802490234375
-1.875 -1.1904296875 0.6617431640625
-1.90625 0.9052734375 0.8580322265625
-1.84375 -1.1923828125 -0.2962646484375
-0.71875 -1.2880859375 -0.1351318359375
0.25 -0.9033203125 -0.9783935546875
-1.875 0.7880859375 0.6636962890625
-1.90625 0.2021484375 0.2662353515625
0.125 -1.2802734375 1.0845947265625
-0.3125 -0.2236328125 -1.5799560546875
-1.875 -1.0791015625 0.0718994140625
-1.90625 -0.1728515625 1.0474853515625
1.59375 -0.8857421875 -1.4638671875
-1.875 -1.1748046875 0.8541259765625
1.96875 -0.9775390625 -1.0447998046875
-1.90625 0.9130859375 1.2467041015625
-1.875 -0.0361328125 0.2672119140625
-1.90625 0.1435546875 1.2388916015625
1.6875 -1.1064453125 -1.6334228515625
-1.84375 1.3115234375 -0.1263427734375
-1.9375 -0.2822265625 1.4381103515625
-1.875 0.2138671875 0.8560791015625
0.125 -1.2802734375 1.0845947265625
-1.875 -1.0791015625 0.0718994140625
1.84375 -1.2138671875 0.2545166015625
-1.96875 -0.8662109375 0.2681884765625
-1.84375 -1.3154296875 -0.1038818359375
-1.90625 0.8974609375 0.8521728515625
-1.90625 0.1435546875 1.2388916015625
0.3125 -1.2333984375 1.5045166015625
-1.90625 -0.6318359375 0.8502197265625
-0.46875 -1.3388671875 1.2760009765625
-1.5625 -0.7294921875 1.6353759765625
-1.875 -1.2919921875 1.0416259765625
-1.90625 -0.6318359375 0.8502197265625
-1.9375 1.2451171875 0.8521728515625
0.0 -0.8037109375 -0.9698486328125
1.0 -1.2685546875 -0.5872802734375
-1.90625 -0.0087890625 1.4322509765625
1.84375 -1.2138671875 0.2545166015625
-1.90625 0.0810546875 1.2427978515625
-1.875 -1.2919921875 0.8541259765625
-1.875 0.3271484375 1.0455322265625
-1.8125 1.1318359375 -0.1097412109375
-1.875 -0.4892578125 0.6627197265625
-1.875 -1.0791015625 0.0718994140625
-1.875 -0.4892578125 0.8560791015625
-1.84375 -0.2626953125 0.2769775390625
-1.90625 -0.7470703125 1.2427978515625
-1.875 -1.1767578125 1.0435791015625
-1.90625 -0.2900390625 0.8502197265625
1.4375 -1.2490234375 1.3248291015625
-1.90625 -0.0361328125 1.2427978515625
-1.90625 0.3349609375 1.4342041015625
-1.90625 -0.5908203125 1.4302978515625
1.71875 -1.2177734375 -1.6346435546875
-1.84375 -0.2626953125 0.2769775390625
-1.90625 1.1552734375 1.4361572265625
-1.9375 -0.2822265625 1.4381103515625
-1.9375 0.0771484375 1.4400634765625
-1.90625 0.4365234375 0.2662353515625
-1.90625 0.3193359375 0.2662353515625
-1.90625 -0.9892578125 0.8502197265625
0.25 -0.8916015625 -1.18829345703125
-1.875 -1.1767578125 1.0435791015625
-0.3125 -1.2841796875 0.0572509765625
-1.96875 1.2529296875 1.4439697265625
-1.875 0.8974609375 0.6636962890625
-1.90625 -1.0634765625 1.0435791015625
-1.875 -1.0791015625 0.0718994140625
-1.875 0.5419921875 1.0494384765625
-1.90625 0.4443359375 1.0455322265625
-1.53125 -0.6044921875 1.6373291015625
1.5 -1.3466796875 0.0689697265625
-1.9375 0.0771484375 1.4400634765625
-1.875 -0.2587890625 0.6627197265625
-1.875 -1.1728515625 -0.1175537109375
1.96875 -0.9775390625 -1.0447998046875
-0.59375 -1.2275390625 -1.5572509765625
-1.625 -1.2958984375 0.0699462890625
-1.9375 0.1943359375 1.4400634765625
-1.90625 -0.0869140625 1.2388916015625
-1.875 -1.0791015625 0.0885009765625
-1.875 -0.5986328125 1.0435791015625
-1.90625 -0.5048828125 1.2427978515625
-1.9375 0.7763671875 1.4420166015625
-1.9375 0.4208984375 1.4420166015625
-1.90625 0.8896484375 1.0494384765625
-1.875 -1.2138671875 -0.4896240234375
-1.9375 -1.0947265625 1.2408447265625
0.25 -0.8916015625 -1.18829345703125
-1.875 -0.8310546875 1.4283447265625
-1.875 -1.0048828125 1.2349853515625
-1.90625 -1.0517578125 1.4283447265625
-1.875 -0.8310546875 1.4283447265625
-1.875 -1.0791015625 0.0885009765625
-1.875 0.5419921875 1.0494384765625
1.46875 -0.9951171875 -0.9859619140625
-1.90625 -0.9404296875 0.8541259765625
-1.9375 0.1943359375 1.4400634765625
-1.875 -0.1298828125 0.8560791015625
-1.875 -1.1728515625 -0.1175537109375
-1.90625 0.7763671875 1.0494384765625
-1.875 0.7255859375 1.2408447265625
-1.90625 -0.0087890625 1.4322509765625
-1.90625 0.6826171875 0.8580322265625
-1.90625 -0.1416015625 1.0455322265625
-1.90625 0.3193359375 0.2662353515625
-1.84375 -1.2080078125 -0.1038818359375
-1.875 -1.2138671875 -0.4896240234375
-1.90625 -1.0634765625 1.0435791015625
-1.90625 0.6513671875 0.8521728515625
-0.15625 0.9130859375 -1.5987548828125
-1.8125 1.1318359375 -0.1097412109375
-1.90625 0.6669921875 1.2447509765625
-1.90625 -0.1416015625 1.0455322265625
1.59375 -0.8857421875 -1.2478981018066406
-1.90625 -1.1728515625 1.4283447265625
-1.90625 -0.3564453125 1.4302978515625
0.5 -1.2626953125 -0.7838134765625
-1.90625 0.5380859375 0.8521728515625
-1.875 0.3076171875 0.2760009765625
