BOX_TRUCK
0.5546875 -1.2470703125 1.4287109375
0.4296875 -1.1650390625 -0.793701171875
0.3984375 -1.1494140625 -1.6005859375
-1.9453125 0.5869140625 0.615234375
-1.9140625 0.1572265625 1.2509765625
-1.9140625 0.2197265625 0.876953125
-1.9140625 0.7822265625 1.1845703125
-1.9140625 0.0009765625 1.4365234375
-1.9140625 0.8916015625 0.693359375
-1.9140625 -0.2451171875 0.1318359375
-1.9140625 -0.0185546875 0.9931640625
1.9296875 -1.3662109375 -0.115234375
-1.8828125 -1.1962890625 1.2451171875
-1.9140625 -0.3662109375 1.1826171875
-1.9140625 0.4462890625 0.8779296875
-1.9453125 -0.8154296875 0.9912109375
0.3984375 -1.1494140625 -1.6005859375
-1.9140625 -1.1162109375 1.0595703125
-1.9140625 1.2587890625 1.3779296875
-1.9453125 -0.2373046875 1.3701171875
-1.8515625 -1.2900390625 -0.13818359375
-1.9140625 -0.1201171875 0.8759765625
-1.9140625 1.0595703125 1.2568359375
0.3671875 -1.3056640625 1.2978515625
0.2421875 -0.9482421875 -1.19140625
-1.9140625 0.4462890625 0.8779296875
-0.8515625 -1.3837890625 -0.07080078125
-0.0390625 -0.8466796875 -0.97796630859375
-1.9140625 0.3251953125 0.6923828125
-1.9140625 -0.8974609375 1.0615234375
-1.9140625 0.4462890625 0.8779296875
0.4296875 -1.1650390625 -0.793701171875
-1.9140625 -0.1123046875 1.4345703125
0.0234375 -1.3955078125 0.7001953125
-1.9140625 1.2587890625 1.3779296875
-1.9140625 0.5673828125 1.0673828125
0.3046875 -1.3994140625 -1.59423828125
-1.9140625 -0.0029296875 1.0654296875
-1.9140625 0.2236328125 1.4365234375
-1.9140625 0.6806640625 1.0693359375
0.4609375 -0.8994140625 -1.6064453125
-1.9140625 0.4267578125 0.6923828125
-1.9140625 -0.1201171875 0.8759765625
-1.8203125 -1.2431640625 0.2373046875
-1.9140625 -0.6689453125 1.4326171875
-1.9140625 -0.9619140625 1.2451171875
-1.9453125 0.7705078125 0.9951171875
-1.9140625 -1.2451171875 0.6865234375
0.4296875 -0.9033203125 -0.8875732421875
-1.8515625 -1.2900390625 -0.13818359375
-1.8515625 -0.2333984375 0.3203125
0.4921875 -1.3623046875 0.3076171875
-1.9140625 0.0400390625 1.2509765625
-1.9140625 1.2783203125 0.6162109375
-1.9140625 -0.9619140625 1.2451171875
-1.9453125 0.4384765625 0.9931640625
-1.8828125 0.1025390625 0.3212890625
0.0234375 -1.3955078125 0.7001953125
-1.9765625 1.2509765625 0.234375
-1.7890625 -1.3486328125 0.12890625
-1.9453125 -0.1240234375 0.236328125
-1.9140625 -0.9228515625 1.5595703125
-1.9140625 1.2431640625 0.5087890625
-1.8828125 -1.2373046875 -0.32763671875
0.4296875 -0.9033203125 -0.8875732421875
1.9296875 -1.1181640625 -0.9456787109375
-1.9140625 0.7939453125 1.4404296875
-0.5078125 -1.3447265625 -0.2685546875
-1.8828125 -0.7958984375 0.6884765625
-1.9453125 0.7822265625 1.0693359375
-1.9765625 -0.3740234375 0.1318359375
1.5234375 -1.0400390625 -0.9296875
-1.8828125 0.9111328125 1.5673828125
1.6484375 -1.3720703125 0.7109375
-1.9765625 -0.3740234375 0.1318359375
0.4296875 -1.1650390625 -0.793701171875
-1.7890625 -1.2119140625 0.0498046875
-1.9140625 0.3876953125 1.2529296875
-1.8828125 -0.7958984375 0.6884765625
-1.9140625 -0.8994140625 0.615234375
0.6171875 -1.2314453125 0.2119140625
-1.9453125 0.3291015625 1.3720703125
-1.7890625 -1.2119140625 0.0498046875
-1.9140625 0.4267578125 0.6923828125
-1.9453125 -0.0146484375 1.3720703125
-1.9140625 0.4267578125 0.6923828125
-1.9140625 0.2041015625 0.9931640625
-1.9140625 0.8955078125 1.1845703125
0.0234375 -1.3955078125 0.7001953125
-1.9140625 -1.0146484375 0.8720703125
-1.9140625 -0.5771484375 1.3701171875
-1.9140625 -1.1806640625 -0.1376953125
-1.9140625 -1.2333984375 1.0595703125
-1.8828125 -0.0107421875 0.6904296875
-1.8828125 1.3017578125 0.044921875
-1.9140625 -0.6787109375 0.8046875
-1.8828125 -1.1708984375 -0.70263671875
-1.8828125 1.3798828125 1.5693359375
-1.9140625 0.5517578125 0.6923828125
-1.9140625 -0.4833984375 0.9931640625
-1.9140625 0.6103515625 1.2548828125
-1.8828125 -0.0029296875 1.5634765625
-1.9765625 -0.3740234375 0.1318359375
-1.9140625 1.2431640625 0.5087890625
-1.8828125 -1.1513671875 -0.23828125
-1.8828125 -1.0498046875 -0.0537109375
-1.7890625 -1.2119140625 0.0498046875
-1.9140625 0.4931640625 1.2529296875
-1.9453125 0.2314453125 0.8056640625
-1.9140625 0.6650390625 0.87890625
-1.9140625 0.3525390625 0.8056640625
1.4921875 -0.6787109375 -1.466064453125
0.4296875 -1.1650390625 -0.793701171875
-1.9140625 -0.0224609375 1.1826171875
-1.8828125 -0.9189453125 0.6875
-0.6328125 -1.2939453125 -0.55810546875
-1.8828125 -1.0302734375 0.3193359375
0.4296875 -1.1650390625 -0.793701171875
0.4921875 -0.7763671875 -1.60888671875
0.1796875 -1.4091796875 -0.48095703125
0.4609375 -0.8994140625 -1.6064453125
-1.8828125 -0.1279296875 0.6904296875
-1.9140625 -0.8095703125 1.5595703125
-0.8515625 -1.3837890625 -0.07080078125
0.1796875 -1.4091796875 -0.48095703125
-1.9140625 -0.0185546875 0.1318359375
-1.9140625 -0.3349609375 1.0634765625
-1.9140625 -0.9013671875 0.50390625
-1.9140625 -0.2880859375 1.2490234375
-1.9453125 1.0361328125 0.8056640625
-1.8515625 0.4580078125 1.5654296875
-1.9140625 -0.2568359375 1.1826171875
1.8984375 -1.0146484375 -1.063741683959961
0.3671875 -1.3056640625 1.2978515625
-0.6328125 -1.2939453125 -0.55810546875
-1.9140625 -0.7861328125 0.615234375
-1.9140625 -1.1376953125 0.1298828125
-1.8828125 -0.4599609375 0.689453125
-1.8828125 -1.1494140625 -0.0537109375
-1.9453125 -1.1435546875 1.3681640625
0.3359375 -1.2314453125 0.015625
-1.8828125 -1.0302734375 0.3193359375
0.4296875 -1.2880859375 -0.793212890625
-1.9140625 -1.0732421875 -0.51611328125
-1.9140625 -1.1162109375 1.0595703125
-1.9140625 1.0244140625 1.5673828125
-1.9453125 0.4658203125 0.615234375
-1.9140625 0.3525390625 0.8056640625
-1.9765625 -0.3740234375 0.1318359375
-1.9453125 0.8056640625 0.8056640625
-1.9140625 0.6806640625 1.0693359375
-1.9140625 -1.1376953125 0.1298828125
-1.9140625 -0.7841796875 1.0615234375
-1.8828125 -0.7958984375 0.6884765625
-1.9140625 -0.1396484375 0.1318359375
-1.9140625 0.7822265625 1.1845703125
-1.8828125 -0.5771484375 1.5615234375
-1.9140625 -0.6787109375 0.8046875
0.0234375 -1.3955078125 0.7001953125
-1.9140625 0.2197265625 0.876953125
-1.9140625 -1.1337890625 0.6875
-1.9140625 -0.4443359375 1.4326171875
-1.9453125 0.3330078125 0.236328125
-1.8515625 0.4580078125 1.5654296875
-1.9140625 -0.2451171875 0.1318359375
-1.8828125 -0.2412109375 1.5615234375
-1.9140625 0.4462890625 0.8779296875
-1.9140625 0.7900390625 1.3740234375
-1.9140625 -1.1318359375 0.318359375
-1.9140625 -0.9208984375 0.2373046875
-1.8828125 1.2236328125 -0.146484375
-1.9140625 -1.0126953125 0.5029296875
-1.9453125 0.8876953125 0.9951171875
1.3984375 -0.9521484375 -1.249755859375
-1.8828125 1.3798828125 1.5693359375
-1.8828125 -0.1318359375 0.3203125
-1.9140625 1.0400390625 0.6162109375
-1.9140625 -0.7861328125 0.615234375
0.3671875 -1.3056640625 1.2978515625
-1.8828125 -0.6845703125 0.6884765625
-1.9453125 0.3291015625 1.3720703125
-1.9140625 1.0400390625 0.6162109375
-1.9453125 0.4658203125 0.615234375
-1.9453125 0.2236328125 0.236328125
-1.9140625 0.4541015625 1.0673828125
-1.5703125 -1.0224609375 -1.098663330078125
-1.9453125 0.7041015625 0.615234375
1.6484375 -0.8955078125 -1.553955078125
-1.9453125 -0.2373046875 1.3701171875
-1.9140625 0.8056640625 0.615234375
-0.6640625 -1.3505859375 0.1171875
-1.9140625 1.1337890625 1.5673828125
-1.9140625 0.3408203125 1.0673828125
1.5234375 -1.0400390625 -0.9296875
1.6484375 -1.3720703125 0.7109375
-1.9140625 -0.5966796875 0.9931640625
-1.9140625 -0.4833984375 0.9931640625
1.4921875 -0.7998046875 -1.545654296875
-1.3203125 1.3564453125 -1.516845703125
-1.8828125 0.1064453125 1.5634765625
