BOX_TRUCK
-1.90625 -1.0224609375 0.06195068359375
0.015625 -1.2861328125 -0.77789306640625
-0.90625 -1.3447265625 -0.57476806640625
-0.078125 -1.3662109375 -0.59381103515625
-1.890625 -1.1337890625 -0.10504150390625
1.546875 -0.9384765625 -1.39434814453125
0.609375 -1.2392578125 -0.05816650390625
-1.890625 -1.2216796875 0.56292724609375
-1.890625 1.2822265625 1.41448974609375
-1.828125 -1.3623046875 1.06683349609375
-1.90625 -0.1591796875 1.06878662109375
1.671875 -1.0537109375 -1.59088134765625
-1.921875 1.0205078125 0.56488037109375
-1.921875 0.8095703125 0.90277099609375
-1.9375 0.4228515625 0.98089599609375
-0.578125 -1.3173828125 1.46136474609375
-1.921875 -0.1005859375 0.63909912109375
-1.734375 -1.2998046875 -0.04351806640625
-1.390625 -0.2412109375 -1.61187744140625
-1.90625 0.1455078125 1.06878662109375
-1.890625 1.2822265625 1.41448974609375
-1.90625 0.8486328125 0.73480224609375
-1.875 -0.3271484375 0.22894287109375
-1.890625 -0.6748046875 0.73089599609375
-1.859375 -0.4482421875 1.57269287109375
-1.90625 0.8486328125 0.73480224609375
-1.921875 -0.8017578125 0.80706787109375
-1.953125 0.0947265625 1.32073974609375
-1.90625 0.2431640625 0.73284912109375
-1.875 -0.1708984375 0.29730224609375
-1.90625 -1.2099609375 0.80706787109375
-1.90625 0.1376953125 0.29730224609375
-1.28125 -1.4931640625 -1.63970947265625
0.640625 -0.9580078125 -1.20489501953125
-1.90625 0.5048828125 0.56488037109375
-1.9375 0.4228515625 0.98089599609375
-1.859375 -0.1435546875 1.57464599609375
-1.90625 -1.0224609375 0.06195068359375
0.796875 -1.2451171875 1.42425537109375
-1.90625 0.1376953125 0.29730224609375
-1.9375 0.9619140625 1.24066162109375
-1.890625 -1.1162109375 0.56292724609375
-1.90625 -0.2724609375 0.29632568359375
-1.921875 0.6064453125 0.90277099609375
-1.84375 1.1923828125 1.58636474609375
-1.953125 -0.3193359375 1.31878662109375
-1.828125 -1.3408203125 -0.43804931640625
1.890625 -1.2119140625 0.31781005859375
-0.234375 -1.3408203125 0.06488037109375
-1.9375 0.6142578125 1.32464599609375
-1.921875 -0.2099609375 0.63714599609375
-1.84375 1.0830078125 1.58441162109375
1.546875 -0.9384765625 -1.39434814453125
1.515625 -0.7138671875 -1.3939208984375
-1.921875 -0.2724609375 1.23284912109375
-1.234375 -1.2861328125 -1.64422607421875
-1.890625 -0.4716796875 0.73089599609375
-1.6875 -1.2177734375 -1.58563232421875
-1.90625 -0.9248046875 0.63714599609375
-1.9375 -0.8330078125 1.31683349609375
0.328125 -1.2724609375 -0.23883056640625
-1.9375 0.4228515625 0.98089599609375
-1.9375 -0.0810546875 0.80902099609375
-1.9375 0.1181640625 0.80902099609375
1.234375 -1.3447265625 1.36175537109375
0.046875 -0.9208984375 -0.96148681640625
-0.078125 -1.3662109375 -0.59381103515625
-1.921875 1.0439453125 0.64105224609375
1.453125 -0.9736328125 -1.01080322265625
-1.84375 -0.7509765625 1.57073974609375
-1.921875 0.5517578125 1.23870849609375
-0.578125 -1.3173828125 1.46136474609375
-1.875 -1.2275390625 0.63714599609375
1.640625 -1.2529296875 0.88714599609375
-0.390625 -1.3779296875 -0.28472900390625
-1.921875 -0.3076171875 0.63714599609375
-1.953125 1.1298828125 1.32855224609375
-1.9375 0.9541015625 0.81097412109375
-1.921875 0.1064453125 0.63909912109375
-1.921875 -0.8173828125 0.97698974609375
-1.90625 0.8486328125 0.73480224609375
-1.90625 -0.3583984375 1.06683349609375
-1.921875 -0.1826171875 0.80902099609375
0.484375 -1.4052734375 -0.83697509765625
-1.875 1.2978515625 0.29730224609375
-1.90625 -1.2099609375 0.80706787109375
0.578125 -1.2626953125 0.49456787109375
-1.890625 -1.1201171875 0.06195068359375
-1.90625 -0.0654296875 0.73284912109375
-1.921875 0.5517578125 1.23870849609375
-1.890625 0.8681640625 1.41058349609375
-1.90625 -0.4560546875 1.40081787109375
-1.90625 0.5048828125 0.56488037109375
-1.875 -1.2724609375 0.73089599609375
-0.390625 -1.3916015625 -0.46051025390625
-0.296875 -1.2666015625 1.38128662109375
1.609375 -1.0673828125 -1.24273681640625
-1.921875 0.7080078125 0.90277099609375
1.421875 -0.9580078125 -1.19805908203125
-1.90625 -0.5107421875 0.89886474609375
0.484375 -1.3837890625 -0.11480712890625
0.171875 -1.3447265625 1.13909912109375
-1.453125 -0.4560546875 -1.6063232421875
-1.9375 0.1181640625 0.80902099609375
-1.890625 -1.1201171875 0.06195068359375
-1.921875 0.4462890625 1.23870849609375
-1.890625 -0.7744140625 0.73089599609375
-1.859375 0.2509765625 0.12640380859375
1.828125 -1.3681640625 -0.49566650390625
-1.84375 1.0830078125 1.58441162109375
-1.890625 1.2197265625 0.56683349609375
-1.921875 -0.3154296875 0.89886474609375
-1.90625 -0.8212890625 0.63714599609375
-1.90625 0.7548828125 0.73480224609375
-1.9375 -1.0185546875 0.97503662109375
-1.9375 -0.0927734375 0.97894287109375
-1.90625 0.3447265625 0.73284912109375
-1.9375 0.0322265625 0.29632568359375
-1.921875 0.5361328125 0.81097412109375
-1.90625 0.2431640625 0.29730224609375
-1.9375 0.4072265625 1.32269287109375
-0.578125 -1.2529296875 0.30413818359375
-1.90625 -0.1591796875 1.06878662109375
-1.890625 -0.8134765625 0.89886474609375
-1.734375 -1.2998046875 -0.04351806640625
0.328125 -1.2724609375 -0.23883056640625
1.671875 -1.3466796875 0.44378662109375
-1.96875 -1.1318359375 0.46624755859375
-1.90625 -1.1982421875 -0.72271728515625
-1.9375 -0.7294921875 1.31683349609375
-1.90625 -1.2099609375 0.80706787109375
-1.359375 -0.0185546875 -1.615966796875
-1.90625 0.7705078125 1.41058349609375
-1.859375 0.5712890625 1.58050537109375
-1.921875 0.6064453125 0.90277099609375
-1.1875 -1.3486328125 0.06390380859375
-1.90625 -0.9248046875 0.63714599609375
-1.90625 0.1376953125 0.29730224609375
-1.875 -0.1162109375 0.22894287109375
-1.9375 -0.6123046875 0.97698974609375
-1.84375 -1.3251953125 0.22991943359375
0.171875 -1.3447265625 1.13909912109375
-1.921875 0.7548828125 1.23870849609375
-1.921875 -0.2919921875 0.80706787109375
0.171875 -1.3447265625 1.13909912109375
0.546875 -0.9697265625 -0.97955322265625
-0.953125 -0.9287109375 -0.92730712890625
-1.890625 -0.7744140625 0.73089599609375
-1.390625 -0.2412109375 -1.61187744140625
-1.890625 -1.0556640625 1.39886474609375
-1.9375 0.8486328125 0.81097412109375
-1.921875 -0.9716796875 1.23089599609375
-1.921875 -0.6005859375 0.80706787109375
-1.671875 -1.1123046875 -1.58740234375
-1.90625 0.4462890625 0.73284912109375
-1.890625 -1.2275390625 0.46722412109375
-1.953125 0.6376953125 0.98284912109375
-1.234375 -1.2861328125 -1.64422607421875
-1.921875 0.9658203125 1.07269287109375
-1.296875 0.0947265625 -1.6202392578125
-1.921875 0.1416015625 1.23675537109375
-1.1875 -1.3486328125 0.06390380859375
-1.921875 0.4228515625 0.63909912109375
-1.9375 0.1181640625 0.80902099609375
-1.6875 -1.2177734375 -1.58563232421875
-1.9375 0.8564453125 1.24066162109375
-1.421875 -0.3466796875 -1.6087646484375
-1.921875 -0.1708984375 1.23480224609375
-1.859375 -0.6513671875 1.57073974609375
-1.9375 0.9384765625 0.64105224609375
-1.890625 -1.1337890625 -0.10504150390625
-1.875 -1.3212890625 0.39788818359375
-1.90625 -1.1083984375 -0.21343994140625
-1.890625 -1.0556640625 1.39886474609375
-1.609375 -0.9990234375 -1.07476806640625
-1.9375 0.0322265625 0.29632568359375
-1.921875 -0.7685546875 1.23089599609375
-1.890625 -0.7626953125 1.06683349609375
-1.921875 0.5009765625 0.90277099609375
-1.9375 -1.0400390625 1.31488037109375
-1.9375 0.4072265625 1.32269287109375
-1.921875 -0.1005859375 0.63909912109375
-1.921875 -0.2099609375 0.63714599609375
-1.9375 -0.6123046875 0.97698974609375
-1.90625 -0.5107421875 0.63714599609375
-1.9375 0.8486328125 0.81097412109375
-1.921875 1.0634765625 0.73480224609375
1.765625 -1.2939453125 0.81878662109375
-1.890625 -1.1337890625 -0.10504150390625
-1.703125 -1.3408203125 1.40667724609375
-1.953125 0.8408203125 0.98284912109375
-1.859375 0.8798828125 1.58245849609375
1.078125 -1.3544921875 -0.62115478515625
-1.90625 0.3525390625 1.07073974609375
-1.890625 0.4072265625 0.56488037109375
-1.90625 -1.0263671875 0.63714599609375
-1.90625 0.5556640625 1.07073974609375
-1.890625 -1.0322265625 0.22991943359375
-1.890625 -0.1591796875 0.12640380859375
-1.90625 -1.1767578125 0.72894287109375
