BOX_TRUCK
-1.9140625 0.005859375 1.27020263671875
-1.6640625 0.380859375 -1.63543701171875
-1.8984375 0.298828125 0.78582763671875
-1.8984375 0.693359375 0.78778076171875
-1.9296875 -0.353515625 1.01824951171875
-1.8203125 -1.236328125 0.03289794921875
-1.8984375 0.302734375 1.11004638671875
-1.8828125 -1.154296875 1.42645263671875
-1.8984375 0.134765625 0.69012451171875
-1.5234375 1.416015625 -1.4919586181640625
-1.8984375 0.146484375 0.62371826171875
-1.8359375 -1.310546875 -0.18292236328125
-0.4453125 -1.27734375 0.54168701171875
-0.1015625 -1.3046875 -0.32159423828125
-1.9296875 0.025390625 1.34832763671875
-1.9296875 0.224609375 1.35028076171875
-1.9296875 1.087890625 1.27801513671875
-1.8984375 0.248046875 0.62371826171875
-1.8046875 -0.849609375 1.59246826171875
-1.8046875 -0.169921875 1.59832763671875
-1.7890625 -0.337890625 -1.61981201171875
-1.8984375 0.455078125 0.62371826171875
-1.9140625 0.849609375 0.62371826171875
-0.0234375 -1.224609375 1.07293701171875
0.9296875 -0.7890625 -1.62774658203125
-1.9140625 -0.041015625 0.94598388671875
0.4140625 -0.88671875 -0.86553955078125
1.4296875 -0.970703125 -1.07818603515625
-1.8515625 -1.259765625 0.78192138671875
-1.7109375 -0.033203125 -1.62738037109375
-1.8984375 0.302734375 1.11004638671875
1.1484375 -1.291015625 -0.70538330078125
-1.8984375 -0.92578125 0.13739013671875
-0.4296875 -1.357421875 -0.53302001953125
-1.8046875 -1.298828125 0.13836669921875
-1.8984375 -0.587890625 1.26629638671875
-1.8828125 -0.345703125 0.29949951171875
1.7109375 -0.814453125 -1.27667236328125
-1.8359375 -1.24609375 1.58856201171875
-1.8984375 -0.93359375 -0.02276611328125
-1.8984375 -0.275390625 1.10614013671875
-1.7109375 -0.033203125 -1.62738037109375
-1.8984375 -0.580078125 0.78192138671875
0.6796875 -1.2421875 0.02215576171875
-1.8203125 -1.3125 -0.02276611328125
-1.9140625 -0.677734375 1.26629638671875
-1.8671875 -0.150390625 0.29949951171875
-1.8984375 0.150390625 0.13739013671875
-1.8671875 -1.1328125 -0.50567626953125
-1.9296875 -0.275390625 1.34637451171875
-1.8515625 0.416015625 1.60028076171875
-0.3671875 -1.255859375 0.02606201171875
-1.9453125 0.517578125 1.35223388671875
-1.9140625 -0.044921875 0.62176513671875
0.3046875 -0.033203125 -1.57794189453125
-1.8984375 -0.330078125 0.94403076171875
1.7421875 -1.24609375 0.57098388671875
-1.8984375 0.248046875 0.62371826171875
-1.8984375 0.853515625 0.94989013671875
-1.8515625 0.416015625 1.60028076171875
-0.1640625 -1.33984375 1.16864013671875
-1.8984375 0.298828125 0.78582763671875
-1.8984375 -0.263671875 0.69012451171875
0.7734375 -1.337890625 -1.61456298828125
-1.7578125 -1.306640625 0.19793701171875
-1.9296875 0.248046875 1.02215576171875
-1.8671875 -0.466796875 1.59246826171875
-0.1640625 -1.33984375 1.16864013671875
1.5234375 -0.953125 -1.26824951171875
-1.8984375 0.060546875 0.19696044921875
-1.8984375 -0.587890625 1.26629638671875
0.1171875 -1.37890625 0.31707763671875
-1.8046875 -0.849609375 1.59246826171875
-1.8984375 0.431640625 0.69207763671875
-0.4765625 -1.34375 0.14324951171875
-1.7109375 -0.033203125 -1.62738037109375
-1.8984375 -0.177734375 1.43231201171875
-1.9296875 -0.859375 1.01629638671875
1.4921875 -0.97265625 -0.90118408203125
-1.9296875 0.025390625 1.34832763671875
-1.8828125 1.009765625 1.44207763671875
0.6171875 -1.3359375 -0.55401611328125
-1.9140625 0.654296875 0.85809326171875
-1.8828125 -1.244140625 -0.66680908203125
-1.9296875 0.146484375 1.02215576171875
-0.9140625 -1.30078125 -0.64874267578125
1.4921875 -0.73828125 -1.4530029296875
-1.9296875 -1.06640625 1.34246826171875
-1.9140625 -0.435546875 0.62176513671875
1.1484375 -1.353515625 1.03973388671875
1.5234375 -0.953125 -1.26824951171875
-1.8828125 -1.3046875 0.61981201171875
-1.8828125 -0.86328125 1.42645263671875
-1.8984375 -0.095703125 0.78387451171875
-1.8984375 -0.240234375 0.13739013671875
-1.8828125 1.267578125 0.86199951171875
-1.9921875 -1.16015625 0.52215576171875
-1.8828125 -1.029296875 -0.18389892578125
-1.8828125 1.009765625 1.44207763671875
-1.6328125 -1.033203125 -1.12603759765625
-1.8828125 -0.775390625 0.78192138671875
-1.8515625 -1.123046875 -0.18389892578125
-0.6953125 1.357421875 -1.56195068359375
-1.8671875 0.611328125 1.43817138671875
-1.9140625 -0.138671875 0.94598388671875
-1.6640625 0.380859375 -1.63543701171875
-1.8984375 -1.1171875 0.61981201171875
-1.8828125 -1.119140625 0.13836669921875
-1.8828125 0.712890625 1.43817138671875
-1.8046875 -1.298828125 0.13836669921875
-1.8671875 -1.224609375 -0.50518798828125
-1.0546875 -1.4375 -0.68682861328125
-1.8359375 -0.560546875 1.59442138671875
-0.1015625 -1.3046875 -0.32159423828125
0.1484375 -1.357421875 1.00653076171875
-1.8984375 -0.373046875 1.10614013671875
-1.8984375 -1.015625 0.94207763671875
-1.8984375 -0.658203125 0.69012451171875
-1.9140625 -0.876953125 1.26434326171875
-1.8984375 -0.818359375 0.94403076171875
-0.9921875 -1.330078125 1.63543701171875
-1.8984375 0.951171875 0.62567138671875
-1.8984375 -0.7265625 0.61981201171875
-1.8984375 -1.05859375 1.42645263671875
-1.8046875 -1.298828125 0.13836669921875
-1.8828125 -1.25 0.52410888671875
-1.9140625 -0.259765625 0.85418701171875
0.5546875 -1.326171875 0.14617919921875
-1.9453125 0.841796875 1.02410888671875
-1.8984375 0.001953125 0.78387451171875
1.5234375 -0.953125 -1.26824951171875
0.0234375 -0.734375 -0.85333251953125
0.5234375 -1.337890625 -0.20245361328125
-1.8984375 -1.013671875 0.61981201171875
-1.9296875 0.544921875 0.85614013671875
-1.9140625 -0.162109375 0.69012451171875
-1.8984375 -1.037109375 0.03289794921875
-1.8984375 -0.427734375 0.94403076171875
-1.8671875 -0.052734375 0.29949951171875
-1.8515625 -1.265625 1.34442138671875
-1.6953125 0.076171875 -1.62994384765625
-1.9453125 0.841796875 1.02410888671875
1.0546875 -1.408203125 -0.74102783203125
-1.8984375 -0.7265625 0.61981201171875
-1.8515625 -1.123046875 0.29949951171875
-0.5234375 -1.26953125 -0.14581298828125
0.9609375 -0.677734375 -1.62982177734375
0.5859375 -1.263671875 0.55535888671875
-1.8359375 -1.240234375 1.42840576171875
1.4921875 -0.97265625 -0.90118408203125
-1.8984375 1.037109375 0.69403076171875
-1.8828125 -0.470703125 1.10614013671875
-1.9140625 0.244140625 0.13739013671875
0.8359375 -1.34765625 1.38153076171875
-0.0703125 -1.45703125 -1.54461669921875
-1.9140625 -0.162109375 1.02020263671875
-1.8828125 0.908203125 1.44012451171875
-1.8828125 -1.3046875 0.61981201171875
0.3203125 0.072265625 -1.57916259765625
-1.8984375 -0.333984375 0.62176513671875
-1.6015625 -1.376953125 0.13934326171875
-1.8984375 0.193359375 0.78582763671875
-1.9140625 0.005859375 1.27020263671875
-0.7890625 -1.31640625 1.47918701171875
-1.9296875 0.333984375 1.02215576171875
-1.8984375 0.998046875 1.11395263671875
-1.8984375 -0.916015625 0.61981201171875
1.3046875 -1.26171875 0.20184326171875
-0.0078125 -1.240234375 -1.549560546875
-1.8984375 0.755859375 0.94989013671875
-1.8984375 -1.1328125 -0.13214111328125
-1.9140625 0.158203125 0.94598388671875
-1.8046875 -0.654296875 1.59442138671875
0.2578125 -0.255859375 -1.57318115234375
0.8359375 -1.251953125 1.45770263671875
-0.7109375 -1.345703125 -0.48223876953125
-1.9921875 -0.9453125 0.36102294921875
-0.5703125 -1.271484375 0.37078857421875
-1.8671875 -1.333984375 -0.66680908203125
-1.8984375 -0.623046875 0.94403076171875
-1.6328125 -1.033203125 -1.12603759765625
-1.9140625 -0.654296875 1.01824951171875
-1.8671875 -0.021484375 0.19696044921875
-1.8828125 -0.916015625 0.94207763671875
1.1484375 -1.369140625 0.32684326171875
-1.8671875 -1.296875 0.45965576171875
-1.9296875 0.794921875 1.27410888671875
-1.7890625 1.158203125 0.30047607421875
-1.9453125 0.919921875 1.35418701171875
-1.8515625 -1.259765625 0.78192138671875
-1.8203125 1.263671875 0.52801513671875
-1.8671875 0.216796875 1.43621826171875
-1.9140625 -0.876953125 1.26434326171875
-1.9140625 0.849609375 0.85809326171875
-0.3671875 -1.255859375 0.02606201171875
0.8671875 -0.92578125 -1.05743408203125
-1.8984375 0.302734375 1.11004638671875
-0.0078125 -1.240234375 -1.549560546875
-1.9140625 -0.548828125 0.85418701171875
-1.9296875 0.498046875 1.27215576171875
