BOX_TRUCK
0.7890625 -1.216796875 0.25299072265625
-0.0703125 -1.255859375 0.67584228515625
-1.8984375 1.181640625 0.37408447265625
-1.8984375 0.142578125 0.99420166015625
-1.0234375 -1.33984375 -0.73187255859375
-1.9140625 0.853515625 0.64459228515625
-1.9453125 1.091796875 0.64654541015625
-1.8828125 0.271484375 0.64068603515625
0.0234375 -0.7421875 -0.90863037109375
-1.7890625 0.419921875 1.53717041015625
-1.8984375 0.302734375 0.99810791015625
-0.7734375 -1.265625 -1.577728271484375
-1.8984375 0.451171875 0.23834228515625
-1.9140625 -0.162109375 1.44342041015625
-1.8984375 0.634765625 0.87115478515625
1.2734375 -1.24609375 -0.20208740234375
1.2421875 -1.248046875 1.26373291015625
-1.9140625 -0.974609375 1.24029541015625
-1.9140625 -0.388671875 0.77154541015625
-1.8828125 -0.451171875 0.72467041015625
-0.2109375 -1.31640625 0.76959228515625
-1.8671875 -0.052734375 0.33599853515625
-1.9609375 -0.978515625 0.49810791015625
-1.9609375 -0.78515625 0.09967041015625
-1.7890625 0.419921875 1.53717041015625
-1.8359375 -1.251953125 -0.19720458984375
-0.4609375 -1.244140625 1.51568603515625
0.0234375 -0.83203125 -1.20111083984375
-1.8359375 -0.560546875 1.51373291015625
0.0234375 -0.7421875 -0.90863037109375
1.7734375 -0.873046875 -1.43499755859375
-1.9140625 0.716796875 1.13677978515625
-1.8984375 -0.095703125 1.12310791015625
-1.8671875 -1.1953125 0.76763916015625
-1.9296875 0.818359375 1.05084228515625
1.8671875 -1.25 1.44927978515625
-1.8828125 0.892578125 1.40826416015625
1.6328125 -0.572265625 -1.43939208984375
-1.8828125 -1.201171875 1.36724853515625
-1.8984375 1.181640625 0.37408447265625
-1.8984375 0.060546875 0.99420166015625
-1.8984375 -0.287109375 0.72662353515625
-1.9453125 0.259765625 0.07330322265625
-1.9140625 1.044921875 1.14263916015625
-1.8828125 -0.376953125 0.63677978515625
-1.8984375 1.119140625 0.87896728515625
-1.8671875 -1.044921875 0.49810791015625
-1.8984375 0.060546875 0.99420166015625
1.5234375 -1.203125 0.25787353515625
-0.5390625 -1.236328125 -0.04095458984375
-1.9140625 0.666015625 1.45709228515625
-0.2890625 -1.263671875 -0.32513427734375
-1.8203125 0.087890625 1.52740478515625
-1.9140625 -0.330078125 1.25006103515625
1.9296875 -1.248046875 0.10455322265625
-1.8515625 -0.220703125 0.36822509765625
-1.9140625 0.103515625 0.77545166015625
-1.9453125 -0.87109375 0.23345947265625
-1.9140625 -0.7265625 1.43756103515625
-1.9140625 -0.177734375 1.25396728515625
-1.9296875 1.080078125 1.46295166015625
-1.9296875 0.228515625 1.25982666015625
0.0234375 -0.83203125 -1.20111083984375
-1.8828125 -0.73828125 0.98248291015625
-1.9140625 0.853515625 0.64459228515625
-1.8984375 0.068359375 0.86334228515625
-1.8828125 -1.0390625 1.37115478515625
0.0703125 -0.87890625 -0.91790771484375
-1.9453125 -1.06640625 1.02935791015625
-1.8828125 -0.326171875 1.38482666015625
-1.8671875 -0.736328125 0.58990478515625
-1.8828125 0.892578125 1.40826416015625
-1.9140625 0.794921875 1.13873291015625
1.1484375 -1.26171875 1.40826416015625
-1.8984375 0.388671875 1.26373291015625
0.9609375 -1.2890625 0.95513916015625
-1.8828125 -1.216796875 0.97467041015625
-1.9140625 0.103515625 0.77545166015625
-1.8828125 -0.408203125 0.85748291015625
-1.8203125 0.009765625 1.52740478515625
-1.8828125 -0.533203125 0.72467041015625
1.0390625 -0.9296875 -1.09930419921875
-1.9609375 -0.791015625 0.23345947265625
1.1015625 -1.306640625 -0.49798583984375
-1.8984375 1.181640625 0.37408447265625
-1.8828125 0.517578125 0.73834228515625
-0.3359375 -1.322265625 -0.46673583984375
-1.9296875 0.845703125 0.78131103515625
-1.8984375 -0.8828125 1.11138916015625
-1.9140625 0.306640625 1.26177978515625
1.8671875 -0.994140625 -1.13592529296875
-1.9296875 0.931640625 0.78326416015625
-1.8828125 1.060546875 1.41217041015625
-1.8984375 0.150390625 1.12701416015625
-1.9140625 1.083984375 0.34576416015625
-1.8671875 -0.81640625 0.58990478515625
-1.9296875 1.033203125 1.27545166015625
-1.0234375 -1.33984375 -0.73187255859375
1.6484375 -1.033203125 -1.43695068359375
1.5859375 -0.947265625 -1.43426513671875
-1.8984375 -0.548828125 0.63482666015625
-1.9140625 -0.388671875 0.77154541015625
-1.8828125 -0.490234375 0.85552978515625
-1.8828125 -1.208984375 0.84576416015625
-1.8671875 -0.658203125 0.58990478515625
1.5234375 -1.203125 0.25787353515625
1.0859375 -1.31640625 0.37213134765625
-0.5390625 -1.236328125 -0.04095458984375
-1.9140625 0.412109375 1.04693603515625
-0.7421875 -1.177734375 -1.5799026489257812
-1.9140625 -0.470703125 0.77154541015625
-1.8828125 -0.685546875 0.72271728515625
-1.8984375 -0.302734375 0.77154541015625
-1.8515625 -1.203125 0.49810791015625
-0.2421875 -1.326171875 0.48834228515625
-1.8671875 -0.052734375 0.33599853515625
-0.7421875 -1.177734375 -1.5799026489257812
-1.9140625 -0.8984375 0.97857666015625
-1.8984375 -0.169921875 0.85943603515625
-1.7890625 0.580078125 1.54107666015625
-1.8828125 -0.890625 0.84967041015625
1.7578125 -1.26171875 -0.66790771484375
0.9609375 -1.2890625 0.95513916015625
-1.8515625 -0.291015625 0.20123291015625
-1.8828125 -0.177734375 0.59576416015625
-1.8984375 0.552734375 1.26763916015625
-0.5390625 -1.236328125 -0.04095458984375
-1.9140625 -0.71484375 0.76959228515625
-1.8828125 0.712890625 0.60748291015625
0.3046875 -0.830078125 -1.35772705078125
-1.8984375 1.130859375 1.41217041015625
-1.8828125 -0.376953125 0.63677978515625
0.3359375 -1.220703125 1.12506103515625
-1.7890625 0.748046875 1.54498291015625
-1.9140625 0.599609375 0.64263916015625
-0.2265625 0.912109375 -1.638336181640625
-1.9296875 1.119140625 1.27740478515625
-1.9140625 0.634765625 1.13482666015625
-1.8671875 -0.416015625 0.59381103515625
-1.8828125 0.431640625 0.73638916015625
-1.8828125 -0.294921875 0.33306884765625
-1.8515625 -1.16796875 -0.45892333984375
0.3359375 -1.20703125 0.83404541015625
-1.9296875 0.150390625 1.25787353515625
1.8671875 -0.994140625 -1.13592529296875
1.5234375 -1.203125 0.25787353515625
-1.9296875 1.119140625 1.27740478515625
-1.1015625 -1.25 1.47857666015625
-0.2890625 -1.263671875 -0.32513427734375
-1.8359375 -1.056640625 -0.70599365234375
-1.5390625 -1.052734375 -1.25946044921875
-1.8984375 -1.12890625 1.10748291015625
-1.8671875 -1.24609375 0.32427978515625
-1.8671875 -1.1953125 0.76763916015625
-1.8984375 0.302734375 0.99810791015625
-1.9296875 0.818359375 1.05084228515625
-1.8984375 -0.794921875 0.76763916015625
-1.8828125 0.314453125 0.86724853515625
0.0859375 -0.91015625 -1.20355224609375
-1.8984375 -0.048828125 0.23638916015625
-1.1015625 -1.25 1.47857666015625
-1.8984375 -1.05078125 0.58599853515625
-1.8828125 0.228515625 0.60162353515625
-1.7890625 0.580078125 1.54107666015625
-1.8671875 -1.24609375 0.32427978515625
-1.9140625 0.873046875 1.14068603515625
-1.8515625 -1.259765625 -0.59027099609375
-0.1796875 -1.26953125 -0.18743896484375
-1.8984375 -0.650390625 1.03521728515625
0.9296875 -1.298828125 1.10162353515625
-1.8671875 -0.126953125 0.23638916015625
-1.8828125 -0.314453125 0.36724853515625
1.7734375 -0.873046875 -1.43499755859375
-1.8359375 -1.275390625 1.50006103515625
-1.8203125 0.330078125 1.53326416015625
-1.8515625 -1.134765625 -0.43548583984375
-1.8984375 0.302734375 0.99810791015625
-1.8828125 -1.212890625 1.43365478515625
-1.8046875 1.302734375 -1.54010009765625
-1.8671875 -1.0078125 -0.29974365234375
0.0234375 -0.83203125 -1.20111083984375
-1.8984375 -0.205078125 0.23638916015625
0.8515625 -1.369140625 -0.65618896484375
-1.8828125 -0.083984375 1.38873291015625
-0.6484375 -1.240234375 0.24224853515625
-1.8359375 -0.130859375 0.20318603515625
1.5234375 -0.73046875 -1.42230224609375
-1.8828125 -0.533203125 0.72467041015625
-1.8828125 0.548828125 0.60552978515625
-1.8828125 0.431640625 0.73638916015625
-1.8671875 -1.24609375 0.32427978515625
-1.8828125 -0.533203125 0.72467041015625
1.6640625 -1.283203125 0.98443603515625
-1.9140625 0.583984375 1.45513916015625
-1.8984375 0.470703125 1.13287353515625
-1.9296875 0.845703125 0.78131103515625
-0.4140625 -1.294921875 1.45904541015625
-1.8828125 -1.0390625 1.37115478515625
-1.8671875 0.345703125 0.20611572265625
-1.9140625 0.798828125 0.87310791015625
