BOX_TRUCK
-1.8515625 -1.2255859375 0.41650390625
-1.9140625 0.3388671875 0.25927734375
-1.8828125 -0.3212890625 1.25537109375
-1.8671875 0.4951171875 0.90576171875
-1.8828125 -0.2783203125 1.48388671875
-0.3828125 -1.2314453125 -1.59619140625
-1.8515625 -1.0166015625 0.06103515625
-1.8984375 -0.2744140625 0.87060546875
-1.8515625 -1.1630859375 -0.591796875
-1.8828125 -1.0283203125 -0.59130859375
-1.8515625 -0.2470703125 0.65966796875
-1.8359375 -1.2392578125 -0.4140625
-1.9140625 0.1123046875 0.25927734375
-1.8828125 0.5458984375 1.12255859375
-1.8828125 -0.2041015625 1.48388671875
-1.8203125 -0.4462890625 1.49755859375
-1.8671875 -0.3564453125 0.77685546875
-1.8671875 -0.6103515625 0.89404296875
-0.3046875 -1.3017578125 1.07373046875
-1.8671875 0.7099609375 1.49755859375
-1.9609375 1.1357421875 1.12646484375
-1.6015625 -0.9638671875 -1.096923828125
-1.8515625 -1.0517578125 0.65380859375
-0.4921875 -1.2958984375 -0.38720703125
-1.8671875 0.8115234375 1.39404296875
-1.8828125 -0.0439453125 0.13623046875
-1.8671875 0.2529296875 1.49169921875
-1.8828125 0.0498046875 1.25927734375
-1.8828125 -0.3369140625 0.74755859375
1.8203125 -1.1181640625 -1.452178955078125
-1.8828125 0.0146484375 0.62646484375
-1.3203125 -1.2236328125 1.64013671875
1.2890625 -1.1962890625 0.95849609375
-1.8828125 0.6318359375 1.02685546875
1.3359375 -1.2158203125 1.23779296875
-1.8828125 0.3466796875 0.38232421875
-1.8671875 -0.0673828125 0.18115234375
-1.8828125 -0.5048828125 1.47998046875
-1.8828125 -0.9716796875 1.24755859375
0.2265625 -1.2998046875 1.09716796875
-1.8671875 -0.4580078125 1.13427734375
-0.4140625 -1.3056640625 1.57763671875
-0.9609375 -1.2431640625 1.14404296875
1.5703125 -1.3037109375 -0.08740234375
-1.8984375 1.0146484375 1.27294921875
-1.8671875 -0.5947265625 1.37255859375
-1.8671875 -1.0439453125 0.89208984375
-1.8359375 -1.2177734375 0.53466796875
1.6640625 -0.8798828125 -1.44378662109375
1.5859375 -1.2333984375 0.82568359375
-1.8515625 0.2880859375 1.38623046875
-1.8828125 -0.5126953125 1.11279296875
-1.9296875 0.2646484375 0.25927734375
-0.8984375 -1.3076171875 1.54638671875
-1.8671875 -0.3837890625 1.13623046875
-1.8359375 -0.0712890625 0.30126953125
-1.8671875 0.7099609375 1.49755859375
-1.8515625 -1.1025390625 -0.8369140625
-1.8828125 0.1943359375 0.38232421875
-1.8828125 -0.6416015625 0.74560546875
-1.8515625 0.2294921875 0.30126953125
-0.4921875 -1.2958984375 -0.38720703125
0.8203125 -1.3369140625 0.31884765625
0.2265625 -0.7197265625 -1.618408203125
-1.8828125 -0.2783203125 1.48388671875
0.8046875 -1.2666015625 1.52294921875
-1.1796875 -1.2861328125 1.28076171875
-1.8671875 0.0458984375 0.65966796875
-1.6328125 -1.3212890625 0.25830078125
0.7421875 -1.2626953125 0.26025390625
-1.9140625 0.8583984375 0.87841796875
-1.8671875 -0.7607421875 1.01123046875
-1.8828125 0.1982421875 1.26318359375
-1.8515625 -1.0107421875 0.17919921875
-0.3046875 -1.2919921875 -0.65185546875
-1.9609375 1.1435546875 0.63037109375
-1.8671875 -0.7158203125 0.77490234375
-1.8828125 1.1591796875 0.66943359375
-1.8515625 -0.7451171875 1.37060546875
-0.4609375 -1.4716796875 -1.586669921875
-1.8828125 1.0576171875 0.54638671875
-1.8828125 0.1982421875 1.26318359375
-1.8984375 0.3857421875 1.12060546875
-1.8671875 -1.0478515625 1.00927734375
-1.1015625 -1.2607421875 1.65576171875
-1.6796875 -0.7001953125 1.62255859375
-0.7421875 -1.3291015625 0.43212890625
1.6328125 -1.2451171875 0.54345703125
-1.9296875 -0.0400390625 0.38134765625
-1.9609375 -0.3876953125 0.29931640625
-1.3203125 -1.3037109375 1.51708984375
-1.8828125 -0.2275390625 0.06103515625
-1.5859375 -1.0341796875 -1.220703125
-1.8515625 0.8623046875 1.50146484375
-1.8828125 0.6748046875 0.54443359375
-1.8359375 -1.1748046875 -0.4140625
-1.8359375 -1.2373046875 -0.71435546875
-0.2578125 -1.3447265625 0.05517578125
1.9765625 -1.2587890625 1.59326171875
-1.8671875 -1.0478515625 1.00927734375
-1.8984375 1.0927734375 0.88037109375
-1.0859375 -1.3251953125 -0.31005859375
-1.8515625 0.2880859375 1.38623046875
-1.8984375 1.0107421875 0.88037109375
0.3828125 -1.2587890625 0.52783203125
1.5078125 -1.3017578125 0.87646484375
-1.8828125 -0.2041015625 1.48388671875
-1.8828125 1.0849609375 0.66748046875
1.5859375 -1.2333984375 0.82568359375
-1.8515625 0.3740234375 0.30224609375
-1.8828125 -1.0283203125 -0.59130859375
-1.9921875 1.1513671875 0.75537109375
-1.8828125 0.3232421875 1.49169921875
-1.8984375 0.3193359375 1.12060546875
-1.7578125 1.0615234375 1.52685546875
1.4609375 -1.3232421875 0.04931640625
-1.8984375 0.7880859375 0.75341796875
1.4765625 -1.3056640625 0.46240234375
-1.8671875 -1.0810546875 0.74365234375
-1.8984375 0.7138671875 0.75341796875
-0.2578125 -1.3447265625 0.05517578125
-1.8828125 0.9208984375 1.12841796875
-1.8671875 -0.5712890625 0.62451171875
-1.8671875 0.5498046875 1.49560546875
-0.4296875 -1.3896484375 -1.5897216796875
-1.8671875 0.5107421875 1.38818359375
0.1015625 -1.2353515625 1.18896484375
-1.8359375 0.0029296875 0.06103515625
0.5546875 -1.3955078125 -0.7392578125
-1.7578125 0.9052734375 1.52490234375
-1.8515625 -0.3876953125 0.89794921875
-0.7578125 -1.2861328125 0.51416015625
-1.8984375 -0.1962890625 0.87060546875
-1.8359375 -1.2373046875 -0.71435546875
-1.8828125 -0.2041015625 1.48388671875
-1.8203125 -1.1005859375 -0.6513671875
-1.8046875 -1.2236328125 0.86669921875
-1.8515625 0.2880859375 1.38623046875
0.7734375 -0.9638671875 -1.109130859375
-1.8984375 -0.1962890625 0.87060546875
-0.2578125 -1.3447265625 0.05517578125
-1.8515625 -0.9287109375 0.53564453125
-1.8515625 -1.2255859375 0.74365234375
-0.2734375 -1.3408203125 0.31005859375
-1.8984375 0.3388671875 1.26318359375
-0.7734375 -1.3330078125 0.55517578125
-0.6796875 -1.2880859375 0.68310546875
-1.8671875 0.5654296875 0.66357421875
-0.4453125 -1.2431640625 1.16552734375
-1.8984375 0.4013671875 0.87451171875
-1.9140625 0.1123046875 0.25927734375
0.9765625 -1.3095703125 -0.08251953125
-1.8828125 0.1943359375 0.25927734375
-1.0234375 -1.2490234375 1.52099609375
-1.8671875 -0.4580078125 1.13427734375
-1.8828125 0.9794921875 0.54638671875
-0.2265625 -1.3310546875 0.43896484375
-1.8359375 -1.2470703125 -0.64990234375
-1.8515625 -1.0341796875 1.48583984375
0.0078125 -1.3994140625 -1.5916748046875
-1.8984375 1.1826171875 0.38427734375
-0.4453125 -1.2431640625 1.16552734375
-1.8671875 -0.1416015625 0.18115234375
-1.8828125 0.7841796875 0.63037109375
-1.8828125 -0.7119140625 0.74560546875
-1.8828125 0.4208984375 1.14599609375
1.0078125 -0.9951171875 -1.1649169921875
-1.8671875 -1.0419921875 1.24755859375
-1.8671875 -0.2353515625 1.37646484375
-1.8828125 0.7490234375 0.78662109375
-1.8359375 0.3037109375 0.30224609375
-1.8359375 -1.1025390625 -0.41455078125
-1.8828125 -0.7900390625 0.86669921875
-1.8359375 -1.1748046875 -0.650390625
1.9765625 -1.2705078125 1.03076171875
-1.8828125 0.7138671875 0.90771484375
-1.8828125 1.0576171875 0.54638671875
0.4140625 -1.2392578125 0.39404296875
-1.8359375 -1.0205078125 -0.29541015625
-1.8515625 0.2880859375 1.38623046875
-0.3984375 -1.3291015625 -0.52001953125
-1.8984375 0.9716796875 0.78857421875
-1.8203125 -1.1669921875 -0.17626953125
-1.8203125 -1.0263671875 -0.65185546875
-0.7578125 -1.3447265625 0.05712890625
-1.8984375 0.4052734375 0.13623046875
1.2421875 -1.3662109375 -0.49462890625
-1.8671875 -0.9736328125 0.89208984375
-1.8203125 1.3388671875 1.51123046875
1.5546875 -1.0712890625 -1.43505859375
-1.9296875 0.2646484375 0.25927734375
-1.8984375 -0.4892578125 0.86865234375
0.2265625 -0.7197265625 -1.618408203125
-1.8515625 -0.1767578125 0.38134765625
0.4453125 -1.2568359375 1.23779296875
-0.1015625 -1.3251953125 -0.32958984375
-1.8984375 -0.1962890625 0.87060546875
-1.8203125 -1.2861328125 0.77294921875
-0.6484375 -1.3251953125 -0.06787109375
-1.8515625 -0.5400390625 0.65771484375
