BOX_TRUCK
0.2734375 -1.23046875 -0.14501953125
-0.0703125 -1.232421875 0.20458984375
-1.8203125 -0.94921875 -0.29638671875
-1.8359375 0.3046875 1.15673828125
-1.8671875 0.78125 0.64501953125
-1.8671875 1.1953125 0.00048828125
-1.8359375 0.90625 1.37353515625
-1.8203125 -0.64453125 0.74169921875
-1.8359375 -1.068359375 1.46728515625
-1.8671875 1.00390625 1.17626953125
-1.8515625 0.5546875 1.05712890625
-1.9140625 1.2578125 1.17822265625
-1.8359375 -0.939453125 0.94970703125
-1.8203125 -1.044921875 0.43017578125
-1.8515625 0.46484375 0.64404296875
-1.8203125 -0.796875 0.84228515625
-1.7890625 -1.228515625 0.53857421875
-1.8203125 -0.94140625 0.03369140625
0.8515625 -1.234375 0.34326171875
-1.8359375 -0.390625 1.15087890625
-1.8203125 0.07421875 0.23291015625
-1.8515625 -0.23828125 0.95361328125
-1.8359375 -0.14453125 1.04931640625
-1.8515625 -0.876953125 0.94970703125
-1.8359375 -1.013671875 -0.39990234375
-1.8515625 -0.37890625 1.16064453125
-1.8515625 -0.16796875 0.95361328125
-1.8359375 -0.07421875 1.25439453125
-1.8359375 1.0859375 1.50048828125
-1.8203125 0.07421875 0.23291015625
-1.8359375 -0.6171875 0.95166015625
-0.5390625 -1.24609375 -0.12255859375
0.2109375 -1.271484375 -0.72021484375
-1.8203125 -1.080078125 1.04345703125
-1.8359375 0.44140625 1.36572265625
-1.8359375 -1.005859375 0.63720703125
-1.8515625 0.5859375 0.64404296875
-1.2109375 -1.26171875 0.96142578125
-0.0390625 -1.2578125 0.89501953125
1.1171875 -1.255859375 -0.64990234375
-1.1015625 -1.25 -0.3212890625
-1.8046875 -0.939453125 1.34619140625
-1.8359375 0.5 1.16064453125
-1.8203125 1.2265625 1.50439453125
-1.8359375 -0.49609375 0.63818359375
-1.7109375 -1.29296875 -0.37060546875
-1.8203125 -0.76953125 0.74072265625
-0.5390625 -1.279296875 -0.56591796875
-1.8359375 -0.61328125 0.84228515625
0.1796875 -1.201171875 1.58251953125
-1.8671875 -1.22265625 0.01708984375
-0.4140625 -1.28515625 0.01513671875
1.6015625 -0.78125 -1.55029296875
-1.1484375 -1.306640625 -0.70458984375
-1.7421875 -1.28125 0.64013671875
-1.8515625 0.80859375 1.17431640625
-1.8671875 0.9453125 1.06103515625
-1.8515625 0.37109375 1.26025390625
-1.8515625 -0.1015625 0.32470703125
-1.8671875 1.109375 0.54150390625
-1.7890625 1.18359375 1.48681640625
0.0859375 -0.796875 -0.947998046875
-1.0390625 -1.26953125 -0.08056640625
0.0859375 -0.6484375 -0.950439453125
-0.2265625 -1.205078125 1.55908203125
0.0703125 -0.73046875 -0.9482421875
-1.8515625 0.8203125 0.95556640625
-0.9296875 -1.212890625 1.19189453125
-1.8359375 -0.939453125 0.94970703125
-1.8359375 -0.57421875 1.14697265625
-1.7890625 0.26171875 1.46923828125
-1.7578125 -1.232421875 0.84619140625
-1.8359375 -0.9296875 0.53369140625
0.7109375 -1.2578125 -0.62939453125
-1.8046875 -0.2421875 0.23388671875
-1.8359375 -0.865234375 0.53369140625
-1.8203125 -0.17578125 0.33544921875
-0.7890625 -1.267578125 0.87158203125
-1.8515625 0.91015625 0.85205078125
-1.7734375 -1.228515625 0.11962890625
-1.7890625 -1.111328125 0.43798828125
1.6171875 -1.248046875 0.46533203125
-0.5703125 -1.31640625 -0.19775390625
-1.2109375 -1.26171875 0.96142578125
0.8515625 -1.234375 0.34326171875
-1.8515625 -0.01953125 1.05126953125
-1.7890625 -1.06640625 -0.36962890625
-1.8203125 0.0625 1.35986328125
0.3828125 -1.27734375 -0.44921875
-1.8515625 0.625 1.16064453125
-1.8359375 0.4609375 0.85009765625
-1.7421875 -1.28125 0.64013671875
0.2890625 -1.28125 0.22998046875
-1.8359375 -0.515625 0.94384765625
0.4296875 -1.255859375 0.11572265625
-0.4296875 -1.2734375 0.55712890625
-1.8359375 -0.03515625 0.85009765625
-1.8515625 -0.75390625 0.23486328125
-1.8359375 0.55859375 0.74755859375
-1.8046875 -1.0078125 -0.36962890625
-1.8359375 0.3046875 1.15673828125
-1.8203125 -1.080078125 -0.294921875
1.1171875 -1.220703125 0.43310546875
0.5390625 -0.908203125 -0.9776611328125
-1.8203125 0.00390625 0.13037109375
1.0546875 -1.21484375 1.51416015625
-1.8359375 -0.943359375 0.63818359375
-1.2109375 -1.26171875 0.96142578125
-1.8203125 -0.69921875 1.14697265625
-1.8046875 -0.9296875 0.23583984375
1.3671875 -1.189453125 0.92041015625
-1.8203125 1.25390625 0.85595703125
-1.7890625 0.9140625 1.48095703125
-1.8671875 0.8828125 0.85400390625
-1.8203125 -0.923828125 0.53857421875
-1.8359375 0.296875 0.74560546875
-1.8359375 -1.138671875 1.46728515625
-1.7890625 -1.224609375 0.84033203125
0.4453125 -1.240234375 0.34228515625
-1.8203125 -0.25 0.13134765625
-1.8359375 -0.9296875 0.53369140625
-1.8046875 -1.197265625 0.93994140625
-1.9140625 -1.1875 0.12158203125
-1.8515625 1.15234375 0.95947265625
0.7109375 -1.224609375 -0.15771484375
-1.9140625 -0.958984375 -0.70703125
-1.8203125 0.265625 0.23193359375
-1.6640625 0.30859375 1.58251953125
-0.0703125 -1.232421875 0.20458984375
0.7109375 -1.22265625 0.43310546875
-1.7265625 -0.8515625 1.55712890625
-1.8203125 -0.5703125 1.35009765625
1.1640625 -1.244140625 0.69677734375
-1.7890625 -1.111328125 0.43798828125
0.7109375 -1.224609375 -0.15771484375
-1.7890625 0.65234375 1.47705078125
-1.8359375 0.5625 0.95361328125
-1.8671875 0.87890625 1.26806640625
-1.8359375 0.296875 0.74560546875
-1.8203125 -1.0703125 -0.16748046875
-1.8671875 0.87890625 1.26806640625
-0.5703125 -1.25 0.43115234375
-1.8203125 -0.953125 0.94189453125
1.5078125 -1.220703125 1.06298828125
-1.8359375 -0.7421875 0.84619140625
-1.7734375 -1.224609375 0.33740234375
-1.8203125 -0.76171875 1.14697265625
-1.8359375 -0.1171875 1.16455078125
-1.8359375 1.0859375 1.50048828125
-1.8671875 1.28125 0.75048828125
1.6015625 -0.931640625 -1.546875
1.0390625 -1.185546875 1.63134765625
1.4921875 -0.873046875 -1.0421142578125
-1.7734375 0.7890625 1.48095703125
-0.9296875 -1.259765625 0.43115234375
-1.2734375 -1.26171875 1.48095703125
-1.8359375 0.74609375 1.49462890625
-0.7265625 -0.14453125 -1.626220703125
-1.8203125 -1.05078125 0.53857421875
-1.8515625 1.046875 0.54150390625
-1.8515625 0.84765625 0.85205078125
-1.7890625 -0.18359375 1.46337890625
-1.8046875 -1.12890625 -0.671875
0.8984375 -0.919921875 -1.0015869140625
-1.7890625 -1.013671875 0.74072265625
-1.7109375 -0.28515625 1.56884765625
0.4140625 -1.201171875 1.24853515625
-1.1640625 -1.29296875 0.23486328125
-1.8515625 0.984375 0.64599609375
-1.8046875 -1.19140625 -0.6708984375
-1.8359375 0.296875 0.32373046875
-1.8203125 0.390625 0.23193359375
-1.8515625 0.55078125 0.85205078125
-1.8046875 -0.69140625 1.35009765625
-1.8359375 0.3203125 0.12939453125
-1.8359375 -0.01171875 1.25634765625
-1.7890625 -0.5 1.45751953125
1.6171875 -1.240234375 0.58544921875
-0.9296875 -1.25390625 1.50439453125
-0.5390625 -1.255859375 1.09619140625
-0.4140625 -1.23828125 0.77490234375
-1.5390625 -1.00390625 -1.261688232421875
-1.8671875 1.1953125 0.00048828125
0.6640625 -1.2578125 -0.5087890625
-1.7109375 -1.234375 1.47314453125
0.8828125 -1.201171875 0.90869140625
-1.8359375 0.4609375 0.33447265625
-1.8359375 -1.138671875 1.46728515625
-1.8203125 -0.81640625 0.74169921875
-1.8515625 -1.1328125 0.84423828125
-1.6640625 0.44140625 1.58447265625
0.6640625 -1.23046875 1.02978515625
-1.8359375 -1.109375 0.84033203125
-1.8359375 -0.0859375 1.05126953125
-1.8359375 0.171875 0.74560546875
-1.7109375 -0.09375 1.57080078125
-1.7109375 -1.234375 1.14697265625
-1.8515625 -0.6796875 0.22119140625
-1.8359375 0.546875 0.74755859375
0.2421875 -1.240234375 1.12939453125
