BOX_TRUCK
1.73828125 -1.2177734375 0.5655517578125
0.00390625 -1.2138671875 1.0040283203125
1.28515625 -1.2041015625 0.5762939453125
-1.77734375 -0.2021484375 0.1778564453125
-1.77734375 -0.6435546875 1.2403564453125
-1.62109375 -0.7021484375 1.6192626953125
-1.82421875 -0.9873046875 -0.1444091796875
1.47265625 -1.2138671875 0.2569580078125
-1.77734375 -0.9599609375 1.2637939453125
-1.80859375 -1.1220703125 0.8009033203125
0.41015625 -1.2822265625 -0.2186279296875
0.78515625 -1.2119140625 0.8419189453125
-1.77734375 -0.9130859375 1.0958251953125
-0.65234375 -1.2236328125 0.6475830078125
-1.80078125 1.1533203125 1.1407470703125
-0.90234375 -1.2861328125 -0.5379638671875
-1.76171875 -1.0712890625 -0.2313232421875
-1.80078125 -0.0732421875 1.0274658203125
-1.83203125 1.2001953125 0.9669189453125
-0.63671875 -1.1513671875 -1.6519775390625
-1.81640625 1.0361328125 0.6436767578125
-1.77734375 -0.1708984375 1.1114501953125
-1.79296875 -0.7490234375 1.2677001953125
-1.77734375 -0.7919921875 0.7178955078125
-1.76171875 0.0009765625 1.4591064453125
-1.77734375 -1.0185546875 0.9278564453125
-1.76171875 -1.0654296875 0.9278564453125
-1.79296875 -0.3662109375 0.6837158203125
-1.77734375 -0.4169921875 0.6837158203125
-1.87109375 1.0830078125 0.7325439453125
-0.88671875 -1.2333984375 1.0079345703125
-1.82421875 0.9111328125 1.0001220703125
-1.79296875 0.8603515625 0.6124267578125
0.50390625 -1.2412109375 0.5460205078125
1.16015625 -1.2373046875 -0.4398193359375
-1.69921875 -1.2392578125 0.1124267578125
-1.79296875 -0.0849609375 0.6358642578125
-1.77734375 0.0986328125 1.1173095703125
-1.76171875 -1.1240234375 0.5938720703125
-1.05859375 -1.2841796875 0.1729736328125
-1.80078125 0.3876953125 0.1778564453125
-1.76171875 -0.4326171875 1.4454345703125
-1.83203125 1.1494140625 1.2286376953125
-0.99609375 -1.2646484375 0.2598876953125
1.73828125 -0.4404296875 -1.6092529296875
1.51953125 -1.1533203125 0.8907470703125
-1.79296875 -0.5849609375 0.6329345703125
1.45703125 -1.2392578125 -0.6741943359375
1.73828125 -1.2177734375 0.5655517578125
1.11328125 -1.2373046875 0.1583251953125
-1.77734375 -0.6943359375 0.6319580078125
1.51953125 -1.1982421875 0.3682861328125
-1.82421875 -0.8544921875 0.4581298828125
-1.29296875 -1.2841796875 0.4307861328125
-1.80859375 0.9697265625 0.6134033203125
-1.80078125 0.4306640625 1.2110595703125
-1.80859375 0.0712890625 0.8126220703125
-1.62109375 -0.9580078125 1.6134033203125
-1.79296875 -0.2607421875 0.6846923828125
-0.04296875 -1.2783203125 -0.6693115234375
-1.35546875 -1.2763671875 -0.5999755859375
-1.82421875 1.1689453125 0.7022705078125
-1.74609375 -0.9560546875 -0.3250732421875
-1.79296875 0.1494140625 1.2052001953125
-1.77734375 -1.0126953125 1.1798095703125
-1.74609375 -1.1728515625 -0.2313232421875
-1.77734375 -0.9130859375 1.0958251953125
0.92578125 -1.2412109375 -0.2371826171875
-1.80078125 -0.1513671875 0.8106689453125
-0.33984375 -1.2314453125 1.1700439453125
-1.77734375 -0.4365234375 1.1055908203125
-1.77734375 -0.1083984375 0.0919189453125
-1.74609375 -1.1728515625 -0.4910888671875
-1.80078125 0.5205078125 0.7794189453125
-1.74609375 -1.0048828125 1.0958251953125
0.55078125 -1.2177734375 0.0723876953125
-1.79296875 0.0830078125 0.2843017578125
0.91015625 -1.2255859375 -0.1346435546875
-1.76171875 -1.1708984375 0.7598876953125
-1.81640625 1.0556640625 0.7012939453125
-1.66796875 -0.9384765625 1.5919189453125
0.25390625 -1.2548828125 -0.0252685546875
-1.79296875 -0.7451171875 0.8048095703125
-1.62109375 -1.2978515625 -0.4959716796875
-1.79296875 -0.1005859375 0.2628173828125
-1.80859375 0.9853515625 1.2247314453125
-1.12109375 -1.2646484375 -0.0770263671875
0.03515625 -1.2373046875 0.5626220703125
-1.80078125 0.2001953125 1.0333251953125
1.12890625 -1.1982421875 0.6553955078125
-1.77734375 -1.0771484375 0.9747314453125
-1.77734375 -0.3388671875 0.7677001953125
-1.81640625 -0.1396484375 0.1973876953125
-1.66796875 -1.2841796875 0.3428955078125
1.78515625 -1.2041015625 0.7716064453125
-1.81640625 0.9423828125 0.6993408203125
-1.79296875 -0.7451171875 0.8048095703125
-1.76171875 -0.9423828125 0.3721923828125
-1.13671875 -1.2900390625 -0.5238037109375
-1.81640625 0.8564453125 0.9591064453125
-0.65234375 -1.3271484375 -1.6444091796875
-1.62109375 -0.6005859375 1.6036376953125
-1.57421875 -0.2529296875 1.6387939453125
-1.62109375 -0.6005859375 1.6036376953125
0.80078125 -1.1904296875 0.6710205078125
-1.83203125 -1.1376953125 0.9727783203125
-1.65234375 -1.1240234375 1.6055908203125
-1.35546875 -1.2900390625 -0.4232177734375
-0.24609375 -1.2158203125 0.9923095703125
-1.80078125 1.1533203125 1.1407470703125
-0.96484375 -1.2646484375 -0.0906982421875
-1.62109375 -0.2646484375 1.6134033203125
-1.83203125 1.1376953125 1.0509033203125
-1.80078125 0.4189453125 0.2843017578125
-1.80078125 0.4306640625 1.2969970703125
1.34765625 -1.1787109375 0.4718017578125
0.25390625 -1.2392578125 0.7305908203125
0.55078125 -1.2177734375 0.0723876953125
-1.82421875 0.8603515625 1.0450439453125
-1.77734375 -0.3076171875 0.6348876953125
-1.80859375 0.7509765625 1.0430908203125
-1.77734375 0.1689453125 0.3477783203125
-1.73046875 -1.2216796875 -0.2313232421875
-1.77734375 -0.6591796875 0.5977783203125
-1.80078125 -0.9267578125 -0.1453857421875
-1.68359375 -1.2529296875 1.0118408203125
-1.82421875 0.3994140625 1.2598876953125
-0.46484375 -1.0419921875 -1.6549072265625
-1.66796875 -1.1572265625 1.5880126953125
-1.74609375 -1.2255859375 -0.4036865234375
-1.41796875 -0.9599609375 -1.046875
-1.76171875 0.1220703125 0.3477783203125
-1.79296875 -0.3388671875 1.0235595703125
-1.80859375 0.5244140625 1.0391845703125
-1.98046875 1.5126953125 -1.6011962890625
1.73828125 -1.1845703125 -0.3719482421875
-1.29296875 -1.2822265625 0.5167236328125
-1.38671875 -1.2138671875 1.6270751953125
-1.80078125 0.7587890625 1.1309814453125
0.25390625 -1.2255859375 0.0782470703125
-1.83984375 -0.0302734375 0.1094970703125
0.25390625 -1.2548828125 -0.0252685546875
-1.80078125 0.1767578125 0.9903564453125
-1.76171875 -0.9599609375 1.4317626953125
0.97265625 -1.2197265625 1.3438720703125
-1.46484375 -1.2939453125 -0.5882568359375
-0.90234375 -1.2685546875 0.3712158203125
-1.79296875 -0.5966796875 1.1876220703125
-1.81640625 0.9697265625 0.7872314453125
-1.74609375 -1.2060546875 0.3712158203125
-1.27734375 -1.2412109375 1.2911376953125
-1.80859375 0.9814453125 0.6427001953125
-1.74609375 -1.1962890625 0.1134033203125
-1.77734375 -1.0732421875 0.8438720703125
-1.82421875 0.9111328125 1.0001220703125
-0.37109375 -1.2568359375 0.3702392578125
0.83203125 -0.8662109375 -1.049560546875
1.94140625 -1.2529296875 -0.2640380859375
-1.79296875 -0.4443359375 0.8516845703125
-1.79296875 -0.1435546875 0.7227783203125
-1.58984375 -1.2138671875 1.6075439453125
-1.77734375 -0.8076171875 1.0977783203125
-1.79296875 -0.0458984375 0.6876220703125
0.70703125 -1.1923828125 0.4688720703125
-1.76171875 -0.9423828125 0.3721923828125
-1.74609375 -1.2333984375 0.0274658203125
-1.79296875 -1.1650390625 0.3721923828125
-0.46484375 -1.0947265625 -1.6531982421875
-0.01171875 -1.2626953125 -0.0125732421875
1.41015625 -1.2275390625 0.4581298828125
-1.83203125 1.1572265625 0.7335205078125
-1.26171875 -1.2431640625 0.4600830078125
-1.76171875 -0.9052734375 0.6319580078125
-1.76171875 -1.1708984375 0.7598876953125
-1.74609375 -0.9560546875 -0.3250732421875
-1.80859375 -0.0458984375 1.2501220703125
-1.77734375 -0.7099609375 0.7637939453125
-1.35546875 -1.2939453125 -0.1580810546875
-1.79296875 0.1103515625 0.1778564453125
-1.80078125 -0.1240234375 0.9415283203125
-1.80078125 -0.1201171875 1.1973876953125
1.61328125 -1.3779296875 -1.5738525390625
-1.79296875 -0.6474609375 1.1876220703125
-1.66796875 -0.9384765625 1.5919189453125
-1.79296875 -0.1240234375 1.0255126953125
1.12890625 -1.1982421875 0.6553955078125
-1.83203125 -1.1904296875 0.5430908203125
-1.77734375 -0.7099609375 0.5968017578125
-1.77734375 -0.7294921875 -0.0614013671875
-1.74609375 -1.0107421875 -0.3197021484375
-1.79296875 -0.0029296875 0.0919189453125
-1.62109375 -0.9052734375 1.6134033203125
-1.76171875 -1.0576171875 1.2618408203125
-1.79296875 -0.1240234375 1.0255126953125
1.30078125 -1.1884765625 0.7813720703125
-1.79296875 -0.2060546875 0.6348876953125
0.25390625 -1.2392578125 0.7305908203125
-0.24609375 -1.2509765625 0.2589111328125
-1.66796875 -0.9384765625 1.5919189453125
-1.05859375 -1.2841796875 0.1729736328125
