BOX_TRUCK
-1.78515625 -0.4697265625 1.370849609375
-0.01953125 -1.2236328125 -0.265869140625
-1.78515625 -0.2666015625 0.970458984375
-0.65234375 -1.2353515625 -0.237548828125
-1.82421875 -0.7470703125 0.512451171875
-1.78515625 0.5224609375 0.792724609375
-1.86328125 1.1943359375 0.595458984375
0.84765625 -1.1591796875 0.555419921875
-1.71484375 -1.1650390625 -0.191650390625
-1.74609375 -1.1591796875 0.320068359375
-1.79296875 0.2099609375 0.653076171875
-1.71484375 -1.1650390625 1.198974609375
-0.00390625 -1.2021484375 -0.046142578125
-1.81640625 1.0185546875 1.007568359375
-1.80078125 1.0810546875 0.743896484375
-1.78515625 0.5146484375 0.211669921875
0.48046875 -1.1630859375 1.394287109375
-1.78515625 1.2216796875 0.613037109375
-0.35546875 -0.9482421875 -1.601806640625
-1.80859375 0.9365234375 0.741943359375
-1.71484375 -1.1650390625 1.198974609375
0.51953125 -1.1630859375 0.855224609375
-1.80859375 0.8427734375 0.660888671875
-1.74609375 -1.0908203125 -0.320556640625
-0.25390625 -1.1767578125 0.839599609375
-1.78515625 -0.3095703125 0.647216796875
-0.42578125 -1.2099609375 0.420654296875
-0.13671875 -1.2138671875 0.146240234375
-1.76953125 -0.4345703125 0.839599609375
-1.76171875 0.7958984375 1.433349609375
-1.77734375 -0.5595703125 0.712646484375
1.72265625 -1.1513671875 1.023193359375
-1.76171875 -1.0341796875 0.827880859375
-1.11328125 -1.2470703125 -0.486083984375
-1.46484375 -1.2392578125 -0.397216796875
-1.12890625 -1.2451171875 -0.107666015625
-1.76953125 -1.0029296875 0.767333984375
-1.70703125 -1.2080078125 0.064208984375
0.60546875 -1.1865234375 0.736083984375
-1.79296875 0.6552734375 0.794677734375
-1.78515625 0.1591796875 1.255615234375
-1.78515625 0.4521484375 0.861083984375
-1.19921875 -1.1943359375 0.728271484375
-1.78515625 -0.2275390625 0.907958984375
-1.05078125 -1.2294921875 -0.627197265625
-1.51953125 -1.2451171875 0.320068359375
-1.81640625 0.7802734375 1.277099609375
-0.00390625 -1.1748046875 0.833740234375
-0.55078125 -1.2099609375 0.554443359375
-1.61328125 -1.2451171875 -0.583740234375
-1.19140625 -1.2314453125 -0.616455078125
-1.74609375 -1.1591796875 0.320068359375
1.94921875 -1.1494140625 0.708740234375
-1.97265625 -0.1494140625 0.060302734375
-1.79296875 0.1044921875 1.109130859375
-1.75390625 0.0419921875 0.276123046875
-1.77734375 -0.8134765625 0.642333984375
-1.82421875 -1.1572265625 0.510498046875
-1.80078125 0.5263671875 0.251708984375
1.05078125 -1.1533203125 0.558349609375
0.80078125 -1.2080078125 0.142333984375
-1.76953125 -1.0517578125 0.447998046875
-1.74609375 -1.1279296875 -0.447509765625
-1.77734375 -0.2236328125 1.226318359375
-1.74609375 -0.9130859375 -0.652099609375
1.04296875 -1.1884765625 0.321044921875
-1.26953125 -1.2490234375 -0.103759765625
-1.09765625 -1.2333984375 0.320068359375
-1.76171875 0.1630859375 0.855224609375
-1.33984375 -1.2490234375 -0.075439453125
1.08984375 -1.2021484375 -0.156494140625
1.99609375 -1.1650390625 0.218505859375
-1.13671875 -1.1591796875 1.626708984375
0.06640625 -1.1552734375 1.534912109375
0.63671875 -1.1689453125 0.960693359375
-1.71484375 -1.1689453125 -0.127197265625
-1.41015625 -1.1845703125 1.241943359375
-1.77734375 -0.2744140625 0.781005859375
-0.01953125 -1.2236328125 -0.265869140625
-1.73046875 -1.1455078125 0.643310546875
-1.66796875 -0.4150390625 1.597412109375
-1.51953125 -1.2451171875 0.320068359375
0.37890625 -1.1982421875 0.071044921875
-1.75390625 -0.9072265625 -0.094970703125
-1.77734375 -0.8544921875 0.641357421875
-1.75390625 -1.0048828125 -0.709716796875
-1.76953125 -0.9951171875 0.706787109375
-1.77734375 0.3310546875 0.923583984375
-1.76953125 -0.6728515625 1.085693359375
-1.69921875 -1.2138671875 -0.645751953125
-1.80078125 0.9951171875 1.275146484375
-1.79296875 0.2099609375 0.988037109375
1.64453125 -0.5634765625 -1.510498046875
0.68359375 -1.1904296875 0.217529296875
-0.79296875 -1.1923828125 1.011474609375
-1.76953125 0.1435546875 0.319091796875
-1.06640625 -1.2255859375 -0.433837890625
-1.81640625 1.0185546875 1.007568359375
0.62890625 -1.1806640625 -0.823974609375
-1.21484375 -1.1904296875 1.241943359375
-1.79296875 0.7255859375 1.132568359375
-0.67578125 -1.1708984375 1.456787109375
-1.43359375 -1.2255859375 -0.036376953125
-1.80078125 0.6591796875 0.658935546875
0.67578125 -1.1728515625 0.515380859375
0.17578125 -1.2060546875 0.360107421875
-1.78515625 -0.5517578125 1.366943359375
-0.01953125 -1.1806640625 1.206787109375
1.03515625 -1.1513671875 0.829833984375
-1.80078125 0.6748046875 1.261474609375
0.57421875 -1.1826171875 0.627685546875
-1.70703125 -1.1962890625 -0.577880859375
-1.80078125 1.1748046875 0.679443359375
-1.74609375 -1.1337890625 0.336669921875
-1.06640625 -1.1904296875 0.798583984375
-1.79296875 -0.1025390625 0.974365234375
-1.36328125 -1.2333984375 -0.009033203125
-1.66796875 -1.1982421875 0.829833984375
-1.79296875 0.6123046875 0.997802734375
1.19921875 -1.1962890625 -0.013916015625
-1.77734375 -0.3134765625 0.779052734375
1.77734375 -0.7353515625 -1.030029296875
-0.33203125 -1.0791015625 -1.597900390625
-1.48828125 -1.2353515625 0.402099609375
0.16796875 -1.1630859375 1.366943359375
0.33203125 -1.2021484375 0.362060546875
-0.26953125 -1.1708984375 1.048583984375
1.61328125 -0.9443359375 -1.009765625
-1.75390625 -1.0205078125 -0.128173828125
-0.37890625 -1.2158203125 -0.263916015625
-1.60546875 -1.2021484375 0.643310546875
-1.74609375 -1.1728515625 -0.382080078125
-0.18359375 -1.1806640625 1.044677734375
-1.79296875 0.4443359375 0.796630859375
-1.73046875 -0.9404296875 0.029052734375
-1.76171875 -0.8740234375 0.028076171875
-1.74609375 -1.1357421875 -0.255126953125
-0.74609375 -1.2060546875 0.681396484375
1.78515625 -1.1708984375 0.218505859375
-1.80859375 1.2568359375 0.614013671875
1.65234375 -0.8720703125 -1.4991455078125
-0.35546875 -0.7705078125 -1.610595703125
-1.80859375 0.8896484375 0.661865234375
-1.78515625 0.3623046875 0.794677734375
-1.79296875 0.5654296875 0.995849609375
-1.76953125 -0.6767578125 0.710693359375
-0.01171875 -1.1904296875 0.710693359375
-1.82421875 1.1669921875 1.013427734375
-1.79296875 0.2294921875 0.662841796875
-1.77734375 -0.7236328125 0.710693359375
-1.69140625 -1.1708984375 0.459716796875
-1.80859375 1.2138671875 0.804443359375
-1.79296875 0.7958984375 0.798583984375
0.16796875 -1.1630859375 1.366943359375
-0.16796875 -1.2060546875 -0.042236328125
-0.91796875 -1.2099609375 -0.047119140625
1.67578125 -0.9716796875 -1.498046875
-1.75390625 -0.0009765625 0.276123046875
-1.78515625 0.3623046875 0.794677734375
-1.80859375 -0.9345703125 0.128662109375
-0.26171875 -1.1669921875 1.327880859375
-1.76953125 -0.0048828125 0.339599609375
-1.77734375 0.5888671875 0.864990234375
-1.80078125 -0.4033203125 0.646240234375
-1.78515625 -0.3525390625 0.647216796875
1.44140625 -1.1923828125 -0.575439453125
-1.75390625 -0.6689453125 0.835693359375
-0.26171875 -1.1669921875 1.327880859375
-1.76171875 0.7958984375 1.433349609375
-1.77734375 -1.0224609375 0.398193359375
-1.46484375 -1.1923828125 1.220458984375
-0.91015625 -1.2119140625 0.083740234375
-1.74609375 -1.1279296875 -0.447509765625
-1.66796875 -1.1904296875 1.200927734375
1.42578125 -1.1494140625 0.565185546875
-1.38671875 -1.2548828125 -0.100830078125
0.49609375 -1.2138671875 -0.288330078125
-1.66796875 -1.2177734375 0.522216796875
-1.79296875 0.7646484375 0.671630859375
-1.80078125 1.0849609375 0.677490234375
-1.66796875 -0.2470703125 1.605224609375
-1.76171875 0.2841796875 0.319091796875
-1.74609375 -1.1435546875 -0.093017578125
-0.31640625 -1.2412109375 -0.750244140625
-1.77734375 -0.3916015625 0.904052734375
-1.78515625 0.8701171875 1.271240234375
-1.69921875 -1.1923828125 0.575927734375
-1.77734375 0.1435546875 0.119873046875
-1.76171875 0.7958984375 1.433349609375
-1.74609375 -0.9755859375 -0.129150390625
-0.37890625 -1.2158203125 -0.263916015625
-0.11328125 -1.2060546875 0.285888671875
1.55078125 -1.1455078125 1.173583984375
-1.76171875 0.1005859375 0.185302734375
-1.79296875 0.1865234375 0.790771484375
1.66015625 -1.1943359375 -0.341064453125
-0.12109375 -1.1982421875 0.247802734375
-1.61328125 -1.2451171875 0.152099609375
-1.62890625 -1.2412109375 0.320068359375
-1.79296875 1.2255859375 0.681396484375
