BOX_TRUCK
-0.59765625 -1.328125 0.7412109375
-1.5390625 -1.349609375 0.458984375
-0.1875 -1.33203125 -0.0654296875
1.90625 -1.322265625 0.583984375
-1.53515625 -1.333984375 0.6103515625
1.8515625 -1.3046875 1.1474609375
-0.078125 -1.318359375 1.0947265625
-1.6953125 -0.572265625 0.6005859375
1.296875 -1.37109375 -0.59814453125
-0.140625 -1.333984375 -0.06640625
0.4609375 -1.326171875 0.4716796875
0.53125 -1.3359375 0.0400390625
-0.0703125 -1.314453125 0.9599609375
1.1328125 -1.341796875 0.1728515625
-1.5703125 -1.34765625 0.3095703125
-0.64453125 -1.3515625 -0.078125
-1.3046875 -1.349609375 0.4638671875
-1.69140625 -0.767578125 -0.083984375
-1.4375 -1.341796875 0.6826171875
-1.70703125 0.970703125 0.7158203125
-1.6953125 0.013671875 0.7412109375
1.46875 -1.34375 0.1669921875
0.953125 -1.31640625 0.396484375
-0.68359375 -1.345703125 0.1748046875
-1.125 -1.3203125 1.1513671875
0.90625 -1.353515625 0.5087890625
-1.46484375 -1.3515625 0.4609375
-0.125 -1.34765625 -0.2734375
-1.69140625 0.568359375 0.7373046875
-0.41796875 -1.333984375 0.359375
-1.625 -0.166015625 1.5458984375
1.640625 -1.314453125 0.412109375
-1.68359375 0.412109375 0.2353515625
-1.71875 -0.033203125 1.2138671875
-1.07421875 -1.3125 1.4287109375
0.3984375 -1.375 -0.4013671875
1.828125 -1.34375 0.056640625
0.9453125 -1.33984375 0.259765625
1.21875 -1.337890625 0.7314453125
-1.9921875 -0.544921875 0.390625
-0.76171875 -1.3203125 1.0185546875
-1.92578125 -0.142578125 0.39453125
-1.6796875 -0.857421875 -0.2705078125
-1.92578125 -0.142578125 0.39453125
-1.6875 -1.326171875 0.6650390625
-1.1640625 -1.333984375 0.1416015625
-1.625 -1.326171875 -0.44482421875
-1.015625 -1.345703125 0.318359375
0.84375 -1.330078125 0.0341796875
-1.6796875 0.373046875 0.2763671875
-0.6953125 -1.3515625 0.4755859375
-0.7890625 -1.3203125 0.54296875
1.0546875 -1.318359375 1.2236328125
0.234375 -1.34765625 0.0107421875
-0.52734375 -1.341796875 -0.58935546875
0.015625 -1.32421875 0.7021484375
-1.703125 0.193359375 1.1689453125
1.71875 -1.330078125 0.474609375
-1.64453125 0.041015625 1.5205078125
-0.3046875 -0.896484375 -1.653076171875
-1.38671875 -1.361328125 0.1748046875
-1.6875 -0.966796875 0.482421875
-1.0703125 -1.3359375 0.431640625
-1.69921875 0.291015625 0.6787109375
1.5390625 -1.31640625 0.7998046875
-0.94140625 -1.33203125 0.64453125
1.9296875 -1.3359375 0.4697265625
-1.109375 -1.349609375 0.244140625
-1.703125 -0.740234375 0.5576171875
-1.1171875 -1.328125 0.3525390625
1.21875 -1.34765625 -0.22265625
-0.0703125 -1.37109375 -0.36328125
-1.50390625 -1.34375 0.111328125
-0.58984375 -1.3515625 -0.1201171875
-0.046875 -1.33984375 0.6171875
0.515625 -1.3203125 0.646484375
-1.6875 -0.712890625 0.6298828125
0.1328125 -1.310546875 1.3212890625
-1.68359375 0.408203125 0.2763671875
-0.0078125 -1.349609375 0.0615234375
-1.6875 -0.80859375 -0.2734375
-1.66796875 -0.751953125 0.0712890625
-0.99609375 -1.3671875 -0.38037109375
0.671875 -1.33203125 -0.0947265625
-1.6796875 -1.146484375 -0.49072265625
1.484375 -1.349609375 0.0654296875
-1.984375 -0.025390625 0.392578125
-0.38671875 -1.33203125 0.0576171875
-1.67578125 -0.796875 0.318359375
1.3125 -1.337890625 0.6669921875
1.9921875 -1.326171875 0.5859375
-1.70703125 -0.98046875 0.9482421875
-1.6953125 0.216796875 0.27734375
-1.7265625 -1.34765625 0.421875
-1.6875 0.017578125 0.3623046875
-1.2578125 -1.345703125 0.46484375
-1.6953125 -1.111328125 0.1416015625
-1.6640625 -1.279296875 0.572265625
-1.69140625 -0.650390625 0.4208984375
0.7578125 -1.3203125 0.615234375
1.1640625 -1.330078125 0.8701171875
-1.6953125 -1.123046875 -0.0693359375
-1.71875 -0.310546875 0.7001953125
0.03125 -1.310546875 0.9697265625
-1.66015625 -1.263671875 -0.01953125
-0.203125 -1.251953125 1.6376953125
-1.4609375 -1.337890625 0.1103515625
1.5 -1.345703125 0.1669921875
-1.68359375 -0.978515625 -0.1123046875
-1.5859375 -1.333984375 0.1083984375
-1.671875 -1.287109375 0.109375
-1.984375 -1.041015625 -1.277496337890625
-1.609375 -1.341796875 -0.6142578125
-0.0390625 -1.330078125 0.1318359375
1.859375 -1.333984375 0.2666015625
0.0859375 -1.34765625 0.318359375
-1.70703125 -0.501953125 0.7099609375
-1.68359375 -1.025390625 -0.2607421875
-1.67578125 -1.158203125 -0.1044921875
-1.69921875 -1.099609375 0.0439453125
1.21875 -1.353515625 0.0234375
-1.703125 -0.021484375 1.0341796875
-0.1796875 -1.326171875 0.1337890625
0.7578125 -1.318359375 0.5712890625
-0.15625 -1.3359375 0.4453125
-1.68359375 -0.84375 -0.0087890625
1.21875 -1.353515625 0.0234375
-0.71484375 -1.322265625 0.509765625
-1.203125 -1.365234375 -0.123046875
0.2109375 -0.94921875 -1.2305908203125
-1.68359375 -1.212890625 0.318359375
-1.6875 0.197265625 0.2373046875
-1.671875 -1.083984375 0.1767578125
-0.48046875 -1.353515625 0.1572265625
-1.69921875 0.208984375 0.8310546875
0.921875 -1.349609375 -0.349609375
-0.73828125 -1.33203125 0.6201171875
-1.6796875 -0.955078125 0.0751953125
1.890625 -1.333984375 -0.1376953125
1.5859375 -1.345703125 0.421875
-1.69921875 1.056640625 0.8056640625
0.75 -1.33984375 0.169921875
-1.68359375 0.267578125 0.1142578125
-1.7109375 -0.365234375 0.6982421875
-0.94140625 -1.333984375 0.3564453125
-1.6953125 -1.033203125 0.1435546875
0.5703125 -1.353515625 -0.396484375
0.4921875 -1.35546875 0.2275390625
-0.15625 -1.33203125 0.212890625
-0.73828125 -1.345703125 0.201171875
-1.65625 -1.296875 -0.2412109375
0.3828125 -1.328125 0.54296875
-1.6640625 -1.20703125 0.107421875
0.4375 -1.330078125 0.1279296875
0.03125 -1.330078125 0.4580078125
-1.72265625 -1.06640625 1.1025390625
-1.70703125 0.857421875 1.2294921875
-1.68359375 -0.708984375 0.595703125
-1.70703125 -0.943359375 0.5693359375
-1.26953125 -1.376953125 -0.65478515625
0.1015625 -1.33203125 0.6669921875
-0.0234375 -1.35546875 -0.0234375
-1.6875 -0.78515625 0.4638671875
-0.9140625 -1.349609375 -0.1015625
0.578125 -1.349609375 0.4111328125
-0.68359375 -1.328125 0.7353515625
-1.69921875 0.505859375 0.2900390625
-1.6875 -0.478515625 0.8740234375
-1.69921875 -1.154296875 0.8115234375
-1.671875 -1.259765625 -0.1005859375
-1.703125 -0.748046875 0.17578125
-0.0859375 -1.328125 0.1328125
-0.39453125 -1.345703125 0.1962890625
-1.69140625 -0.232421875 0.8916015625
0.3671875 -1.31640625 0.3837890625
-1.3671875 -1.36328125 -0.34716796875
1.3671875 -1.337890625 0.548828125
1.0625 -1.31640625 0.7685546875
-1.66796875 -1.015625 -0.0400390625
1.3203125 -1.3359375 1.3681640625
0.421875 -1.318359375 0.384765625
-1.60546875 -1.337890625 -0.2421875
-0.203125 -1.337890625 0.490234375
1.2890625 -1.353515625 0.021484375
1.96875 -1.326171875 0.01171875
-1.6953125 -0.908203125 0.1767578125
-0.5390625 -1.345703125 0.4794921875
-1.671875 -1.107421875 0.03515625
1.2734375 -1.34375 0.1708984375
0.3828125 -1.357421875 -0.21875
0.796875 -1.341796875 0.3486328125
-1.60546875 -1.328125 0.07421875
-0.83203125 -1.33984375 0.28515625
0.59375 -1.3359375 0.126953125
-1.4765625 -1.33984375 0.61328125
-0.234375 -1.328125 0.7666015625
0.640625 -1.34765625 -0.71240234375
-0.30859375 -1.337890625 1.1904296875
-1.67578125 -1.048828125 0.3115234375
0.234375 -1.365234375 -0.49560546875
