BOX_TRUCK
-1.76953125 -0.7705078125 0.2750244140625
1.19921875 -1.2099609375 1.5445556640625
-1.49609375 -1.2099609375 0.7086181640625
-1.74609375 -0.9560546875 0.2467041015625
-1.73828125 -0.6337890625 0.0904541015625
-1.69140625 -1.2119140625 0.9039306640625
-1.55078125 -1.2138671875 0.4820556640625
1.14453125 -1.2158203125 1.2437744140625
0.58984375 -1.2333984375 0.4713134765625
-1.7578125 -0.6142578125 0.1636962890625
-1.234375 -1.2568359375 -0.4451904296875
-1.0703125 -1.2470703125 0.1793212890625
1.78515625 -1.2080078125 1.3316650390625
1.55078125 -1.2275390625 0.6676025390625
-1.765625 -0.8798828125 0.6519775390625
-1.25 -1.2568359375 0.6168212890625
-1.265625 -1.2216796875 0.9488525390625
-1.34375 -1.2587890625 -0.1292724609375
1.05078125 -1.2373046875 0.3375244140625
-1.1015625 -1.2353515625 0.4468994140625
1.25390625 -1.2412109375 0.7359619140625
1.23828125 -1.2255859375 0.5718994140625
-1.73828125 -0.7626953125 -0.0804443359375
-0.63671875 -1.2451171875 0.2017822265625
-1.7734375 0.8291015625 0.2213134765625
-0.18359375 -1.2587890625 -0.2113037109375
-1.74609375 -0.4404296875 0.2662353515625
1.296875 -1.3466796875 -1.6236572265625
-1.0546875 -1.2294921875 0.3609619140625
-1.76953125 -1.0791015625 1.4703369140625
0.65625 -1.2333984375 1.1246337890625
1.88671875 -1.2255859375 0.5494384765625
0.51953125 -1.2275390625 -0.1273193359375
-1.06640625 -1.2451171875 0.2984619140625
-1.10546875 -1.2392578125 0.2398681640625
-1.765625 0.6533203125 0.8297119140625
-1.74609375 -1.0068359375 -0.2835693359375
1.86328125 -1.2236328125 0.0592041015625
-0.484375 -1.2197265625 0.6490478515625
-0.4140625 -1.2314453125 -0.0853271484375
-0.046875 -1.2412109375 0.3287353515625
0.76171875 -1.2529296875 0.1763916015625
-1.66796875 -1.2060546875 0.4771728515625
-0.03515625 -1.2412109375 0.6724853515625
-1.77734375 -0.0146484375 0.7965087890625
-1.76953125 0.7314453125 0.7125244140625
-1.76953125 1.0166015625 0.7340087890625
-1.75 -0.6611328125 0.1802978515625
-1.75 0.8369140625 0.2545166015625
-1.640625 -1.2294921875 0.9058837890625
-0.33984375 -1.2451171875 0.1636962890625
-1.76171875 -0.4560546875 0.3365478515625
-0.984375 -1.2431640625 -0.6634521484375
1.51953125 -1.2333984375 0.3707275390625
-1.12109375 -1.2216796875 0.3599853515625
1.87109375 -1.2255859375 0.8101806640625
-1.7734375 0.0947265625 0.9136962890625
0.5546875 -1.2333984375 0.2174072265625
0.90234375 -1.2119140625 0.8160400390625
-1.74609375 -0.4248046875 0.4195556640625
1.00390625 -1.2412109375 0.3365478515625
1.0546875 -1.2236328125 0.7515869140625
-1.76171875 -0.6044921875 -0.0628662109375
-0.64453125 -1.2353515625 0.3287353515625
-0.7265625 -1.2431640625 0.2037353515625
-0.38671875 -1.2294921875 0.3765869140625
0.17578125 -1.2412109375 0.2222900390625
-1.76171875 -1.0947265625 0.4791259765625
1.50390625 -1.2490234375 0.0767822265625
0.63671875 -1.2236328125 0.0816650390625
-0.31640625 -1.2392578125 0.1295166015625
-1.28515625 -1.2509765625 0.2701416015625
1.36328125 -1.2353515625 0.4527587890625
-0.5390625 -1.2158203125 0.2515869140625
-1.77734375 -0.6220703125 0.8355712890625
-0.90625 -1.2373046875 0.5416259765625
1.30078125 -1.2158203125 0.6138916015625
-1.04296875 -1.2412109375 0.2086181640625
0.49609375 -1.2255859375 0.5133056640625
1.34375 -1.2451171875 -0.2484130859375
-0.98828125 -1.2294921875 0.5328369140625
-1.73828125 -0.4912109375 0.2066650390625
-1.7421875 -0.6787109375 -0.1448974609375
-1.03125 -1.2451171875 0.2984619140625
1.85546875 -1.2373046875 0.4605712890625
0.546875 -1.2373046875 -0.5179443359375
1.30078125 -1.2353515625 0.2633056640625
-1.7734375 0.8291015625 0.2213134765625
-1.23046875 -1.2236328125 0.0299072265625
0.33984375 -1.2451171875 0.6910400390625
0.25390625 -1.2060546875 1.3863525390625
-1.68359375 -1.1982421875 0.4771728515625
-1.08984375 -1.2158203125 -0.0589599609375
-1.7578125 -0.9697265625 0.4322509765625
1.55078125 -1.1240234375 -1.6351318359375
-1.75 -0.5732421875 -0.6707763671875
1.21875 -1.2333984375 0.4937744140625
-1.33984375 -1.2431640625 -0.0150146484375
-1.765625 -1.1181640625 0.9058837890625
-0.22265625 -1.2626953125 -0.5648193359375
1.62890625 -1.2626953125 -0.4583740234375
-1.70703125 -1.2001953125 0.0006103515625
-0.80078125 -1.2255859375 0.7633056640625
-1.55859375 -1.2294921875 0.5074462890625
-0.40625 -1.2333984375 0.4918212890625
0.30078125 -1.2451171875 0.0533447265625
-1.55859375 -1.2451171875 0.9117431640625
-1.76171875 -0.4912109375 0.0191650390625
-0.25390625 -1.2275390625 0.1597900390625
-1.73828125 -1.2978515625 0.3013916015625
-0.84765625 -1.2744140625 -0.7220458984375
0.46875 -1.2314453125 0.6070556640625
-0.640625 -1.2236328125 0.2213134765625
0.98828125 -1.2353515625 0.0748291015625
-1.74609375 -0.4248046875 0.4195556640625
0.69140625 -1.2216796875 0.5465087890625
-1.28515625 -1.2333984375 -0.0765380859375
-1.78125 -0.2216796875 0.6422119140625
1.76953125 -1.2236328125 0.1431884765625
-1.01171875 -1.2216796875 0.0240478515625
-1.6640625 -1.2275390625 0.1090087890625
-1.765625 -0.9033203125 0.2740478515625
-0.98828125 -1.2197265625 0.1363525390625
-1.11328125 -1.2177734375 -0.0579833984375
-0.0078125 -1.2177734375 1.0953369140625
0.44140625 -1.2275390625 0.6402587890625
-0.23828125 -1.2412109375 -0.2191162109375
-1.765625 0.3408203125 0.6832275390625
0.27734375 -1.2607421875 0.0064697265625
0.1875 -1.2119140625 0.7593994140625
1.48828125 -1.2197265625 0.3843994140625
-0.3671875 -1.2294921875 0.4927978515625
-0.578125 -1.2333984375 0.3287353515625
0.3203125 -1.2373046875 0.4615478515625
1.05078125 -1.2509765625 0.1705322265625
-0.78515625 -1.2529296875 -0.3480224609375
0.109375 -1.2080078125 0.8375244140625
0.09765625 -1.2353515625 0.3218994140625
-0.0546875 -1.2294921875 0.5006103515625
-1.75 -0.4951171875 0.4488525390625
1.88671875 -1.2568359375 -0.0657958984375
-1.76171875 0.2197265625 0.7398681640625
1.2734375 -1.2333984375 1.1890869140625
-1.76171875 -1.0302734375 -0.3338623046875
-1.765625 -0.6103515625 -0.3753662109375
-0.578125 -1.2216796875 0.1011962890625
-0.25390625 -1.2373046875 0.3287353515625
-1.75390625 -1.1025390625 0.0386962890625
-1.7578125 -0.7177734375 0.4420166015625
-1.625 -1.1689453125 1.6031494140625
-1.76171875 -0.5498046875 0.1187744140625
0.14453125 -1.2451171875 0.1168212890625
-1.4140625 -1.2373046875 -0.0111083984375
-0.296875 -1.2431640625 0.2955322265625
1.4765625 -1.2294921875 0.3707275390625
-1.44921875 -1.2177734375 0.6451416015625
-1.765625 -0.7744140625 0.4947509765625
1.1015625 -1.2158203125 1.5269775390625
1.51171875 -1.2197265625 1.5972900390625
-0.921875 -1.2236328125 -0.0648193359375
-1.40234375 -1.2314453125 -0.3416748046875
1.86328125 -1.2353515625 0.6363525390625
-1.7734375 -0.9951171875 0.5894775390625
-1.74609375 -0.9853515625 -0.4217529296875
1.48046875 -1.2353515625 0.4234619140625
-1.06640625 -1.2216796875 0.6138916015625
0.66015625 -1.2314453125 0.4019775390625
0.5390625 -1.2158203125 0.7867431640625
-1.74609375 -0.4404296875 0.2662353515625
-0.6484375 -1.2060546875 1.0191650390625
-1.71875 -1.1826171875 -0.2689208984375
-0.6015625 -1.2314453125 0.4234619140625
-0.2578125 -1.2255859375 -0.0921630859375
0.50390625 -0.8544921875 -0.9859619140625
-0.86328125 -1.2197265625 0.1343994140625
-1.76171875 -1.0205078125 0.5093994140625
0.37890625 -1.2236328125 0.7047119140625
-1.73828125 -0.5341796875 -0.4769287109375
-1.78125 -0.9833984375 0.5230712890625
1.30078125 -1.2158203125 0.6138916015625
1.80859375 -1.3505859375 -0.1898193359375
-1.74609375 -0.9658203125 0.4127197265625
0.1796875 -1.2626953125 -0.4447021484375
-0.203125 -1.2275390625 0.0953369140625
-1.2890625 -1.2255859375 0.5465087890625
-1.39453125 -1.2509765625 0.6109619140625
0.29296875 -1.2138671875 0.5631103515625
-0.79296875 -1.2255859375 0.6295166015625
-1.52734375 -1.2275390625 0.5875244140625
-1.03125 -1.2119140625 0.4468994140625
-1.70703125 -1.2021484375 -0.1390380859375
-1.29296875 -1.2353515625 -0.3504638671875
-1.76953125 -0.8759765625 0.4361572265625
-0.5859375 -1.2158203125 0.4918212890625
-1.60546875 -1.2275390625 -0.1429443359375
1.73046875 -1.2353515625 0.1842041015625
-0.67578125 -1.2138671875 0.4595947265625
1.0703125 -1.2080078125 1.5211181640625
-1.296875 -1.2470703125 0.2418212890625
0.23828125 -1.2138671875 0.8492431640625
