BOX_TRUCK
-1.12158203125 -1.12109375 0.425537109375
0.03662109375 -1.158203125 0.417724609375
-0.81494140625 -1.154296875 0.385498046875
-1.62158203125 -1.142578125 1.024169921875
-1.46337890625 -1.15234375 0.180419921875
-1.75634765625 -0.11328125 0.227294921875
-1.64306640625 -1.138671875 0.944091796875
-1.77978515625 -0.703125 0.109130859375
-0.18212890625 -1.154296875 0.275146484375
0.57958984375 -1.14453125 -0.362060546875
0.01708984375 -1.13671875 1.194091796875
-1.19580078125 -1.13671875 0.401123046875
-1.32861328125 -1.15625 0.155029296875
-1.67822265625 -1.154296875 -0.139892578125
1.26318359375 -1.146484375 0.657958984375
1.19287109375 -1.154296875 -0.078369140625
-0.70166015625 -1.16796875 0.294677734375
-0.77978515625 -1.173828125 -0.312255859375
-1.33837890625 -1.14453125 0.181396484375
0.27490234375 -1.177734375 -0.117431640625
0.97021484375 -1.1796875 0.054443359375
0.22412109375 -1.125 0.545654296875
0.22412109375 -1.125 0.545654296875
1.41162109375 -1.15625 0.368896484375
-1.78955078125 0.30859375 0.456787109375
-1.77978515625 0.3828125 0.486083984375
-1.26611328125 -1.12890625 0.701904296875
-1.75830078125 -0.576171875 -0.059814453125
1.11865234375 -1.1484375 -0.075439453125
-1.76025390625 -0.720703125 0.000732421875
-1.42822265625 -1.1484375 0.795654296875
-0.38916015625 -1.123046875 0.420654296875
-0.98681640625 -1.15234375 -0.248291015625
0.13818359375 -1.154296875 -0.035400390625
-1.55908203125 -1.171875 0.072998046875
-1.78955078125 -0.3828125 0.424560546875
1.91552734375 -1.154296875 0.395263671875
0.62255859375 -1.15234375 0.246826171875
-1.79736328125 0.30078125 0.758544921875
0.06005859375 -1.1328125 0.485107421875
-1.07666015625 -1.138671875 0.492919921875
-1.67431640625 -1.173828125 -0.407958984375
-0.03759765625 -1.146484375 0.047607421875
-1.76025390625 -0.31640625 0.232177734375
-0.53759765625 -1.15234375 -0.011962890625
-1.11376953125 -1.126953125 0.989013671875
-0.57275390625 -1.126953125 0.415771484375
-1.72900390625 -1.201171875 0.443115234375
1.41162109375 -1.15234375 0.163818359375
-1.77392578125 -0.26953125 0.152099609375
1.59912109375 -1.142578125 0.582763671875
1.86474609375 -1.15625 1.082763671875
-1.42236328125 -1.15234375 -0.225830078125
0.75537109375 -1.173828125 -0.665771484375
1.53271484375 -1.17578125 0.031005859375
0.92333984375 -1.166015625 -0.099853515625
-0.30322265625 -1.1328125 0.323974609375
-1.48095703125 -1.138671875 0.182373046875
-0.76806640625 -1.142578125 -0.261962890625
0.93115234375 -1.1796875 -0.687744140625
1.20068359375 -1.123046875 1.276123046875
0.74755859375 -0.8203125 -1.1514892578125
-1.74853515625 -1.11328125 0.314208984375
0.91162109375 -1.142578125 0.343505859375
-1.61376953125 -1.154296875 -0.068603515625
-0.57275390625 -1.17578125 0.111083984375
-1.76806640625 -0.904296875 0.289794921875
-1.78173828125 0.11328125 -0.052001953125
-1.79736328125 0.30078125 0.758544921875
-0.46337890625 -1.16015625 0.183349609375
0.13818359375 -1.16015625 0.225341796875
-1.33251953125 -1.126953125 0.572998046875
-0.77978515625 -1.15234375 0.360107421875
-1.79541015625 -0.40234375 0.768310546875
1.40380859375 -1.146484375 0.226318359375
-1.77587890625 0.17578125 0.249755859375
1.35693359375 -1.146484375 0.133544921875
1.72802734375 -1.142578125 1.106201171875
-1.06103515625 -1.1484375 0.148193359375
-1.63330078125 -1.142578125 0.141357421875
-0.03369140625 -1.13671875 -0.029541015625
0.02099609375 -1.130859375 0.483154296875
0.09521484375 -1.1875 -0.607666015625
0.76318359375 -1.130859375 0.854248046875
-1.08837890625 -1.171875 0.382568359375
-1.16259765625 -1.134765625 0.246826171875
0.81787109375 -1.158203125 0.550537109375
-0.96337890625 -1.16015625 0.572998046875
0.50146484375 -1.16015625 0.042724609375
-0.34619140625 -1.181640625 -0.549560546875
-1.38330078125 -1.146484375 0.182373046875
-1.78955078125 -0.46875 0.616943359375
-1.76416015625 -0.09765625 0.308349609375
-0.39306640625 -1.16015625 0.053466796875
1.45458984375 -1.1640625 0.101318359375
-0.52978515625 -1.1328125 0.512451171875
-1.77978515625 -0.8046875 0.112060546875
-1.50439453125 -1.1484375 0.203857421875
-0.77197265625 -1.154296875 0.091552734375
-0.88720703125 -1.185546875 -0.047119140625
1.19287109375 -1.169921875 0.012451171875
1.32958984375 -1.1640625 0.335693359375
0.66943359375 -1.1796875 -0.318115234375
0.13427734375 -1.162109375 0.114013671875
-0.38525390625 -1.1953125 0.591552734375
0.23193359375 -1.142578125 0.358154296875
-0.24462890625 -1.171875 -0.364013671875
-1.78759765625 -1.017578125 0.117919921875
-1.77978515625 -0.81640625 0.662841796875
0.52099609375 -1.1875 -0.633544921875
-1.78173828125 0.1640625 0.309326171875
-1.04150390625 -1.150390625 0.241943359375
-1.79150390625 0.390625 0.577880859375
-1.78564453125 -0.1484375 0.514404296875
-1.45166015625 -1.16796875 0.135498046875
-0.91259765625 -1.1484375 -0.000244140625
-0.23681640625 -1.12890625 0.623779296875
-1.73486328125 -1.099609375 1.022216796875
-0.74072265625 -1.146484375 -0.263916015625
0.12255859375 -1.142578125 0.539794921875
-0.03369140625 -1.142578125 0.277099609375
1.83740234375 -1.16015625 0.335693359375
-0.02197265625 -1.15234375 0.118896484375
0.80224609375 -1.1640625 0.305419921875
-1.29931640625 -1.16015625 0.359130859375
-0.70556640625 -1.16015625 0.066162109375
1.00146484375 -1.15625 0.998779296875
-1.18408203125 -1.166015625 0.220458984375
0.29052734375 -1.162109375 -0.147705078125
0.92333984375 -1.166015625 -0.099853515625
-1.55908203125 -1.169921875 0.643310546875
1.78271484375 -1.140625 0.558349609375
-0.81103515625 -1.1640625 -0.111572265625
-0.23291015625 -1.154296875 0.101318359375
-1.76416015625 -1.029296875 0.135498046875
-1.76416015625 -0.828125 0.242919921875
-1.77587890625 -1.017578125 0.491943359375
-1.39111328125 -1.154296875 0.809326171875
0.64208984375 -0.828125 -1.130859375
-0.71728515625 -1.125 1.348388671875
0.55224609375 -1.1484375 0.143310546875
1.86474609375 -1.1640625 0.193115234375
-1.10595703125 -1.171875 0.451904296875
0.94287109375 -1.158203125 -0.392822265625
-1.74853515625 -1.12109375 0.488037109375
-1.72119140625 -1.12109375 0.015380859375
1.13037109375 -1.166015625 0.400146484375
-1.14697265625 -1.19140625 -0.769287109375
-1.41845703125 -1.173828125 -0.021728515625
-0.82275390625 -1.154296875 0.201904296875
-0.41259765625 -1.119140625 1.397216796875
-1.75830078125 -0.2734375 -0.952880859375
-1.78759765625 -0.203125 0.277099609375
-0.84814453125 -1.16015625 0.094482421875
-0.10009765625 -1.1328125 0.504638671875
-1.77783203125 0.05859375 0.731201171875
-0.11572265625 -1.158203125 0.363037109375
-0.45166015625 -1.171875 0.514404296875
1.30224609375 -1.162109375 0.335693359375
-1.76025390625 -0.26953125 -0.087158203125
1.09912109375 -1.130859375 1.031982421875
-0.08447265625 -1.1640625 0.099365234375
-0.35791015625 -1.181640625 0.516357421875
-1.75048828125 -0.806640625 0.195068359375
-1.68408203125 -1.154296875 -0.066650390625
0.33740234375 -1.1328125 0.468505859375
0.77099609375 -1.150390625 -0.378173828125
-1.77587890625 0.4765625 0.762451171875
0.16552734375 -1.15234375 0.727294921875
-0.33837890625 -1.1484375 0.371826171875
-0.47900390625 -1.16796875 0.462646484375
-1.22900390625 -1.169921875 0.061279296875
-1.77001953125 -0.27734375 0.520263671875
-0.06884765625 -1.166015625 0.099365234375
0.72412109375 -1.17578125 -0.661376953125
-1.97705078125 -0.234375 -0.94970703125
-1.44970703125 -1.15625 0.201904296875
1.80224609375 -1.166015625 0.054443359375
-1.17822265625 -1.15625 0.104248046875
-1.77978515625 -1.0390625 0.566162109375
0.39208984375 -1.1484375 0.171630859375
-1.22314453125 -1.125 0.489013671875
0.44677734375 -1.16015625 0.191162109375
-1.78369140625 0.53125 0.226318359375
0.91552734375 -1.154296875 0.431396484375
0.97802734375 -1.16015625 0.315185546875
-0.51025390625 -1.140625 0.154052734375
-0.19775390625 -1.15234375 0.893310546875
-0.54150390625 -1.158203125 0.411865234375
-0.61572265625 -1.126953125 0.461669921875
-1.55908203125 -1.177734375 0.379638671875
-1.51220703125 -1.1328125 0.245849609375
-1.48486328125 -1.166015625 0.287841796875
1.27099609375 -1.138671875 0.597412109375
-1.76025390625 -0.826171875 -0.174072265625
1.15771484375 -1.134765625 0.591552734375
0.16552734375 -1.12890625 0.648193359375
-1.79150390625 0.58203125 0.407958984375
0.65771484375 -1.169921875 0.454833984375
-0.47509765625 -1.130859375 0.225341796875
