BOX_TRUCK
-0.8057861328125 -1.1513671875 0.3447265625
-1.6143798828125 -1.1689453125 -0.35009765625
-1.8057861328125 -1.1240234375 0.486328125
-1.6827392578125 -1.1669921875 0.546875
-0.0284423828125 -1.1611328125 -0.48388671875
-0.7178955078125 -1.1298828125 0.232421875
-0.5675048828125 -1.1572265625 0.390625
-0.7882080078125 -1.1376953125 0.2119140625
0.2449951171875 -1.1474609375 0.353515625
1.5809326171875 -1.1279296875 1.009765625
-0.8155517578125 -1.1689453125 0.1484375
-1.4561767578125 -1.1630859375 -0.3603515625
-1.5518798828125 -1.1533203125 0.1611328125
0.5262451171875 -1.1298828125 0.4580078125
1.7528076171875 -1.1474609375 0.4423828125
-1.7999267578125 -1.1005859375 0.2314453125
-1.6339111328125 -1.1748046875 0.546875
-1.5323486328125 -1.1435546875 0.1806640625
-0.1788330078125 -1.1455078125 0.4404296875
1.9207763671875 -1.1591796875 0.205078125
-1.3819580078125 -1.1357421875 0.1787109375
-0.6827392578125 -1.1279296875 0.404296875
-0.8370361328125 -1.1259765625 0.95703125
-0.5909423828125 -1.1591796875 0.142578125
-1.8819580078125 -0.5498046875 0.462890625
1.9559326171875 -1.1513671875 0.248046875
-0.1456298828125 -1.1572265625 0.296875
-0.1593017578125 -1.1611328125 0.3212890625
-1.1788330078125 -1.1181640625 0.232421875
-1.1690673828125 -1.1357421875 0.2177734375
1.0457763671875 -1.1552734375 0.3447265625
1.2567138671875 -1.1533203125 0.4326171875
1.2293701171875 -1.1533203125 0.4326171875
1.1082763671875 -1.1259765625 1.24609375
-0.1593017578125 -1.1689453125 0.130859375
0.2371826171875 -1.1513671875 0.244140625
0.1317138671875 -1.1298828125 1.126953125
1.9715576171875 -1.1552734375 0.1181640625
-0.3507080078125 -1.1181640625 0.998046875
-1.6417236328125 -1.1884765625 0.4853515625
-0.2022705078125 -1.1318359375 1.091796875
-0.7803955078125 -1.1474609375 0.2568359375
-1.8468017578125 -0.4365234375 -0.1005859375
-1.1729736328125 -1.1416015625 0.2734375
0.7567138671875 -1.1298828125 0.259765625
-1.6944580078125 -1.1455078125 0.759765625
-0.9835205078125 -1.1474609375 0.3447265625
0.9129638671875 -1.1455078125 0.287109375
-1.7276611328125 -1.1220703125 0.55078125
-1.7901611328125 -1.1044921875 0.0595703125
1.2918701171875 -1.1826171875 0.1982421875
0.0106201171875 -1.1318359375 0.001953125
0.7254638671875 -1.1611328125 0.3173828125
1.0614013671875 -1.1279296875 0.341796875
-1.6905517578125 -1.1455078125 0.5478515625
-0.8253173828125 -1.1181640625 0.5712890625
-1.8624267578125 -0.4091796875 0.1748046875
0.2176513671875 -1.1279296875 1.5078125
1.0692138671875 -0.8154296875 -1.066650390625
-0.6983642578125 -1.1142578125 1.263671875
-0.3175048828125 -1.1201171875 0.322265625
0.8504638671875 -1.1669921875 0.2353515625
-0.5870361328125 -1.1552734375 0.07421875
-1.7745361328125 -1.1201171875 0.4306640625
-1.4327392578125 -1.1611328125 0.09765625
-1.4991455078125 -1.1513671875 -0.203125
-1.2198486328125 -1.1474609375 0.29296875
0.6864013671875 -1.1396484375 0.259765625
-1.4405517578125 -1.1259765625 0.4130859375
-0.6944580078125 -1.1240234375 0.404296875
0.3270263671875 -1.1513671875 0.40234375
-1.3389892578125 -1.1240234375 0.4150390625
-1.7862548828125 -1.1025390625 0.982421875
0.0692138671875 -1.1533203125 -0.0009765625
-0.5499267578125 -1.1474609375 0.435546875
-0.7198486328125 -1.1396484375 0.1474609375
0.3621826171875 -1.1201171875 0.185546875
-1.8546142578125 1.1611328125 0.4775390625
-0.3721923828125 -1.1533203125 0.3876953125
-0.1807861328125 -1.1455078125 0.3916015625
0.3270263671875 -1.1669921875 0.2177734375
-1.6202392578125 -1.1630859375 0.1630859375
-1.5069580078125 -1.1650390625 0.1201171875
0.5614013671875 -1.1591796875 0.2919921875
-0.7843017578125 -1.1318359375 0.4873046875
1.2723388671875 -1.1181640625 0.45703125
-1.8468017578125 -0.3896484375 0.1005859375
-0.2198486328125 -1.1513671875 0.416015625
0.0614013671875 -1.2314453125 0.2236328125
-1.6339111328125 -1.1630859375 -0.1953125
-1.3643798828125 -1.1845703125 0.4892578125
-1.3468017578125 -1.1552734375 0.783203125
0.0457763671875 -1.1650390625 0.1240234375
-1.0499267578125 -1.1357421875 0.19140625
-0.6807861328125 -1.1611328125 -0.0126953125
-1.7764892578125 -1.1689453125 0.1650390625
-0.1046142578125 -1.1572265625 0.224609375
-0.8956298828125 -1.1240234375 0.62109375
-0.7901611328125 -1.1572265625 0.2958984375
-0.1749267578125 -1.1240234375 0.0751953125
-1.2979736328125 -1.1494140625 0.19921875
1.8192138671875 -1.1298828125 0.2353515625
-1.3975830078125 -1.1201171875 0.6064453125
1.3114013671875 -1.1513671875 0.5517578125
1.3582763671875 -1.1298828125 0.84765625
-0.5284423828125 -1.1650390625 0.072265625
0.8309326171875 -1.1611328125 0.04296875
0.3035888671875 -1.1572265625 0.4462890625
-0.1885986328125 -1.1767578125 -0.46875
0.4598388671875 -0.7822265625 -0.988037109375
-0.4776611328125 -1.1474609375 0.115234375
0.0223388671875 -1.1455078125 0.6884765625
-1.1827392578125 -1.1396484375 0.197265625
-0.9483642578125 -1.1201171875 0.44140625
-1.4874267578125 -1.1337890625 0.3525390625
-0.7784423828125 -1.1181640625 0.962890625
-1.8682861328125 -0.8896484375 0.3662109375
-0.9307861328125 -1.1416015625 0.802734375
-1.7432861328125 -1.1533203125 -0.38427734375
1.9715576171875 -1.1533203125 -0.0703125
-0.0811767578125 -1.1357421875 0.1875
0.0262451171875 -1.1474609375 0.2802734375
-0.1690673828125 -1.1416015625 0.2490234375
-1.7218017578125 -1.1884765625 0.4453125
-1.7960205078125 -1.1259765625 0.3310546875
-1.2999267578125 -1.1357421875 0.7734375
-1.8194580078125 -1.1181640625 0.9140625
-0.3214111328125 -1.1357421875 0.078125
-1.8507080078125 -0.8623046875 0.171875
0.8895263671875 -1.1376953125 0.5224609375
-0.6885986328125 -1.1416015625 0.33984375
-0.4190673828125 -1.1728515625 0.1376953125
-0.1651611328125 -1.1337890625 0.55078125
-0.1612548828125 -1.1591796875 0.392578125
-0.3194580078125 -1.1201171875 1.0
-0.0245361328125 -1.1376953125 0.3486328125
-1.1866455078125 -1.1416015625 0.2392578125
-0.4053955078125 -1.1259765625 0.2333984375
1.5106201171875 -1.1259765625 1.21875
-1.3936767578125 -1.1494140625 0.2001953125
-1.6046142578125 -1.1337890625 0.55078125
-1.5635986328125 -1.1513671875 0.1005859375
-1.8604736328125 -0.5556640625 0.0869140625
-0.9053955078125 -1.1416015625 0.2744140625
1.6160888671875 -1.1220703125 1.236328125
-0.7843017578125 -1.1123046875 0.1689453125
0.6864013671875 -1.1396484375 0.259765625
-1.0069580078125 -1.1572265625 0.1298828125
-0.1378173828125 -1.1572265625 0.3212890625
-0.6300048828125 -1.1396484375 0.33984375
0.6629638671875 -1.1591796875 0.1083984375
-0.3526611328125 -1.1259765625 0.255859375
0.4012451171875 -1.1240234375 0.6875
-1.1124267578125 -1.1337890625 0.3349609375
0.6942138671875 -1.1513671875 0.412109375
-0.9503173828125 -1.1279296875 0.1494140625
-1.2550048828125 -1.1533203125 -0.21484375
0.6942138671875 -1.1591796875 0.4794921875
-1.3428955078125 -1.1298828125 0.251953125
-0.0089111328125 -1.1513671875 0.279296875
-0.1065673828125 -1.1455078125 0.6826171875
-1.0577392578125 -1.1357421875 0.2587890625
1.3114013671875 -1.1513671875 0.5517578125
-0.4190673828125 -1.1474609375 -0.07421875
0.1981201171875 -1.1337890625 0.138671875
-1.4659423828125 -1.1669921875 0.1611328125
0.7996826171875 -1.1611328125 -0.5703125
-1.7139892578125 -1.1474609375 -0.1845703125
-0.1417236328125 -1.1123046875 1.017578125
-1.1768798828125 -1.1337890625 -0.1982421875
-0.9581298828125 -1.1728515625 -0.39404296875
-1.5167236328125 -1.1357421875 0.232421875
-1.6788330078125 -1.1650390625 -0.34765625
0.9598388671875 -1.1767578125 0.2333984375
0.2020263671875 -1.1416015625 0.28125
-1.8253173828125 -1.0966796875 0.1318359375
1.2020263671875 -1.1611328125 0.0986328125
-0.3604736328125 -1.1259765625 0.2333984375
0.0145263671875 -1.1669921875 0.3935546875
-0.8038330078125 -1.1630859375 -0.40869140625
-1.3585205078125 -1.1513671875 0.783203125
0.1199951171875 -1.1572265625 0.171875
-1.3155517578125 -1.1318359375 0.0908203125
-0.7706298828125 -1.1376953125 0.021484375
-1.7315673828125 -1.1376953125 0.09375
-0.5675048828125 -1.1259765625 0.146484375
0.1551513671875 -1.1669921875 -0.115234375
-1.8624267578125 -0.5341796875 0.2744140625
-1.3624267578125 -1.1357421875 0.052734375
-0.2471923828125 -1.1533203125 0.0859375
1.3270263671875 -1.1572265625 0.4296875
0.0535888671875 -1.1240234375 0.744140625
0.3660888671875 -1.1240234375 0.13671875
-0.9346923828125 -1.1259765625 0.357421875
-0.0167236328125 -1.1552734375 0.0771484375
0.9129638671875 -1.1552734375 0.103515625
1.6473388671875 -1.1513671875 0.3134765625
0.1629638671875 -1.1611328125 0.51953125
-0.1964111328125 -1.1474609375 0.439453125
-0.3038330078125 -1.1220703125 0.72265625
