BOX_TRUCK
-1.58203125 1.1845703125 -0.083251953125
-0.4765625 1.1962890625 -0.626220703125
0.328125 1.1904296875 -0.021728515625
0.8515625 1.2529296875 0.193115234375
0.0859375 1.2138671875 0.247802734375
-1.93359375 1.1396484375 0.598388671875
0.765625 0.7509765625 -0.968994140625
0.4453125 1.2353515625 1.593505859375
-1.28515625 1.1728515625 -0.142822265625
0.625 1.0322265625 -1.3192138671875
-0.71875 1.1787109375 0.286865234375
-1.84375 1.1357421875 0.674560546875
0.1875 1.1904296875 -0.158447265625
0.1484375 1.2236328125 1.322021484375
-0.421875 1.2158203125 0.514404296875
-1.26953125 1.1708984375 0.412841796875
-1.4375 1.1591796875 0.565185546875
-1.8046875 1.1474609375 -0.272216796875
0.71875 1.2138671875 0.921630859375
-0.9296875 1.1767578125 0.335693359375
0.3671875 1.2236328125 0.825927734375
-1.484375 1.1435546875 0.415771484375
-1.63671875 1.1611328125 -0.231689453125
-0.7421875 1.1689453125 0.714599609375
-0.96484375 1.1630859375 -0.084228515625
-0.3984375 1.1962890625 0.735107421875
-0.265625 1.2001953125 -0.018798828125
0.40625 1.1943359375 0.023193359375
0.7109375 1.2197265625 0.667724609375
0.3515625 1.2275390625 0.679443359375
0.625 1.0322265625 -1.3192138671875
-0.625 1.1787109375 1.329833984375
-1.23046875 1.1767578125 0.335693359375
0.125 1.2177734375 0.622802734375
0.3125 1.2158203125 0.870849609375
-1.08984375 1.1708984375 -0.677001953125
-1.84765625 1.1708984375 0.732177734375
-1.95703125 1.1435546875 1.183349609375
0.359375 1.1904296875 -0.649169921875
-1.65234375 1.1708984375 -0.079345703125
-1.49609375 1.1630859375 0.028076171875
-0.359375 1.2041015625 0.649169921875
1.1640625 1.2451171875 0.136474609375
-1.4609375 1.1474609375 0.493896484375
1.0390625 1.2412109375 0.657958984375
-1.9765625 1.1435546875 0.307373046875
-1.4609375 1.1552734375 -0.436279296875
-1.48046875 1.1689453125 0.409912109375
0.25 1.1923828125 0.078857421875
-1.69140625 1.1689453125 1.290771484375
-0.2734375 1.2041015625 -0.037353515625
0.265625 1.2373046875 1.566162109375
1.0625 1.2451171875 1.023193359375
0.7421875 1.2197265625 0.043701171875
0.0625 1.2236328125 1.312255859375
-1.7109375 1.1435546875 -0.112548828125
0.6953125 1.2119140625 0.445068359375
-1.8671875 1.1552734375 0.040771484375
-1.53125 1.1669921875 0.453857421875
-1.82421875 1.1533203125 0.697998046875
-0.3984375 1.1943359375 -0.323974609375
0.6015625 1.2470703125 0.196044921875
1.5625 1.2373046875 -0.471435546875
-0.4765625 1.2021484375 0.163818359375
1.0625 1.2451171875 0.034912109375
-1.49609375 1.1552734375 0.299560546875
-1.234375 1.1806640625 0.334716796875
-0.109375 1.1767578125 0.046630859375
-0.578125 1.1552734375 0.240966796875
-1.98046875 1.1689453125 1.249755859375
-1.75390625 1.1455078125 -0.033447265625
-1.30078125 1.1474609375 0.694091796875
-1.20703125 1.1982421875 0.373779296875
0.1953125 1.2060546875 0.294677734375
1.0703125 1.2294921875 -0.163330078125
-1.93359375 1.1064453125 0.489013671875
0.9375 1.2158203125 0.414794921875
-1.78515625 1.1357421875 0.565185546875
-1.80859375 1.1728515625 -0.071533203125
-1.07421875 1.1728515625 0.577880859375
-1.734375 1.1611328125 0.035888671875
-0.8125 1.2021484375 1.068115234375
0.0390625 1.2041015625 1.073974609375
0.953125 1.2275390625 -0.104736328125
-1.55078125 1.1708984375 0.750732421875
-1.84765625 1.1474609375 0.452880859375
-0.0703125 1.2080078125 0.660888671875
-1.0078125 1.1845703125 0.335693359375
-0.421875 1.2021484375 -0.144775390625
-1.75 1.1650390625 0.590576171875
-1.4765625 1.1669921875 0.217529296875
-0.40625 1.2080078125 0.338623046875
1.21875 1.2470703125 0.308349609375
-1.87890625 1.1630859375 0.731201171875
-0.3984375 1.1865234375 0.281982421875
-0.34375 1.1806640625 0.549560546875
0.328125 1.1904296875 0.754638671875
-0.796875 1.1669921875 0.712646484375
-0.3984375 1.1982421875 0.250732421875
-1.2109375 1.1650390625 0.773193359375
-1.06640625 1.1728515625 0.740966796875
-1.25390625 1.1513671875 0.978271484375
-0.3515625 1.2080078125 0.117919921875
-1.44921875 1.1708984375 0.102294921875
1.6328125 0.8408203125 -1.0916748046875
1.125 1.2177734375 0.414794921875
-1.21484375 1.1650390625 -0.148681640625
0.4609375 1.2177734375 0.464599609375
0.890625 1.2373046875 1.009521484375
-1.33984375 1.1435546875 0.138427734375
-1.15234375 1.1650390625 0.822021484375
-1.5078125 1.1455078125 -0.205322265625
0.4921875 1.2080078125 0.168701171875
-1.953125 1.1533203125 0.258544921875
-1.44921875 1.1708984375 0.102294921875
-1.26953125 1.1728515625 0.215576171875
-1.75390625 1.1455078125 -0.033447265625
-1.609375 1.1494140625 0.607177734375
-1.625 1.1611328125 0.144287109375
0.2890625 1.0068359375 -1.216278076171875
-0.984375 1.1982421875 1.189208984375
-1.9375 1.1669921875 -0.464111328125
1.5390625 1.2470703125 0.966552734375
-1.49609375 1.1689453125 -0.241943359375
-0.78125 1.2119140625 -0.125244140625
-1.69140625 1.1552734375 0.037841796875
-1.98046875 1.1298828125 0.088623046875
-0.6875 1.1806640625 0.336669921875
0.8046875 1.2119140625 0.773193359375
1.375 1.1904296875 -0.073486328125
-1.8984375 1.1416015625 0.121826171875
-0.1328125 1.1787109375 0.231201171875
-0.4921875 1.1962890625 0.599365234375
1.875 0.9716796875 -1.1212158203125
-1.21484375 1.1708984375 0.215576171875
0.65625 1.2021484375 -0.290283203125
1.1328125 1.2080078125 0.309326171875
-1.7890625 1.1689453125 1.097412109375
-0.0546875 1.1787109375 0.229248046875
-1.875 1.1279296875 0.157958984375
-0.71875 1.1611328125 0.243896484375
0.0546875 1.1943359375 0.133544921875
-0.9453125 1.1787109375 0.706787109375
0.0625 1.2314453125 0.387451171875
0.25 1.2041015625 0.818115234375
-1.59375 1.1416015625 -0.292724609375
-1.390625 1.1806640625 0.371826171875
-1.67578125 1.1591796875 0.145263671875
-0.28125 1.1826171875 1.368896484375
0.6484375 1.2041015625 1.476318359375
-1.546875 1.1455078125 -0.297607421875
-0.6015625 1.1943359375 0.251708984375
-1.98046875 1.1376953125 0.561279296875
-1.59765625 1.0166015625 -1.46142578125
0.5703125 1.2021484375 -0.383544921875
0.734375 1.2255859375 -0.056884765625
-0.1640625 1.2119140625 0.702880859375
-0.71875 1.1884765625 -0.299072265625
-0.765625 1.1826171875 -0.000244140625
-1.36328125 1.1630859375 0.411865234375
-1.06640625 1.1474609375 0.702880859375
1.3203125 1.2314453125 0.347412109375
-1.90234375 1.1474609375 -0.213134765625
-0.0546875 1.1767578125 0.847412109375
-1.7890625 0.9931640625 -1.3956298828125
-1.03125 1.1669921875 0.580810546875
-0.140625 1.2177734375 0.522216796875
0.5078125 1.2001953125 0.414794921875
-0.8828125 1.2060546875 0.958740234375
1.5390625 1.2490234375 0.360107421875
-0.3828125 1.2158203125 -0.146728515625
0.4296875 1.2138671875 1.103271484375
-0.7421875 1.1982421875 0.886474609375
-0.875 1.1806640625 -0.047119140625
0.4453125 1.2353515625 1.593505859375
-1.03125 1.1630859375 0.827880859375
0.4609375 1.2353515625 0.537841796875
-1.26171875 1.1533203125 0.175537109375
-1.65625 0.9423828125 -0.8974609375
-0.3828125 1.2138671875 -0.636474609375
-1.63671875 1.1689453125 1.583740234375
-0.96875 1.1806640625 0.581787109375
-1.140625 1.1650390625 0.455810546875
0.8203125 1.2119140625 0.927490234375
0.078125 1.1943359375 0.085693359375
0.171875 1.1884765625 0.081787109375
-0.6875 1.1787109375 0.845458984375
-1.86328125 1.1552734375 0.185302734375
-0.4765625 1.2099609375 0.381591796875
0.0390625 1.2275390625 0.945068359375
-1.77734375 1.1513671875 0.552490234375
-1.18359375 1.1455078125 0.051513671875
-0.515625 1.2060546875 0.468505859375
0.953125 1.2255859375 1.142333984375
-0.0703125 1.1884765625 1.392333984375
-1.9453125 1.1435546875 -0.258544921875
-0.46875 1.2001953125 0.250732421875
-0.96875 1.1689453125 0.622802734375
-1.80078125 1.1728515625 0.974365234375
-1.4453125 1.1552734375 0.298583984375
