BOX_TRUCK
0.361083984375 -0.439453125 -0.04150390625
1.9697265625 -0.451171875 0.37646484375
-0.8798828125 -0.40234375 0.93212890625
-0.8798828125 -0.392578125 1.48291015625
1.1982421875 -0.439453125 -0.29248046875
1.02392578125 -0.431640625 0.16064453125
-1.591796875 -0.416015625 0.58935546875
0.6357421875 -0.4453125 0.31494140625
0.83349609375 -0.458984375 0.47412109375
0.7373046875 -0.423828125 0.36279296875
-1.3017578125 -0.419921875 0.63037109375
0.02325439453125 -0.423828125 0.52587890625
-0.204833984375 -0.421875 0.33154296875
-1.5244140625 -0.40625 0.47998046875
0.09344482421875 -0.45703125 0.47998046875
0.1452789306640625 -0.421875 0.33251953125
1.791015625 -0.421875 0.62353515625
1.30078125 -0.439453125 0.01708984375
0.160888671875 -0.419921875 0.03759765625
0.3597412109375 -0.4296875 -0.07470703125
-0.24462890625 -0.408203125 0.16357421875
1.3388671875 -0.42578125 0.78564453125
0.92578125 -0.46875 0.51220703125
-1.326171875 -0.404296875 -0.03466796875
-0.99609375 -0.4140625 0.33154296875
1.0751953125 -0.421875 0.26123046875
1.212890625 -0.439453125 0.43408203125
-0.77294921875 -0.4296875 0.53955078125
0.76806640625 -0.41796875 0.45556640625
-0.64501953125 -0.39453125 0.14208984375
1.173828125 -0.4375 -0.15771484375
1.9765625 -0.44140625 1.27197265625
1.0048828125 -0.42578125 0.34130859375
0.75341796875 -0.421875 0.37548828125
1.9892578125 -0.44140625 0.29931640625
0.84716796875 -0.42578125 0.05712890625
1.3154296875 -0.435546875 0.12353515625
1.3701171875 -0.451171875 0.43408203125
1.6201171875 -0.423828125 0.78369140625
-0.4892578125 -0.419921875 0.10205078125
1.8447265625 -0.4375 0.29931640625
0.489990234375 -0.43359375 0.51220703125
-0.165771484375 -0.435546875 -0.45849609375
0.76904296875 -0.412109375 0.79736328125
1.2890625 -0.470703125 0.51025390625
-0.6943359375 -0.41015625 0.71142578125
-0.890625 -0.4140625 0.44677734375
1.85546875 -0.443359375 1.26806640625
0.3045654296875 -0.40625 1.00439453125
0.7490234375 -0.41796875 0.36279296875
0.52294921875 -0.412109375 0.21240234375
-0.8232421875 -0.404296875 0.33056640625
0.043212890625 -0.431640625 0.52490234375
0.35986328125 -0.4140625 0.19384765625
1.681640625 -0.529296875 0.33837890625
1.7421875 -0.458984375 0.20361328125
1.310546875 -0.41796875 0.43994140625
-0.9990234375 -0.41015625 0.39892578125
-0.50390625 -0.423828125 0.20751953125
1.4638671875 -0.453125 -0.04541015625
0.52783203125 -0.42578125 0.39599609375
-1.19140625 -0.412109375 -0.08837890625
-1.1962890625 -0.40234375 0.33349609375
-1.0458984375 -0.412109375 0.61767578125
0.8984375 -0.435546875 0.13818359375
1.63671875 -0.421875 0.18505859375
0.1116790771484375 -0.40625 0.27978515625
-0.019287109375 -0.388671875 0.24560546875
-0.260986328125 -0.458984375 0.59326171875
1.1943359375 -0.443359375 0.56982421875
0.51611328125 -0.4296875 0.25927734375
-0.9365234375 -0.408203125 0.25439453125
-1.3369140625 -0.404296875 0.47705078125
-1.1318359375 -0.419921875 -0.47607421875
0.814453125 -0.427734375 0.15673828125
-0.0224609375 -0.412109375 0.46044921875
-1.490234375 -0.400390625 0.00732421875
0.2647705078125 -0.416015625 1.02783203125
1.3525390625 -0.44921875 0.06591796875
0.8662109375 -0.42578125 0.80517578125
1.2177734375 -0.43359375 0.41455078125
0.336669921875 -0.4296875 0.37548828125
-0.271484375 -0.4140625 0.02392578125
-0.0709228515625 -0.42578125 0.11572265625
-0.828125 -0.41015625 0.55712890625
1.275390625 -0.419921875 0.57958984375
-0.2470703125 -0.421875 -0.23095703125
0.70263671875 -0.42578125 0.19775390625
-1.5341796875 -0.41796875 -0.33447265625
0.62109375 -0.427734375 0.39501953125
1.896484375 -0.515625 0.31982421875
-1.9658203125 0.541015625 -1.17376708984375
0.406005859375 -0.44140625 0.23193359375
1.02392578125 -0.4296875 0.79931640625
-1.2607421875 -0.41015625 0.24853515625
-0.82275390625 -0.41015625 -0.769287109375
1.81640625 -0.451171875 0.45361328125
1.2431640625 -0.443359375 0.41455078125
-0.15576171875 -0.4296875 -0.06298828125
0.83984375 -0.416015625 0.09619140625
-1.05078125 -0.404296875 0.35791015625
1.4736328125 -0.4296875 0.29833984375
1.7861328125 -0.43359375 0.29931640625
-0.72265625 -0.408203125 0.47802734375
1.7119140625 -0.439453125 1.26611328125
-0.69775390625 -0.4140625 -0.24951171875
1.3466796875 -0.43359375 0.38037109375
1.5478515625 -0.419921875 0.26318359375
1.5751953125 -0.447265625 -0.55126953125
-0.25634765625 -0.4140625 0.68408203125
1.3154296875 -0.42578125 0.62744140625
1.7314453125 -0.4296875 0.26318359375
-0.30810546875 -0.416015625 0.37353515625
1.2861328125 -0.427734375 0.98486328125
-0.1376953125 -0.41015625 0.68017578125
-0.82568359375 -0.40625 0.37451171875
0.66064453125 -0.42578125 0.35498046875
-0.54931640625 -0.41796875 0.26025390625
1.263671875 -0.43359375 0.98486328125
1.6416015625 -0.423828125 1.20166015625
-1.4951171875 -0.4140625 0.13916015625
1.3876953125 -0.4296875 0.12451171875
-1.1953125 -0.3984375 1.16650390625
0.2579345703125 -0.40625 0.08154296875
0.12472915649414062 -0.4140625 0.67138671875
1.38671875 -0.431640625 0.78564453125
1.953125 -0.4453125 0.32177734375
1.2060546875 -0.4375 0.06396484375
-0.1085205078125 -0.427734375 0.02880859375
-0.623046875 -0.42578125 0.42529296875
1.453125 -0.455078125 0.35693359375
0.69580078125 -0.421875 0.42529296875
-0.1219482421875 -0.4296875 0.21142578125
0.6455078125 -0.416015625 0.11376953125
0.553466796875 -0.4296875 0.30126953125
1.2880859375 -0.4453125 -0.5556640625
-0.0650634765625 -0.4140625 0.48388671875
-1.0693359375 -0.404296875 0.48876953125
0.01177978515625 -0.421875 0.37548828125
1.3515625 -0.431640625 0.12451171875
-0.78515625 -0.41796875 -0.52734375
-0.84130859375 -0.408203125 0.17919921875
0.66357421875 -0.431640625 0.19775390625
1.6416015625 -0.4453125 0.32080078125
-0.6845703125 -0.42578125 -0.5146484375
-0.20703125 -0.419921875 0.11181640625
0.0418701171875 -0.419921875 0.67333984375
0.3779296875 -0.4296875 0.37548828125
-0.9990234375 -0.421875 0.35107421875
1.009765625 -0.427734375 0.48291015625
-1.556640625 -0.416015625 0.40087890625
-0.9541015625 -0.4140625 1.48291015625
1.55078125 -0.427734375 0.49755859375
-0.947265625 -0.412109375 0.38232421875
1.197265625 -0.462890625 0.31787109375
-0.919921875 -0.392578125 0.27978515625
1.2841796875 -0.44140625 0.38037109375
-0.5068359375 -0.421875 0.08837890625
0.9951171875 -0.423828125 0.11962890625
-0.01611328125 -0.4296875 0.03369140625
0.70703125 -0.45703125 0.47509765625
-0.7744140625 -0.396484375 1.11767578125
-1.27734375 -0.392578125 0.32373046875
1.345703125 -0.427734375 0.64892578125
-0.462890625 -0.421875 0.42236328125
-0.367919921875 -0.423828125 0.02099609375
-0.53955078125 -0.412109375 0.15966796875
-0.47265625 -0.404296875 0.77978515625
1.818359375 -0.42578125 0.18603515625
-1.49609375 -0.408203125 -0.02490234375
0.53466796875 -0.42578125 0.37548828125
-0.923828125 -0.39453125 0.03564453125
0.650390625 -0.453125 0.31494140625
-1.1767578125 -0.404296875 0.47509765625
1.4453125 -0.421875 0.28173828125
1.630859375 -0.419921875 0.47802734375
-1.361328125 -0.412109375 0.55126953125
-1.1201171875 -0.396484375 0.17626953125
-1.349609375 -0.4140625 0.29833984375
-0.603515625 -0.404296875 1.09423828125
-0.6708984375 -0.40234375 0.44482421875
-1.33203125 -0.412109375 0.46923828125
1.2744140625 -0.44140625 0.23974609375
0.106414794921875 -0.43359375 0.41162109375
0.1384124755859375 -0.412109375 0.50048828125
-0.25 -0.4453125 0.48486328125
2.0 -0.45703125 -0.28857421875
0.76708984375 -0.443359375 0.26025390625
1.9248046875 -0.443359375 -0.00634765625
1.49609375 -0.447265625 0.56884765625
-0.990234375 -0.41796875 -0.10595703125
1.65234375 -0.431640625 0.37939453125
0.74072265625 -0.419921875 0.37548828125
-0.51416015625 -0.4140625 0.37451171875
0.172515869140625 -0.419921875 0.33349609375
-0.630859375 -0.431640625 0.60595703125
1.5791015625 -0.4609375 0.56787109375
-0.58154296875 -0.40234375 0.27978515625
1.98828125 -0.443359375 0.27978515625
0.9697265625 -0.4375 0.37548828125
