BOX_TRUCK
0.31494140625 -1.150390625 -0.5830078125
1.01220703125 -1.158203125 0.08349609375
0.46435546875 -1.12890625 0.72900390625
0.46044921875 -1.138671875 0.16748046875
0.21826171875 -1.142578125 0.10009765625
1.68115234375 -1.1484375 1.05908203125
0.91552734375 -1.146484375 0.35498046875
0.78955078125 -1.181640625 0.60791015625
-0.05126953125 -1.125 0.35400390625
0.31201171875 -1.1171875 1.02783203125
1.7705078125 -1.1640625 0.43212890625
-1.57080078125 -1.107421875 -0.01416015625
0.90185546875 -1.171875 0.60400390625
0.21826171875 -1.142578125 0.10009765625
1.74072265625 -1.166015625 0.33935546875
-1.80712890625 -1.09375 0.02001953125
0.62939453125 -1.150390625 -0.02880859375
0.81591796875 -0.802734375 -1.0576171875
-0.74658203125 -1.119140625 0.24853515625
0.44970703125 -1.140625 0.16259765625
0.43603515625 -1.15234375 0.58837890625
1.56787109375 -1.171875 -0.09033203125
1.01123046875 -0.630859375 -1.0609130859375
1.3017578125 -1.158203125 0.14599609375
0.16748046875 -1.126953125 0.89501953125
-0.20556640625 -1.140625 0.23583984375
-0.94189453125 -1.1171875 0.45751953125
0.78173828125 -1.142578125 0.25244140625
0.07958984375 -1.138671875 0.15576171875
-0.45556640625 -1.119140625 0.54052734375
0.31689453125 -1.138671875 0.49169921875
1.02685546875 -1.1328125 0.87548828125
0.86474609375 -1.13671875 0.74072265625
-0.23681640625 -1.13671875 0.01611328125
0.40966796875 -1.146484375 -0.15283203125
1.20947265625 -1.15625 0.60107421875
1.63330078125 -1.14453125 0.30908203125
1.71875 -1.19140625 0.51025390625
0.14404296875 -1.142578125 0.32666015625
1.58642578125 -1.150390625 0.34130859375
1.17919921875 -1.1484375 0.17041015625
0.46630859375 -1.134765625 0.43408203125
1.06201171875 -1.130859375 0.16845703125
1.976806640625 -1.17578125 0.00927734375
-1.71337890625 -1.11328125 0.44287109375
1.34228515625 -1.14453125 0.49560546875
1.39306640625 -1.146484375 0.27099609375
0.85400390625 -1.146484375 0.83056640625
0.26220703125 -1.119140625 0.07763671875
0.82177734375 -1.134765625 0.10009765625
0.32177734375 -1.14453125 -0.04150390625
1.64892578125 -1.15234375 0.28662109375
0.09130859375 -1.125 -0.12744140625
0.83251953125 -1.13671875 1.14892578125
-0.90087890625 -1.119140625 0.42138671875
-0.08642578125 -1.12890625 0.61669921875
-0.06298828125 -1.134765625 0.55615234375
1.64306640625 -1.166015625 0.08349609375
0.59912109375 -1.142578125 0.63623046875
0.85009765625 -1.16796875 0.32958984375
0.01513671875 -1.13671875 0.28466796875
1.455078125 -1.138671875 0.21533203125
1.798828125 -1.17578125 0.33251953125
0.33056640625 -1.146484375 0.04541015625
-0.23876953125 -1.13671875 0.43701171875
-0.66259765625 -1.119140625 0.48193359375
0.69482421875 -1.154296875 0.24658203125
0.87548828125 -1.140625 0.70751953125
0.86669921875 -1.15625 -0.11083984375
1.19287109375 -1.1484375 0.52490234375
0.24365234375 -1.14453125 0.28662109375
1.26025390625 -1.146484375 0.16357421875
-0.52587890625 -1.10546875 0.86767578125
0.88037109375 -1.140625 0.25439453125
-0.66259765625 -1.119140625 0.48193359375
-1.34814453125 -1.111328125 0.57958984375
0.58154296875 -1.142578125 0.35498046875
0.04638671875 -1.134765625 0.51904296875
-1.00830078125 -1.11328125 1.18408203125
1.345703125 -1.162109375 0.41943359375
0.08544921875 -1.1171875 0.06201171875
1.44287109375 -1.169921875 -0.7578125
-1.37939453125 -1.0859375 0.77587890625
0.59521484375 -1.142578125 0.17138671875
1.976318359375 -1.154296875 0.47314453125
-0.04541015625 -1.13671875 0.30908203125
0.78955078125 -1.166015625 0.32958984375
0.02880859375 -1.1328125 -0.10302734375
-0.25439453125 -1.1328125 0.49951171875
1.33056640625 -1.15625 0.47021484375
0.85888671875 -1.15625 0.11376953125
0.37060546875 -1.14453125 0.53076171875
1.13134765625 -1.14453125 1.47314453125
0.75341796875 -1.150390625 0.32763671875
-1.15869140625 -1.109375 0.12158203125
0.99072265625 -1.158203125 0.11572265625
-0.19775390625 -1.130859375 0.38427734375
0.63623046875 -1.140625 0.98486328125
-1.61181640625 -1.109375 0.55322265625
1.971435546875 -1.181640625 0.29052734375
1.18017578125 -1.146484375 -0.28955078125
0.48291015625 -1.13671875 0.22119140625
0.79931640625 -1.140625 0.54248046875
0.34716796875 -1.134765625 0.43896484375
-0.76220703125 -1.1015625 0.63427734375
1.77392578125 -1.16015625 0.19873046875
0.90673828125 -1.15625 0.12939453125
1.31298828125 -1.162109375 0.17138671875
1.58251953125 -1.177734375 0.51318359375
0.30419921875 -1.12890625 1.24462890625
1.8720703125 -1.16015625 -0.05126953125
1.14404296875 -1.14453125 0.50341796875
0.13037109375 -1.125 0.18505859375
1.12744140625 -1.138671875 0.27197265625
1.279296875 -1.15625 0.06982421875
-1.69775390625 -1.10546875 0.42919921875
-0.53173828125 -1.1171875 0.31298828125
1.2568359375 -1.15234375 0.71142578125
-0.16845703125 -1.125 0.52783203125
-0.96923828125 -1.10546875 0.80908203125
1.3505859375 -1.15625 0.07275390625
-0.95751953125 -1.119140625 0.31884765625
0.00341796875 -1.12890625 -0.04736328125
0.42724609375 -1.146484375 0.10693359375
1.79052734375 -1.171875 0.37744140625
1.5078125 -1.154296875 0.84033203125
1.19482421875 -1.169921875 0.33056640625
0.24560546875 -1.14453125 -0.04443359375
-0.06298828125 -1.1328125 0.38330078125
1.54443359375 -1.171875 0.35498046875
-1.46728515625 -1.1015625 -0.47021484375
0.07568359375 -1.142578125 0.55224609375
1.919677734375 -1.158203125 0.26806640625
0.69580078125 -1.12109375 1.16650390625
0.60888671875 -1.146484375 0.53759765625
-1.67236328125 -1.09765625 -0.68798828125
1.806640625 -1.181640625 0.15673828125
1.69775390625 -1.1484375 0.17529296875
0.63134765625 -1.142578125 0.38037109375
0.86474609375 -1.13671875 0.74072265625
1.987548828125 -1.181640625 0.29052734375
-0.85791015625 -1.1171875 0.56591796875
-0.27001953125 -1.125 0.93798828125
0.17333984375 -1.107421875 0.19091796875
0.44384765625 -1.095703125 1.62158203125
1.769287109375 -1.181640625 -0.40478515625
0.83740234375 -1.15234375 0.43310546875
0.68115234375 -1.173828125 0.61279296875
-1.41259765625 -1.109375 -0.4638671875
0.61474609375 -1.1484375 0.41357421875
1.21240234375 -1.15234375 0.30615234375
1.34326171875 -1.140625 0.16552734375
0.96240234375 -1.16796875 -0.01513671875
-0.23876953125 -1.13671875 0.43701171875
0.53369140625 -1.142578125 -0.06982421875
0.10302734375 -1.1171875 0.12744140625
1.30517578125 -1.12109375 0.21142578125
1.06787109375 -1.166015625 -0.01123046875
-1.28564453125 -1.103515625 0.14013671875
1.12841796875 -1.15625 0.06689453125
0.56689453125 -1.154296875 -0.62451171875
1.5361328125 -1.17578125 0.22119140625
1.6630859375 -1.17578125 0.51123046875
0.86376953125 -1.15625 0.43212890625
0.54736328125 -1.138671875 0.35888671875
-1.47509765625 -1.083984375 0.07275390625
0.17919921875 -1.138671875 0.57177734375
-0.60986328125 -1.125 0.55810546875
0.93896484375 -1.15234375 0.00537109375
-0.20947265625 -1.125 0.93212890625
1.42041015625 -1.162109375 -0.76318359375
0.45068359375 -1.150390625 0.28857421875
0.20068359375 -1.1171875 0.13134765625
0.19091796875 -1.138671875 0.54931640625
-0.41650390625 -1.103515625 0.24560546875
-0.19970703125 -1.119140625 0.44677734375
-0.01611328125 -1.140625 0.09619140625
0.27392578125 -1.1640625 0.19482421875
0.53173828125 -1.154296875 0.11669921875
1.797119140625 -1.16796875 0.19873046875
-0.23876953125 -1.11328125 0.98291015625
-0.57275390625 -1.109375 0.77783203125
0.81787109375 -1.14453125 0.51611328125
1.66015625 -1.154296875 0.26904296875
1.12548828125 -1.146484375 0.01416015625
-0.81103515625 -1.109375 0.20458984375
0.13818359375 -1.123046875 0.82080078125
0.63720703125 -1.13671875 1.19580078125
1.817138671875 -1.1484375 0.45458984375
0.72900390625 -0.76171875 -0.966064453125
1.3564453125 -1.173828125 -0.27490234375
0.24169921875 -1.140625 -0.15673828125
0.28759765625 -1.140625 -0.15380859375
1.20556640625 -1.158203125 -0.7978515625
-1.21728515625 -1.115234375 0.57373046875
-0.87939453125 -1.1171875 0.14599609375
-1.17236328125 -1.09765625 1.56884765625
0.65478515625 -1.138671875 0.30224609375
-0.96533203125 -1.119140625 0.21435546875
1.831298828125 -1.171875 0.42041015625
