BOX_TRUCK
0.39453125 -1.15625 0.5804443359375
1.83984375 -1.2421875 1.4837646484375
1.33203125 -1.21484375 0.4007568359375
0.984375 -1.203125 -0.4952392578125
1.984375 -1.287109375 1.1693115234375
-1.265625 -1.013671875 0.6800537109375
-1.421875 -1.02734375 0.6781005859375
-0.8984375 -1.0546875 1.4661865234375
0.9453125 -1.197265625 1.0325927734375
0.73828125 -1.185546875 0.3284912109375
1.7890625 -1.26171875 0.3489990234375
-1.1328125 -0.53515625 -1.13702392578125
-1.609375 -1.0078125 0.8900146484375
-0.8984375 -1.0546875 1.4661865234375
1.9375 -1.318359375 -0.7535400390625
1.96875 -1.275390625 0.8079833984375
-1.90625 -0.998046875 0.6947021484375
1.47265625 -1.24609375 0.7864990234375
0.2890625 -1.154296875 0.4456787109375
1.42578125 -1.25 0.4788818359375
1.42578125 -1.232421875 1.1517333984375
1.87890625 -1.255859375 0.1956787109375
1.6953125 -1.275390625 0.6732177734375
-0.6015625 -1.072265625 -0.0416259765625
0.6328125 -1.177734375 0.3441162109375
-1.71875 -0.98046875 0.1214599609375
0.14453125 -1.150390625 0.4642333984375
0.9296875 -1.220703125 -0.2696533203125
1.8671875 -1.28125 0.4691162109375
1.08203125 -1.193359375 0.0687255859375
1.31640625 -1.24609375 0.6898193359375
1.91796875 -1.2578125 0.3997802734375
-0.9921875 -1.060546875 0.7406005859375
0.8125 -1.20703125 0.7122802734375
0.39453125 -1.15234375 0.8177490234375
0.5234375 -1.16015625 1.2239990234375
-1.2265625 -1.01953125 1.0892333984375
0.1171875 -1.134765625 0.2816162109375
1.85546875 -1.291015625 0.1741943359375
-0.109375 -1.138671875 -0.1470947265625
1.4921875 -1.26171875 0.0687255859375
1.58203125 -1.23046875 0.1898193359375
0.515625 -1.162109375 -0.1832275390625
-1.734375 -0.984375 -0.1646728515625
1.0234375 -1.220703125 0.5960693359375
-0.078125 -1.12109375 0.2132568359375
1.12890625 -1.236328125 -0.0992431640625
0.77734375 -1.1953125 -0.3985595703125
-0.01171875 -1.14453125 0.0345458984375
-0.265625 -1.119140625 0.7591552734375
-1.0234375 -1.044921875 -0.0533447265625
1.19140625 -1.23046875 0.2366943359375
-0.5625 -1.09375 0.4691162109375
-1.6953125 -0.98828125 0.9036865234375
0.02734375 -1.138671875 0.7103271484375
0.2109375 -0.98046875 -0.9224853515625
-0.484375 -1.08984375 1.2708740234375
1.375 -1.212890625 0.1859130859375
1.06640625 -1.220703125 0.4329833984375
-1.0546875 -1.025390625 0.1351318359375
-0.5859375 -1.087890625 0.0804443359375
0.66796875 -1.189453125 0.1058349609375
-0.8359375 -1.0546875 1.3333740234375
1.5 -1.244140625 -0.2369384765625
-0.859375 -1.072265625 0.4710693359375
0.97265625 -1.197265625 0.5697021484375
1.5859375 -1.263671875 0.1204833984375
1.453125 -1.25 0.5296630859375
1.10546875 -1.208984375 -0.0963134765625
1.18359375 -1.208984375 -0.1470947265625
0.078125 -1.138671875 0.9818115234375
-1.1015625 -1.056640625 0.6673583984375
-1.09375 -1.060546875 -0.0679931640625
1.97265625 -1.28125 1.0521240234375
-1.53125 -1.0078125 0.4769287109375
-0.1875 -1.103515625 -0.7535400390625
-0.453125 -1.09375 0.8939208984375
1.83203125 -1.279296875 -0.1646728515625
-1.4765625 -1.02734375 0.7552490234375
1.4296875 -1.236328125 1.3997802734375
-0.0234375 -1.125 0.0950927734375
1.58203125 0.6171875 -1.5882568359375
-1.5546875 -0.982421875 -0.0162353515625
0.40234375 -1.150390625 0.9017333984375
-1.875 -0.974609375 1.3958740234375
0.359375 -1.169921875 0.7904052734375
-0.8984375 -1.044921875 1.0716552734375
1.18359375 -1.216796875 0.6429443359375
0.97265625 -1.197265625 0.5697021484375
1.50390625 -1.24609375 -0.5816650390625
-0.00390625 -1.140625 0.6302490234375
-0.796875 -1.0625 0.5931396484375
1.83984375 -1.28125 0.8646240234375
1.3828125 -1.234375 0.6351318359375
0.11328125 -1.158203125 0.1556396484375
-0.7109375 -1.07421875 0.3392333984375
1.546875 -1.21875 1.5169677734375
1.30859375 -1.236328125 0.4554443359375
1.578125 -1.240234375 0.6116943359375
1.86328125 -1.287109375 0.7152099609375
-0.484375 -1.0859375 0.3353271484375
0.9296875 -1.220703125 -0.2696533203125
-0.28125 -1.095703125 -0.2271728515625
0.05859375 -1.150390625 -0.2696533203125
0.8203125 -1.208984375 -0.1109619140625
1.39453125 -0.921875 -1.4693603515625
1.8984375 -1.275390625 0.9603271484375
1.63671875 -1.263671875 0.3734130859375
-1.671875 -0.99609375 -0.2320556640625
0.96484375 -1.212890625 0.3812255859375
-1.8359375 -0.9921875 0.4818115234375
1.76953125 -1.248046875 -0.0133056640625
-0.3515625 -1.0859375 0.9486083984375
1.7421875 -1.2734375 0.2230224609375
0.78515625 -1.197265625 0.6878662109375
-1.1796875 -1.03515625 0.9349365234375
0.3984375 -1.15234375 1.0755615234375
1.38671875 -1.21875 0.7767333984375
-0.078125 -1.1171875 0.8724365234375
-0.828125 -1.07421875 0.7357177734375
-1.671875 -0.994140625 0.2034912109375
1.875 -1.26953125 0.3216552734375
-0.8828125 -1.05078125 -0.1275634765625
1.0234375 -1.220703125 0.5960693359375
-0.078125 -1.1171875 0.8724365234375
-1.0546875 -1.04296875 0.2698974609375
-0.3671875 -1.1015625 0.5804443359375
-0.6171875 -1.08203125 1.2825927734375
1.875 -1.072265625 -1.36962890625
1.78515625 -1.279296875 0.4710693359375
-0.4921875 -1.08984375 0.5843505859375
1.5 -1.251953125 0.4769287109375
-0.8984375 -1.03515625 0.0052490234375
0.1953125 -1.009765625 -0.9229736328125
0.9765625 -1.216796875 0.2728271484375
1.21875 -1.2421875 0.0618896484375
0.75 -1.181640625 -0.1705322265625
1.30859375 -0.892578125 -1.388916015625
1.640625 -1.25390625 0.0208740234375
1.90234375 -1.279296875 1.1790771484375
-0.03515625 -1.109375 0.5267333984375
-0.02734375 -1.1328125 0.2181396484375
1.96484375 -1.26953125 0.5013427734375
-1.140625 -1.05078125 1.4915771484375
1.20703125 -1.23046875 0.4564208984375
0.3984375 -1.15625 1.3314208984375
1.96484375 -1.298828125 -0.4088134765625
-1.8828125 -0.96484375 -0.0260009765625
-1.9375 -1.0 0.9134521484375
0.15625 -1.140625 0.5657958984375
-0.8671875 -1.0625 -0.3927001953125
-0.8984375 -1.044921875 1.0716552734375
-0.3359375 -1.107421875 0.4564208984375
-0.625 -1.08203125 0.5872802734375
-0.6875 -1.08203125 0.8431396484375
1.8046875 -1.26953125 0.3226318359375
1.1328125 -1.228515625 -0.2056884765625
0.71484375 -1.203125 -0.1148681640625
1.609375 -1.275390625 -0.2320556640625
0.73828125 -1.1796875 -0.2872314453125
0.66796875 -1.189453125 0.1058349609375
0.17578125 -0.869140625 -0.9732666015625
1.3828125 -1.212890625 0.0784912109375
0.23046875 -1.162109375 0.0404052734375
0.5859375 -1.18359375 0.6107177734375
1.12890625 -1.234375 -0.2589111328125
1.81640625 -0.9765625 -0.9918212890625
0.28125 -1.171875 -0.5386962890625
-0.90625 -1.044921875 0.5374755859375
1.7578125 -1.30078125 -0.7742919921875
1.34375 -0.873046875 -1.384521484375
0.8984375 -1.208984375 0.6839599609375
-0.6328125 -1.060546875 0.6644287109375
1.08984375 -1.22265625 0.1126708984375
0.8984375 -1.177734375 0.4017333984375
1.6875 -1.271484375 0.5736083984375
1.02734375 -1.21875 0.4876708984375
-1.015625 -1.05859375 0.3372802734375
1.5859375 -1.263671875 0.1204833984375
1.3828125 -1.2421875 0.8939208984375
1.9765625 -1.2890625 0.4183349609375
-0.3984375 -1.220703125 -1.6522216796875
1.28125 -1.236328125 0.9017333984375
1.875 -1.26953125 0.3216552734375
0.7890625 -1.19140625 0.6575927734375
1.8671875 -1.28125 0.4691162109375
-1.703125 -0.990234375 0.3421630859375
0.515625 -1.16796875 -0.5362548828125
0.6796875 -1.19140625 -0.4058837890625
1.41796875 -1.251953125 0.6849365234375
0.515625 -1.173828125 0.5560302734375
-0.9609375 -1.072265625 -0.3311767578125
1.5390625 -1.251953125 1.0911865234375
-0.15625 -1.119140625 0.0921630859375
1.72265625 -1.267578125 0.6605224609375
-0.02734375 -1.11328125 1.0208740234375
1.21875 -1.234375 0.6937255859375
0.88671875 -1.193359375 -0.1070556640625
0.7890625 -1.19140625 0.6575927734375
-0.171875 -1.09765625 1.0286865234375
