BOX_TRUCK
0.216796875 -1.0908203125 0.4776611328125
1.818359375 -1.2568359375 0.3243408203125
-0.650390625 -0.9990234375 -0.0008544921875
-0.345703125 -1.0244140625 -0.0985107421875
0.505859375 -1.1318359375 -0.3885498046875
1.443359375 -1.1943359375 0.5157470703125
-1.361328125 -0.9130859375 -0.2659912109375
-0.697265625 -1.0126953125 0.1163330078125
1.333984375 -0.9580078125 -1.3785400390625
1.802734375 -1.2587890625 0.5137939453125
1.748046875 -1.2392578125 0.6993408203125
1.966796875 -1.2529296875 0.9317626953125
0.341796875 -0.7685546875 -1.185150146484375
1.216796875 -1.2080078125 -0.3719482421875
-1.291015625 -0.5419921875 -1.121337890625
-0.486328125 -1.0361328125 -0.1483154296875
1.310546875 -0.9091796875 -1.3841552734375
0.919921875 -1.1630859375 0.4005126953125
-0.517578125 -1.0166015625 0.0440673828125
-1.681640625 -0.9208984375 -0.7777099609375
1.037109375 -1.1513671875 0.3848876953125
1.333984375 -1.1923828125 -0.2689208984375
0.896484375 -1.1572265625 0.5987548828125
1.318359375 -1.2080078125 0.4512939453125
1.287109375 -1.1904296875 0.7159423828125
1.021484375 -1.1787109375 0.6612548828125
1.365234375 -0.8896484375 -1.3773193359375
0.904296875 -1.1416015625 0.9962158203125
1.427734375 -1.0029296875 -1.0673828125
0.654296875 -1.1416015625 0.7315673828125
-0.205078125 -1.0439453125 0.6280517578125
1.263671875 -1.2099609375 -0.0760498046875
1.115234375 -1.1787109375 1.0469970703125
0.990234375 -1.1630859375 0.7276611328125
-1.095703125 -0.9697265625 -0.2757568359375
-1.095703125 -0.9404296875 0.9376220703125
1.076171875 -1.1650390625 1.1817626953125
-1.564453125 -1.0478515625 -0.3548583984375
0.208984375 -1.0888671875 0.0245361328125
0.724609375 -1.1591796875 -0.2000732421875
-1.634765625 -1.0244140625 -0.1112060546875
0.990234375 -1.1572265625 -0.2889404296875
-1.228515625 -0.9443359375 1.5177001953125
0.904296875 -1.1396484375 0.6563720703125
1.974609375 -1.2705078125 0.4503173828125
1.068359375 -1.1748046875 0.3995361328125
-0.001953125 -1.0888671875 -0.4432373046875
0.560546875 -1.1083984375 1.2208251953125
0.966796875 -1.1416015625 -0.0203857421875
-0.345703125 -1.0283203125 -0.2923583984375
0.732421875 -1.1240234375 1.0059814453125
1.724609375 -1.0205078125 -1.0072021484375
0.904296875 -1.1787109375 -0.5667724609375
-0.392578125 -1.0341796875 0.4581298828125
1.443359375 -1.2001953125 0.2559814453125
-0.158203125 -1.0400390625 -0.3563232421875
0.169921875 -1.0986328125 -0.2235107421875
0.044921875 -1.0771484375 0.4796142578125
-1.314453125 -0.9248046875 0.6231689453125
0.724609375 -1.1591796875 -0.4007568359375
1.833984375 -1.2529296875 1.5977783203125
-0.431640625 -1.0693359375 -1.6343994140625
-1.486328125 -0.9052734375 0.1856689453125
-0.056640625 -1.0830078125 -0.6448974609375
1.130859375 -1.1748046875 0.2520751953125
1.083984375 -1.1591796875 0.6534423828125
0.224609375 -1.0869140625 0.2403564453125
1.552734375 -1.2490234375 -0.6029052734375
-0.822265625 -0.9775390625 0.6153564453125
-1.353515625 -0.9365234375 0.7374267578125
-0.228515625 -1.0263671875 -0.8087158203125
1.857421875 -0.9638671875 -1.6475830078125
-1.244140625 -0.9404296875 0.5001220703125
1.955078125 -1.2529296875 -0.2332763671875
1.970703125 -1.2626953125 1.2325439453125
0.154296875 -1.0947265625 0.8302001953125
0.083984375 -1.0771484375 1.1153564453125
1.826171875 -1.2451171875 1.1231689453125
-1.314453125 -0.9404296875 0.5792236328125
1.115234375 -1.1826171875 0.2052001953125
1.458984375 -1.2158203125 0.0626220703125
-0.345703125 -0.4287109375 -1.6544189453125
1.302734375 -1.2001953125 0.0577392578125
1.755859375 -1.2236328125 0.5128173828125
1.623046875 -1.2431640625 0.1466064453125
0.380859375 -1.0869140625 0.5264892578125
1.701171875 -1.2373046875 1.2559814453125
1.857421875 -1.2509765625 0.8770751953125
-1.228515625 -0.9443359375 1.5177001953125
0.263671875 -1.0927734375 0.5987548828125
-1.744140625 -0.8701171875 0.3809814453125
1.107421875 -1.1806640625 0.1846923828125
-1.603515625 -0.8779296875 -0.1121826171875
-0.853515625 -0.9873046875 0.5694580078125
0.380859375 -1.1044921875 0.4063720703125
-0.197265625 -1.0498046875 0.0128173828125
1.771484375 -1.2548828125 0.8204345703125
1.904296875 -0.7451171875 -1.6546630859375
-1.119140625 -0.9365234375 -0.2542724609375
0.357421875 -1.0927734375 1.3770751953125
0.755859375 -1.1435546875 0.1788330078125
-0.853515625 -0.9873046875 0.5694580078125
-0.212890625 -1.0361328125 0.2354736328125
-1.580078125 -0.8974609375 0.6270751953125
1.771484375 -1.2626953125 0.1485595703125
1.701171875 -1.2373046875 1.2559814453125
1.982421875 -1.2705078125 0.3907470703125
-1.087890625 -0.9541015625 -0.5706787109375
-0.908203125 -1.0009765625 -0.7147216796875
-0.626953125 -1.0009765625 -0.5384521484375
0.638671875 -1.1259765625 0.7403564453125
1.380859375 -1.1962890625 1.1583251953125
0.294921875 -0.7880859375 -1.208892822265625
0.404296875 -1.0810546875 -0.0399169921875
0.630859375 -1.1259765625 0.5928955078125
-0.150390625 -1.0439453125 1.4200439453125
0.458984375 -1.1162109375 0.0626220703125
1.083984375 -1.2001953125 -0.6409912109375
-1.525390625 -1.0166015625 -0.2718505859375
0.435546875 -1.0986328125 -0.3211669921875
0.716796875 -1.1201171875 0.6602783203125
0.474609375 -1.1181640625 -0.7430419921875
-1.212890625 -0.9638671875 -0.4998779296875
0.099609375 -1.0556640625 0.3839111328125
1.771484375 -1.2255859375 0.1339111328125
0.646484375 -1.1240234375 1.3575439453125
0.435546875 -1.0986328125 -0.3211669921875
-1.884765625 -0.8779296875 0.0186767578125
-1.580078125 -0.8974609375 0.6270751953125
-0.853515625 -0.9541015625 -0.0848388671875
1.833984375 -1.2529296875 1.5977783203125
1.193359375 -1.1982421875 -0.1805419921875
0.318359375 -1.1162109375 -0.0086669921875
-0.220703125 -1.0478515625 0.1602783203125
-0.416015625 -1.0166015625 0.2325439453125
0.021484375 -1.0185546875 1.5821533203125
-0.400390625 -1.0009765625 -0.0692138671875
0.349609375 -1.1103515625 0.5440673828125
-0.603515625 -0.9931640625 -0.3822021484375
-0.814453125 -0.9873046875 0.3048095703125
0.419921875 -1.0966796875 0.8790283203125
1.154296875 -1.1708984375 0.8516845703125
1.560546875 -1.2431640625 -0.3206787109375
0.013671875 -1.0556640625 -0.2010498046875
1.904296875 -1.2451171875 0.2628173828125
1.552734375 -1.2490234375 -0.6029052734375
0.083984375 -1.0869140625 0.7462158203125
-1.650390625 -0.5810546875 -1.156982421875
1.748046875 -1.2392578125 0.6993408203125
1.755859375 -1.2255859375 -0.1190185546875
-1.384765625 -0.9326171875 0.9766845703125
1.193359375 -1.1982421875 -0.1805419921875
-1.275390625 -0.9482421875 0.7833251953125
1.505859375 -1.2314453125 0.6456298828125
1.349609375 -1.2060546875 -0.6614990234375
-0.376953125 -0.6591796875 -1.6468505859375
1.701171875 -1.2392578125 1.4063720703125
1.083984375 -1.2001953125 -0.6409912109375
-1.970703125 -0.8583984375 0.1817626953125
-0.619140625 -0.9990234375 0.6397705078125
1.552734375 -1.2216796875 0.2081298828125
-0.548828125 -1.0087890625 1.1583251953125
-1.197265625 -0.9443359375 1.2012939453125
1.529296875 -1.2197265625 0.5821533203125
1.029296875 -1.1826171875 0.7911376953125
1.912109375 -1.2685546875 0.7530517578125
0.505859375 -1.1279296875 0.6778564453125
1.833984375 -1.2509765625 1.2442626953125
-0.431640625 -0.9736328125 -1.6387939453125
0.748046875 -1.1435546875 0.4024658203125
1.865234375 -0.9287109375 -1.6490478515625
1.373046875 -1.2197265625 0.5225830078125
0.115234375 -0.7685546875 -1.2306709289550781
-0.384765625 -1.0244140625 0.6085205078125
-0.126953125 -1.0517578125 -0.2806396484375
-0.048828125 -0.7490234375 -1.2504730224609375
-1.650390625 -0.9052734375 0.1339111328125
1.787109375 -1.2607421875 0.7579345703125
1.529296875 -1.2197265625 0.5821533203125
-1.556640625 -0.9248046875 -0.2952880859375
1.458984375 -1.1904296875 0.1270751953125
1.708984375 -1.2529296875 -0.3118896484375
0.623046875 -1.1201171875 0.8712158203125
-0.236328125 -1.0693359375 -0.8087158203125
0.982421875 -1.1748046875 0.0723876953125
0.458984375 -1.1201171875 0.3145751953125
1.931640625 -0.6396484375 -1.6583251953125
1.841796875 -1.2646484375 0.6993408203125
-1.970703125 -0.8857421875 0.6339111328125
-0.900390625 -0.9814453125 0.1475830078125
1.216796875 -1.2080078125 -0.3719482421875
1.748046875 -1.2392578125 0.6993408203125
1.654296875 -1.2451171875 0.5167236328125
1.787109375 -1.2568359375 0.1973876953125
-1.259765625 -0.9248046875 1.0489501953125
0.724609375 -1.1591796875 -0.4007568359375
-0.626953125 -1.0009765625 -0.5384521484375
-0.619140625 -0.9931640625 1.4630126953125
0.427734375 -1.1162109375 0.2686767578125
-1.556640625 -0.7958984375 -0.4403076171875
