BOX_TRUCK
0.974609375 1.224609375 0.6123046875
0.748046875 1.197265625 0.2470703125
-1.248046875 1.16796875 0.35546875
-0.794921875 1.1796875 0.6064453125
-0.384765625 1.1796875 0.0009765625
-0.794921875 1.154296875 0.48046875
0.220703125 1.19921875 0.1796875
0.654296875 1.193359375 0.8017578125
-0.955078125 1.162109375 0.2734375
-1.767578125 1.16015625 0.107421875
-0.185546875 1.169921875 0.26171875
-0.591796875 1.162109375 0.8798828125
-1.361328125 0.892578125 -1.20819091796875
-0.564453125 1.18359375 0.3310546875
-1.501953125 1.16796875 0.2578125
-0.876953125 1.1796875 1.4384765625
-0.517578125 1.169921875 0.548828125
-1.990234375 1.1484375 0.3447265625
-0.935546875 1.1875 1.1689453125
-0.337890625 1.158203125 0.115234375
-1.794921875 1.138671875 0.5263671875
0.111328125 1.177734375 0.177734375
0.365234375 1.208984375 -0.1484375
-1.873046875 1.142578125 0.5830078125
0.068359375 1.185546875 -0.015625
-1.228515625 1.14453125 0.8349609375
-1.033203125 1.14453125 0.0380859375
0.318359375 0.998046875 -1.03759765625
0.716796875 1.197265625 -0.31005859375
-1.138671875 1.14453125 -0.0234375
-0.248046875 1.1875 0.146484375
-1.794921875 1.13671875 0.3154296875
0.513671875 1.205078125 0.384765625
-1.322265625 1.1640625 0.1943359375
-1.544921875 1.150390625 0.3515625
-0.494140625 1.189453125 0.1142578125
0.216796875 1.197265625 0.0595703125
-1.841796875 1.1484375 0.0478515625
-0.927734375 1.158203125 0.71875
-1.224609375 1.169921875 0.0947265625
-1.330078125 1.138671875 0.0849609375
-1.681640625 1.140625 0.25390625
-1.361328125 1.166015625 0.7705078125
-1.123046875 1.15234375 0.4755859375
-1.982421875 1.115234375 0.4638671875
-1.353515625 0.86328125 -1.21466064453125
-1.673828125 1.162109375 0.6845703125
-1.181640625 1.17578125 0.32421875
-0.451171875 1.189453125 0.076171875
-1.505859375 1.1640625 0.1015625
-0.751953125 1.1796875 0.119140625
-0.216796875 1.197265625 0.146484375
-1.642578125 1.158203125 0.3798828125
-0.146484375 1.16796875 0.529296875
0.318359375 0.998046875 -1.03759765625
1.458984375 1.220703125 0.2607421875
-1.134765625 1.185546875 0.8701171875
-1.951171875 1.134765625 0.0537109375
-1.572265625 1.146484375 0.3759765625
-0.962890625 1.173828125 -0.45751953125
-1.212890625 1.189453125 0.9716796875
0.623046875 1.185546875 -0.08984375
-1.025390625 1.146484375 0.544921875
-0.650390625 1.197265625 0.6142578125
-1.490234375 1.15234375 0.5400390625
-1.130859375 1.185546875 0.7880859375
-1.037109375 1.150390625 0.6123046875
-1.626953125 1.154296875 0.005859375
-1.341796875 1.15625 -0.73046875
-0.779296875 1.15234375 -0.2724609375
-0.791015625 1.18359375 0.2587890625
-0.365234375 1.197265625 1.2470703125
-0.384765625 1.1796875 0.0009765625
-0.103515625 1.142578125 0.453125
1.412109375 1.208984375 -0.1357421875
-0.384765625 1.18359375 0.2216796875
-1.619140625 1.150390625 -0.298828125
-0.462890625 1.193359375 -0.509765625
-0.111328125 1.19921875 1.0966796875
-1.896484375 1.13671875 0.46484375
-1.626953125 1.154296875 0.6884765625
-0.357421875 1.166015625 0.7490234375
-0.654296875 1.150390625 0.1259765625
-1.244140625 1.16015625 -0.08203125
-1.740234375 1.134765625 0.37890625
-1.849609375 1.154296875 -0.2744140625
0.509765625 1.19921875 0.0517578125
0.337890625 1.166015625 0.662109375
-1.287109375 1.138671875 0.4736328125
-1.568359375 1.15625 0.064453125
-0.201171875 1.169921875 0.52734375
-1.564453125 1.154296875 0.568359375
1.263671875 1.205078125 -0.126953125
-0.423828125 1.1484375 0.0439453125
-1.908203125 1.146484375 -0.037109375
-1.115234375 1.15234375 0.3095703125
0.435546875 1.1796875 -0.203125
1.857421875 0.66015625 -1.34576416015625
-0.193359375 0.66015625 -0.972900390625
0.107421875 1.1796875 -0.681640625
0.513671875 1.201171875 0.21875
0.181640625 1.1875 -0.1845703125
-1.822265625 1.13671875 0.4951171875
-0.357421875 1.171875 -0.033203125
0.888671875 1.189453125 0.3759765625
0.623046875 1.185546875 -0.08984375
-0.931640625 1.158203125 1.0986328125
0.888671875 1.189453125 0.3759765625
-0.232421875 1.173828125 0.9052734375
-1.353515625 1.177734375 0.0986328125
1.240234375 1.216796875 0.603515625
0.060546875 1.173828125 0.1796875
0.115234375 1.21875 1.3134765625
0.740234375 1.203125 0.5595703125
1.310546875 1.212890625 0.1689453125
-0.013671875 1.185546875 0.4150390625
0.275390625 1.203125 0.259765625
-1.931640625 1.150390625 0.4052734375
1.560546875 1.236328125 0.119140625
-0.080078125 1.16015625 -0.087890625
-1.814453125 1.140625 0.376953125
-1.869140625 1.14453125 0.287109375
-0.986328125 1.169921875 0.1572265625
-0.869140625 1.15234375 -0.0048828125
-0.025390625 1.181640625 0.4541015625
-1.994140625 1.146484375 0.8916015625
-0.060546875 1.169921875 0.06640625
0.810546875 1.005859375 -1.1070556640625
-0.244140625 1.16796875 -0.6337890625
1.208984375 1.224609375 0.21484375
0.259765625 1.181640625 0.3359375
1.029296875 1.203125 0.9990234375
0.060546875 1.162109375 0.21875
-1.267578125 1.1484375 0.115234375
0.833984375 1.19921875 -0.3466796875
-1.376953125 1.1484375 0.6962890625
-1.173828125 1.158203125 0.8388671875
0.072265625 1.185546875 0.7314453125
1.154296875 1.201171875 0.2412109375
0.068359375 1.189453125 0.494140625
-1.814453125 1.150390625 0.16796875
0.318359375 1.197265625 0.54296875
-0.955078125 1.126953125 -0.1728515625
-0.009765625 1.20703125 0.453125
-0.533203125 1.1875 0.2587890625
-0.353515625 1.169921875 0.3701171875
-1.150390625 1.169921875 -0.43798828125
-0.724609375 1.146484375 0.3759765625
-0.958984375 1.177734375 1.1669921875
0.990234375 1.21875 0.8779296875
-0.912109375 1.14453125 0.23828125
-1.427734375 1.158203125 0.638671875
0.091796875 1.18359375 0.3369140625
-0.994140625 1.171875 -0.080078125
-1.556640625 1.154296875 0.2265625
-0.923828125 1.162109375 0.2041015625
-1.978515625 1.134765625 0.0546875
0.517578125 1.1953125 -0.15625
0.857421875 1.216796875 0.7822265625
-0.580078125 1.18359375 0.6181640625
-1.916015625 1.134765625 0.31640625
-1.732421875 1.158203125 -0.0439453125
-1.345703125 1.154296875 -0.0107421875
-1.513671875 1.14453125 1.0380859375
-1.857421875 1.16015625 0.8056640625
-0.611328125 1.177734375 0.1162109375
-1.130859375 1.185546875 0.7880859375
0.095703125 1.19921875 0.8115234375
1.240234375 1.1875 0.28515625
-0.224609375 1.1796875 0.296875
-0.935546875 1.1875 1.1689453125
0.154296875 1.177734375 -0.1025390625
-1.767578125 1.146484375 0.28515625
-0.337890625 1.15234375 0.2265625
-1.486328125 1.130859375 0.3447265625
-0.927734375 1.134765625 -0.1748046875
-1.115234375 1.15234375 0.3095703125
0.458984375 1.19140625 0.9560546875
0.103515625 1.171875 0.7724609375
-1.802734375 1.138671875 -0.6787109375
-0.509765625 1.1484375 -0.208984375
1.568359375 1.23828125 0.40234375
-1.345703125 1.158203125 0.4189453125
0.599609375 1.189453125 0.0380859375
-0.748046875 1.1640625 0.2705078125
-0.833984375 1.16015625 0.3623046875
0.857421875 1.1953125 -0.234375
-1.880859375 1.154296875 0.8037109375
-0.841796875 1.1328125 0.4453125
0.638671875 1.177734375 0.333984375
-1.646484375 1.142578125 0.16015625
-0.044921875 1.173828125 0.3759765625
1.107421875 1.17578125 0.4658203125
-0.525390625 1.16796875 0.267578125
-1.916015625 1.1328125 0.169921875
-1.978515625 1.130859375 0.171875
-0.791015625 1.1796875 1.1884765625
-0.759765625 1.162109375 0.5166015625
-1.349609375 0.93359375 -1.203857421875
0.052734375 1.177734375 0.533203125
