BOX_TRUCK
-1.28515625 -0.9189453125 1.410888671875
-1.83984375 -0.5205078125 -1.1258544921875
1.83203125 -1.3447265625 1.166748046875
-0.26953125 -1.0634765625 0.749755859375
1.94140625 -1.3876953125 -0.145751953125
1.23046875 -1.2705078125 1.453857421875
1.41015625 -1.3134765625 -0.522216796875
-1.82421875 -0.8603515625 0.291748046875
1.70703125 -1.3525390625 0.774169921875
-1.99609375 -0.8134765625 0.393310546875
-0.64453125 -1.0009765625 0.386474609375
1.44921875 -1.3017578125 -0.584228515625
1.91796875 -1.3798828125 -0.019775390625
1.47265625 -1.2861328125 1.190185546875
0.33203125 -1.1376953125 0.776123046875
1.70703125 0.5302734375 -1.475341796875
1.19921875 -1.2705078125 0.671630859375
-0.01171875 -1.0791015625 0.049560546875
0.75390625 -1.1962890625 0.591552734375
1.68359375 -1.3525390625 -0.025634765625
-0.64453125 -1.0009765625 0.386474609375
0.53515625 -1.1572265625 1.248779296875
-0.83203125 -0.9775390625 1.383544921875
1.70703125 0.5302734375 -1.475341796875
1.40234375 -1.3134765625 1.030029296875
1.70703125 -1.3525390625 -0.504638671875
1.42578125 -1.2861328125 0.584716796875
0.53515625 -1.1572265625 1.248779296875
-1.82421875 -0.8603515625 0.291748046875
0.80859375 -1.2275390625 0.634521484375
0.78515625 -1.2041015625 1.289794921875
1.55859375 -1.2939453125 0.416748046875
1.73046875 -1.3603515625 0.932373046875
1.96484375 -0.3837890625 -1.3829345703125
-1.25390625 -0.9072265625 -0.177001953125
1.92578125 -1.3798828125 1.239013671875
1.06640625 -1.2314453125 -0.267822265625
-1.04296875 -0.9892578125 -0.659912109375
1.04296875 -1.2509765625 0.797607421875
1.50390625 -1.3017578125 -0.330322265625
-1.58984375 -0.8916015625 0.688232421875
1.85546875 0.5224609375 -1.44189453125
-1.29296875 -0.5009765625 -1.083251953125
0.93359375 -1.2119140625 0.416748046875
1.70703125 -1.3447265625 0.171630859375
-0.98046875 -0.9580078125 0.416748046875
1.79296875 -1.3330078125 -0.102783203125
-0.82421875 -0.9658203125 -0.162353515625
-0.37890625 -1.0595703125 1.121826171875
0.71484375 -1.2119140625 0.154052734375
-0.89453125 -0.9775390625 -0.372802734375
1.36328125 -1.2822265625 0.416748046875
1.31640625 -1.3056640625 -0.172119140625
1.19921875 -1.0361328125 -1.4632568359375
1.23828125 -1.2705078125 0.211669921875
-1.87109375 -0.8564453125 0.109130859375
-0.87890625 -0.9658203125 0.611083984375
1.76171875 -1.3212890625 -0.071533203125
1.52734375 -1.3134765625 1.594482421875
1.70703125 -1.3525390625 -0.504638671875
-1.96484375 -0.8017578125 -0.214111328125
1.47265625 -1.3056640625 0.456787109375
1.19140625 -1.2470703125 -0.120361328125
-1.94921875 -0.8642578125 -0.304931640625
-0.98046875 -0.9580078125 0.416748046875
0.51171875 -1.1728515625 0.554443359375
-0.89453125 -0.9775390625 -0.372802734375
-0.59765625 -1.0166015625 0.199951171875
1.81640625 -1.3681640625 0.497802734375
0.72265625 -1.2236328125 -0.048095703125
1.16015625 -1.2626953125 0.460693359375
1.97265625 0.5185546875 -1.4444580078125
0.33984375 -1.1611328125 0.148193359375
-0.70703125 -1.0244140625 0.897216796875
0.48046875 -1.1689453125 0.729248046875
1.76953125 -1.3486328125 0.692138671875
0.76953125 -1.1884765625 -0.106689453125
-0.28515625 -1.0751953125 0.658935546875
-0.18359375 -1.0712890625 0.202880859375
1.98046875 -1.3935546875 -0.253662109375
-1.73046875 -0.8759765625 -0.107666015625
0.75390625 -1.2236328125 0.807373046875
-1.87109375 -0.8564453125 0.109130859375
0.75390625 -1.1962890625 0.591552734375
1.47265625 -1.2861328125 1.190185546875
-1.99609375 -0.8134765625 0.393310546875
-0.12109375 -1.0830078125 1.199951171875
-1.59765625 -0.4619140625 -1.2150611877441406
0.41796875 -1.1533203125 1.311279296875
1.48828125 0.5654296875 -1.48681640625
-1.21484375 -0.9541015625 0.515380859375
1.77734375 -1.3408203125 0.373779296875
-0.69140625 -1.0283203125 -0.637939453125
1.96484375 -0.3837890625 -1.3829345703125
0.74609375 -1.2080078125 -0.019775390625
1.45703125 -1.2861328125 0.083740234375
1.23046875 -1.2705078125 1.453857421875
-1.32421875 -0.8994140625 0.019287109375
1.08203125 -1.2705078125 1.045654296875
1.55859375 -1.2939453125 0.416748046875
-0.28515625 -1.0869140625 0.510498046875
1.07421875 -1.2431640625 -0.610595703125
-0.03515625 -1.0986328125 -0.042236328125
0.86328125 -1.2158203125 1.655029296875
-1.32421875 -0.8994140625 0.019287109375
0.85546875 -1.2197265625 0.463623046875
0.23828125 -1.1298828125 1.178466796875
1.72265625 -1.3330078125 -0.565673828125
1.76171875 -1.3603515625 0.613037109375
-1.23046875 -0.9345703125 0.971435546875
1.99609375 -1.3955078125 -0.487548828125
1.49609375 -1.3212890625 0.001708984375
0.48046875 -1.1806640625 0.328857421875
0.24609375 -1.1337890625 0.028076171875
-0.06640625 -1.1064453125 0.113037109375
1.98046875 -1.3857421875 0.765380859375
-1.97265625 -0.8251953125 0.494873046875
-0.11328125 -1.1025390625 0.293701171875
0.19921875 -1.1337890625 0.559326171875
-1.30078125 -0.9111328125 0.615966796875
-0.97265625 -1.0087890625 0.905029296875
1.99609375 -1.0712890625 -1.07763671875
1.48046875 -1.2978515625 0.375732421875
1.64453125 0.5615234375 -1.46923828125
0.42578125 -1.1806640625 0.992919921875
1.89453125 -1.3837890625 0.821044921875
1.72265625 -1.3330078125 -0.565673828125
1.44921875 -1.3212890625 0.946044921875
-0.37890625 -1.0595703125 1.121826171875
-1.95703125 -0.8798828125 1.506591796875
-1.11328125 -0.9736328125 1.063232421875
1.44921875 -1.2900390625 -0.250244140625
1.22265625 -1.2900390625 -0.514892578125
0.33203125 -1.1376953125 0.776123046875
-1.32421875 -0.8994140625 0.019287109375
-0.91796875 -0.9892578125 0.125732421875
1.08203125 -1.2275390625 0.074951171875
0.12109375 -1.1416015625 0.507568359375
0.23828125 -1.1298828125 1.178466796875
1.54296875 -1.3291015625 -0.494873046875
-0.16015625 -0.7041015625 -1.0799560546875
-1.37890625 -0.9150390625 1.272216796875
1.16015625 1.5927734375 -1.59326171875
0.93359375 -1.2548828125 0.848388671875
-1.37890625 -0.9072265625 -0.001220703125
1.09765625 1.5693359375 -1.59912109375
-0.66796875 -1.0048828125 0.761474609375
-1.82421875 -0.8603515625 0.291748046875
1.62890625 -1.3447265625 0.133544921875
-0.05859375 -1.1025390625 0.140380859375
0.38671875 -1.1337890625 0.059326171875
1.83203125 -1.3486328125 0.985107421875
-0.55859375 -0.9619140625 1.600341796875
-1.04296875 -0.9658203125 0.484130859375
-0.24609375 -1.0595703125 0.384521484375
0.52734375 -1.1650390625 1.512451171875
0.12109375 -1.1416015625 0.507568359375
-0.58203125 -1.0126953125 0.416748046875
-0.81640625 -1.0048828125 0.513427734375
-0.18359375 -1.0712890625 0.202880859375
-0.40234375 -1.0634765625 -0.075439453125
1.73828125 -1.3212890625 0.090576171875
-1.01171875 -0.9501953125 0.197021484375
1.00390625 -1.2509765625 1.303466796875
1.77734375 -1.3408203125 0.373779296875
0.26953125 -1.1416015625 1.354248046875
1.72265625 -1.3603515625 1.563232421875
-0.64453125 -1.0009765625 0.386474609375
1.44921875 -1.3134765625 0.619873046875
-1.17578125 -0.9384765625 1.108154296875
1.55078125 -1.3212890625 0.294677734375
0.03515625 -1.1181640625 0.830810546875
1.48046875 -1.2978515625 -0.414306640625
-0.86328125 -0.9853515625 0.862060546875
-0.83984375 -0.9853515625 -0.74462890625
0.33984375 -1.1611328125 0.148193359375
-0.19921875 -1.0751953125 0.566162109375
-1.23046875 -0.9501953125 1.457763671875
0.60546875 -1.1689453125 0.416748046875
0.88671875 -1.2080078125 1.225341796875
-1.39453125 -0.9150390625 0.116943359375
1.76171875 -1.3603515625 0.613037109375
1.48828125 -1.2939453125 1.434326171875
1.49609375 -1.3095703125 0.537841796875
1.80078125 -0.3798828125 -1.402587890625
1.17578125 1.5927734375 -1.58154296875
-1.28515625 -0.9189453125 1.410888671875
-1.29296875 -0.9228515625 0.218505859375
-0.07421875 -1.0791015625 0.785888671875
1.51953125 0.5576171875 -1.497314453125
-1.25390625 -0.9072265625 -0.177001953125
-0.97265625 -1.0087890625 0.905029296875
0.61328125 -1.2001953125 0.293701171875
1.08203125 -1.2275390625 0.074951171875
0.16796875 -1.1181640625 0.204833984375
0.81640625 -1.2392578125 0.975341796875
1.40234375 -1.3134765625 0.783935546875
1.48046875 -1.2978515625 -0.414306640625
-1.21484375 -0.9501953125 0.873779296875
-0.44140625 -1.0439453125 -0.054931640625
