BOX_TRUCK
-0.19140625 -0.9658203125 0.56494140625
0.23828125 -1.0478515625 0.94873046875
0.91796875 -1.1650390625 1.12255859375
0.91796875 -1.1650390625 1.12255859375
-0.55078125 -0.9189453125 -0.53369140625
1.56640625 0.6865234375 -1.5255126953125
1.56640625 -1.2080078125 -0.04052734375
0.65234375 -1.1181640625 0.02294921875
-1.23828125 -0.8447265625 -0.4501953125
0.33203125 -1.0322265625 0.55908203125
1.58203125 -1.2392578125 0.15478515625
1.30859375 -1.2392578125 0.44873046875
0.95703125 -1.1611328125 0.04638671875
-0.95703125 -0.8681640625 0.66552734375
0.16015625 -1.0517578125 0.01708984375
0.16015625 -1.0517578125 0.01708984375
0.85546875 -1.1572265625 1.42529296875
1.73046875 -1.2705078125 1.55615234375
-1.80078125 -0.3134765625 -1.4066162109375
-0.92578125 -0.8525390625 0.77490234375
-0.89453125 -0.8603515625 0.22314453125
1.64453125 -1.2587890625 0.22705078125
1.91015625 -1.3095703125 -0.7109375
1.27734375 -1.2197265625 0.03076171875
1.41796875 -1.2431640625 1.38623046875
1.44921875 -1.2314453125 0.61181640625
0.57421875 -1.0947265625 1.38427734375
1.16796875 -1.2197265625 0.61767578125
0.12890625 -1.0556640625 -0.818603515625
1.37109375 -0.9970703125 -1.04052734375
0.30859375 -1.0126953125 -0.29052734375
0.31640625 -1.0283203125 0.12255859375
-0.09765625 -0.9892578125 1.42333984375
-0.83203125 -0.8486328125 1.43310546875
-0.83203125 -0.8681640625 1.46630859375
-0.86328125 -0.8564453125 -0.6591796875
-1.22265625 -0.8603515625 0.91748046875
1.23828125 -1.2001953125 1.34521484375
0.33984375 0.1357421875 -1.6298828125
-1.84765625 -0.7041015625 0.81787109375
0.12890625 -1.0556640625 -0.818603515625
1.27734375 -1.2197265625 0.03076171875
-0.22265625 -0.9501953125 -0.73291015625
0.68359375 -1.1103515625 1.06787109375
1.51171875 -1.2275390625 0.35009765625
-0.56640625 -0.9384765625 -0.42236328125
0.33984375 0.1357421875 -1.6298828125
1.41796875 -1.2431640625 1.38623046875
-1.80078125 -0.3134765625 -1.4066162109375
-1.61328125 -0.7900390625 1.13818359375
-1.03515625 -0.8681640625 1.22216796875
1.37109375 -1.2236328125 -0.7431640625
0.64453125 -1.1142578125 0.22509765625
0.17578125 -1.0478515625 1.26513671875
1.33203125 -1.2275390625 1.19873046875
-1.84765625 -0.7041015625 0.81787109375
0.16015625 -1.0517578125 0.01708984375
1.37109375 -0.9970703125 -1.04052734375
0.06640625 -1.0751953125 1.06005859375
0.02734375 -1.0166015625 0.66845703125
0.41796875 0.3740234375 -1.630126953125
0.65234375 -1.1181640625 0.02294921875
0.30859375 -1.0400390625 0.43115234375
1.27734375 -1.2080078125 -0.06591796875
1.28515625 -1.2236328125 -0.7431640625
1.21484375 -0.9619140625 -1.502197265625
0.28515625 -1.0322265625 0.74169921875
0.23828125 -1.0478515625 0.94873046875
-1.72265625 -0.2939453125 -1.3011322021484375
1.27734375 -1.2197265625 0.03076171875
1.98828125 -1.3291015625 1.06591796875
0.85546875 -1.1533203125 0.82568359375
0.61328125 -1.1103515625 0.24658203125
1.00390625 -1.1572265625 0.42431640625
1.55859375 -1.2236328125 0.13134765625
-1.20703125 -0.8447265625 0.22314453125
1.98046875 0.6591796875 -1.48291015625
-0.95703125 -0.8681640625 0.66552734375
0.31640625 0.0693359375 -1.629150390625
1.34765625 -1.2119140625 0.90576171875
0.24609375 -1.0556640625 1.15576171875
1.27734375 -1.2197265625 0.03076171875
-0.89453125 -0.8798828125 -0.21142578125
0.55078125 0.8037109375 -1.6328125
0.68359375 -1.1103515625 1.06787109375
0.35546875 0.1943359375 -1.63037109375
1.51953125 -1.1962890625 -0.23779296875
1.61328125 -1.2431640625 0.73974609375
-0.95703125 -0.8642578125 0.34814453125
1.51171875 -1.2275390625 0.35009765625
-0.92578125 -0.8251953125 -0.328125
0.31640625 -1.0361328125 0.53466796875
0.10546875 -1.0595703125 -1.615478515625
0.31640625 -1.0283203125 0.12255859375
1.58984375 -1.2314453125 0.54541015625
1.61328125 -1.2431640625 0.73974609375
0.35546875 -1.0205078125 -0.279296875
0.35546875 -1.0205078125 -0.279296875
0.23828125 -1.0478515625 0.94873046875
-0.72265625 -0.8916015625 1.12646484375
0.37890625 0.2568359375 -1.630126953125
1.51171875 -1.2275390625 0.35009765625
1.33203125 -1.2275390625 1.19873046875
-1.23828125 -0.8447265625 -0.4501953125
1.21484375 -0.9619140625 -1.502197265625
1.62109375 -1.2392578125 -0.06005859375
1.51953125 -1.1962890625 -0.23779296875
1.60546875 -1.0126953125 -1.4599609375
0.95703125 -1.1611328125 0.04638671875
1.30859375 -1.2392578125 0.44873046875
-1.81640625 -0.2392578125 -1.408935546875
1.01953125 -1.1494140625 0.32470703125
1.99609375 -1.2939453125 0.35009765625
0.57421875 -1.0947265625 1.38427734375
-1.58203125 -0.7548828125 1.50927734375
0.06640625 -1.0751953125 1.06005859375
1.51953125 -1.2822265625 0.83935546875
1.74609375 -1.2666015625 1.31591796875
0.10546875 -1.0595703125 -1.615478515625
-0.33203125 -0.9853515625 1.50732421875
0.10546875 -1.0322265625 1.09130859375
1.83203125 0.6513671875 -1.4970703125
1.37109375 -1.2236328125 -0.7431640625
0.00390625 -1.0478515625 0.64404296875
0.06640625 -1.0751953125 1.06005859375
0.30859375 -1.0400390625 0.43115234375
-0.89453125 -0.8798828125 -0.21142578125
0.48828125 0.6201171875 -1.632080078125
0.53515625 0.7412109375 -1.63232421875
-0.92578125 -0.8525390625 0.77490234375
-1.81640625 -0.3486328125 -1.071044921875
0.59765625 0.9208984375 -1.632568359375
-0.20703125 -1.0048828125 1.17919921875
-0.62890625 -0.9111328125 1.31005859375
-0.48828125 -0.9384765625 -0.853759765625
0.59765625 0.9208984375 -1.632568359375
0.37890625 0.2568359375 -1.630126953125
0.43359375 0.4365234375 -1.630859375
0.15234375 -0.8681640625 -1.6162109375
0.51171875 -1.0634765625 1.34716796875
0.64453125 -1.1142578125 0.22509765625
1.94140625 -1.3173828125 0.78857421875
-0.97265625 -0.8759765625 1.10888671875
0.30859375 -1.0126953125 -0.29052734375
0.74609375 -1.1298828125 1.63623046875
0.85546875 -1.1572265625 1.42529296875
1.51171875 -1.2353515625 -0.14013671875
1.65234375 -0.4619140625 -1.22967529296875
1.91796875 -1.0830078125 -0.995361328125
1.84765625 -1.3056640625 -0.14892578125
1.62890625 -1.2353515625 -0.623046875
0.37890625 0.2568359375 -1.630126953125
-1.80078125 -0.7275390625 0.34814453125
0.47265625 -1.0869140625 0.45361328125
0.10546875 -1.0595703125 -1.615478515625
1.74609375 -1.2666015625 1.31591796875
-0.33203125 -0.9853515625 1.50732421875
1.76953125 -1.2900390625 0.03759765625
-0.83203125 -0.8486328125 1.43310546875
0.85546875 -1.1572265625 1.42529296875
0.33984375 0.1357421875 -1.6298828125
1.19921875 -1.1845703125 1.30419921875
-0.22265625 -0.9658203125 0.43701171875
0.35546875 0.1943359375 -1.63037109375
1.92578125 -0.4931640625 -1.203857421875
1.83203125 -1.2900390625 1.02294921875
-1.89453125 -0.6650390625 -0.12451171875
0.46484375 0.5615234375 -1.63232421875
0.28515625 -1.0322265625 0.74169921875
0.87890625 -1.1572265625 -0.77197265625
0.01171875 -1.0205078125 0.22509765625
-0.94140625 -0.8486328125 0.57275390625
0.33984375 -1.0439453125 0.13916015625
-0.86328125 -0.8564453125 -0.6591796875
-0.89453125 -0.8798828125 -0.21142578125
1.65234375 -0.4619140625 -1.22967529296875
-1.80078125 -0.3525390625 -1.30657958984375
0.91796875 -1.1650390625 1.12255859375
1.18359375 -0.9462890625 -1.25750732421875
-1.64453125 -0.7353515625 -0.70068359375
-0.95703125 -0.8681640625 0.66552734375
0.35546875 -1.0205078125 -0.279296875
1.98046875 1.3037109375 -1.5107421875
1.00390625 -1.1572265625 0.42431640625
1.44921875 -1.2314453125 0.61181640625
1.92578125 -0.4931640625 -1.203857421875
0.37890625 0.2568359375 -1.630126953125
-1.80078125 -0.7275390625 0.34814453125
0.40234375 -1.0634765625 0.76708984375
-1.05078125 -0.8720703125 -0.22021484375
1.16796875 -1.2314453125 1.01123046875
1.93359375 -1.3251953125 0.82763671875
-1.87890625 -0.4150390625 -1.0733642578125
0.95703125 -1.1611328125 0.04638671875
1.00390625 -1.1572265625 0.42431640625
-0.89453125 -0.8798828125 -0.21142578125
0.17578125 -1.0478515625 1.26513671875
1.98046875 1.3037109375 -1.5107421875
-0.01171875 -1.0283203125 0.45556640625
-0.72265625 -0.8916015625 1.12646484375
