BOX_TRUCK
1.91015625 -1.1455078125 -0.566650390625
1.95703125 -0.7861328125 -1.08740234375
1.90234375 -0.9658203125 -1.087646484375
1.96484375 -0.7470703125 -1.2047119140625
1.98828125 -0.6650390625 -1.0875244140625
1.97265625 -0.6806640625 -1.20599365234375
1.98828125 -0.6259765625 -1.20562744140625
1.95703125 -0.7197265625 -1.0887451171875
1.98046875 -0.6025390625 -1.08935546875
1.98828125 -0.5634765625 -1.2069091796875
1.98828125 -0.5400390625 -1.0906982421875
1.99609375 -0.4970703125 -1.2081298828125
1.80859375 -1.1494140625 -0.156982421875
1.80859375 -1.1416015625 0.153564453125
1.83203125 -1.1376953125 0.566650390625
1.76953125 -1.1376953125 0.360595703125
1.87890625 -1.1689453125 1.231689453125
1.73046875 -1.1376953125 0.012939453125
1.92578125 -1.1220703125 1.634033203125
1.90234375 -0.2587890625 -0.89404296875
1.88671875 -1.1728515625 1.635986328125
1.68359375 -1.1376953125 0.217041015625
1.63671875 -1.0712890625 -0.057373046875
1.87109375 -0.1181640625 -1.3202133178710938
1.61328125 -1.1103515625 0.047119140625
1.68359375 -1.1064453125 0.778564453125
1.88671875 0.1396484375 -0.9033203125
1.69921875 -1.1181640625 1.343017578125
1.51953125 -1.0791015625 -0.092529296875
1.60546875 -1.1494140625 0.884033203125
1.51171875 -1.0830078125 0.113525390625
1.46484375 -1.0595703125 -0.301513671875
1.42578125 -1.1025390625 -0.803466796875
1.70703125 -0.1337890625 -1.3337249755859375
1.61328125 -0.3681640625 -1.1234130859375
1.41796875 -1.0830078125 -0.274169921875
1.48828125 -1.0869140625 0.527587890625
1.44921875 -1.1103515625 0.255126953125
1.47265625 -1.0869140625 0.425048828125
1.45703125 -1.0751953125 0.320556640625
1.48828125 -1.0908203125 0.735595703125
1.45703125 -1.1064453125 0.631103515625
1.36328125 -1.0712890625 -0.594970703125
1.43359375 -1.1181640625 0.467041015625
1.95703125 0.7802734375 -1.3397216796875
1.58203125 -0.2275390625 -1.342071533203125
1.55859375 -0.2900390625 -1.3424072265625
1.42578125 -1.1025390625 0.572509765625
1.52734375 -0.2314453125 -1.2510986328125
1.40234375 -1.1064453125 0.841064453125
1.44140625 -1.1142578125 1.151611328125
1.53515625 -0.1494140625 -1.34869384765625
1.41796875 -1.1064453125 1.048095703125
1.51953125 -0.1611328125 -1.253021240234375
1.86328125 0.7724609375 -1.250457763671875
1.16796875 -1.1845703125 -1.62060546875
1.45703125 -0.1923828125 -0.924560546875
1.17578125 -1.1181640625 -1.62158203125
1.26171875 -0.8056640625 -1.621337890625
1.31640625 -1.0830078125 0.786376953125
1.19921875 -1.0400390625 -0.710205078125
1.33203125 -1.1494140625 1.052001953125
1.18359375 -1.0556640625 -1.6220703125
1.19921875 -0.9892578125 -1.622802734375
1.40234375 -1.1142578125 1.466064453125
1.20703125 -0.9306640625 -1.623291015625
1.22265625 -0.8681640625 -1.623779296875
1.34765625 -1.1025390625 1.260986328125
1.19140625 -1.0712890625 0.040283203125
1.69921875 0.6748046875 -1.358673095703125
1.78515625 0.9013671875 -1.62353515625
1.75390625 0.8427734375 -1.624267578125
1.69921875 0.7412109375 -1.36016845703125
1.79296875 0.9677734375 -1.625244140625
1.71484375 0.7998046875 -1.360931396484375
1.67578125 0.7099609375 -1.263214111328125
1.35546875 -0.1689453125 -1.6298828125
1.09765625 -1.0283203125 -0.84228515625
1.37109375 -0.1064453125 -1.630859375
1.68359375 0.7724609375 -1.26446533203125
1.37109375 -0.0361328125 -1.633056640625
1.38671875 0.0185546875 -1.633056640625
1.11328125 -0.8291015625 -1.151611328125
1.40234375 0.0849609375 -1.633544921875
1.79296875 1.1044921875 -1.63037109375
1.11328125 -1.0556640625 0.217041015625
1.12890625 -1.0478515625 0.361572265625
1.41015625 0.1474609375 -1.63427734375
1.49609375 0.3896484375 -1.634521484375
1.75390625 1.0498046875 -1.632080078125
1.44921875 0.2724609375 -1.63525390625
1.42578125 0.2138671875 -1.63525390625
1.53515625 0.5107421875 -1.634521484375
1.05078125 -1.0244140625 -0.525634765625
1.65234375 0.8154296875 -1.634033203125
1.51171875 0.4560546875 -1.635009765625
1.46484375 0.3310546875 -1.635009765625
1.79296875 1.1708984375 -1.6328125
1.81640625 1.2294921875 -1.63330078125
1.56640625 0.6357421875 -1.635498046875
1.86328125 1.3505859375 -1.633544921875
1.54296875 0.5810546875 -1.635986328125
1.58984375 0.7021484375 -1.635498046875
1.06640625 -0.8212890625 -1.27398681640625
1.60546875 0.7607421875 -1.635986328125
1.82421875 1.2958984375 -1.634765625
1.05078125 -1.0712890625 0.640869140625
0.98828125 -1.0322265625 0.749267578125
0.94140625 -1.0556640625 0.905517578125
0.84765625 -0.9892578125 0.324462890625
0.72265625 -0.9892578125 -0.407470703125
0.95703125 -0.1142578125 -0.958251953125
0.73828125 -0.9697265625 0.433837890625
1.06640625 0.5341796875 -0.96484375
0.62890625 -0.9814453125 0.252197265625
0.66015625 -0.9931640625 1.192626953125
0.59765625 -0.9658203125 0.693603515625
0.56640625 -0.9619140625 0.870361328125
0.44140625 -0.9189453125 -0.753173828125
0.59765625 -0.9580078125 1.135986328125
0.47265625 -0.9541015625 0.473876953125
0.59765625 -0.9619140625 1.469970703125
0.34765625 -0.8994140625 -0.646728515625
0.31640625 -0.8955078125 -0.535888671875
0.28515625 -0.9072265625 -0.225341796875
0.28515625 -0.9111328125 -0.199951171875
0.30078125 -0.9033203125 0.137939453125
0.25390625 -0.8955078125 -0.558349609375
0.28515625 -0.8759765625 -0.086669921875
0.26953125 -0.8642578125 -0.312744140625
0.26953125 -0.9189453125 0.025634765625
0.28515625 -0.9189453125 0.217041015625
0.34765625 -0.9150390625 0.811767578125
0.31640625 -0.8955078125 0.587158203125
0.26953125 -0.9111328125 0.362548828125
0.20703125 -0.8994140625 0.328369140625
0.11328125 -0.9267578125 -0.563720703125
0.11328125 -0.8564453125 -0.900390625
0.25390625 -0.8798828125 0.991455078125
0.17578125 -0.8955078125 0.439697265625
0.20703125 -0.9462890625 0.927001953125
0.22265625 -0.9462890625 1.216064453125
0.06640625 -0.8408203125 -0.890625
0.23828125 -0.8955078125 1.327392578125
0.01953125 -0.9033203125 -0.90478515625
0.23828125 -0.8876953125 1.436767578125
0.14453125 -0.9306640625 0.885986328125
0.05078125 -0.8759765625 0.776611328125
-0.18359375 -0.8603515625 0.248291015625
-0.08984375 -0.8642578125 1.165283203125
-0.16796875 -0.8525390625 0.708251953125
-0.13671875 -0.8642578125 1.120361328125
-0.26171875 -0.8212890625 1.012939453125
-0.43359375 -0.7822265625 -0.803466796875
-0.41796875 -0.8134765625 0.480712890625
-0.51171875 -0.7626953125 -0.690673828125
-0.33984375 -0.8251953125 1.360595703125
-0.62109375 -0.7431640625 -0.578369140625
-0.62109375 -0.7705078125 0.364501953125
-0.57421875 -0.7666015625 0.833251953125
-0.82421875 -0.7705078125 -0.602783203125
-0.79296875 -0.7041015625 0.601806640625
-0.85546875 -0.7236328125 0.007080078125
-0.83984375 -0.7197265625 0.216064453125
-0.85546875 -0.6767578125 -0.112060546875
-0.93359375 -0.6728515625 -0.372802734375
-0.94921875 -0.6728515625 -0.136474609375
-0.96484375 -0.6806640625 0.098876953125
-0.99609375 -0.7353515625 -0.137451171875
-0.98046875 -0.7431640625 0.245361328125
-0.96484375 -0.6806640625 0.334228515625
-0.91796875 -0.7548828125 0.962158203125
-0.96484375 -0.6923828125 0.453369140625
-0.93359375 -0.7001953125 0.805908203125
-0.99609375 -0.7509765625 0.484619140625
-0.98046875 -0.7197265625 0.688720703125
-0.99609375 -0.7275390625 0.723876953125
-0.98046875 -0.7314453125 1.161376953125
-0.98046875 -0.7236328125 1.204345703125
-0.98046875 -0.7314453125 1.280517578125
-1.02734375 -0.7236328125 0.927001953125
-1.15234375 -0.7509765625 0.691650390625
-1.19921875 -0.7548828125 1.169189453125
-1.19921875 -0.6962890625 1.411376953125
-1.35546875 -0.6728515625 0.216064453125
-1.33984375 -0.2119140625 -1.1080322265625
-1.46484375 -0.6103515625 -0.739990234375
-1.51171875 -0.6181640625 0.119384765625
-1.48046875 -0.6142578125 0.610595703125
-1.48046875 -0.6337890625 0.856689453125
-1.76171875 -0.5751953125 -0.256591796875
-1.76171875 -0.5830078125 0.365478515625
-1.74609375 -0.1728515625 -1.38720703125
-1.85546875 -0.5166015625 -0.134521484375
-1.82421875 -0.2353515625 -1.39166259765625
-1.87109375 -0.6103515625 0.991455078125
-1.99609375 -0.5322265625 -0.011474609375
