BOX_TRUCK
1.99609375 -1.015625 -1.18682861328125
1.83984375 -1.37890625 -0.41357421875
1.98046875 -0.66015625 -1.2927093505859375
1.83984375 -1.37109375 1.13818359375
1.73046875 -1.37890625 0.47412109375
1.65234375 -1.3359375 0.69873046875
1.71484375 -1.34375 1.33935546875
1.79296875 -0.3359375 -1.316070556640625
1.55859375 -1.32421875 0.25048828125
1.52734375 -1.3046875 -0.20263671875
1.66796875 -0.5859375 -1.22454833984375
1.52734375 -1.31640625 0.24072265625
1.46484375 -1.28515625 -0.65576171875
1.48046875 -1.28125 -0.31494140625
1.48046875 -1.2890625 -0.09326171875
1.65234375 -1.33203125 1.48388671875
1.65234375 -0.51171875 -1.22711181640625
1.48046875 -1.296875 0.01806640625
1.43359375 -1.33984375 -0.5390625
1.44921875 -1.31640625 -0.20263671875
1.46484375 -1.28125 -0.08935546875
1.44921875 -1.328125 0.02392578125
1.49609375 -1.30078125 0.58935546875
1.51171875 -1.31640625 0.81396484375
1.65234375 -0.35546875 -1.3265380859375
1.46484375 -1.3046875 0.46337890625
1.44921875 -1.31640625 0.36279296875
1.38671875 -1.27734375 -0.5458984375
1.58984375 -0.4296875 -1.23455810546875
1.44921875 -1.328125 0.68603515625
1.46484375 -1.34375 0.90771484375
1.37109375 -1.34375 0.01708984375
1.55859375 -0.4765625 -1.3306884765625
1.40234375 -1.28125 0.35205078125
1.44921875 -1.33984375 1.13037109375
1.54296875 -0.40234375 -1.3333740234375
1.41796875 -1.33203125 1.24365234375
1.41796875 -1.34375 1.35693359375
1.26171875 -0.9765625 -1.47607421875
1.71484375 0.45703125 -1.34185791015625
1.29296875 -1.33203125 0.93310546875
1.71484375 0.53125 -1.250885009765625
1.71484375 0.53125 -1.34393310546875
1.73046875 0.59765625 -1.344970703125
1.24609375 -1.25390625 0.80419921875
1.15234375 -0.9921875 -1.350830078125
0.88671875 -1.23046875 -0.453125
0.83984375 -1.2109375 1.17919921875
0.73046875 -1.19921875 0.23974609375
0.76171875 -1.19921875 0.71435546875
0.83984375 -1.22265625 1.53076171875
0.66796875 -1.1953125 0.24560546875
0.52734375 -1.171875 0.48095703125
0.49609375 -1.140625 0.60009765625
0.46484375 -1.1875 0.94287109375
0.33984375 -1.12109375 0.12353515625
0.27734375 -1.12109375 -0.23779296875
0.26171875 -1.09765625 -0.599609375
0.27734375 -1.1328125 0.00244140625
0.27734375 -1.078125 -0.11572265625
0.26171875 -1.0859375 -0.11865234375
0.29296875 -1.109375 0.47607421875
0.27734375 -1.125 0.36279296875
1.08984375 1.5703125 -1.5732421875
1.10546875 1.63671875 -1.573974609375
0.30859375 -1.1171875 0.84130859375
0.26171875 -1.0859375 0.35791015625
0.21484375 -1.15234375 0.00244140625
0.27734375 -1.1015625 0.83154296875
0.24609375 -1.12109375 0.71337890625
0.19921875 -1.1640625 0.96435546875
0.07421875 -1.09765625 -0.95556640625
0.23046875 -1.1328125 1.30615234375
0.21484375 -1.125 1.18896484375
0.07421875 -1.03125 -0.955810546875
0.13671875 -1.1796875 1.19091796875
0.02734375 -1.1015625 1.43701171875
-0.20703125 -1.06640625 -0.498046875
-0.34765625 -1.05859375 0.48583984375
-0.42578125 -1.00390625 1.23193359375
-0.53515625 -0.9921875 0.73583984375
-0.69140625 -0.953125 -0.7705078125
-0.67578125 -1.015625 1.47802734375
-0.89453125 -0.87890625 -0.38720703125
-0.84765625 -0.921875 0.61572265625
-0.92578125 -0.8984375 -0.65625
-0.87890625 -0.90625 0.23876953125
-0.89453125 -0.92578125 0.23486328125
-0.91015625 -0.921875 0.10791015625
-0.91015625 -0.88671875 0.11376953125
-0.95703125 -0.94921875 -0.13818359375
-0.92578125 -0.92578125 0.36181640625
-0.87890625 -0.921875 0.86865234375
-0.94140625 -0.88671875 0.36376953125
-0.94140625 -0.90625 0.48876953125
-1.00390625 -0.953125 -0.01318359375
-0.83203125 -0.91796875 1.62841796875
-0.94140625 -0.8984375 0.86474609375
-0.95703125 -0.9375 1.36865234375
-1.03515625 -0.96484375 1.00146484375
-1.09765625 -0.9765625 1.24755859375
-1.23828125 -0.87890625 1.00146484375
-1.50390625 -0.8515625 -0.552734375
-1.53515625 -0.37890625 -1.218414306640625
-1.76953125 -0.765625 -0.67431640625
-1.76953125 -0.41015625 -1.233367919921875
-1.97265625 -0.74609375 -0.83935546875
-1.89453125 -0.76953125 0.75927734375
-1.95703125 -0.74609375 1.29443359375
