BOX_TRUCK
0.8203125 -1.33984375 0.544189453125
0.5390625 -0.91796875 1.360595703125
0.4765625 -0.85546875 1.360595703125
-1.2890625 -1.48046875 -0.197509765625
-1.4765625 -1.35546875 -0.217529296875
-0.0703125 -0.21484375 1.221923828125
0.6171875 -0.77734375 1.078369140625
-0.3203125 0.05078125 0.408447265625
0.0078125 -0.32421875 0.408447265625
-0.4453125 0.25390625 1.087158203125
-0.3359375 0.34765625 -0.030517578125
-0.3359375 0.36328125 1.078369140625
0.1484375 -0.45703125 1.221923828125
0.5859375 -0.75390625 0.382080078125
1.0703125 -1.37890625 -0.176513671875
0.1640625 -0.24609375 0.800048828125
0.3984375 -0.51171875 0.661376953125
0.2578125 -1.81640625 1.469970703125
0.9296875 -0.44921875 1.366455078125
0.5546875 -1.00390625 0.951416015625
0.8828125 -1.37890625 0.679931640625
0.3046875 -0.67578125 0.950439453125
0.8671875 -1.34765625 1.223876953125
0.6640625 -0.86328125 0.243408203125
0.3203125 -0.69140625 0.814697265625
0.3671875 -0.74609375 0.815673828125
0.9296875 -1.15234375 0.520751953125
-0.0859375 -1.40234375 0.131591796875
-0.2109375 0.04296875 1.358642578125
-0.1328125 -0.09765625 1.358642578125
-0.1015625 -0.19921875 0.545166015625
-0.2265625 0.22265625 0.246337890625
0.8671875 -1.40234375 0.270751953125
0.5703125 -1.01953125 0.544189453125
0.1171875 -0.18359375 0.800048828125
-0.4140625 0.16796875 0.408447265625
-0.5234375 0.28515625 0.814697265625
-0.1484375 -0.13671875 0.545166015625
1.0234375 -1.48046875 1.362548828125
0.9140625 -1.13671875 0.938720703125
-0.2109375 -0.07421875 0.408447265625
1.0234375 -1.31640625 0.242431640625
0.7109375 -1.19140625 0.951416015625
0.7265625 -1.20703125 0.135498046875
0.5078125 -0.65234375 1.078369140625
0.4609375 -0.87890625 1.088134765625
-1.2421875 -1.81640625 -0.191162109375
-0.3984375 0.19921875 0.679931640625
-0.3203125 0.08984375 1.221923828125
-0.3828125 0.19140625 0.814697265625
-0.3984375 0.19921875 0.679931640625
0.2421875 -1.05859375 -0.018310546875
-0.0390625 0.01953125 0.800048828125
-0.4296875 0.08984375 -0.159423828125
1.0703125 -1.37890625 -0.176513671875
-0.0859375 -0.17578125 0.679931640625
0.7578125 -1.16015625 1.360595703125
-0.3515625 0.35546875 -0.307373046875
0.3671875 -0.76953125 0.272705078125
0.6171875 -1.06640625 1.088134765625
0.4609375 -0.87890625 1.088134765625
0.1796875 -0.47265625 1.358642578125
-0.2109375 -0.07421875 0.408447265625
-0.3203125 0.32421875 0.938720703125
-0.2578125 0.00390625 1.087158203125
-0.2109375 0.19921875 0.938720703125
-0.3359375 0.12890625 0.814697265625
0.7265625 -1.19921875 0.815673828125
-0.0703125 0.06640625 0.662353515625
0.1328125 -0.19140625 0.661376953125
0.8359375 -1.32421875 0.815673828125
0.0859375 -0.12109375 0.522705078125
0.9921875 -1.29296875 0.102783203125
0.3671875 -0.76953125 0.544189453125
-0.0546875 -0.24609375 0.950439453125
0.4140625 -0.83203125 0.544189453125
-0.8671875 -0.76953125 0.160888671875
-0.1953125 -0.07421875 0.272705078125
1.1015625 -1.40234375 0.381103515625
0.4296875 -0.56640625 0.938720703125
-0.9453125 -1.87109375 -0.199951171875
0.1015625 -0.93359375 -0.153076171875
0.2109375 -0.58203125 0.272705078125
-0.2265625 0.18359375 0.108154296875
0.8515625 -1.42578125 -0.272216796875
0.7109375 -1.12109375 0.135009765625
0.5234375 -0.93359375 1.088134765625
0.7890625 -1.01953125 0.799072265625
-0.1015625 -0.19921875 0.408447265625
-0.1953125 -0.05859375 0.814697265625
-1.7578125 -1.94140625 -0.315185546875
0.7421875 -0.94140625 0.382080078125
0.7734375 -1.26953125 0.135498046875
-0.1484375 0.15234375 0.384033203125
0.7265625 -1.20703125 0.544189453125
0.0078125 -0.33203125 0.272705078125
-0.0078125 -0.30859375 0.950439453125
0.7890625 -1.01171875 0.382080078125
0.8828125 -0.38671875 1.366455078125
-0.3046875 0.28515625 -0.307373046875
-1.3828125 -0.63671875 -0.370849609375
0.2421875 -0.33203125 1.078369140625
-0.0703125 0.06640625 0.523681640625
-0.2265625 0.22265625 0.246337890625
0.5078125 -0.63671875 0.661376953125
0.2109375 -0.55859375 0.950439453125
-0.1015625 -0.37109375 -0.159423828125
0.2890625 -1.88671875 1.469970703125
-0.1796875 0.18359375 1.078369140625
-0.1484375 0.75390625 1.505126953125
-0.4453125 0.62109375 0.662353515625
-0.1796875 0.17578125 0.246337890625
-1.2890625 -1.48046875 -0.197509765625
0.4609375 -0.87109375 0.950439453125
0.8671875 -1.08984375 0.660400390625
-0.3203125 0.05078125 0.408447265625
-1.2421875 -1.92578125 -0.211669921875
-0.3671875 -1.46484375 0.160888671875
0.7421875 -0.94140625 0.382080078125
0.4140625 -0.80859375 1.088134765625
-1.2421875 -1.92578125 -0.211669921875
-0.3203125 0.38671875 -1.145263671875
-0.4453125 0.62109375 0.662353515625
-0.3203125 0.26953125 -0.44482421875
0.9765625 -1.51953125 0.815673828125
0.9296875 -0.44921875 1.366455078125
0.7109375 -1.19140625 0.951416015625
-0.1484375 -0.13671875 0.545166015625
-0.3515625 0.11328125 0.545166015625
0.3046875 -0.69921875 0.407470703125
-0.0859375 -0.19921875 0.272705078125
-1.4296875 -1.19921875 -0.200439453125
-0.3984375 0.44921875 0.523681640625
-0.4453125 -1.08203125 0.135009765625
0.2578125 -1.81640625 1.469970703125
0.8828125 -1.11328125 0.242431640625
-0.3203125 0.05078125 0.408447265625
0.8046875 -1.29296875 1.223876953125
0.3984375 -0.51953125 1.078369140625
0.9453125 1.58203125 1.411376953125
0.6171875 -1.08984375 0.271728515625
1.3984375 -1.04296875 1.366455078125
0.4296875 -0.78515625 1.360595703125
-0.4609375 0.21484375 -0.267822265625
0.0546875 -0.37109375 0.950439453125
0.8046875 -1.01953125 0.938720703125
0.4609375 -0.87109375 0.950439453125
-0.0078125 -0.30859375 0.950439453125
0.7265625 -1.19140625 0.679931640625
-0.0234375 -0.22265625 1.358642578125
0.6640625 -1.14453125 0.407470703125
0.3046875 -0.39453125 1.078369140625
-0.4296875 0.08984375 -0.159423828125
-0.1953125 -0.07421875 0.272705078125
0.9296875 -1.23046875 0.103271484375
-1.0234375 -0.61328125 0.031494140625
0.4296875 -0.55078125 0.383056640625
0.7109375 -1.21484375 0.407470703125
-0.2890625 0.05078125 0.272705078125
-1.4453125 -0.74609375 -0.211181640625
0.1796875 -0.28515625 0.245361328125
0.9453125 -1.20703125 0.381103515625
0.9296875 -1.19140625 0.242431640625
0.2890625 -0.65234375 1.223876953125
-0.3671875 0.41015625 0.385009765625
0.2734375 -0.37890625 0.800048828125
0.7578125 -1.27734375 0.407470703125
-0.4140625 0.42578125 -0.862335205078125
0.6640625 -0.83203125 0.521728515625
-1.4453125 -0.95703125 -0.229736328125
-1.3203125 -0.18359375 -0.256103515625
-0.2734375 0.03515625 1.221923828125
0.5703125 -1.02734375 0.271728515625
-0.0859375 -0.19921875 0.272705078125
0.7734375 -1.28515625 0.271728515625
-0.3515625 -1.20703125 0.135009765625
-0.1328125 0.12890625 0.523681640625
0.2421875 0.41015625 1.364501953125
0.4609375 -0.87890625 1.088134765625
0.8203125 -1.31640625 1.491455078125
0.4296875 -0.56640625 0.800048828125
0.7109375 -0.89453125 0.661376953125
0.3359375 -0.66796875 1.358642578125
0.0703125 0.59765625 1.364501953125
-0.2890625 0.30078125 1.078369140625
0.2890625 -1.98046875 1.468017578125
-0.1484375 0.14453125 0.800048828125
0.0078125 -0.32421875 0.408447265625
0.0390625 -0.06640625 1.216064453125
1.0234375 -1.31640625 0.242431640625
0.6796875 -0.87890625 0.382080078125
0.5078125 -0.63671875 0.661376953125
0.7421875 -0.94921875 0.938720703125
-0.5078125 0.31640625 1.087158203125
0.9921875 -1.52734375 0.544189453125
0.8515625 -1.42578125 -0.272216796875
0.4140625 -0.81640625 0.814697265625
1.0234375 -1.29296875 0.660400390625
-0.5078125 0.38671875 -0.271240234375
0.1328125 0.53515625 1.364501953125
