BOX_TRUCK
1.40234375 0.455078125 -1.568603515625
-0.78125 1.248046875 0.37353515625
-0.4921875 -1.037109375 0.62353515625
-0.92578125 0.912109375 1.21826171875
1.37109375 -0.873046875 0.80029296875
0.6796875 -0.939453125 1.29052734375
0.0625 -1.060546875 0.05419921875
0.4140625 -1.017578125 0.48681640625
-0.80078125 -0.052734375 0.80810546875
0.88671875 -0.951171875 0.17529296875
1.91796875 -0.580078125 -0.774169921875
1.30859375 -0.880859375 1.21435546875
-0.42578125 -1.076171875 0.55517578125
-1.28125 -0.935546875 -0.9481201171875
-0.90234375 0.869140625 0.58349609375
-0.8046875 -0.470703125 -0.08544921875
-0.80859375 1.240234375 0.76513671875
0.85546875 -0.951171875 0.12548828125
-1.58203125 -1.236328125 -0.177734375
-0.25390625 -1.091796875 -0.26318359375
-1.56640625 -1.259765625 -0.17626953125
-0.6796875 -1.044921875 0.68310546875
-1.49609375 -0.001953125 0.34228515625
-1.171875 -0.677734375 0.19970703125
-0.14453125 -1.080078125 0.29833984375
-0.59375 -0.376953125 0.53466796875
-0.55859375 -1.099609375 0.46533203125
-0.6328125 -0.138671875 1.18310546875
-0.4453125 -1.107421875 0.43994140625
-0.51953125 -0.763671875 0.10888671875
0.078125 -1.017578125 0.75146484375
-1.32421875 -0.599609375 0.30517578125
-0.4921875 -1.080078125 0.80712890625
-0.2265625 -1.087890625 0.29931640625
0.69921875 -0.974609375 0.72412109375
-0.125 -1.076171875 -0.546875
0.5546875 -0.966796875 0.57470703125
-0.7890625 -0.224609375 1.25146484375
0.91796875 -0.931640625 0.83251953125
-0.6953125 -0.888671875 0.46630859375
1.10546875 -0.923828125 -0.09423828125
1.21484375 -0.896484375 0.84521484375
1.17578125 -0.908203125 0.11572265625
-0.69921875 -0.900390625 0.77587890625
-0.2109375 -1.087890625 0.57958984375
-1.18359375 -0.662109375 0.24365234375
-0.609375 -1.150390625 -0.982666015625
1.33984375 -0.880859375 0.64892578125
0.6328125 -0.986328125 0.03076171875
-0.76953125 -0.138671875 0.90185546875
0.38671875 -1.013671875 0.71435546875
-1.3359375 -0.345703125 0.05908203125
-0.26171875 -1.064453125 0.37841796875
0.76953125 -0.966796875 0.48681640625
0.5546875 -0.994140625 0.13720703125
0.86328125 -0.931640625 0.98193359375
0.12890625 -1.017578125 0.65966796875
-0.375 -1.083984375 0.46728515625
-0.421875 -1.111328125 0.25634765625
1.08984375 -0.923828125 0.48681640625
0.109375 -1.052734375 0.10009765625
-0.65234375 -0.708984375 -0.03076171875
-1.52734375 -1.263671875 -0.01123046875
-0.734375 -0.513671875 0.69873046875
0.61328125 -0.982421875 0.38525390625
0.6328125 -0.982421875 0.18212890625
-1.65625 0.138671875 0.24560546875
-1.84375 -1.009765625 -0.886962890625
0.6640625 -0.966796875 0.42919921875
-1.640625 -1.154296875 -0.09716796875
1.05859375 -0.837890625 -1.2200927734375
0.86328125 -0.927734375 1.18115234375
-1.171875 -0.685546875 0.25927734375
0.91015625 -0.951171875 0.22705078125
-1.5390625 -0.857421875 0.05126953125
-0.03125 -1.072265625 0.20068359375
-0.90625 -0.931640625 -0.717041015625
-0.1328125 -1.076171875 0.39111328125
-1.328125 -0.962890625 -0.46484375
-0.6875 0.576171875 0.59130859375
-0.81640625 0.150390625 0.57080078125
-0.796875 -0.052734375 0.66455078125
0.0703125 -1.048828125 0.72705078125
-0.8671875 0.548828125 0.88427734375
-0.55859375 -0.521484375 0.34130859375
-0.6953125 0.619140625 0.48583984375
1.19921875 -0.908203125 0.32763671875
-0.48046875 -1.099609375 -0.51513671875
-0.96875 -0.728515625 0.06591796875
0.08984375 -1.060546875 -0.2861328125
-1.30859375 -0.615234375 0.28759765625
-0.49609375 -0.990234375 -0.52490234375
-0.85546875 0.658203125 0.37353515625
-0.83984375 0.181640625 1.16357421875
-0.81640625 0.197265625 0.52294921875
0.578125 -0.982421875 -0.6455078125
-1.05078125 -0.439453125 0.11083984375
-0.53125 -0.732421875 0.20166015625
-0.65234375 -1.087890625 1.18310546875
-1.6640625 0.443359375 0.23779296875
-0.8203125 0.173828125 0.62060546875
0.75 -0.962890625 0.12939453125
0.3671875 -1.021484375 0.48681640625
-0.640625 0.072265625 0.53662109375
-0.78125 -0.169921875 0.75634765625
0.3515625 -1.001953125 0.42724609375
-0.9375 1.263671875 1.38037109375
-0.51171875 -1.021484375 1.13232421875
0.87890625 -0.955078125 0.93115234375
-0.16015625 -1.048828125 0.56103515625
-1.33984375 -0.935546875 -0.9425048828125
0.4375 -0.998046875 0.43701171875
-0.6640625 -1.021484375 0.15771484375
-0.91796875 1.005859375 1.01123046875
-1.29296875 -0.060546875 0.32763671875
-1.08984375 0.451171875 -0.02685546875
0.4375 -1.009765625 -0.06005859375
0.07421875 -1.037109375 0.65771484375
-1.4609375 0.529296875 -0.12060546875
-1.76171875 -0.787109375 0.08251953125
-0.77734375 -0.177734375 0.56591796875
-0.8984375 0.974609375 0.95849609375
-1.75390625 -1.232421875 -0.17724609375
-0.0625 -1.064453125 0.05810546875
0.31640625 -1.001953125 1.04638671875
-1.73828125 -0.861328125 -1.528564453125
1.46484375 -0.869140625 0.85693359375
-0.09375 -1.044921875 1.11279296875
-0.3046875 -1.103515625 0.25341796875
1.80078125 -0.818359375 0.81787109375
1.34765625 -0.880859375 1.11279296875
-0.6796875 -0.947265625 0.33251953125
0.19140625 -1.037109375 0.34130859375
-0.78125 -0.771484375 -0.162109375
-0.5625 -1.107421875 0.86083984375
-0.61328125 -0.095703125 0.58544921875
-0.640625 -1.130859375 0.68115234375
0.0234375 -1.048828125 -0.2685546875
-0.94140625 1.193359375 0.69775390625
0.98828125 -0.736328125 -1.2247314453125
-0.7890625 -0.138671875 0.85302734375
0.109375 -1.029296875 0.05322265625
-1.07421875 -0.666015625 1.55810546875
-1.66796875 0.470703125 0.18701171875
0.81640625 -0.943359375 0.82861328125
-0.73828125 -0.607421875 1.37255859375
-0.6328125 0.072265625 0.84033203125
0.0703125 -1.060546875 0.29443359375
0.80859375 -0.955078125 0.12744140625
0.65625 -0.978515625 0.72314453125
-0.80078125 0.142578125 0.91552734375
0.3125 -1.013671875 -0.62109375
-0.81640625 -0.060546875 1.14599609375
0.640625 -0.958984375 0.82080078125
-0.8203125 -0.904296875 -0.50830078125
-0.7734375 1.123046875 0.43017578125
-0.6796875 -1.083984375 0.59521484375
-0.61328125 -0.044921875 0.43505859375
-0.5625 -0.435546875 0.63134765625
0.01953125 -1.056640625 0.53466796875
0.45703125 -0.986328125 0.81298828125
0.59765625 -0.962890625 0.57568359375
-1.89453125 -0.025390625 0.06689453125
-1.57421875 -1.197265625 -0.01318359375
-0.578125 -0.560546875 0.72509765625
-0.69921875 -0.787109375 0.33154296875
0.89453125 -0.951171875 -0.08349609375
-0.58984375 -0.212890625 0.48583984375
0.734375 -0.962890625 0.62744140625
-1.625 -1.185546875 -0.02490234375
-0.25 -1.068359375 0.78466796875
-1.98828125 -1.001953125 -0.46875
-0.98828125 -0.759765625 -0.24560546875
-0.23046875 -1.076171875 0.87646484375
-0.73046875 0.849609375 1.02880859375
-1.69140625 -0.712890625 0.09326171875
0.45703125 -0.966796875 1.27294921875
-1.703125 -0.037109375 0.28173828125
-0.55078125 -0.513671875 0.43798828125
-0.24609375 -1.087890625 0.33349609375
0.109375 -1.017578125 0.93896484375
-0.1328125 -0.427734375 1.54248046875
-1.0546875 -0.451171875 -0.07861328125
0.78125 -0.958984375 0.62841796875
-0.51171875 -1.095703125 0.81787109375
-1.1171875 -0.939453125 -0.48291015625
-1.55859375 -0.017578125 0.29541015625
0.33984375 -1.017578125 0.53564453125
-0.6796875 -0.958984375 0.68603515625
-1.3046875 -1.158203125 -1.5166015625
-0.7890625 -0.111328125 0.61474609375
-0.484375 -1.103515625 -0.06396484375
0.48828125 -1.001953125 0.73681640625
-0.56640625 -0.439453125 0.67919921875
-0.32421875 -1.076171875 0.78173828125
-0.5546875 -0.521484375 0.67822265625
-0.8515625 0.416015625 0.62646484375
-0.5625 -1.111328125 0.68408203125
-0.6953125 -1.025390625 1.07763671875
-0.7265625 -0.708984375 0.78271484375
