BOX_TRUCK
1.96875 0.4873046875 0.178619384765625
1.96875 0.4208984375 0.028228759765625
1.9375 0.5947265625 0.028228759765625
1.90625 0.5947265625 -0.123138427734375
1.890625 0.5029296875 -0.124114990234375
1.875 0.6572265625 0.178619384765625
1.84375 0.4912109375 0.027252197265625
1.84375 0.3994140625 -0.124114990234375
1.9375 -0.2197265625 -0.124114990234375
1.953125 -0.3095703125 -0.124114990234375
1.96875 -0.4033203125 -0.124114990234375
1.984375 -0.6064453125 0.179595947265625
1.96875 -0.7666015625 -0.125091552734375
1.90625 -0.5087890625 -0.125091552734375
1.796875 0.1884765625 0.330963134765625
1.8125 -0.0869140625 0.330963134765625
1.78125 0.0927734375 0.330963134765625
1.78125 0.0146484375 0.330963134765625
1.859375 -0.6103515625 -0.126068115234375
1.640625 0.8154296875 0.178619384765625
1.828125 -0.3564453125 0.330963134765625
1.703125 0.1005859375 -0.127044677734375
1.5625 0.8603515625 -0.739349365234375
1.84375 -0.5400390625 0.330963134765625
1.609375 0.7353515625 0.026275634765625
1.796875 -0.4384765625 0.026275634765625
1.828125 -0.6103515625 0.026275634765625
1.515625 1.1044921875 -0.893646240234375
1.671875 0.1982421875 -0.127044677734375
1.84375 -0.6337890625 0.331939697265625
1.53125 1.0263671875 -0.433685302734375
1.515625 1.0478515625 -0.740325927734375
1.859375 -0.8798828125 -0.127044677734375
1.515625 1.0126953125 -0.893646240234375
1.515625 1.0791015625 -0.587005615234375
1.515625 1.1181640625 -0.433685302734375
1.84375 -0.7236328125 0.179595947265625
1.53125 1.0908203125 -0.127044677734375
1.796875 -0.4501953125 0.331939697265625
1.515625 0.9853515625 -0.587005615234375
1.5625 0.8935546875 0.178619384765625
1.515625 1.0556640625 -0.280364990234375
1.546875 1.0751953125 0.330963134765625
1.859375 -0.9033203125 0.179595947265625
1.546875 0.8173828125 -0.127044677734375
1.53125 0.8759765625 -0.281341552734375
1.53125 1.0693359375 0.178619384765625
1.515625 1.0927734375 0.026275634765625
1.53125 0.9775390625 0.178619384765625
1.5625 0.7998046875 0.331939697265625
1.53125 1.1142578125 0.508697509765625
1.75 -0.5361328125 0.026275634765625
1.8125 -0.8251953125 0.179595947265625
1.796875 -0.8017578125 0.026275634765625
1.515625 1.0283203125 0.509674072265625
1.5625 0.7451171875 0.638580322265625
1.53125 1.0849609375 0.790924072265625
1.578125 0.7255859375 0.790924072265625
1.546875 0.8349609375 0.638580322265625
1.609375 0.2880859375 0.485260009765625
1.609375 0.4521484375 0.790924072265625
1.546875 0.9970703125 0.943267822265625
1.484375 0.9091796875 0.025299072265625
1.546875 0.8173828125 0.790924072265625
1.78125 -0.9033203125 0.026275634765625
1.703125 -0.4697265625 0.178619384765625
1.53125 0.9052734375 0.790924072265625
1.515625 0.8271484375 0.485260009765625
1.71875 -0.5595703125 0.178619384765625
1.53125 0.6533203125 0.486236572265625
1.546875 1.0283203125 1.249908447265625
1.5625 0.3759765625 0.486236572265625
1.546875 0.5576171875 0.638580322265625
1.546875 0.4697265625 0.486236572265625
1.5625 0.5380859375 0.790924072265625
1.53125 0.6474609375 0.638580322265625
1.546875 0.9384765625 1.249908447265625
1.609375 0.1826171875 0.792877197265625
1.546875 0.4638671875 0.638580322265625
1.515625 1.1162109375 1.251861572265625
1.546875 0.8427734375 1.251861572265625
1.546875 0.3759765625 0.638580322265625
1.546875 0.7490234375 1.251861572265625
1.515625 0.6259765625 0.792877197265625
1.359375 1.1923828125 -0.436614990234375
1.609375 -0.0048828125 0.792877197265625
1.46875 0.7294921875 0.486236572265625
1.546875 0.6572265625 1.251861572265625
1.5625 0.0966796875 0.640533447265625
1.53125 0.2802734375 0.640533447265625
1.546875 0.5634765625 1.251861572265625
1.546875 0.2548828125 0.792877197265625
1.53125 0.3466796875 0.792877197265625
1.578125 -0.0791015625 0.640533447265625
1.546875 0.4716796875 1.251861572265625
1.640625 -0.4462890625 0.640533447265625
1.59375 -0.2626953125 0.487213134765625
1.5625 -0.0869140625 0.487213134765625
1.515625 0.1923828125 0.487213134765625
1.53125 0.0927734375 0.487213134765625
1.546875 0.3837890625 1.253814697265625
1.5625 0.0771484375 0.947174072265625
1.546875 0.0029296875 0.640533447265625
1.546875 0.2900390625 1.253814697265625
1.578125 -0.1103515625 0.947174072265625
1.578125 -0.1962890625 0.794830322265625
1.53125 0.0771484375 0.794830322265625
1.28125 1.2353515625 -0.593841552734375
1.625 -0.4697265625 0.794830322265625
1.640625 -0.5595703125 0.794830322265625
1.546875 0.1982421875 1.253814697265625
1.40625 1.1962890625 1.253814697265625
1.296875 1.1630859375 -0.129974365234375
1.5625 -0.2666015625 0.640533447265625
1.546875 -0.1064453125 0.794830322265625
1.59375 -0.3759765625 0.794830322265625
1.546875 0.1044921875 1.255767822265625
1.640625 -0.8134765625 0.487213134765625
1.53125 -0.0126953125 0.949127197265625
1.5625 -0.3603515625 0.640533447265625
1.53125 -0.1884765625 0.640533447265625
1.5625 -0.2900390625 0.794830322265625
1.46875 0.1767578125 0.640533447265625
1.625 -0.5634765625 0.949127197265625
1.28125 1.1591796875 0.024322509765625
1.640625 -0.8134765625 0.640533447265625
1.640625 -0.7470703125 0.794830322265625
1.5625 -0.0751953125 1.255767822265625
1.546875 0.0107421875 1.255767822265625
1.609375 -0.7275390625 0.488189697265625
1.5625 -0.5556640625 0.488189697265625
1.5625 -0.1728515625 1.255767822265625
1.5625 -0.5556640625 0.642486572265625
1.578125 -0.6376953125 0.642486572265625
1.59375 -0.6611328125 0.794830322265625
1.546875 -0.2626953125 1.257720947265625
1.5625 -0.3525390625 1.257720947265625
1.296875 1.1552734375 0.951080322265625
1.5625 -0.7392578125 0.642486572265625
1.53125 -0.6533203125 0.488189697265625
1.5625 -0.4541015625 1.257720947265625
1.578125 -0.5478515625 1.257720947265625
1.171875 1.2021484375 -0.286224365234375
1.578125 -1.0166015625 0.489166259765625
1.609375 -1.2353515625 0.333892822265625
1.5625 -0.6337890625 1.259674072265625
1.578125 -1.0205078125 0.642486572265625
1.59375 -0.8173828125 1.259674072265625
1.5625 -0.7314453125 1.259674072265625
1.578125 -1.0400390625 0.798736572265625
1.59375 -1.2080078125 0.644439697265625
1.5625 -0.9501953125 0.953033447265625
1.578125 -1.1298828125 0.798736572265625
1.578125 -0.9189453125 1.261627197265625
1.5625 -1.2080078125 0.489166259765625
1.578125 -1.0126953125 1.261627197265625
1.5625 -1.2275390625 0.954986572265625
1.5625 -1.1025390625 1.263580322265625
1.46875 -1.1689453125 0.178619384765625
1.53125 -1.2353515625 0.798736572265625
1.03125 1.1748046875 -0.756927490234375
1.515625 -1.2158203125 1.265533447265625
0.234375 1.1767578125 -0.784759521484375
-0.078125 1.1611328125 -0.308685302734375
-0.359375 1.1943359375 1.326080322265625
-1.5625 1.1181640625 0.177642822265625
-1.90625 0.9306640625 -1.380950927734375
