BOX_TRUCK
-0.84375 -0.51953125 0.705078125
-0.84375 0.35546875 1.1220703125
-1.25 0.40234375 -0.04052734375
-0.875 0.51171875 0.8720703125
-0.8125 -1.11328125 0.455078125
1.375 -1.01171875 -1.4033203125
-0.8125 0.84765625 1.458984375
1.6875 -1.19140625 -0.36328125
-0.875 -0.40234375 0.8701171875
0.4375 -1.22265625 -0.07080078125
-0.96875 -0.73828125 0.3720703125
-1.75 -0.66015625 0.1376953125
-0.84375 0.50390625 1.1220703125
-0.34375 -1.25390625 -0.387939453125
-0.84375 -0.26171875 1.119140625
-1.21875 -0.33203125 1.44921875
1.1875 -1.23046875 -0.087890625
-0.75 1.02734375 1.458984375
0.90625 -1.13671875 0.09326171875
-0.84375 -0.10546875 1.1201171875
-0.84375 0.86328125 0.703125
-1.3125 -0.87890625 0.21435546875
1.1875 -1.23046875 -0.087890625
-1.21875 0.12890625 1.451171875
-1.1875 -0.97265625 0.12841796875
-0.84375 -0.22265625 0.7041015625
-0.84375 0.73828125 0.9541015625
-1.09375 -0.17578125 0.3740234375
-1.6875 -0.48828125 0.13623046875
-0.875 0.97265625 0.873046875
-1.21875 0.71484375 -0.04248046875
-0.875 1.19921875 1.2060546875
-0.84375 0.24609375 0.7041015625
-0.875 1.03515625 1.2060546875
-1.25 0.26953125 1.3671875
-1.15625 -0.33984375 0.3740234375
-0.84375 0.69140625 1.45703125
-0.875 0.96484375 0.623046875
-0.875 0.80859375 1.123046875
-0.8125 -1.18359375 -0.540771484375
-1.0625 0.19140625 0.455078125
-0.84375 -0.69140625 1.3671875
-0.84375 -0.57421875 0.62109375
-1.96875 -1.00390625 -0.34228515625
-1.96875 -1.00390625 -0.34228515625
-1.21875 0.12890625 1.451171875
-1.96875 -1.00390625 -0.34228515625
-0.875 0.80859375 1.123046875
-0.875 0.66796875 0.873046875
-0.84375 0.73828125 0.9541015625
-0.875 0.26171875 1.2041015625
-1.28125 -0.19921875 1.365234375
-0.8125 -1.00390625 0.8681640625
-0.84375 -0.69140625 1.3671875
-1.0625 0.50390625 0.4541015625
-0.84375 -0.51953125 0.705078125
0.4375 -1.06640625 -0.15380859375
-0.8125 -0.34765625 0.9541015625
0.21875 -1.27734375 -0.575439453125
-0.90625 1.16796875 0.703125
-0.75 -1.12890625 1.453125
1.8125 -1.08984375 0.60546875
-0.8125 -0.63671875 0.9541015625
-0.90625 1.16796875 0.703125
-1.28125 -0.03515625 1.365234375
1.3125 -0.90234375 -0.957275390625
-1.25 0.53515625 0.126953125
-0.9375 -0.39453125 0.455078125
-0.875 0.26171875 1.2041015625
-0.84375 -0.19140625 1.2041015625
0.1875 -1.19140625 0.9541015625
1.6875 -1.09765625 -1.1552734375
-1.21875 0.25390625 0.375
-1.3125 -0.85546875 0.13037109375
-0.40625 -1.25390625 -0.05078125
-0.875 -0.56640625 0.869140625
-1.21875 -0.05859375 -0.03857421875
-0.5625 -1.19921875 -0.298828125
-0.96875 0.41015625 0.20361328125
0.71875 -1.10546875 0.6962890625
-0.84375 -0.57421875 0.62109375
-0.875 0.51171875 0.8720703125
1.6875 -0.98046875 -0.972900390625
-1.21875 0.25390625 0.375
-1.1875 0.28515625 1.453125
1.90625 -1.12890625 0.16015625
-1.28125 0.10546875 1.365234375
-1.21875 -0.33203125 1.44921875
-0.875 -0.83203125 0.455078125
1.8125 -1.24609375 -1.423828125
-0.84375 0.43359375 0.9541015625
-1.125 -0.73046875 0.4580078125
1.375 -1.00390625 -1.140869140625
-0.84375 -0.24609375 0.8701171875
-0.84375 0.35546875 1.1220703125
-1.75 -1.05859375 -0.9990234375
1.0 -0.93359375 -1.384765625
-0.84375 0.43359375 0.9541015625
-0.8125 -1.08203125 0.20654296875
-0.875 0.80859375 1.123046875
-1.25 0.40234375 -0.04052734375
-0.84375 -0.80078125 1.203125
-0.96875 0.41015625 0.20361328125
-0.84375 -0.11328125 0.6220703125
-1.3125 0.98046875 0.12744140625
-0.84375 0.50390625 1.1220703125
1.21875 -1.05859375 -0.171875
1.1875 -1.23046875 -0.087890625
-0.96875 0.16015625 0.3720703125
-1.1875 -0.63671875 0.375
-0.84375 -0.82421875 0.705078125
-0.34375 -1.25390625 -0.387939453125
-1.3125 -1.12109375 -1.2646484375
-1.21875 0.25390625 0.375
1.375 -1.01171875 -1.4033203125
-0.84375 0.58984375 0.9541015625
-1.34375 0.83203125 -0.11962890625
-0.875 0.87890625 1.205078125
-0.84375 -0.57421875 1.1181640625
0.71875 -1.10546875 0.6962890625
-1.28125 0.95703125 0.2060546875
-1.6875 -0.48828125 0.13623046875
-1.21875 0.76953125 0.455078125
0.5625 -1.22265625 -0.4130859375
1.84375 -1.23046875 -1.160400390625
1.6875 -1.19140625 -0.36328125
-0.96875 -0.73828125 0.3720703125
1.375 -1.00390625 -1.140869140625
-1.28125 0.95703125 0.2060546875
-1.09375 0.33203125 0.455078125
-0.84375 -0.80078125 1.203125
-0.84375 -0.05859375 0.7041015625
-1.8125 -0.39453125 0.220703125
-1.3125 0.98046875 0.12744140625
-1.21875 0.25390625 0.375
-1.15625 0.58203125 0.3740234375
-1.34375 0.83203125 -0.11962890625
-1.3125 0.67578125 -0.1201171875
0.4375 -1.06640625 -0.15380859375
1.6875 -0.98046875 -0.972900390625
-1.0625 0.19140625 0.455078125
-0.84375 -0.26171875 0.62109375
-0.84375 -0.18359375 0.9541015625
-0.8125 -1.11328125 0.455078125
1.0625 -0.80078125 -0.9482421875
-0.8125 1.00390625 1.376953125
-1.28125 -0.19921875 1.365234375
1.6875 -1.09765625 -1.1552734375
-0.84375 0.24609375 0.7041015625
1.84375 -1.11328125 -0.977783203125
-1.1875 0.62109375 0.455078125
-0.8125 1.00390625 1.376953125
-0.65625 -1.06640625 1.203125
-0.875 0.66796875 0.873046875
-0.84375 -1.01953125 0.37109375
-0.40625 -1.25390625 -0.554443359375
-0.84375 0.20703125 1.12109375
-1.34375 0.83203125 -0.11962890625
1.03125 -1.18359375 0.9541015625
-0.875 -0.71484375 0.869140625
-1.1875 -0.63671875 0.375
-1.21875 0.55859375 -0.0419921875
1.90625 -1.12890625 0.16015625
-0.875 1.10546875 0.623046875
-0.84375 -0.22265625 0.7041015625
-0.96875 -0.73828125 0.3720703125
-0.84375 -0.22265625 0.7041015625
1.3125 -1.22265625 -0.434326171875
-0.96875 -0.73828125 0.3720703125
-0.875 0.49609375 0.37109375
-0.875 0.83203125 1.375
-1.8125 -0.39453125 0.220703125
1.71875 -1.12890625 0.0791015625
-0.90625 0.05078125 0.87109375
-1.0625 0.50390625 0.4541015625
-0.875 -0.04296875 1.2041015625
-0.8125 -0.83984375 1.453125
-0.875 0.64453125 0.6220703125
-0.875 0.80859375 0.873046875
-1.21875 0.12890625 1.451171875
-1.3125 1.00390625 0.375
-0.875 0.66796875 0.873046875
-1.3125 -0.87890625 0.21435546875
-1.21875 -0.33203125 1.44921875
1.21875 -1.05859375 -0.171875
1.84375 -1.23046875 -1.160400390625
-0.4375 -1.10546875 -0.13427734375
-1.1875 -0.63671875 0.375
-0.9375 -0.39453125 0.455078125
1.84375 -1.06640625 -0.896484375
-0.84375 -0.57421875 0.62109375
-0.84375 -0.83984375 1.365234375
1.71875 -1.12890625 0.0791015625
-0.8125 -0.68359375 1.453125
-0.75 1.02734375 1.458984375
-1.25 0.49609375 0.20751953125
0.8125 -1.12890625 1.1259765625
-0.84375 -0.51953125 0.705078125
1.84375 -0.91015625 -0.897705078125
-1.25 0.66015625 0.20703125
