BOX_TRUCK
0.591796875 1.984375 -1.16796875
-0.626953125 1.671875 -1.169921875
-0.822265625 1.546875 -1.400390625
-0.7578125 1.546875 -1.35546875
-0.76171875 1.546875 -1.169921875
-0.96875 1.515625 -1.400390625
-0.8984375 1.484375 -1.1708984375
1.029296875 1.640625 -1.171875
0.052734375 1.453125 -1.125
-0.083984375 1.421875 -1.125
0.197265625 1.421875 -1.1259765625
-0.220703125 1.328125 -1.1259765625
0.705078125 1.421875 -1.4052734375
0.994140625 1.453125 -1.4052734375
0.845703125 1.421875 -1.4052734375
1.126953125 1.453125 -1.40625
1.267578125 1.453125 -1.40625
-0.412109375 0.484375 -1.3681640625
0.404296875 -0.734375 -0.8916015625
-1.291015625 -1.828125 0.375
-1.310546875 -1.890625 -0.130859375
