BOX_TRUCK
-1.203125 -2.0 0.0155029296875
-1.203125 -2.0 0.3973388671875
-1.1796875 -2.0 0.7293701171875
-1.0234375 -1.9375 -0.3673095703125
-0.9140625 -1.875 -0.4188232421875
-0.96875 -1.875 -0.0357666015625
-0.9375 -1.875 0.3446044921875
-0.9765625 -1.875 0.7283935546875
-1.0 -1.875 0.7791748046875
-1.0078125 -1.8125 0.0130615234375
-0.8203125 -1.75 -0.3704833984375
-1.0078125 -1.75 0.3963623046875
-0.7109375 -1.6875 -0.4227294921875
-0.7578125 -1.6875 -0.0391845703125
-0.7421875 -1.6875 0.3426513671875
-0.78125 -1.6875 0.7264404296875
-0.8046875 -1.6875 0.7791748046875
-0.828125 -1.625 0.0115966796875
-0.8046875 -1.625 0.3953857421875
-0.5078125 -1.5625 -0.4263916015625
-0.625 -1.5625 -0.3734130859375
-0.5625 -1.5 -0.0416259765625
-0.8046875 -1.5625 1.1619873046875
-0.5390625 -1.5 0.3406982421875
-0.6015625 -1.5 0.7781982421875
-0.6015625 -1.4375 0.0096435546875
-0.609375 -1.375 0.3944091796875
-0.328125 -1.3125 -0.4305419921875
-0.609375 -1.375 1.1619873046875
-0.34375 -1.3125 0.3387451171875
-0.421875 -1.3125 -0.3765869140625
-0.40625 -1.25 0.0072021484375
-0.3828125 -1.1875 0.3934326171875
-0.1328125 -1.125 -0.4346923828125
-0.40625 -1.1875 1.1639404296875
-0.1484375 -1.125 0.3358154296875
-0.21875 -1.125 -0.3797607421875
-0.1640625 -1.125 1.1092529296875
-0.171875 -1.0625 -0.822662353515625
-0.203125 -1.0625 0.0052490234375
-0.203125 -1.0625 0.7235107421875
-0.1796875 -1.0 0.3914794921875
0.1015625 -0.9375 -0.7696533203125
0.078125 -0.9375 -0.4385986328125
-0.203125 -1.0 1.1639404296875
0.0390625 -0.9375 -0.0513916015625
0.0546875 -0.9375 0.3338623046875
-0.0234375 -0.9375 -0.3824462890625
-0.015625 -0.9375 0.7781982421875
0.046875 -0.875 -0.82757568359375
0.015625 -0.875 0.7215576171875
-0.0234375 -0.8125 0.0028076171875
0.0 -0.8125 0.3905029296875
0.3125 -0.75 -0.7734375
0.1796875 -0.75 -0.3853759765625
0.1875 -0.75 0.7772216796875
0.25 -0.6875 -0.8323516845703125
0.2421875 -0.6875 -0.0548095703125
0.5234375 -0.5 -0.77789306640625
0.4375 -0.5 -0.8377838134765625
0.609375 -0.375 -1.1717529296875
-0.5 -0.5 -0.8359832763671875
0.734375 -0.3125 -0.7821044921875
0.6640625 -0.3125 -0.8425750732421875
0.8046875 -0.0625 -0.0054931640625
1.0390625 0.1875 0.3846435546875
1.22265625 0.4375 1.1697998046875
