BOX_TRUCK
-1.85546875 -1.90625 0.007080078125
-1.77734375 -1.78125 -0.714599609375
-1.77734375 -1.78125 0.0810546875
-1.65234375 -1.65625 -0.31707763671875
-1.57421875 -1.59375 -0.7177734375
-1.79296875 -1.65625 0.4775390625
-1.60546875 -1.59375 0.0791015625
-1.77734375 -1.65625 0.876953125
-1.46484375 -1.53125 -0.3192138671875
-1.40234375 -1.40625 0.076904296875
-1.57421875 -1.46875 0.8759765625
-1.24609375 -1.34375 -0.321563720703125
-1.38671875 -1.28125 0.875
0.09765625 -0.09375 -0.820556640625
0.03515625 -0.03125 -0.4173583984375
0.50390625 0.21875 -0.826171875
0.25390625 0.15625 -0.01513671875
0.22265625 0.15625 0.39013671875
0.47265625 0.28125 -0.01611328125
0.22265625 0.21875 -0.42095947265625
0.42578125 0.34375 0.38916015625
0.84765625 0.71875 -0.02099609375
0.75390625 0.71875 -0.7626953125
0.83203125 0.78125 -0.4290771484375
1.05078125 0.90625 -0.02294921875
0.94140625 0.90625 0.05078125
1.25390625 1.09375 -0.025390625
1.20703125 1.09375 -0.43487548828125
1.37890625 1.21875 -0.77099609375
1.11328125 1.15625 -0.77197265625
1.34765625 1.28125 0.04638671875
1.48828125 1.34375 -0.36316823959350586
1.42578125 1.34375 0.7919921875
1.34765625 1.34375 0.45458984375
1.20703125 1.34375 -0.36550331115722656
1.59765625 1.53125 0.3798828125
1.62890625 1.59375 -0.03125
1.56640625 1.59375 0.8642578125
1.89453125 1.71875 -0.36893463134765625
1.84765625 1.71875 -0.032958984375
1.75390625 1.71875 -0.781494140625
1.12890625 1.59375 -0.859130859375
