BOX_TRUCK
1.84375 -1.90625 0.708984375
1.78125 -1.65625 0.6669921875
1.46875 -1.96875 0.66796875
1.96875 -1.34375 0.666015625
1.28125 -1.90625 1.330078125
1.46875 -1.65625 1.3291015625
1.28125 -1.28125 0.0400390625
0.34375 -1.90625 0.03857421875
0.46875 -1.65625 1.2890625
0.71875 -1.34375 1.2890625
1.09375 -0.78125 0.0712890625
1.09375 -0.78125 0.701171875
1.09375 -0.78125 1.328125
0.40625 -1.53125 0.035888671875
0.84375 -0.96875 1.2880859375
1.28125 -0.46875 1.3271484375
0.09375 -1.78125 1.2900390625
1.28125 -0.34375 1.287109375
1.03125 -0.59375 0.032958984375
1.03125 -0.59375 1.2880859375
1.28125 -0.28125 0.032470703125
1.28125 -0.28125 0.66015625
1.28125 -0.21875 -0.5955810546875
-0.28125 -1.90625 0.0341796875
-0.34375 -1.90625 1.291015625
-0.34375 -1.84375 0.662109375
-1.28125 1.53125 -1.2587890625
