BOX_TRUCK
-1.875 -0.740234375 -0.082275390625
-1.875 -0.47265625 -0.082275390625
-1.875 -0.19140625 -0.082275390625
-1.875 0.091796875 -0.083251953125
-1.8125 0.392578125 -0.084228515625
-1.5 -1.107421875 -1.0302734375
-1.5 -0.82421875 -1.03125
-1.5625 0.673828125 -0.087158203125
-0.8125 0.1484375 0.378662109375
-0.8125 0.431640625 0.378662109375
-0.5625 -0.408203125 0.140380859375
-0.4375 -0.6875 0.139892578125
-0.375 -0.90234375 0.613037109375
-0.375 -0.923828125 1.087646484375
-0.375 -0.646484375 0.613037109375
-0.375 -0.654296875 1.086669921875
-0.375 -0.345703125 0.613037109375
-0.375 -0.353515625 1.086669921875
-0.375 -0.046875 0.613037109375
-0.375 -0.08203125 1.086669921875
-0.375 0.208984375 0.612060546875
-0.375 0.216796875 1.086669921875
-0.375 0.498046875 0.612060546875
-0.375 0.474609375 1.086669921875
-0.375 0.783203125 0.612060546875
-0.375 1.064453125 -0.343505859375
-0.375 1.029296875 0.137451171875
-0.375 0.787109375 1.085693359375
-0.3125 -0.111328125 0.138427734375
-0.375 1.068359375 0.612060546875
-0.3125 0.173828125 0.137939453125
-0.3125 0.462890625 0.137451171875
-0.3125 1.291015625 0.136474609375
0.0625 -0.8984375 0.851318359375
0.0625 -0.677734375 0.373779296875
0.0625 -0.611328125 0.851318359375
0.0625 -0.337890625 0.851318359375
0.0625 -0.333984375 1.328857421875
0.0625 -0.033203125 0.851318359375
0.0625 -0.044921875 1.328857421875
0.0625 0.240234375 0.851318359375
0.125 -1.1875 0.851318359375
0.0625 0.544921875 0.851318359375
0.0625 0.822265625 1.328857421875
0.0625 1.107421875 0.850341796875
0.1875 -1.23828125 -0.107666015625
0.0625 1.111328125 1.328857421875
0.125 1.056640625 -0.109130859375
1.1875 -0.8984375 -1.328857421875
1.4375 -1.216796875 -0.8505859375
1.875 -1.291015625 -1.11181640625
