BOX_TRUCK
-0.99609375 -1.55078125 0.286376953125
-1.10546875 -1.341796875 1.408447265625
-1.22265625 1.283203125 0.291259765625
-0.65234375 -1.8203125 -1.0498046875
-1.20703125 1.271484375 0.040283203125
-1.08203125 -0.376953125 0.284423828125
-1.25390625 1.373046875 0.682861328125
-1.08984375 -1.529296875 1.586181640625
-0.98046875 -1.77734375 -0.083740234375
-1.12890625 0.357421875 -0.335205078125
-1.14453125 0.556640625 -0.346923828125
-1.10546875 -0.650390625 0.515869140625
-0.99609375 -1.267578125 -0.543701171875
-1.15234375 0.353515625 0.134033203125
-1.14453125 0.455078125 -0.023193359375
-1.26171875 0.869140625 0.920166015625
-1.11328125 0.361328125 -0.571044921875
-0.32421875 1.154296875 -1.20245361328125
-1.22265625 1.830078125 -0.293701171875
-1.04296875 -1.576171875 0.659423828125
0.98828125 -1.5625 0.618408203125
-1.30078125 1.837890625 0.931884765625
-1.15234375 0.712890625 -0.183349609375
-1.10546875 -0.884765625 0.665283203125
-1.12890625 0.119140625 -0.027099609375
-1.12109375 -0.439453125 0.666259765625
-1.23828125 1.658203125 0.291259765625
-1.03515625 -0.857421875 -0.318115234375
-0.78515625 -1.572265625 -1.66796875
-0.62109375 -1.67578125 0.591064453125
-0.18359375 -1.869140625 0.372314453125
-0.98046875 -0.978515625 -0.85693359375
-1.28515625 1.919921875 0.047119140625
-1.23828125 1.037109375 0.918212890625
-1.07421875 -0.583984375 -0.172607421875
-1.06640625 -0.017578125 -0.727783203125
-1.08984375 -0.669921875 0.060791015625
-1.10546875 -0.423828125 0.361572265625
-1.12890625 -0.392578125 0.667236328125
-1.04296875 -1.134765625 0.062744140625
-1.05078125 -0.568359375 -0.169677734375
-1.18359375 -0.072265625 1.135009765625
-1.16796875 -0.412109375 0.972900390625
-1.13671875 0.505859375 -0.345947265625
-1.04296875 -1.013671875 0.058837890625
-1.16015625 0.466796875 0.361572265625
-1.01953125 -1.455078125 0.361572265625
-1.25390625 1.361328125 0.924072265625
-1.17578125 -0.123046875 1.129150390625
-1.23828125 1.111328125 0.760009765625
-1.03515625 -1.083984375 0.210205078125
-1.03515625 -1.365234375 0.361572265625
-1.09765625 0.052734375 -0.104248046875
-1.14453125 -0.095703125 0.437744140625
-0.28515625 0.669921875 -1.1827392578125
-1.17578125 0.552734375 0.054931640625
-1.01953125 -1.361328125 0.213134765625
-0.51953125 -1.89453125 0.752197265625
-0.79296875 -1.921875 -0.8408203125
-1.01171875 -0.646484375 -0.865478515625
-1.01171875 -1.091796875 -0.319091796875
-1.21484375 1.662109375 -0.196044921875
-1.16015625 0.251953125 0.444580078125
-1.12890625 0.400390625 0.048095703125
-1.22265625 0.900390625 0.677978515625
-1.23828125 1.333984375 0.211181640625
0.12109375 -1.83984375 0.295166015625
-1.05859375 -0.712890625 -0.015380859375
-1.16796875 0.294921875 0.673095703125
-1.19140625 0.193359375 0.598876953125
-1.06640625 -1.58203125 1.031494140625
-0.12890625 -1.56640625 -1.112060546875
-1.09765625 -1.806640625 1.396728515625
-1.26953125 1.029296875 1.004150390625
1.23046875 -1.76953125 0.736572265625
-1.27734375 1.232421875 1.480712890625
-1.07421875 -0.572265625 0.513916015625
-1.21484375 0.580078125 1.144775390625
-1.17578125 -0.220703125 0.976806640625
-1.16015625 -0.091796875 0.595947265625
-1.30078125 1.888671875 0.781494140625
-1.04296875 -0.853515625 -0.090576171875
-1.11328125 -0.044921875 0.515869140625
-1.25390625 1.833984375 -0.047607421875
-1.05078125 -1.423828125 0.435791015625
-1.18359375 1.076171875 -0.108154296875
-1.26953125 1.818359375 0.210205078125
-1.15234375 0.474609375 0.126220703125
-1.07421875 -0.224609375 -0.487548828125
-1.21484375 1.486328125 -0.123779296875
-1.03515625 -1.083984375 0.288330078125
-1.08203125 -0.509765625 0.132080078125
-1.08203125 -0.287109375 -0.171630859375
-1.03515625 -1.513671875 0.659423828125
-1.14453125 0.615234375 -0.182373046875
-1.30859375 1.978515625 0.443603515625
-1.07421875 -1.146484375 0.661376953125
-1.28515625 1.587890625 0.614501953125
-1.18359375 0.173828125 0.832275390625
-1.05859375 -0.064453125 -0.882568359375
-1.16796875 0.916015625 -0.186279296875
-1.02734375 -0.748046875 -0.553955078125
0.12890625 -1.64453125 -0.530029296875
-1.08984375 -0.623046875 0.060791015625
-1.16015625 0.462890625 0.211181640625
-1.06640625 -0.958984375 0.512939453125
-0.67578125 -1.921875 0.137939453125
-1.25390625 1.869140625 -0.211669921875
-0.26171875 1.533203125 -1.227752685546875
-1.19140625 0.486328125 0.595947265625
-1.04296875 -1.419921875 0.660400390625
-1.03515625 -0.408203125 -0.87158203125
-0.11328125 -1.67578125 -0.434326171875
-1.05859375 -1.439453125 0.885009765625
-1.19921875 1.177734375 -0.029052734375
-0.96484375 -1.212890625 -0.698974609375
-1.22265625 0.669921875 0.760009765625
-1.05859375 -1.244140625 0.586181640625
-0.68359375 -1.876953125 1.125244140625
-1.26953125 1.451171875 0.532470703125
-1.25390625 1.767578125 0.280517578125
-1.12890625 -0.232421875 0.365478515625
-1.19140625 0.919921875 0.290283203125
-1.29296875 1.505859375 1.166259765625
-0.99609375 -1.6484375 -0.010498046875
0.26953125 -1.853515625 0.134033203125
-0.26171875 -1.677734375 -0.111083984375
-1.05078125 -0.994140625 0.288330078125
-1.15234375 0.708984375 -0.350341796875
-1.23046875 1.447265625 0.200439453125
-0.97265625 -1.361328125 -0.538818359375
-1.08984375 -1.142578125 0.588134765625
-1.16015625 -0.267578125 1.052978515625
-1.04296875 -1.466796875 0.435791015625
-0.18359375 -1.869140625 0.372314453125
-1.07421875 -1.099609375 0.662353515625
-1.16796875 0.712890625 0.132080078125
-0.15234375 -1.83984375 0.529541015625
-0.53515625 -1.6875 0.207275390625
-1.19140625 0.521484375 0.524658203125
-1.23046875 0.927734375 0.527587890625
-1.18359375 0.072265625 0.906494140625
-0.42578125 -1.90625 -0.172607421875
-1.17578125 0.615234375 0.368408203125
-1.25390625 1.083984375 0.687744140625
-1.05859375 -0.064453125 -0.882568359375
-1.08203125 -1.208984375 0.886962890625
-1.07421875 -1.482421875 1.256103515625
-1.16015625 0.615234375 0.290283203125
0.24609375 -1.810546875 1.353759765625
-1.12109375 -0.931640625 0.965087890625
-1.02734375 -1.275390625 0.137939453125
-1.01953125 -1.458984375 0.213134765625
0.16796875 -1.841796875 -0.592529296875
-1.08203125 -0.423828125 0.285400390625
-1.05859375 -1.5390625 0.734619140625
0.92578125 -1.537109375 1.560791015625
-1.27734375 1.310546875 0.761962890625
-1.17578125 -0.416015625 1.277587890625
-1.20703125 0.806640625 0.440673828125
-1.24609375 0.615234375 0.994384765625
-1.19140625 0.923828125 -0.035888671875
-1.16796875 0.248046875 0.672119140625
-1.18359375 0.369140625 0.522705078125
-1.20703125 0.314453125 1.066650390625
-1.04296875 -1.482421875 0.885009765625
-1.25390625 1.439453125 0.452392578125
-1.26171875 1.162109375 0.608642578125
-0.56640625 -1.888671875 0.060791015625
-1.11328125 0.013671875 -0.097412109375
-0.57421875 -1.994140625 -0.710205078125
-1.00390625 -0.689453125 -0.8642578125
-1.08203125 -1.294921875 1.109619140625
-1.01171875 -1.849609375 0.732666015625
-1.08984375 -1.025390625 0.664306640625
-1.07421875 -0.080078125 -0.413330078125
-1.09765625 -1.166015625 0.886962890625
-1.09765625 -0.470703125 0.365478515625
-0.19921875 -1.884765625 0.135986328125
-1.16015625 1.408203125 -0.923095703125
-1.07421875 -0.705078125 -0.019287109375
-1.12109375 -0.380859375 0.437744140625
-1.12109375 -0.794921875 1.043212890625
-1.12890625 0.099609375 -0.181396484375
-1.10546875 -0.224609375 0.361572265625
-0.31640625 1.216796875 -1.206298828125
0.02734375 -1.630859375 0.601806640625
-1.11328125 -0.587890625 0.742431640625
-1.30078125 1.025390625 1.478759765625
-1.30078125 1.560546875 1.168212890625
-1.14453125 0.205078125 0.056884765625
0.37109375 -1.6171875 0.442626953125
-1.25390625 1.322265625 0.681884765625
-0.32421875 1.154296875 -1.20245361328125
-1.05859375 -1.494140625 0.734619140625
-1.11328125 0.162109375 -0.021240234375
0.37890625 -1.822265625 0.051025390625
-1.01953125 -1.505859375 0.288330078125
-1.06640625 -0.427734375 -0.329345703125
-1.09765625 -0.291015625 -0.176513671875
