BOX_TRUCK
-1.16796875 0.99951171875 0.67401123046875
-1.26953125 1.38623046875 1.32830810546875
-1.16796875 1.22412109375 0.11541748046875
-1.25390625 1.56201171875 0.73846435546875
-0.98828125 -0.66064453125 -0.50518798828125
-0.96484375 -1.14794921875 -0.57305908203125
-1.26171875 1.47412109375 0.73651123046875
-0.92578125 -1.2265625 -0.78302001953125
-1.01171875 -0.98681640625 0.39080810546875
-1.08203125 0.40185546875 -0.24102783203125
-0.91015625 -1.1025390625 -0.78546142578125
-1.10546875 0.84716796875 -0.58477783203125
-1.14453125 0.99169921875 0.10565185546875
-1.12890625 0.15380859375 0.66815185546875
-1.02734375 -0.81396484375 0.25311279296875
-1.26953125 1.99365234375 0.46112060546875
-1.09765625 0.37060546875 -0.30059814453125
-1.07421875 -0.73095703125 0.58416748046875
-1.09765625 -0.84619140625 1.29901123046875
-1.16796875 1.42724609375 -0.09649658203125
-1.23828125 1.42919921875 0.66619873046875
-0.97265625 -1.00732421875 -0.44415283203125
-0.25390625 0.84130859375 -1.19830322265625
-1.16015625 1.30224609375 -0.30743408203125
-1.13671875 0.62646484375 0.53240966796875
-1.16015625 1.30224609375 -0.44805908203125
-0.98828125 -0.78955078125 -0.09063720703125
-1.16796875 0.43896484375 1.64080810546875
-0.94140625 -1.73876953125 -0.03106689453125
-0.92578125 -0.92333984375 -0.93243408203125
-1.08984375 -0.44482421875 0.65447998046875
-1.01171875 -1.40087890625 0.37908935546875
-1.18359375 1.83935546875 0.11444091796875
-1.01171875 -0.98779296875 0.32244873046875
-1.09765625 0.50927734375 0.11541748046875
-1.02734375 -0.22607421875 -0.44708251953125
-1.04296875 -0.17236328125 -0.09161376953125
-1.25390625 1.80224609375 1.17596435546875
-1.12890625 0.78271484375 0.10565185546875
-0.84765625 -1.8892822265625 -0.78692626953125
-1.04296875 -1.5361328125 1.29901123046875
-1.16015625 0.84326171875 0.25408935546875
-1.16796875 1.42724609375 -0.09649658203125
-1.26171875 1.98974609375 0.54022216796875
-0.98828125 -0.78955078125 -0.09063720703125
-1.23046875 1.56396484375 0.59783935546875
-0.99609375 -0.96044921875 -0.23712158203125
-1.10546875 0.48974609375 -0.09259033203125
-1.04296875 -0.42431640625 0.03729248046875
-1.21484375 1.41162109375 0.24627685546875
-0.98046875 -0.48681640625 -0.78497314453125
-0.12890625 -0.85302734375 -1.18170166015625
-0.89453125 -1.9443359375 -0.16876220703125
-0.92578125 -1.45703125 -0.65216064453125
-1.16015625 0.82568359375 0.67205810546875
-1.22265625 0.79833984375 1.14471435546875
-1.00390625 -1.861328125 0.99627685546875
-1.05859375 0.35693359375 -0.65899658203125
-1.08984375 -0.23974609375 0.44842529296875
-1.19140625 1.67529296875 -0.03497314453125
-1.12109375 1.42138671875 -0.16876220703125
-1.08984375 -0.69287109375 0.78924560546875
-1.19921875 1.50537109375 0.17694091796875
-1.01171875 -1.34716796875 0.51678466796875
-1.00390625 -1.01416015625 -0.15802001953125
-1.12109375 -0.03173828125 0.58612060546875
-1.26953125 1.47216796875 1.33026123046875
-0.97265625 -1.788330078125 0.58612060546875
-1.19921875 1.99755859375 -0.24298095703125
-0.12109375 -0.93896484375 -1.18170166015625
-0.98828125 -0.81884765625 -0.57354736328125
-1.19921875 0.88232421875 0.73065185546875
-1.06640625 -0.77099609375 0.44744873046875
-1.00390625 -1.01513671875 0.18475341796875
-0.99609375 -1.2431640625 0.03729248046875
-1.20703125 1.25927734375 0.52557373046875
-1.15234375 1.65771484375 -0.52471923828125
-1.04296875 0.39404296875 -0.93292236328125
-0.88671875 -1.893310546875 -0.50616455078125
-1.07421875 -0.03173828125 0.11639404296875
-1.01953125 -0.75341796875 -0.10040283203125
-0.93359375 -1.4287109375 0.11639404296875
-1.21484375 0.96630859375 0.87127685546875
-0.97265625 -0.43115234375 -0.93389892578125
-1.02734375 -0.45556640625 -0.29766845703125
-0.12890625 -0.80615234375 -1.18218994140625
-1.07421875 -0.80615234375 0.99627685546875
-0.01171875 -1.822265625 -1.4374465942382812
-1.15234375 1.44677734375 -0.66339111328125
-1.10546875 -0.42431640625 1.62908935546875
-1.16796875 0.70849609375 0.52166748046875
-1.05078125 -0.67236328125 0.24237060546875
-1.05859375 -0.31982421875 0.25408935546875
-1.23828125 0.96630859375 1.14862060546875
-1.09765625 0.56396484375 -0.31134033203125
-0.99609375 -1.4619140625 0.58612060546875
-0.98046875 -1.48486328125 0.17401123046875
-1.21484375 1.11474609375 1.65643310546875
-0.90234375 -1.77294921875 -0.43634033203125
-0.94140625 1.65380859375 -1.14971923828125
-0.98046875 -1.28369140625 -0.10040283203125
-1.27734375 1.82177734375 0.88299560546875
-1.04296875 -0.30908203125 -0.16973876953125
-1.12109375 -0.19384765625 0.85955810546875
-1.01953125 -0.90380859375 0.32244873046875
-0.90234375 -1.70458984375 -0.65216064453125
-0.95703125 -1.21044921875 -0.44415283203125
-1.06640625 -0.37646484375 0.66619873046875
-1.16796875 0.56591796875 1.64471435546875
-1.01953125 -0.95166015625 0.17401123046875
-1.00390625 -0.92333984375 -0.16876220703125
-1.21484375 1.39208984375 0.59783935546875
-1.19140625 1.41162109375 -0.10528564453125
-1.05078125 -0.89697265625 0.51580810546875
-1.18359375 0.89990234375 0.38397216796875
-1.18359375 0.83935546875 0.59197998046875
-0.99609375 -0.47314453125 -0.65362548828125
-1.03515625 -1.3740234375 0.72088623046875
-0.99609375 -1.04150390625 -0.10040283203125
-0.98828125 -1.00341796875 -0.23712158203125
-1.16796875 1.41162109375 -0.17559814453125
-1.10546875 0.97021484375 -0.51641845703125
-1.14453125 1.80224609375 -0.81475830078125
-1.21484375 1.49951171875 0.24627685546875
-0.94921875 -1.49072265625 -0.22735595703125
-0.97265625 -1.728515625 0.39080810546875
-1.01953125 -1.53857421875 0.85955810546875
-0.99609375 -0.01611328125 -0.93731689453125
-0.99609375 -0.84423828125 -0.30645751953125
-1.17578125 0.30224609375 1.13885498046875
-0.94921875 -1.4306640625 0.04705810546875
-0.98828125 -1.24609375 -0.03106689453125
-1.13671875 1.00732421875 -0.30450439453125
-1.16015625 0.74560546875 0.39373779296875
-1.16015625 1.07177734375 -0.03399658203125
-1.06640625 -0.73779296875 0.51580810546875
-1.20703125 1.28857421875 0.67596435546875
-1.01953125 -0.42138671875 -0.22833251953125
-1.08984375 -1.12255859375 1.62127685546875
-1.01953125 -0.48095703125 0.04705810546875
-1.25390625 1.64208984375 0.66815185546875
-1.05078125 -0.95654296875 1.14471435546875
-1.10546875 0.79248046875 -0.44415283203125
-0.94921875 -1.49267578125 -0.23712158203125
-1.22265625 0.71240234375 1.31463623046875
-1.20703125 1.21826171875 0.45526123046875
-0.91015625 -1.47265625 -0.64385986328125
-1.19921875 1.48583984375 0.18475341796875
-0.97265625 -1.943603515625 0.86151123046875
-1.26953125 1.97021484375 0.38983154296875
-1.01953125 -0.91259765625 0.17401123046875
-1.13671875 1.04248046875 -0.09552001953125
-1.16015625 0.54052734375 0.52069091796875
-1.00390625 -0.27685546875 -0.92462158203125
-1.18359375 0.92333984375 0.45330810546875
-1.00390625 -1.54541015625 0.44744873046875
-1.03515625 0.30419921875 -0.93145751953125
-1.10546875 0.47802734375 -0.17169189453125
-1.08203125 -0.13232421875 0.66619873046875
-0.98828125 -0.94970703125 -0.29669189453125
-1.10546875 0.71630859375 -0.58282470703125
-1.02734375 -1.44287109375 0.86932373046875
-0.93359375 -1.02587890625 -0.43731689453125
-1.10546875 -0.04541015625 0.52947998046875
-1.21484375 1.86865234375 0.32733154296875
-1.27734375 1.94677734375 0.60174560546875
-1.18359375 1.48974609375 0.25506591796875
-0.96484375 -1.05810546875 0.11639404296875
-1.15234375 1.80029296875 -0.95758056640625
-0.98046875 -0.48681640625 -0.78497314453125
-1.18359375 1.38818359375 0.32537841796875
-1.08984375 0.67724609375 -0.58331298828125
-0.97265625 -1.49462890625 -0.03106689453125
-1.03515625 -0.60888671875 0.18475341796875
-1.22265625 1.13232421875 0.80291748046875
-0.90234375 -1.43896484375 -0.43731689453125
-1.17578125 1.03076171875 0.24530029296875
-1.11328125 0.34130859375 0.18475341796875
-1.19140625 1.46240234375 0.17694091796875
-0.12890625 -0.80615234375 -1.18218994140625
-1.09765625 -0.01416015625 0.24334716796875
-1.01171875 -0.94580078125 0.39080810546875
-1.13671875 0.09326171875 0.72479248046875
-1.15234375 1.37451171875 -0.24591064453125
-1.15234375 0.48583984375 0.67010498046875
-1.12890625 -0.01220703125 1.63494873046875
-1.17578125 1.62060546875 0.04315185546875
-1.15234375 1.71044921875 0.32733154296875
-1.26171875 1.90380859375 0.53143310546875
-1.12890625 -0.31201171875 1.13299560546875
-0.98046875 -1.830810546875 0.65447998046875
-1.20703125 1.21826171875 0.45526123046875
-1.12109375 -0.43896484375 1.30096435546875
-0.91796875 -1.431640625 -0.64385986328125
-1.07421875 -0.29931640625 0.17401123046875
-1.12109375 0.93505859375 0.04510498046875
-0.95703125 -1.8555908203125 0.24334716796875
-0.98046875 -1.4658203125 -0.15802001953125
-1.10546875 -0.63134765625 0.86932373046875
-1.14453125 0.97802734375 0.18475341796875
