BOX_TRUCK
-1.2890625 1.9228515625 0.3099365234375
-1.1796875 0.9365234375 -0.2896728515625
-1.03125 -1.12451171875 -0.1636962890625
-1.1875 1.6943359375 -0.1578369140625
-1.09375 -0.63623046875 0.6556396484375
-1.234375 1.4580078125 -0.0972900390625
-1.2890625 1.5283203125 1.1302490234375
1.1328125 -1.7548828125 -1.65966796875
-1.171875 0.85546875 -0.2896728515625
-1.2109375 0.63671875 0.5755615234375
-1.21875 0.6806640625 0.7103271484375
-0.984375 -1.39697265625 0.0462646484375
-1.1328125 0.4423828125 -0.4332275390625
-1.15625 -0.278564453125 0.8450927734375
-1.0625 -0.6311874389648438 -0.2906494140625
-1.21875 0.400390625 0.8431396484375
-1.2421875 0.5263671875 1.5032958984375
-1.1875 1.177734375 -0.0875244140625
-1.2265625 1.2197265625 0.0384521484375
-1.1875 0.5517578125 0.3079833984375
-1.2578125 1.5576171875 0.3089599609375
-1.078125 -1.52734375 0.9896240234375
-1.25 1.7822265625 -0.0299072265625
-1.0859375 -0.905029296875 0.4534912109375
-1.125 -0.5274658203125 0.4427490234375
-1.1484375 0.2880859375 -0.0279541015625
-1.25 0.5625 1.1126708984375
-1.234375 1.4248046875 0.3187255859375
-1.046875 -1.118408203125 -0.0963134765625
-1.2421875 1.126953125 1.1282958984375
-1.21875 1.1005859375 0.3187255859375
-1.0625 -0.89599609375 0.2503662109375
-1.1015625 -0.255126953125 0.1829833984375
-1.140625 -0.63629150390625 0.9818115234375
-1.234375 0.404296875 1.1126708984375
-0.9375 -1.75390625 0.1829833984375
-1.1484375 0.0224609375 0.2503662109375
-1.328125 1.6884765625 1.6068115234375
-1.0390625 -0.6344223022460938 -0.4947509765625
-1.0625 -1.56982421875 0.8548583984375
-1.2421875 1.3779296875 0.2415771484375
-1.1796875 0.6298828125 -0.1529541015625
-1.078125 -0.912841796875 0.2415771484375
-1.1484375 0.328125 -0.0279541015625
-1.0859375 -1.39599609375 0.8587646484375
-1.171875 0.5380859375 0.5198974609375
-1.03125 -1.50390625 0.3109130859375
-1.2578125 1.9853515625 -0.1666259765625
-1.078125 -0.8367919921875 0.6556396484375
-0.9921875 -1.51220703125 -0.1578369140625
-1.2109375 0.59375 0.4417724609375
-1.265625 1.8408203125 0.1156005859375
-1.046875 -0.86767578125 0.1156005859375
-0.21875 -0.5391845703125 -0.9803466796875
-1.171875 0.884765625 -0.2994384765625
-1.0625 -0.350341796875 -0.4937744140625
-1.2890625 1.8662109375 0.8626708984375
-1.1796875 0.9248046875 -0.2994384765625
-1.125 0.2333984375 -0.0191650390625
-0.9921875 -1.29345703125 -0.4371337890625
-0.96875 -1.666015625 -0.4390869140625
-1.0859375 -0.0615234375 -0.5606689453125
-1.3125 1.7685546875 0.7142333984375
-1.1640625 0.11572265625 0.6439208984375
-1.21875 0.9931640625 0.3079833984375
-1.2578125 1.9208984375 0.1156005859375
-1.125 0.13037109375 0.1068115234375
-1.1796875 1.3076171875 -0.3599853515625
-1.09375 -0.8880615234375 0.5794677734375
-1.03125 -1.4033203125 0.1077880859375
-1.125 -0.0322265625 -0.0279541015625
-1.2265625 0.2421875 1.2767333984375
-0.9921875 1.6005859375 -1.332275390625
0.359375 -1.9296875 0.3460693359375
-1.2890625 1.7626953125 0.5814208984375
-1.234375 1.4228515625 0.3861083984375
-1.203125 1.4931640625 -0.6412353515625
-1.03125 -1.36376953125 -0.0963134765625
-0.2734375 0.3740234375 -1.1575927734375
-1.0390625 -0.908447265625 0.1156005859375
-1.0390625 -1.34326171875 0.1829833984375
-1.0078125 -1.035400390625 -0.3609619140625
-1.1015625 0.14306640625 0.1156005859375
-1.2421875 0.6435546875 1.1126708984375
-1.2109375 0.900390625 0.4525146484375
-1.2421875 1.5986328125 0.2513427734375
-1.265625 0.720703125 1.2767333984375
0.296875 -1.9384765625 0.4212646484375
-1.1328125 -0.4066162109375 0.4427490234375
-1.3515625 1.9736328125 1.1243896484375
-0.8984375 -1.765625 -0.6446533203125
-1.21875 0.671875 0.5091552734375
-1.0625 -1.6103515625 0.8548583984375
-1.015625 -1.25244140625 -0.2252197265625
-1.15625 0.646484375 -0.1636962890625
-0.984375 -1.443359375 -0.3629150390625
-1.078125 -0.14013671875 -0.5611572265625
-1.21875 0.896484375 0.3753662109375
-1.03125 -0.784912109375 -0.5635986328125
-1.015625 -0.95556640625 -0.3609619140625
-1.09375 -1.205078125 0.9876708984375
-1.171875 0.208984375 0.6536865234375
-1.2265625 1.1015625 0.5208740234375
-1.1640625 -0.4716796875 0.8548583984375
0.140625 -1.287109375 -1.4512481689453125
-1.1015625 -0.11865234375 -0.2984619140625
-1.1171875 0.1708984375 -0.4244384765625
-1.140625 -0.445556640625 0.6439208984375
-1.1484375 -0.203369140625 0.4427490234375
-0.359375 -1.96484375 0.1126708984375
-0.109375 -1.97265625 -0.7008056640625
-1.109375 -0.4342041015625 0.6556396484375
-1.265625 1.9072265625 -0.0972900390625
-1.1015625 -0.7994384765625 1.1282958984375
-1.1171875 -1.15673828125 1.2864990234375
-1.1953125 0.888671875 -0.0289306640625
-0.984375 -1.50048828125 -0.4381103515625
-1.1796875 -0.153076171875 1.1126708984375
-1.265625 1.7080078125 0.1741943359375
-0.140625 -0.70513916015625 -1.1678466796875
-1.0625 -0.95849609375 0.6575927734375
-1.1328125 0.17236328125 0.1068115234375
-1.140625 0.6015625 -0.6373291015625
-1.1640625 0.294921875 0.1732177734375
-1.234375 0.8466796875 1.1263427734375
-1.1953125 1.2578125 -0.2232666015625
-1.1953125 1.0556640625 0.1058349609375
-1.0625 -0.302734375 -0.6295166015625
-1.265625 0.7265625 1.5032958984375
-1.0859375 -0.818603515625 0.2503662109375
-1.2265625 1.3896484375 0.1156005859375
-1.109375 -0.4696044921875 0.2415771484375
-1.0234375 -1.1640625 -0.0885009765625
-0.2890625 0.505859375 -1.1575927734375
-1.09375 0.04052734375 -0.4342041015625
-1.234375 1.7783203125 -0.3023681640625
-1.140625 1.029296875 -0.9053955078125
-1.0546875 -0.673797607421875 -0.2906494140625
-1.2890625 1.4755859375 0.7806396484375
-1.234375 1.09375 0.2406005859375
-1.140625 0.54296875 0.3187255859375
-1.2578125 1.2978515625 0.3753662109375
-1.234375 1.4755859375 0.1829833984375
-0.5078125 -1.94140625 -0.8165283203125
-1.171875 0.53515625 0.3851318359375
-1.140625 0.056640625 0.5198974609375
-1.0 -1.0517578125 -0.6407470703125
-1.0859375 -1.43994140625 1.1243896484375
-1.1015625 0.01611328125 0.3187255859375
-1.0703125 -0.8331298828125 0.0394287109375
-0.1640625 -1.99609375 -0.3258056640625
-1.1953125 1.353515625 -0.6319580078125
-1.0390625 -0.10107421875 -0.9044189453125
-1.21875 1.3505859375 0.1156005859375
-1.046875 -0.56488037109375 -0.6383056640625
-1.265625 0.7265625 1.5032958984375
-1.09375 -1.050048828125 0.5794677734375
-1.1328125 -0.56011962890625 0.8470458984375
-0.96875 -0.80859375 -0.9166259765625
-1.09375 0.04052734375 -0.4342041015625
-1.2265625 1.8662109375 -0.4390869140625
-1.0390625 -1.136474609375 0.2513427734375
-1.0546875 -1.11669921875 0.3187255859375
-1.171875 -0.163818359375 0.7767333984375
-1.1171875 -1.23779296875 1.6048583984375
-1.0 -1.44970703125 -0.2330322265625
-1.2734375 1.193359375 0.7786865234375
-1.03125 -0.92138671875 -0.0875244140625
-1.0234375 -1.62353515625 0.2513427734375
-1.2109375 0.5908203125 0.5091552734375
-1.1953125 1.2109375 -0.4351806640625
-1.125 -0.56683349609375 0.5775146484375
-1.2265625 1.3798828125 0.1058349609375
-1.25 1.029296875 0.5091552734375
-0.2578125 0.11376953125 -1.1575927734375
-0.28125 0.4169921875 -1.1575927734375
-1.1953125 0.08056640625 0.9779052734375
-1.15625 -0.6352996826171875 1.2806396484375
-1.203125 0.984375 0.5208740234375
-0.9609375 -1.7744140625 0.3197021484375
-1.1796875 0.69921875 0.5198974609375
-1.0078125 -1.5732421875 -0.0289306640625
-1.21875 1.5791015625 -0.1656494140625
-1.046875 -0.4459228515625 -0.9107666015625
-0.9609375 -1.3916015625 -0.1588134765625
-1.2578125 1.1962890625 0.4427490234375
-1.15625 0.5537109375 -0.0191650390625
-1.09375 -0.267333984375 0.3187255859375
-1.1171875 0.00537109375 -0.2301025390625
-1.0546875 -0.462158203125 -0.5621337890625
-1.125 -0.224365234375 0.1741943359375
-0.8203125 -1.7724609375 -0.5806884765625
-1.1484375 -0.51953125 0.9818115234375
-0.9296875 -1.75 -0.4410400390625
-1.1171875 -0.53173828125 0.5101318359375
-1.140625 -0.265869140625 0.3753662109375
-1.2421875 1.7841796875 -0.0885009765625
-1.1328125 -0.02734375 0.0394287109375
-1.2734375 1.8310546875 0.1741943359375
-1.0078125 -1.29150390625 -0.2252197265625
