BOX_TRUCK
-0.90234375 0.93359375 -0.2744140625
-1.35546875 1.0390625 0.4853515625
-1.15234375 1.04296875 -0.7275390625
0.78515625 0.5625 -0.1123046875
0.86328125 0.54296875 1.4482421875
-0.30859375 0.81640625 -0.5673828125
1.95703125 0.25390625 -0.66796875
-0.32421875 0.828125 -0.7431640625
-1.98046875 1.1796875 0.4423828125
-0.29296875 0.80078125 0.4521484375
-1.68359375 1.12109375 0.7451171875
0.14453125 -1.2890625 -1.642333984375
-0.23046875 0.78125 -0.0283203125
-1.62109375 1.13671875 -0.814453125
-1.77734375 1.14453125 1.5302734375
-1.41796875 1.078125 0.5751953125
-0.63671875 0.86328125 1.6728515625
1.26953125 0.0859375 -1.670166015625
0.83203125 0.5390625 0.3037109375
1.51953125 0.359375 -0.6767578125
1.26953125 0.0859375 -1.670166015625
0.94140625 0.49609375 0.3271484375
0.48828125 0.63671875 -0.56640625
-1.30859375 1.04296875 -0.2822265625
-1.41796875 1.078125 0.5751953125
0.39453125 0.64453125 -0.119140625
-0.93359375 0.9375 -0.6669921875
-1.91015625 1.23046875 -0.345703125
-0.44921875 0.875 1.0517578125
-1.15234375 1.04296875 -0.7275390625
1.92578125 0.25390625 0.7041015625
-0.98046875 0.94140625 0.5107421875
-1.10546875 1.00390625 -0.8603515625
-1.15234375 1.01171875 0.2060546875
-0.88671875 0.9765625 -0.5361328125
0.14453125 -1.2890625 -1.642333984375
-1.92578125 1.0390625 -1.49755859375
1.01953125 0.49609375 -0.236328125
0.31640625 0.6953125 1.1259765625
0.33203125 0.6875 -0.77734375
0.11328125 0.71484375 -0.462890625
-0.55859375 0.84765625 -0.6689453125
-1.65234375 1.08984375 0.0888671875
0.33203125 0.66796875 0.0673828125
-1.58984375 1.1484375 -0.626953125
0.83203125 0.5390625 0.3037109375
-1.93359375 1.1875 -0.3857421875
0.59765625 -0.7109375 -1.65185546875
-0.94921875 0.953125 -0.4375
0.17578125 0.6640625 0.6123046875
-0.94921875 0.953125 -0.4375
-1.92578125 1.0390625 -1.49755859375
-1.48046875 1.09375 0.1904296875
-1.40234375 1.06640625 0.7685546875
0.06640625 0.73046875 -0.3330078125
-1.80859375 1.1875 -0.755859375
-1.15234375 1.04296875 -0.7275390625
-1.76171875 1.1484375 0.5517578125
-0.79296875 0.92578125 0.2236328125
-0.65234375 0.890625 -0.46875
1.98828125 0.23828125 -0.6787109375
0.31640625 0.66015625 1.0439453125
0.11328125 0.71484375 -0.462890625
-1.43359375 1.078125 -0.85546875
-1.10546875 1.0078125 1.2275390625
0.44140625 0.640625 0.7099609375
0.00390625 -1.4453125 -1.639404296875
-0.10546875 0.78125 0.0517578125
0.51953125 0.62109375 -0.4599609375
1.33203125 0.20703125 -1.6708984375
-0.65234375 0.90625 -0.0693359375
1.33203125 0.4375 -0.564453125
-1.10546875 1.0078125 1.2275390625
0.91015625 0.54296875 -0.0205078125
-1.77734375 1.16015625 -0.849609375
1.00390625 0.48828125 -0.3271484375
-0.43359375 0.84765625 0.0380859375
-0.29296875 0.7890625 0.5849609375
-1.57421875 1.08203125 -0.6650390625
-0.98046875 0.98828125 0.9365234375
1.33203125 0.4375 -0.564453125
-0.43359375 0.84765625 0.0380859375
0.48828125 0.625 0.9287109375
-1.29296875 1.08203125 -0.533203125
-1.30859375 1.07421875 -0.150390625
-0.83984375 0.953125 0.0556640625
-1.65234375 1.08984375 0.0888671875
0.70703125 0.52734375 -0.0048828125
-1.04296875 0.98828125 -0.5693359375
1.28515625 0.41796875 1.1259765625
-1.48046875 1.08984375 -0.0009765625
-1.71484375 1.1484375 1.4755859375
-1.15234375 1.04296875 -0.7275390625
0.17578125 0.6640625 0.6123046875
-0.19921875 0.765625 -0.669921875
-1.80859375 1.1875 0.9208984375
-1.71484375 1.14453125 -0.5703125
-0.91796875 0.96484375 -0.17578125
-0.15234375 0.7578125 -0.4375
0.41015625 -0.90625 -1.646484375
-0.07421875 0.77734375 -0.541015625
0.83203125 0.5390625 0.3037109375
-1.19921875 1.05078125 -0.3408203125
-1.10546875 0.99609375 0.5341796875
-1.04296875 0.98046875 0.4072265625
-0.30859375 0.78515625 0.1455078125
-1.40234375 1.08203125 -0.0927734375
0.22265625 0.66015625 -0.671875
1.26953125 0.0859375 -1.670166015625
-1.10546875 1.0078125 1.2275390625
-1.71484375 1.14453125 -0.4375
0.50390625 0.5859375 0.1806640625
-1.24609375 1.05859375 0.0439453125
-1.41796875 1.07421875 0.3837890625
1.98828125 0.23828125 -0.6787109375
-1.04296875 0.98046875 0.4072265625
0.97265625 0.51953125 -0.3466796875
1.84765625 0.26953125 1.1728515625
0.92578125 0.52734375 -0.4560546875
0.70703125 0.52734375 -0.0048828125
0.22265625 0.66015625 -0.671875
-1.38671875 1.0703125 -0.4375
-0.40234375 0.84375 1.3076171875
-1.40234375 1.08203125 -0.0927734375
-0.19921875 0.80859375 -0.158203125
-1.37109375 1.0390625 0.0986328125
-1.91015625 1.23046875 -0.345703125
0.87890625 0.53125 0.7431640625
0.81640625 0.55078125 0.4111328125
-1.91015625 -0.625 -1.31201171875
-0.29296875 0.7890625 0.5849609375
-0.19921875 0.765625 -0.669921875
-1.02734375 0.984375 -0.4716796875
-1.40234375 1.078125 -0.5703125
0.78515625 0.5625 -0.1123046875
1.01953125 0.49609375 -0.236328125
-1.19921875 1.0390625 0.2998046875
-0.27734375 0.80078125 -0.4658203125
-1.16796875 1.01953125 0.0107421875
-1.80859375 1.1875 0.9208984375
-0.43359375 0.84765625 0.0380859375
1.84765625 0.26953125 1.1728515625
-1.71484375 1.1328125 0.3662109375
-0.58984375 0.87109375 -0.3681640625
-0.54296875 0.875 0.9716796875
-1.92578125 1.0390625 -1.49755859375
-0.76171875 0.9296875 1.2666015625
-0.54296875 0.8515625 -0.2666015625
0.37890625 0.65625 0.2802734375
-1.98046875 1.25 0.0224609375
-0.88671875 0.9609375 -0.142578125
-0.41796875 0.83984375 0.3427734375
0.91015625 0.5234375 0.5263671875
-0.41796875 0.83984375 0.3427734375
-1.91015625 1.1953125 -0.201171875
-0.54296875 0.875 0.9716796875
-1.92578125 1.1796875 -0.2939453125
0.09765625 0.68359375 0.1630859375
-1.02734375 0.984375 -0.4716796875
0.17578125 0.6640625 0.6123046875
-1.10546875 0.99609375 0.5341796875
-1.65234375 1.1015625 0.4658203125
0.11328125 -1.34375 -1.641845703125
0.91015625 0.5234375 0.5263671875
-1.90234375 1.08984375 -1.0341796875
0.17578125 -1.234375 -1.642578125
0.47265625 0.60546875 0.3095703125
1.84765625 0.26953125 1.1728515625
-1.35546875 1.0390625 0.4853515625
-0.80859375 0.953125 1.0166015625
1.33203125 0.421875 -0.548828125
1.78515625 0.32421875 1.5498046875
0.81640625 0.546875 0.0849609375
-0.55859375 0.88671875 -0.1669921875
-1.02734375 0.984375 -0.4716796875
1.78515625 0.32421875 1.5498046875
-1.91015625 1.1953125 -0.201171875
-1.43359375 1.08984375 1.1904296875
-1.23046875 1.0390625 0.2373046875
0.58203125 0.56640625 -0.22265625
-1.43359375 1.08984375 1.1904296875
0.33203125 0.66796875 0.0673828125
-1.27734375 1.0234375 -0.666015625
-0.88671875 0.9765625 -0.5361328125
-1.27734375 1.0234375 -0.666015625
-1.27734375 1.0234375 -0.666015625
0.94140625 0.49609375 0.3271484375
0.09765625 0.7109375 0.8955078125
1.33203125 0.42578125 0.7763671875
-1.35546875 1.0390625 0.4853515625
1.01953125 0.49609375 -0.236328125
0.94140625 0.5 0.6376953125
1.17578125 0.4765625 0.0986328125
1.16015625 -0.08203125 -1.66796875
-1.13671875 1.03125 0.9853515625
-0.79296875 0.92578125 0.2236328125
-0.30859375 0.81640625 -0.5673828125
-0.88671875 0.9765625 -0.5361328125
-0.63671875 0.86328125 1.6728515625
0.44140625 0.640625 0.7099609375
