BOX_TRUCK
1.546875 0.52734375 -1.2164306640625
0.984375 0.69140625 -1.0523681640625
-1.3125 1.076171875 0.1556396484375
-0.171875 1.244140625 0.0189208984375
-0.921875 1.10546875 0.8929443359375
-1.96875 0.91796875 0.3499755859375
1.46875 1.296875 -1.6295166015625
-1.015625 1.107421875 0.1302490234375
-1.21875 1.064453125 0.2816162109375
-1.21875 1.064453125 0.1253662109375
-1.296875 1.033203125 1.1234130859375
-0.921875 1.12109375 -0.8804931640625
-1.890625 0.96484375 0.3890380859375
-0.34375 1.228515625 -0.2203369140625
0.21875 1.298828125 1.0902099609375
1.140625 1.470703125 0.5941162109375
-1.484375 1.01171875 0.2425537109375
0.671875 1.41796875 -0.1031494140625
-1.40625 0.99609375 -0.0025634765625
0.890625 1.45703125 -0.2379150390625
-1.75 0.95703125 0.6038818359375
-1.96875 0.9375 -0.6168212890625
1.40625 0.9765625 -1.6295166015625
-1.046875 1.0546875 1.0140380859375
-1.859375 0.921875 -0.2535400390625
-1.3125 1.076171875 0.1556396484375
-1.453125 1.0078125 -0.7164306640625
0.609375 1.404296875 1.2503662109375
0.40625 0.578125 -1.4398193359375
-1.25 1.0078125 1.0023193359375
-1.921875 0.921875 -0.7379150390625
1.34375 1.541015625 1.0179443359375
-0.46875 1.185546875 1.4378662109375
0.75 0.6328125 -1.3331298828125
1.171875 1.478515625 1.1488037109375
-1.859375 0.78125 -0.9517822265625
-1.1875 1.08984375 -0.6246337890625
0.21875 0.5 -1.0450439453125
-0.640625 1.158203125 -0.1177978515625
-1.9375 0.9140625 0.5941162109375
0.890625 1.44140625 1.5433349609375
-0.15625 1.2734375 0.8050537109375
-0.390625 1.228515625 0.1439208984375
-1.921875 0.9296875 1.5687255859375
-1.078125 1.076171875 -0.2486572265625
-1.078125 1.076171875 -0.2486572265625
-2.0 -1.46875 -1.3436279296875
-1.828125 0.9453125 1.0023193359375
-1.921875 0.921875 -0.7379150390625
-0.8125 1.142578125 0.1351318359375
0.046875 0.44921875 -1.0401611328125
-1.484375 1.01171875 0.2425537109375
-1.15625 1.064453125 0.6292724609375
-0.671875 1.1796875 0.6800537109375
-0.703125 1.1484375 1.1624755859375
-0.328125 1.228515625 0.6663818359375
-1.875 0.9140625 1.0843505859375
0.1875 1.32421875 -0.2418212890625
-1.984375 0.91015625 0.1087646484375
0.0 1.28125 -0.1109619140625
-1.828125 0.90625 0.9652099609375
-0.890625 1.11328125 -0.2476806640625
-1.1875 1.08984375 -0.6246337890625
0.109375 1.310546875 0.6859130859375
-1.84375 -1.2265625 -1.6263427734375
-0.375 1.22265625 0.2991943359375
0.953125 0.6796875 -1.3409423828125
-1.5 0.984375 0.8597412109375
-0.875 1.099609375 1.4046630859375
-0.484375 1.189453125 1.1761474609375
-1.390625 1.02734375 0.3695068359375
-1.71875 1.0 0.1488037109375
1.09375 1.494140625 1.0042724609375
-1.703125 0.9765625 0.2366943359375
-0.453125 1.205078125 -0.7398681640625
-0.96875 1.11328125 -0.2203369140625
-0.15625 1.2734375 0.8050537109375
-1.59375 0.99609375 0.7327880859375
1.453125 0.77734375 -1.0684814453125
-1.265625 1.046875 -0.7203369140625
-1.078125 1.076171875 -0.2486572265625
-1.390625 1.02734375 0.3695068359375
-1.53125 1.037109375 0.1517333984375
-1.546875 1.02734375 1.5159912109375
-0.6875 1.171875 0.2659912109375
-1.953125 0.06640625 -1.4454345703125
-1.015625 1.06640625 -0.4996337890625
-1.296875 1.033203125 1.1234130859375
0.84375 0.62109375 -1.0621337890625
-0.984375 1.107421875 0.7620849609375
-1.0 1.107421875 0.3831787109375
-1.875 0.9140625 1.3284912109375
-1.265625 1.0 0.5003662109375
-1.78125 0.95703125 0.7230224609375
-1.921875 0.953125 1.4866943359375
-1.890625 0.94140625 0.2327880859375
-1.875 0.97265625 -0.0982666015625
-0.984375 1.12890625 -0.6275634765625
-1.890625 -0.9765625 -1.2462158203125
0.21875 1.341796875 -0.7545166015625
-1.296875 -0.83203125 -1.6497802734375
-1.859375 -1.140625 -1.6231689453125
-0.171875 1.23046875 -0.5045166015625
-1.3125 1.076171875 0.1556396484375
-1.796875 0.9765625 1.5784912109375
0.484375 1.390625 1.1292724609375
-2.0 -1.46875 -1.3436279296875
0.671875 1.41796875 -0.1031494140625
-0.96875 1.11328125 -0.2203369140625
-1.671875 1.0078125 -0.0972900390625
-1.25 1.0703125 -0.4693603515625
-0.203125 1.2578125 1.0921630859375
-1.53125 0.99609375 -0.7437744140625
-0.609375 1.185546875 0.1390380859375
1.484375 1.55078125 -1.6285400390625
0.0 1.251953125 1.0784912109375
-0.703125 1.150390625 -0.7574462890625
1.390625 1.529296875 1.1644287109375
-1.296875 1.033203125 1.1234130859375
-1.796875 0.94921875 0.2698974609375
0.421875 1.333984375 0.5648193359375
-1.828125 0.9453125 1.0023193359375
-1.015625 1.107421875 0.1302490234375
0.21875 1.341796875 -0.7545166015625
0.84375 0.6640625 -1.4620361328125
1.203125 0.73828125 -1.0596923828125
1.25 0.71484375 -1.0733642578125
1.3125 0.56640625 -1.628173828125
-1.0 1.107421875 0.3831787109375
-1.296875 1.052734375 -0.3736572265625
-1.8125 0.91796875 -0.4957275390625
-1.203125 1.072265625 0.7523193359375
-0.546875 1.1875 0.6566162109375
0.71875 1.41015625 -0.5093994140625
1.21875 1.505859375 0.0413818359375
-1.765625 -0.8984375 -1.598388671875
0.21875 1.298828125 1.0902099609375
-1.765625 -0.8984375 -1.598388671875
0.40625 1.35546875 1.5062255859375
-0.421875 1.17578125 1.0511474609375
-1.84375 0.92578125 -0.1314697265625
-1.15625 1.107421875 1.5452880859375
0.71875 1.41015625 -0.5093994140625
-1.359375 0.8046875 -1.2462158203125
-1.8125 0.91796875 -0.4957275390625
1.984375 0.8515625 -1.0933837890625
0.59375 1.40234375 0.9769287109375
-1.046875 1.0546875 1.0140380859375
-0.75 1.146484375 0.6468505859375
-1.78125 0.95703125 0.7230224609375
-1.953125 0.91796875 -0.2193603515625
0.109375 1.32421875 -0.7711181640625
1.28125 0.69921875 -1.3541259765625
1.390625 0.76953125 -1.3577880859375
-1.5 0.984375 0.8597412109375
1.734375 1.595703125 -0.0914306640625
-0.171875 1.244140625 0.0189208984375
0.84375 0.6640625 -1.4620361328125
-1.96875 0.73046875 -0.9483642578125
-0.671875 1.14453125 1.4202880859375
-1.46875 1.04296875 -0.0963134765625
-1.25 1.0703125 -0.4693603515625
-0.15625 1.26953125 0.4105224609375
-0.15625 1.2734375 0.8050537109375
-0.015625 1.298828125 -0.7496337890625
0.046875 1.27734375 0.0218505859375
-1.421875 1.033203125 0.1214599609375
-1.8125 0.95703125 0.1126708984375
1.390625 0.76953125 -1.3577880859375
-1.6875 0.95703125 1.0960693359375
-1.0625 1.04296875 0.5081787109375
0.890625 1.44140625 1.5433349609375
-1.90625 0.96484375 0.1458740234375
-0.46875 1.19921875 -0.2457275390625
-1.609375 0.9921875 0.2738037109375
-0.328125 1.228515625 0.6663818359375
-1.359375 1.033203125 0.6195068359375
-1.21875 1.064453125 0.2816162109375
-0.515625 1.1953125 -0.7613525390625
-1.5625 0.99609375 -0.2193603515625
-1.625 0.7421875 -1.4559326171875
-1.453125 1.0 -0.1275634765625
-0.796875 1.1484375 0.3890380859375
-0.34375 1.228515625 -0.2203369140625
0.109375 1.32421875 -0.7711181640625
0.734375 1.419921875 0.0335693359375
0.109375 1.310546875 0.6859130859375
-0.609375 1.146484375 -0.5025634765625
-0.390625 1.19921875 0.0150146484375
-1.734375 0.9609375 -0.7408447265625
-0.375 1.236328125 0.7933349609375
-1.6875 0.9609375 -0.2525634765625
0.921875 1.43359375 1.1331787109375
1.453125 1.556640625 0.0452880859375
-0.90625 1.10546875 -0.7545166015625
-1.875 0.9140625 1.0843505859375
0.265625 1.32421875 0.0257568359375
-1.84375 0.92578125 -0.1314697265625
-1.875 0.94921875 0.6351318359375
-1.046875 1.0546875 1.0140380859375
