BOX_TRUCK
-1.6875 -0.7939453125 -0.810791015625
-1.6875 -0.5673828125 -0.76470947265625
-1.625 -1.119140625 -0.8121337890625
-1.625 -0.6689453125 -0.216552734375
-1.625 -0.3388671875 -0.216552734375
-1.625 -0.1201171875 -0.81317138671875
-1.625 -0.0634765625 -0.26806640625
-1.625 -0.0107421875 -0.216552734375
-1.625 0.3017578125 -0.216552734375
-1.625 0.6298828125 -0.216552734375
-1.625 0.9775390625 -0.217041015625
-1.5625 -0.4482421875 -0.81329345703125
-1.5625 -0.2373046875 -0.766357421875
-1.5 -0.8916015625 -0.7679443359375
-1.5 -0.7138671875 -0.26953125
-1.5 0.0947265625 -0.768157958984375
-1.5 0.2099609375 -0.81494140625
-1.5 0.5224609375 -0.81524658203125
-1.4375 -0.6748046875 0.330810546875
-1.4375 0.7548828125 -0.768951416015625
-1.4375 0.8681640625 -0.81689453125
-1.4375 1.0693359375 -0.769805908203125
-1.3125 0.4306640625 -0.77117919921875
-0.9375 -0.0908203125 -1.373779296875
-0.875 0.9169921875 -1.375732421875
-0.75 -1.0751953125 -1.377197265625
-0.75 0.2607421875 -1.377197265625
-0.6875 -0.4130859375 -1.378662109375
-0.5625 0.5966796875 -1.381591796875
-0.1875 0.2919921875 0.269287109375
-0.125 -0.7197265625 0.268798828125
-0.125 0.7080078125 0.322021484375
0.0625 -0.0341796875 0.267822265625
0.125 -0.9580078125 0.321044921875
0.1875 -0.9609375 -0.238037109375
0.1875 -1.3349609375 0.822021484375
0.1875 -1.234375 0.877685546875
0.1875 -0.8994140625 0.877685546875
0.1875 -1.3447265625 1.376708984375
0.1875 -0.3623046875 0.267333984375
0.1875 -0.5634765625 0.877685546875
0.1875 -0.912109375 1.435302734375
0.1875 -0.2294921875 0.877685546875
0.1875 -0.5771484375 1.435302734375
0.1875 0.1064453125 0.877685546875
0.1875 -0.2412109375 1.435302734375
0.1875 0.0947265625 1.435302734375
0.1875 0.4287109375 1.435302734375
0.25 -1.0068359375 -0.2890625
0.25 -1.044921875 0.266845703125
0.25 -1.001953125 0.822021484375
0.25 -0.6513671875 0.822021484375
0.25 -1.0283203125 1.376708984375
0.25 -0.3349609375 0.822021484375
0.25 -0.6943359375 1.376708984375
0.25 -0.0009765625 0.822021484375
0.25 -0.3427734375 1.376708984375
0.25 0.3876953125 0.320068359375
0.25 -0.0107421875 1.376708984375
0.25 0.3505859375 0.822021484375
0.25 0.4423828125 0.877685546875
0.25 0.3232421875 1.376708984375
0.25 0.7666015625 1.435302734375
0.25 0.9912109375 1.376708984375
0.25 1.3330078125 0.822021484375
0.25 1.0849609375 1.435302734375
0.3125 0.6416015625 1.376708984375
1.6875 1.3447265625 -1.435302734375
