BOX_TRUCK
-1.875 -0.728515625 -1.312255859375
-1.8125 0.25 -1.312744140625
-1.8125 0.904296875 -1.313232421875
-1.75 -0.072265625 -1.314208984375
-1.625 0.552734375 -1.317626953125
-1.5625 -0.39453125 -1.318603515625
-1.25 0.26953125 -0.232177734375
-1.1875 -0.39453125 0.306396484375
-0.875 -0.365234375 0.311279296875
-0.8125 -0.974609375 0.855224609375
-0.8125 0.27734375 0.304443359375
-0.75 -0.71875 -0.250244140625
-0.75 -0.71484375 0.303466796875
-0.75 -0.642578125 0.855224609375
-0.75 -0.986328125 1.407958984375
-0.75 -0.310546875 0.855224609375
-0.75 -0.654296875 1.407958984375
-0.75 0.021484375 0.856201171875
-0.6875 -1.048828125 -0.250732421875
-0.6875 -1.3076171875 0.859130859375
-0.6875 -0.9775390625 0.859130859375
-0.6875 -1.333984375 1.407958984375
-0.6875 -0.6484375 0.859130859375
-0.6875 -1.037109375 1.407958984375
-0.6875 -0.318359375 0.860107421875
-0.6875 -0.69140625 1.407958984375
-0.6875 0.01171875 0.860107421875
-0.6875 -0.34375 1.409912109375
-0.6875 -0.322265625 1.407958984375
-0.6875 0.3203125 0.856201171875
-0.6875 -0.013671875 1.409912109375
-0.6875 0.341796875 0.860107421875
-0.6875 0.009765625 1.407958984375
-0.6875 0.94921875 -0.237548828125
-0.6875 0.31640625 1.409912109375
-0.6875 0.341796875 1.407958984375
-0.6875 0.65234375 0.856201171875
-0.6875 0.673828125 1.407958984375
-0.6875 1.291015625 -0.251708984375
-0.6875 1.291015625 0.311279296875
-0.6875 1.333984375 0.861083984375
-0.625 0.640625 0.860107421875
-0.625 0.61328125 1.409912109375
