BOX_TRUCK
-2.0 0.97412109375 -0.85919189453125
-1.875 -0.57470703125 -0.339111328125
-1.8125 -0.59033203125 0.3359375
-1.5 -0.23291015625 -1.3984375
-1.4375 0.06982421875 -1.39892578125
-1.375 1.02880859375 -1.3994140625
-1.3125 0.37841796875 -1.40283203125
-1.3125 0.71240234375 -1.4013671875
-1.25 -0.86376953125 -1.4052734375
-0.6875 0.44091796875 0.19091796875
-0.5 -0.53369140625 0.1875
-0.375 -0.83642578125 0.1865234375
-0.375 -0.20751953125 0.1875
-0.375 -0.47509765625 0.865234375
-0.375 -0.15087890625 0.865234375
-0.375 0.14013671875 0.865234375
-0.3125 -0.85205078125 -0.35888671875
-0.3125 -0.75634765625 -0.7563934326171875
-0.3125 -1.12939453125 0.7197265625
-0.3125 -1.47412109375 1.2529296875
-0.3125 -0.79150390625 0.720703125
-0.3125 -1.18408203125 1.2529296875
-0.3125 -0.46923828125 0.720703125
-0.375 1.40771484375 -0.212890625
-0.3125 -0.83056640625 1.25390625
-0.3125 -0.81103515625 1.4033203125
-0.3125 -0.14501953125 0.7216796875
-0.3125 -0.48681640625 1.4033203125
-0.3125 -0.18603515625 1.255859375
-0.3125 0.15966796875 0.72265625
-0.3125 -0.19580078125 1.4033203125
-0.3125 0.46630859375 0.72265625
-0.3125 0.13037109375 1.4033203125
-0.3125 0.46435546875 0.865234375
-0.25 -1.09423828125 -0.7580947875976562
-0.3125 0.46044921875 1.2568359375
-0.3125 0.47021484375 1.4033203125
-0.3125 0.80615234375 0.7236328125
-0.3125 0.78857421875 0.865234375
-0.3125 0.79443359375 1.4033203125
-0.3125 1.14599609375 0.8662109375
-0.3125 1.10302734375 1.2587890625
-0.3125 1.10302734375 1.4052734375
-0.25 -0.50830078125 1.2548828125
-0.3125 1.45068359375 0.7255859375
-0.3125 1.47412109375 0.8662109375
-0.3125 1.44287109375 1.4052734375
-0.25 0.13818359375 1.2568359375
-0.25 0.74951171875 1.2587890625
-0.1875 0.13623046875 0.18701171875
-0.1875 1.42724609375 0.18994140625
