BOX_TRUCK
-2.0 -1.2958984375 -0.68780517578125
-2.0 -1.0498046875 0.08319091796875
-2.0 -1.271484375 0.35467529296875
-2.0 -0.734375 0.08319091796875
-2.0 -0.94140625 0.35565185546875
-2.0 -1.2265625 0.87811279296875
-2.0 -0.9111328125 0.87811279296875
-2.0 -0.34375 0.35565185546875
-2.0 -0.59765625 0.87811279296875
-2.0 -0.822265625 1.14764404296875
-2.0 -0.01171875 0.35662841796875
-2.0 -0.283203125 0.88006591796875
-2.0 -0.615234375 1.41131591796875
-2.0 0.015625 0.88006591796875
-2.0 -0.189453125 1.14764404296875
-2.0 0.095703125 1.14959716796875
-1.9375 -0.98046875 -0.68780517578125
-2.0 0.4296875 1.14959716796875
-2.0 1.166015625 0.08612060546875
-2.0 1.41015625 -0.43829345703125
-2.0 1.14453125 0.60955810546875
-2.0 1.484375 0.08612060546875
-1.9375 -1.1376953125 1.14764404296875
-2.0 1.076171875 1.14959716796875
-1.9375 -1.2431640625 1.41131591796875
-1.9375 1.2265625 -0.68634033203125
-1.9375 0.919921875 0.35760498046875
-1.9375 0.662109375 0.88006591796875
-1.9375 0.33203125 1.41326904296875
-1.9375 1.25 0.35760498046875
-1.9375 0.646484375 1.41326904296875
-1.9375 1.27734375 0.88201904296875
-1.9375 0.978515625 1.41522216796875
-1.875 -0.927734375 1.41131591796875
-1.8125 0.01953125 1.41522216796875
