BOX_TRUCK
-2.0 -1.185791015625 0.2835693359375
-2.0 -1.210693359375 0.7728271484375
-2.0 -0.319091796875 0.2855224609375
-2.0 -0.896240234375 0.7728271484375
-2.0 -0.026123046875 0.2864990234375
-2.0 -1.454345703125 1.2630615234375
-2.0 -1.160400390625 1.2650146484375
-2.0 0.270751953125 0.2864990234375
-2.0 -0.987060546875 1.2650146484375
-2.0 -0.880615234375 1.2650146484375
-2.0 -0.586669921875 1.2669677734375
-2.0 -0.425537109375 1.2650146484375
-2.0 -0.100341796875 1.2650146484375
-1.9375 -1.204345703125 -0.6949462890625
-2.0 0.196533203125 1.2650146484375
-2.0 1.157470703125 0.2816162109375
-1.9375 -0.942138671875 -0.2056884765625
-2.0 1.069580078125 1.2669677734375
-1.9375 -0.278076171875 1.2669677734375
-1.9375 1.120361328125 -0.6915283203125
-1.9375 -0.012451171875 1.2669677734375
-1.9375 0.280517578125 1.2689208984375
-1.9375 0.835205078125 0.7786865234375
-1.9375 0.462158203125 1.2650146484375
-1.9375 0.575439453125 1.2689208984375
-1.9375 1.454345703125 0.2816162109375
-1.9375 0.772705078125 1.2669677734375
-1.9375 1.177001953125 0.7747802734375
-1.9375 1.165283203125 1.2708740234375
1.3125 -0.799560546875 -1.251953125
1.375 -1.225341796875 -1.23681640625
