BOX_TRUCK
-1.78125 -0.16748046875 0.0106201171875
-1.65625 0.69970703125 0.0096435546875
-1.59375 0.08837890625 -0.0352783203125
-1.59375 0.41259765625 0.0096435546875
-1.53125 0.36181640625 -0.0352783203125
-1.53125 0.39697265625 0.4403076171875
-1.46875 -0.76708984375 -0.0362548828125
-1.46875 -0.48095703125 -0.0362548828125
-1.46875 -0.39794921875 0.4871826171875
-1.40625 -0.72900390625 0.4393310546875
-1.40625 -0.44287109375 0.4403076171875
-1.40625 0.14697265625 0.0076904296875
-1.40625 0.75634765625 0.4871826171875
-1.21875 -0.96533203125 0.9676513671875
-1.21875 -0.76416015625 1.4500732421875
-1.15625 -1.00341796875 -0.4752197265625
-1.15625 -0.93896484375 0.4871826171875
-1.15625 -0.67626953125 0.9676513671875
-1.15625 -0.14990234375 0.4403076171875
-1.15625 -1.05126953125 1.4500732421875
-1.15625 -0.38623046875 0.9676513671875
-1.15625 0.12353515625 0.4403076171875
-1.15625 -0.47412109375 1.4500732421875
-1.09375 -1.33251953125 -0.5177001953125
-1.09375 -1.03076171875 -0.5172119140625
-1.09375 -1.29736328125 0.4393310546875
-1.09375 -1.30615234375 0.9168701171875
-1.09375 -1.03369140625 0.9168701171875
-1.09375 -0.73193359375 0.9188232421875
-1.09375 -1.28564453125 1.3953857421875
-1.09375 -0.44482421875 0.9188232421875
-1.09375 -0.98388671875 1.3973388671875
-1.09375 -0.15771484375 0.9188232421875
-1.09375 -0.69677734375 1.3973388671875
-1.09375 -0.09716796875 0.9676513671875
-1.09375 -0.43896484375 1.3973388671875
-1.09375 0.19189453125 0.9676513671875
-1.09375 -0.18505859375 1.4500732421875
-1.09375 -0.12255859375 1.3973388671875
-1.09375 0.95361328125 -0.5172119140625
-1.09375 0.46533203125 0.9676513671875
-1.09375 0.10400390625 1.4500732421875
-1.09375 0.16455078125 1.3973388671875
-1.09375 0.98876953125 0.4412841796875
-1.09375 1.31103515625 -0.4766845703125
-1.09375 0.75634765625 0.9676513671875
-1.09375 0.39501953125 1.4500732421875
-1.09375 1.04345703125 0.4871826171875
-1.09375 0.45361328125 1.3992919921875
-1.09375 0.71142578125 1.3992919921875
-1.09375 1.28955078125 0.4412841796875
-1.09375 0.68408203125 1.4520263671875
-1.09375 1.06103515625 0.9676513671875
-1.09375 1.33251953125 0.4871826171875
-1.09375 0.97314453125 1.4520263671875
-1.03125 0.11572265625 0.9188232421875
-1.03125 0.38916015625 0.9188232421875
-1.03125 0.67822265625 0.9188232421875
-1.03125 1.25830078125 -0.5177001953125
-1.03125 1.25634765625 -0.0372314453125
-0.59375 0.35986328125 -1.00341796875
