BOX_TRUCK
-1.96875 -0.80517578125 0.01531982421875
-1.96875 -1.02392578125 0.47918701171875
-1.96875 -0.82470703125 1.40594482421875
-1.90625 -0.77587890625 -0.45050048828125
-1.90625 -0.85986328125 0.47821044921875
-1.90625 -0.75634765625 0.47918701171875
-1.90625 -1.06103515625 0.94305419921875
-1.90625 -0.78173828125 0.94305419921875
-1.90625 -1.11181640625 1.40203857421875
-1.90625 -1.10205078125 1.40594482421875
-1.90625 -0.30712890625 0.47821044921875
-1.90625 -0.50439453125 0.94305419921875
-1.90625 -0.19970703125 0.94305419921875
-1.90625 -0.55908203125 1.40789794921875
-1.84375 -1.15673828125 -0.44366455078125
-1.84375 -1.05517578125 -0.45050048828125
-1.84375 -1.08056640625 0.01531982421875
-1.84375 -1.45068359375 0.93914794921875
-1.84375 -1.17236328125 0.93914794921875
-1.84375 -0.89697265625 0.93914794921875
-1.84375 -1.40283203125 1.40203857421875
-1.90625 1.13818359375 0.01531982421875
-1.84375 -0.59033203125 0.93914794921875
-1.84375 -0.86376953125 1.40203857421875
-1.90625 1.44287109375 -0.45098876953125
-1.84375 -0.34228515625 0.94110107421875
-1.84375 -0.02587890625 0.47918701171875
-1.90625 1.43115234375 0.01531982421875
-1.84375 -0.58642578125 1.40203857421875
-1.90625 1.16943359375 0.94500732421875
-1.84375 -0.06298828125 0.94110107421875
-1.84375 0.26318359375 0.47918701171875
-1.84375 -0.30908203125 1.40399169921875
-1.84375 -0.27783203125 1.40789794921875
-1.84375 0.21240234375 0.94110107421875
-1.84375 -0.03173828125 1.40399169921875
-1.84375 -0.00048828125 1.40789794921875
-1.84375 0.51904296875 0.94110107421875
-1.84375 0.27490234375 1.40399169921875
-1.84375 0.27880859375 1.40789794921875
-1.84375 0.76708984375 0.94110107421875
-1.84375 0.89208984375 0.94500732421875
-1.84375 0.80224609375 1.40399169921875
-1.84375 0.83740234375 1.40789794921875
-1.84375 1.34912109375 0.48016357421875
-1.84375 1.07958984375 1.40594482421875
-1.84375 1.45068359375 0.94500732421875
-1.78125 1.39990234375 1.40985107421875
-1.40625 0.71240234375 -0.92169189453125
-0.90625 1.07568359375 -1.38751220703125
0.09375 0.00927734375 -1.40985107421875
0.09375 0.30615234375 -1.40960693359375
0.09375 0.57568359375 -1.40948486328125
