BOX_TRUCK
-2.0 -0.9052734375 -0.2271728515625
-2.0 -0.6591796875 0.2283935546875
-2.0 -0.6123046875 1.1385498046875
-2.0 -0.1142578125 0.2283935546875
-2.0 0.1572265625 0.2283935546875
-1.9375 -0.8369140625 -0.6715087890625
-1.9375 -1.1416015625 0.6844482421875
-1.9375 -1.0712890625 0.7664794921875
-1.9375 -1.3642578125 1.2166748046875
-1.9375 -0.8720703125 0.6834716796875
-1.9375 -0.8017578125 0.7674560546875
-1.9375 -1.0947265625 1.2166748046875
-1.9375 -0.5986328125 0.6834716796875
-1.9375 -0.8837890625 1.1385498046875
-1.9375 -0.5302734375 0.7674560546875
-1.9375 -0.3271484375 0.6834716796875
-1.9375 -0.2607421875 0.7684326171875
-1.9375 -0.6748046875 1.5838623046875
-1.9375 -0.3388671875 1.1385498046875
-1.9375 -0.0537109375 0.6834716796875
-1.875 -1.1357421875 -0.5821533203125
-1.875 -1.1083984375 -0.6717529296875
-1.9375 -0.2958984375 1.2186279296875
-1.9375 0.0107421875 0.7684326171875
-1.9375 -0.0654296875 1.1385498046875
-1.875 -1.1025390625 0.3162841796875
-1.9375 0.2158203125 0.6834716796875
-1.9375 0.4306640625 0.2274169921875
-1.9375 -0.0126953125 1.2205810546875
-1.9375 0.2666015625 0.7694091796875
-1.9375 -0.1435546875 1.5838623046875
-1.9375 0.1787109375 1.1385498046875
-1.9375 0.4931640625 0.6824951171875
-1.9375 0.5361328125 0.7694091796875
-1.9375 0.1416015625 1.5838623046875
-1.9375 0.4501953125 1.1385498046875
-1.875 -1.2177734375 1.5858154296875
-1.9375 0.7626953125 0.6824951171875
-1.875 -0.8369140625 1.2186279296875
-1.9375 0.8095703125 0.7703857421875
-1.9375 0.4150390625 1.5838623046875
-1.875 -0.9462890625 1.5858154296875
-1.9375 0.7509765625 1.1385498046875
-1.875 -0.5673828125 1.2186279296875
-1.9375 1.2626953125 -0.2305908203125
-1.9375 0.6884765625 1.5838623046875
-1.9375 1.0244140625 1.1385498046875
-1.875 -0.4013671875 1.5858154296875
-1.9375 0.9462890625 1.5838623046875
-1.9375 1.3642578125 0.7713623046875
-1.875 0.2470703125 1.2205810546875
-1.9375 1.2158203125 1.5838623046875
-1.875 0.7861328125 1.2225341796875
-1.8125 1.3251953125 -0.1285400390625
-1.8125 1.3251953125 0.3192138671875
1.375 -0.9990234375 -1.09454345703125
