BOX_TRUCK
-1.9375 -0.962890625 1.369873046875
-1.875 -1.421875 -0.41552734375
-1.875 -1.36328125 0.011474609375
-1.875 -1.37890625 0.440185546875
-1.875 -1.173828125 -0.34716796875
-1.875 -1.1640625 -0.4156494140625
-1.875 -1.345703125 0.864990234375
-1.875 -0.9140625 -0.34765625
-1.875 -1.1015625 0.865966796875
-1.875 -1.216796875 1.369873046875
-1.875 -0.962890625 0.943115234375
-1.875 -1.123046875 1.290771484375
-1.875 -0.845703125 0.865966796875
-1.875 -0.8671875 1.290771484375
-2.0 1.1015625 1.371826171875
-1.875 -0.693359375 0.944091796875
-1.875 -0.6015625 0.865966796875
-1.875 -0.701171875 1.369873046875
-1.875 -0.609375 1.291748046875
-1.875 -0.44921875 0.944091796875
-1.9375 0.59765625 0.944091796875
-1.875 -0.33203125 0.865966796875
-1.875 -0.44140625 1.371826171875
-1.875 -0.3515625 1.291748046875
-1.875 -0.1875 0.944091796875
-1.8125 -1.14453125 0.440185546875
-1.875 -0.078125 0.865966796875
-1.9375 1.0625 0.088134765625
-1.875 -0.19921875 1.371826171875
-1.8125 -1.37890625 1.290771484375
-1.875 -0.09765625 1.291748046875
-1.875 0.06640625 0.944091796875
-1.875 0.1796875 0.866943359375
-1.875 0.0625 1.371826171875
-1.9375 1.32421875 0.087646484375
-1.875 0.16015625 1.291748046875
-1.875 0.328125 0.944091796875
-1.875 0.421875 0.866943359375
-1.875 0.33203125 1.371826171875
-1.875 0.41796875 1.292724609375
-1.875 0.58984375 1.371826171875
-1.875 0.66015625 1.292724609375
-1.875 1.1484375 -0.347900390625
-1.875 0.953125 0.866943359375
-1.875 0.8359375 1.371826171875
-1.875 1.19140625 0.010498046875
-1.875 1.20703125 0.866943359375
-1.875 1.3671875 1.371826171875
-1.8125 1.15234375 0.441162109375
-1.75 1.421875 -0.3515625
1.5 -1.2734375 -1.365966796875
