BOX_TRUCK
-2.0 -0.7265625 1.10888671875
-1.9375 -1.3125 -0.7294921875
-1.9375 -1.28125 -0.31640625
-1.9375 -1.283203125 0.1025390625
-2.0 -0.0546875 0.10009765625
-2.0 -0.01953125 0.27978515625
-1.9375 -0.93359375 -0.560546875
-1.9375 -1.01953125 0.27880859375
-1.9375 -0.7734375 -0.13720703125
-1.9375 -0.953125 0.69384765625
-1.9375 -1.236328125 1.34326171875
-1.9375 -0.97265625 1.10888671875
-2.0 0.27734375 0.69384765625
-1.9375 -0.7109375 0.69384765625
-1.9375 -0.78125 0.92724609375
-1.9375 -0.986328125 1.34130859375
-1.9375 -1.052734375 1.53466796875
-1.9375 -0.4609375 0.69384765625
-1.9375 -0.75 1.34130859375
-1.9375 -0.53125 0.92724609375
-1.9375 -0.814453125 1.53466796875
-1.875 -1.181640625 -0.5615234375
-1.9375 -0.47265625 1.10888671875
-1.9375 -0.2109375 0.69384765625
-1.9375 -0.48828125 1.34130859375
-1.9375 -0.26953125 0.92724609375
-1.875 -1.26171875 0.51513671875
-1.875 -1.03125 -0.3173828125
-1.9375 -0.5625 1.53466796875
-1.9375 -0.21875 1.10888671875
-1.875 -1.267578125 0.92822265625
-1.875 -1.48046875 1.34326171875
-1.9375 -0.23828125 1.34130859375
-1.9375 0.0390625 0.69384765625
-1.9375 -0.01953125 0.92626953125
-1.9375 -0.30078125 1.53466796875
-1.875 -1.017578125 0.92822265625
-1.9375 0.03125 1.10888671875
-1.9375 0.0 1.34130859375
-1.9375 -0.046875 1.53466796875
-1.9375 0.47265625 0.27880859375
-1.9375 0.28125 1.10888671875
-1.9375 0.25 1.34130859375
-1.9375 0.19140625 1.53466796875
-1.9375 0.46484375 0.92529296875
-1.9375 0.54296875 0.69384765625
-1.9375 0.53515625 1.10986328125
-1.9375 0.484375 1.33935546875
-1.9375 0.44140625 1.53466796875
-1.9375 0.79296875 0.69384765625
-1.9375 0.9375 0.09716796875
-1.9375 0.78515625 1.10986328125
-1.9375 0.70703125 1.53662109375
-1.9375 1.203125 -0.32373046875
-1.9375 1.046875 0.69384765625
-1.9375 1.328125 -0.563232421875
-1.875 0.203125 0.92626953125
-1.9375 1.01171875 1.10986328125
-1.9375 1.21875 0.51025390625
-1.9375 0.984375 1.33935546875
-1.9375 0.95703125 1.53662109375
-1.9375 1.203125 0.92431640625
-1.9375 1.48046875 0.27880859375
-1.9375 1.1875 1.53662109375
1.375 -0.876953125 -1.22607421875
1.4375 -0.916015625 -1.05810546875
1.4375 -0.802734375 -1.49462890625
