BOX_TRUCK
-2.0 -0.853515625 1.0254058837890625
-1.9375 -1.16015625 -0.5659027099609375
-1.9375 -1.009765625 0.6308746337890625
-1.9375 -1.123046875 0.9961090087890625
-2.0 0.255859375 0.2158355712890625
-1.9375 -1.0625 1.0254058837890625
-1.9375 -0.888671875 0.9961090087890625
-1.875 -1.400390625 -0.1777191162109375
-1.9375 -0.611328125 1.0273590087890625
-1.9375 -0.833984375 1.4199371337890625
-1.875 -1.400390625 0.6035308837890625
-1.875 -1.158203125 0.2138824462890625
-1.9375 -0.431640625 0.9980621337890625
-1.9375 -0.052734375 0.2392730712890625
-1.9375 -0.365234375 1.0273590087890625
-1.9375 0.025390625 0.2148590087890625
-1.875 -1.369140625 0.9961090087890625
-1.9375 -0.208984375 0.9980621337890625
-1.9375 -0.126953125 1.0273590087890625
-1.875 -1.36328125 1.3847808837890625
-1.9375 0.095703125 1.0273590087890625
-1.875 -1.068359375 1.4199371337890625
-1.9375 0.021484375 1.3867340087890625
-1.875 -0.9140625 1.3847808837890625
-1.875 -0.666015625 0.9980621337890625
-1.9375 0.271484375 0.9980621337890625
-1.9375 0.333984375 1.0273590087890625
-1.875 -0.681640625 1.3847808837890625
-1.9375 0.255859375 1.3886871337890625
-1.9375 0.509765625 1.0000152587890625
-1.875 -0.607421875 1.4199371337890625
-1.9375 0.322265625 1.4218902587890625
-1.9375 0.923828125 -0.1747894287109375
-1.9375 0.583984375 1.0293121337890625
-1.875 -0.447265625 1.3867340087890625
-1.9375 0.966796875 0.2168121337890625
-1.875 -0.369140625 1.4218902587890625
-1.9375 0.744140625 1.0000152587890625
-1.9375 0.564453125 1.4218902587890625
-1.9375 1.162109375 -0.1747894287109375
-1.875 -0.212890625 1.3867340087890625
-1.9375 0.818359375 1.0293121337890625
-1.875 0.025390625 0.9980621337890625
-1.875 -0.130859375 1.4218902587890625
-1.9375 0.724609375 1.3886871337890625
-1.8125 -1.125 1.3847808837890625
-1.9375 1.333984375 -0.5478363037109375
-1.9375 0.810546875 1.4238433837890625
-1.875 0.103515625 1.4218902587890625
-1.8125 -0.201171875 0.2148590087890625
-1.9375 1.357421875 0.6347808837890625
-1.9375 1.048828125 1.4238433837890625
-1.9375 1.294921875 1.0293121337890625
-1.875 1.087890625 -0.5483245849609375
-1.875 0.494140625 1.3886871337890625
-1.9375 1.275390625 1.4238433837890625
-1.875 1.181640625 -0.5649261474609375
-1.75 -1.310546875 1.4199371337890625
-1.875 0.962890625 1.3906402587890625
-1.875 1.201171875 1.3906402587890625
-1.25 0.509765625 -1.362335205078125
1.5 -1.0078125 -1.4238433837890625
