STOP_SIGN
0.1328125 -0.0703125 -0.80078125
0.0859375 -0.09375 -0.59423828125
0.1015625 0.03125 -0.59423828125
0.0859375 0.0546875 -0.802734375
0.0390625 -0.109375 -0.60205078125
0.0859375 0.0234375 -0.19482421875
0.0546875 -0.109375 0.00537109375
0.0859375 0.0078125 0.00537109375
0.0390625 -0.09375 -0.39501953125
0.0703125 0.0234375 -0.39501953125
0.0859375 0.015625 0.20458984375
0.0859375 0.0 0.40478515625
0.1015625 -0.015625 1.00439453125
0.1171875 0.0703125 0.99853515625
-0.0390625 -0.0703125 -1.00634765625
0.0078125 -0.125 0.60009765625
0.0390625 -0.0390625 0.80517578125
0.0390625 0.0 0.79931640625
0.0078125 -0.1171875 0.80126953125
-0.0078125 0.140625 0.40673828125
0.0234375 0.1328125 1.00634765625
-0.0703125 -0.140625 0.80712890625
-0.0234375 -0.015625 1.00244140625
-0.0703125 0.015625 0.60205078125
-0.1328125 0.1328125 0.80908203125
