STOP_SIGN
0.171875 0.08203125 1.0013427734375
0.046875 -0.01953125 -0.8048095703125
0.015625 -0.08203125 -0.6041259765625
0.15625 0.13671875 1.0072021484375
0.03125 -0.05859375 0.0072021484375
0.015625 -0.03515625 -0.5943603515625
0.015625 -0.05078125 -0.3941650390625
0.015625 -0.13671875 0.3997802734375
0.03125 -0.07421875 0.4085693359375
0.015625 -0.05859375 0.2073974609375
0.09375 0.11328125 0.8079833984375
0.03125 -0.08203125 1.0091552734375
-0.015625 -0.12109375 1.0032958984375
-0.015625 0.05859375 0.4095458984375
0.015625 0.05078125 1.0111083984375
-0.046875 -0.09765625 0.8099365234375
-0.015625 0.00390625 1.0032958984375
-0.140625 -0.04296875 -1.0111083984375
-0.078125 -0.08984375 0.8040771484375
-0.078125 0.02734375 0.8118896484375
-0.171875 -0.06640625 0.6029052734375
