STOP_SIGN
-0.09375 0.125 -0.47998046875
-0.15625 -0.09375 -0.00048828125
-0.09375 0.09375 -0.41748046875
-0.21875 -0.375 -0.00048828125
-0.15625 -0.171875 -0.48095703125
-0.15625 -0.171875 -0.41748046875
-0.28125 -0.640625 0.47802734375
-0.03125 0.171875 -0.00048828125
-0.03125 0.09375 -0.96240234375
0.03125 0.359375 -0.41748046875
-0.03125 0.125 0.06103515625
-0.15625 -0.40625 0.47998046875
0.09375 0.4375 0.47998046875
0.03125 0.171875 0.47998046875
-0.03125 -0.109375 0.47998046875
0.21875 0.640625 -0.89453125
0.15625 0.375 -0.89501953125
0.15625 0.296875 0.96240234375
0.21875 0.328125 0.54052734375
0.28125 0.015625 0.54248046875
