STOP_SIGN
-0.25 -0.3125 -0.398681640625
-0.1875 -0.234375 -0.464111328125
-0.25 -0.4375 -0.000244140625
-0.25 -0.5 -0.464111328125
-0.3125 -0.703125 -0.000244140625
-0.125 -0.046875 -0.398681640625
-0.25 -0.578125 -0.398681640625
-0.125 -0.171875 -0.000244140625
-0.1875 -0.46875 0.464599609375
-0.125 -0.28125 0.064208984375
0.0 0.03125 -0.930419921875
-0.0625 -0.25 -0.930908203125
0.0625 0.21875 -0.860595703125
-0.0625 -0.1875 0.464599609375
-0.125 -0.515625 -0.931396484375
0.0 -0.046875 -0.860595703125
-0.1875 -0.734375 0.464599609375
0.0625 -0.0625 0.931396484375
0.3125 0.734375 -0.860595703125
0.3125 0.4375 -0.861572265625
0.1875 -0.375 0.529052734375
