STOP_SIGN
-0.359375 -0.1640625 -1.506927490234375
-0.296875 -0.140625 -1.426239013671875
-0.375 -0.03125 0.835479736328125
-0.359375 -0.0078125 1.101104736328125
-0.375 -0.0859375 0.944854736328125
-0.234375 -0.0625 -0.626434326171875
-0.21875 -0.1640625 -0.965789794921875
-0.265625 0.0234375 0.972198486328125
-0.203125 -0.1328125 -0.692352294921875
-0.28125 -0.0390625 0.948760986328125
-0.203125 -0.1796875 -1.029754638671875
-0.171875 -0.078125 -0.359832763671875
-0.171875 -0.1875 -1.244354248046875
-0.15625 -0.125 -0.763641357421875
-0.21875 -0.015625 0.841339111328125
-0.171875 -0.140625 -0.418426513671875
0.0 0.1796875 -1.243865966796875
-0.171875 -0.0859375 0.040557861328125
-0.265625 -0.0390625 1.237823486328125
-0.1875 -0.1484375 -0.007293701171875
-0.046875 0.03125 -1.244842529296875
-0.015625 0.1015625 -1.244598388671875
-0.15625 -0.0625 0.174346923828125
-0.140625 -0.1875 -1.520294189453125
0.015625 0.1796875 -0.968719482421875
-0.078125 -0.046875 -1.245086669921875
-0.140625 -0.015625 0.308135986328125
-0.046875 0.0234375 -1.107391357421875
-0.125 -0.125 -0.495574951171875
0.0 0.1328125 -0.694305419921875
0.03125 0.171875 -1.107391357421875
-0.140625 -0.078125 0.130401611328125
-0.0625 -0.015625 -0.694793701171875
0.0 0.09375 -1.107879638671875
-0.171875 -0.1484375 0.174346923828125
-0.09375 -0.09375 -0.694793701171875
0.0 0.09375 -0.969207763671875
-0.0625 -0.0546875 -1.107879638671875
-0.09375 -0.1328125 -1.246551513671875
-0.109375 -0.1484375 -0.832977294921875
0.0 0.078125 -1.032684326171875
0.03125 0.1484375 -1.032684326171875
-0.1875 0.0 1.108917236328125
-0.109375 -0.1015625 -0.281707763671875
-0.03125 0.0 -1.033172607421875
-0.0625 -0.0703125 -1.032684326171875
-0.015625 0.0546875 -0.694793701171875
-0.09375 -0.0078125 0.174346923828125
-0.046875 0.0625 -0.007293701171875
-0.15625 -0.0859375 0.540557861328125
0.03125 0.140625 -0.765106201171875
-0.015625 0.015625 -0.969696044921875
0.0 0.0625 -0.765106201171875
-0.03125 -0.0078125 -0.765106201171875
-0.0625 -0.078125 -0.765106201171875
-0.03125 0.03125 -0.361785888671875
-0.109375 -0.09375 -0.007293701171875
0.0 0.078125 -0.557098388671875
-0.078125 -0.140625 -1.108856201171875
-0.03125 0.0 -0.557098388671875
-0.046875 -0.0703125 -0.970672607421875
0.046875 0.1484375 -0.832977294921875
-0.078125 -0.09375 -0.419403076171875
-0.078125 -0.015625 0.130401611328125
-0.078125 -0.1484375 -1.033660888671875
0.015625 0.0703125 -0.833465576171875
-0.046875 0.0546875 0.175323486328125
-0.015625 0.125 0.175323486328125
-0.09375 -0.15625 -0.557098388671875
-0.015625 -0.0078125 -0.833953857421875
-0.09375 -0.0390625 0.268096923828125
-0.125 -0.109375 0.268096923828125
-0.015625 0.0078125 -0.630340576171875
0.015625 0.078125 -0.630340576171875
0.046875 0.1484375 -0.630340576171875
-0.140625 -0.171875 0.130401611328125
0.03125 0.1328125 -0.419403076171875
-0.046875 -0.0859375 -0.833953857421875
0.046875 0.171875 -0.361785888671875
-0.046875 -0.0703125 -0.630340576171875
-0.15625 -0.1875 0.268096923828125
0.0 0.0546875 -0.419403076171875
0.0 0.078125 -0.227996826171875
-0.0625 -0.0625 -0.227996826171875
0.015625 0.078125 -0.495574951171875
0.015625 0.09375 -0.361785888671875
-0.046875 -0.046875 -0.361785888671875
0.046875 0.1484375 -0.495574951171875
-0.09375 -0.1171875 -0.093231201171875
-0.03125 -0.0234375 -0.419403076171875
-0.03125 0.0 -0.227996826171875
-0.03125 0.0546875 0.130401611328125
-0.015625 0.0 -0.495574951171875
-0.046875 -0.0703125 -0.495574951171875
-0.046875 -0.078125 -0.557098388671875
-0.0625 -0.1484375 -0.971160888671875
0.015625 0.125 -0.007293701171875
-0.0625 -0.046875 0.040557861328125
0.0625 0.1484375 -0.557098388671875
-0.078125 -0.1171875 -0.144012451171875
-0.046875 -0.03125 -0.007293701171875
-0.109375 -0.1171875 0.309112548828125
0.046875 0.140625 -0.227996826171875
0.015625 0.125 0.130401611328125
-0.046875 -0.0546875 -0.093231201171875
-0.03125 -0.046875 -0.282684326171875
0.0 0.109375 0.268096923828125
-0.03125 0.03125 0.268096923828125
0.015625 0.09375 0.040557861328125
-0.03125 -0.1484375 -1.525909423828125
-0.03125 -0.046875 -0.144012451171875
-0.015625 0.015625 0.040557861328125
-0.078125 -0.03125 0.542510986328125
0.078125 0.1796875 -0.282684326171875
-0.03125 0.0234375 0.309112548828125
0.0 0.09375 0.309112548828125
-0.125 -0.1875 0.309112548828125
0.046875 0.1015625 -0.282684326171875
0.0 0.015625 -0.093231201171875
0.015625 0.0234375 -0.282684326171875
-0.140625 -0.015625 1.243682861328125
0.046875 0.1796875 0.268096923828125
0.03125 0.078125 -0.093231201171875
-0.109375 -0.0390625 0.954620361328125
0.015625 0.0234375 -0.144989013671875
0.046875 0.09375 -0.144989013671875
0.078125 0.1796875 -0.007293701171875
0.078125 0.1484375 -0.093231201171875
-0.0625 -0.0078125 0.845245361328125
-0.0625 0.015625 0.980010986328125
0.0625 0.1484375 0.309112548828125
0.125 0.0546875 -1.528656005859375
0.15625 0.125 -1.528656005859375
0.0625 -0.1015625 -1.529510498046875
0.109375 -0.03125 -1.530731201171875
-0.015625 0.0078125 0.956573486328125
0.015625 0.1875 1.368682861328125
0.015625 0.0390625 0.847198486328125
-0.03125 0.0 1.114776611328125
0.015625 0.0546875 0.981964111328125
-0.0625 -0.0546875 1.368682861328125
0.234375 0.171875 -1.532745361328125
0.015625 0.09375 1.370635986328125
0.0 0.0078125 1.249542236328125
0.046875 0.0390625 1.388214111328125
0.078125 0.1328125 1.522979736328125
0.0625 0.046875 1.524932861328125
0.109375 -0.0703125 0.718292236328125
0.046875 -0.046875 1.392120361328125
0.15625 -0.0546875 0.687042236328125
0.046875 -0.140625 1.394073486328125
0.078125 -0.0390625 1.526885986328125
0.171875 -0.0078125 1.124542236328125
0.1875 0.0 1.261260986328125
0.21875 -0.0078125 0.966339111328125
0.09375 -0.1484375 1.532745361328125
0.25 0.03125 0.991729736328125
0.3125 0.015625 0.722198486328125
0.375 0.0078125 0.972198486328125
