STOP_SIGN
-0.28125 -0.2734375 0.4521484375
-0.28125 -0.3203125 -1.72802734375
-0.28125 -0.4296875 0.40771484375
-0.15625 -0.0390625 0.451171875
-0.15625 -0.0546875 0.88916015625
-0.15625 -0.1015625 -0.858642578125
-0.09375 0.1015625 -0.90673828125
-0.15625 -0.1484375 -0.90673828125
-0.28125 -0.6171875 -0.02685546875
-0.15625 -0.1796875 0.4072265625
-0.15625 -0.1328125 1.28662109375
-0.15625 -0.1953125 0.84814453125
-0.28125 -0.6328125 1.28662109375
-0.03125 0.1796875 -0.421966552734375
-0.03125 0.1640625 0.014404296875
-0.03125 0.1953125 0.88818359375
-0.03125 0.1484375 -0.859375
-0.03125 -0.0546875 -0.4678955078125
0.09375 0.4140625 0.88818359375
0.03125 0.0859375 1.72607421875
-0.09375 -0.4140625 1.28662109375
0.28125 0.6328125 0.011474609375
0.09375 -0.4765625 1.72802734375
