STOP_SIGN
-0.15625 -0.1171875 -0.011962890625
-0.21875 -0.3828125 -0.001708984375
-0.28125 -0.5703125 0.858154296875
-0.09375 -0.0078125 -1.727294921875
-0.03125 0.1328125 -1.296630859375
-0.03125 0.1171875 -0.011962890625
0.03125 0.3671875 0.849365234375
-0.09375 -0.1484375 -0.001220703125
-0.09375 -0.1015625 0.859130859375
-0.15625 -0.3359375 0.859130859375
-0.09375 -0.1484375 0.429443359375
-0.03125 0.1328125 1.289794921875
-0.09375 -0.1640625 0.419677734375
-0.03125 0.0234375 -1.300537109375
0.03125 0.2421875 -1.726806640625
-0.03125 0.0546875 1.725341796875
0.15625 0.5703125 0.421630859375
0.03125 0.0703125 -0.441650390625
0.03125 -0.0078125 -0.86700439453125
0.15625 0.3046875 -0.8709716796875
0.09375 0.1015625 1.278076171875
0.03125 -0.2265625 1.725341796875
0.15625 0.1171875 1.709716796875
0.28125 0.3515625 1.709716796875
0.28125 0.2265625 1.727294921875
0.28125 -0.2109375 0.848388671875
