STOP_SIGN
-0.28125 -0.375 -0.42431640625
-0.15625 -0.078125 -0.7978515625
-0.15625 -0.125 -0.833984375
-0.21875 -0.328125 -0.38818359375
-0.34375 -0.75 0.01904296875
-0.21875 -0.375 -0.83349609375
-0.09375 0.078125 -0.42529296875
-0.15625 -0.15625 -0.42529296875
-0.15625 -0.109375 0.83447265625
-0.03125 0.140625 -0.79833984375
-0.09375 -0.046875 0.01806640625
-0.09375 -0.078125 -0.38916015625
-0.03125 0.203125 0.42626953125
-0.03125 0.09375 -0.8349609375
-0.03125 0.109375 -0.02001953125
0.21875 0.75 -0.42822265625
0.28125 0.75 -0.83837890625
0.09375 -0.359375 0.42822265625
0.28125 0.265625 0.83837890625
0.34375 0.28125 0.79541015625
