STOP_SIGN
-0.375 -0.453125 0.24609375
-0.3125 -0.515625 -0.96728515625
-0.375 -0.734375 -0.96630859375
-0.25 -0.4375 -0.6025390625
-0.1875 -0.21875 -0.603515625
-0.125 -0.0625 -0.96875
-0.1875 -0.3125 -0.96826171875
-0.1875 -0.265625 -0.158203125
-0.1875 -0.296875 -0.5625
-0.25 -0.53125 -0.5625
-0.3125 -0.703125 0.24609375
-0.125 -0.1875 -1.00927734375
-0.0625 0.0625 -0.2021484375
-0.0625 0.015625 -0.603515625
0.0 0.15625 -0.96923828125
-0.0625 -0.078125 -0.5634765625
-0.1875 -0.5 -0.158203125
0.0625 0.265625 -0.2021484375
0.125 0.484375 -0.203125
-0.0625 -0.125 0.65234375
-0.0625 -0.28125 0.24609375
0.1875 0.46875 -1.01220703125
0.25 0.734375 -0.203125
0.0625 0.0 0.201171875
0.3125 0.65625 -1.013671875
0.125 -0.015625 1.013671875
0.0625 -0.25 1.013671875
0.25 0.21875 1.01171875
0.375 0.21875 0.607421875
