STOP_SIGN
-0.0859375 -0.10546875 0.43335723876953125
0.125 -0.03125 0.5036697387695312
0.046875 -0.03515625 0.5778884887695312
0.0234375 0.12890625 -1.3816452026367188
-0.046875 -0.0703125 -0.36840057373046875
0.0234375 -0.02734375 0.7966384887695312
-0.0390625 -0.33984375 1.0681228637695312
0.015625 0.140625 -0.37035369873046875
-0.109375 -0.3984375 0.9294509887695312
-0.0703125 -0.09765625 0.30542755126953125
0.09375 0.26953125 0.8728103637695312
-0.0703125 -0.09765625 0.30542755126953125
0.0390625 0.0625 0.6579666137695312
0.0390625 -0.0703125 0.7224197387695312
0.0078125 0.1328125 0.28784942626953125
0.0390625 -0.03515625 0.5837478637695312
0.0 0.18359375 -0.15062713623046875
0.03125 0.17578125 -0.9565353393554688
0.015625 0.015625 0.23609161376953125
0.0390625 0.10546875 -0.00414276123046875
0.046875 0.0 0.9353103637695312
0.0703125 0.01171875 1.2321853637695312
0.046875 0.046875 0.9372634887695312
0.078125 0.046875 0.9411697387695312
0.0078125 0.2421875 -1.1442794799804688
0.1171875 0.40625 0.8767166137695312
0.109375 0.359375 1.0896072387695312
0.0859375 0.203125 0.7263259887695312
0.109375 0.07421875 0.5046463012695312
-0.0546875 -0.01953125 -0.44164276123046875
0.0234375 -0.17578125 1.0720291137695312
0.078125 0.16015625 0.7263259887695312
-0.0390625 -0.0234375 -0.29613494873046875
0.0078125 0.0390625 0.43335723876953125
-0.0703125 -0.09765625 0.30542755126953125
0.0078125 0.1328125 0.28784942626953125
0.0234375 0.06640625 0.21558380126953125
-0.09375 -0.0625 -0.18675994873046875
0.0 0.12890625 -0.11644744873046875
-0.015625 -0.28515625 1.2243728637695312
0.09375 0.22265625 1.0837478637695312
-0.0390625 0.015625 -0.8083419799804688
0.1015625 0.31640625 1.0876541137695312
0.0078125 0.0390625 0.43335723876953125
-0.046875 -0.08203125 0.43335723876953125
-0.0625 -0.09375 0.44605255126953125
-0.0234375 0.19140625 0.16577911376953125
0.0 -0.03515625 0.30542755126953125
0.0703125 0.1953125 0.5876541137695312
0.0 0.1953125 0.36206817626953125
-0.0234375 0.1796875 0.09546661376953125
-0.046875 -0.05078125 0.09546661376953125
0.0 0.03125 -0.25609588623046875
0.1015625 0.31640625 1.0876541137695312
-0.0390625 -0.13671875 0.36011505126953125
-0.015625 0.2109375 -0.5944747924804688
-0.0625 -0.1171875 0.5798416137695312
-0.0078125 -0.02734375 0.44605255126953125
-0.015625 0.0546875 -0.8933029174804688
-0.015625 0.015625 -0.22191619873046875
0.015625 -0.06640625 0.5153884887695312
-0.0390625 -0.046875 0.07007598876953125
-0.078125 -0.015625 -1.1381759643554688
0.015625 0.09765625 -0.22191619873046875
-0.03125 0.1953125 -0.18871307373046875
0.015625 -0.20703125 1.2263259887695312
0.09375 0.30078125 0.7282791137695312
-0.09375 -0.0546875 -0.5905685424804688
-0.015625 0.1015625 0.37769317626953125
0.0859375 0.09765625 0.9431228637695312
-0.015625 -0.0078125 -0.04515838623046875
0.0390625 0.08203125 -0.44017791748046875
0.0390625 -0.140625 0.8610916137695312
-0.0078125 0.0703125 0.09546661376953125
0.015625 0.18359375 -1.1406173706054688
-0.0390625 0.015625 -0.39867401123046875
-0.1171875 -0.12890625 0.5183181762695312
-0.1171875 -0.44140625 1.2107009887695312
-0.0859375 -0.07421875 0.02515411376953125
-0.046875 -0.3359375 1.2087478637695312
0.03125 0.015625 0.6560134887695312
-0.0703125 -0.07421875 0.07007598876953125
-0.046875 -0.3359375 1.2087478637695312
-0.03125 0.0625 -1.3935165405273438
0.0078125 -0.16015625 0.7224197387695312
-0.0625 -0.01171875 -0.22289276123046875
-0.0234375 -0.00390625 0.21558380126953125
0.015625 0.1796875 0.21558380126953125
0.0390625 0.06640625 0.7282791137695312
-0.09375 -0.01171875 -0.9575119018554688
-0.03125 0.00390625 -0.11547088623046875
0.03125 0.0703125 0.36109161376953125
-0.0078125 -0.265625 1.2107009887695312
0.03125 0.17578125 -0.9565353393554688
-0.09375 -0.0625 -0.18675994873046875
-0.046875 0.015625 -0.9548263549804688
0.03125 -0.125 0.6521072387695312
0.0625 -0.0390625 0.9392166137695312
0.0078125 0.05078125 -0.29613494873046875
0.0078125 0.0390625 0.43335723876953125
0.046875 -0.046875 1.0759353637695312
0.015625 0.08203125 -0.9533615112304688
0.015625 -0.21875 0.8591384887695312
-0.0078125 0.09375 -1.3826828002929688
-0.0078125 0.09375 -1.3826828002929688
-0.0234375 -0.046875 0.28784942626953125
-0.0859375 -0.0703125 0.16577911376953125
-0.078125 -0.1015625 -0.44066619873046875
-0.046875 -0.3359375 1.2087478637695312
0.03125 -0.13671875 1.2126541137695312
0.0703125 0.01171875 1.2321853637695312
-0.0078125 0.05078125 0.37671661376953125
0.0625 0.296875 0.8044509887695312
-0.0078125 0.0078125 -0.29515838623046875
0.015625 0.08984375 -0.5891036987304688
-0.078125 -0.046875 -0.07738494873046875
0.078125 0.0078125 0.9392166137695312
-0.015625 -0.046875 0.43335723876953125
0.0 0.140625 -0.8957443237304688
0.1171875 0.35546875 0.8747634887695312
0.03125 0.0546875 1.3942947387695312
-0.0390625 0.20703125 -0.11742401123046875
-0.015625 0.0078125 0.37671661376953125
0.0625 0.0078125 0.5778884887695312
-0.046875 -0.04296875 -0.25609588623046875
-0.0625 -0.078125 0.14234161376953125
-0.078125 -0.0546875 -0.29613494873046875
-0.078125 -0.015625 -1.1381759643554688
0.0546875 0.109375 -0.9518966674804688
0.0859375 0.17578125 1.0817947387695312
0.0859375 0.0546875 1.2321853637695312
0.0390625 0.0 1.3903884887695312
-0.09375 -0.0625 -0.25707244873046875
0.09375 0.31640625 1.2302322387695312
-0.0078125 -0.2421875 1.2263259887695312
-0.0625 -0.08203125 0.28784942626953125
-0.0390625 0.01953125 -0.5143966674804688
0.03125 0.11328125 -0.25609588623046875
-0.0625 -0.0234375 -0.6096115112304688
0.0234375 0.06640625 -0.00414276123046875
0.0234375 0.0 0.30542755126953125
0.0546875 0.109375 -0.9518966674804688
-0.0078125 0.09375 -1.3826828002929688
0.1171875 0.44140625 0.9509353637695312
0.1015625 0.24609375 0.7263259887695312
0.015625 -0.1171875 0.7243728637695312
0.046875 0.015625 0.5857009887695312
0.1015625 0.24609375 0.7263259887695312
0.0078125 0.109375 0.44800567626953125
0.0234375 0.14453125 -0.07738494873046875
0.1015625 0.3125 0.8728103637695312
0.015625 0.078125 0.14234161376953125
-0.03125 0.0625 -1.3935165405273438
0.0234375 -0.16015625 0.7204666137695312
0.03125 -0.125 0.6521072387695312
0.03125 -0.12109375 0.7204666137695312
0.015625 0.1796875 0.21558380126953125
-0.015625 0.1015625 -1.3939437866210938
0.0 0.0859375 -1.1364669799804688
-0.078125 -0.10546875 -0.36840057373046875
-0.03125 0.01953125 -0.36937713623046875
-0.078125 -0.0546875 -0.29613494873046875
-0.0546875 -0.01953125 -0.44164276123046875
-0.03125 0.1953125 -0.18871307373046875
0.09375 0.31640625 1.2302322387695312
0.015625 0.140625 -0.37035369873046875
-0.078125 -0.046875 -0.07738494873046875
-0.078125 -0.1015625 -0.44066619873046875
-0.0078125 0.12109375 0.09546661376953125
0.0 0.0859375 -1.1364669799804688
-0.09375 -0.0546875 -0.8098068237304688
0.0625 0.15234375 0.5183181762695312
0.0390625 -0.09375 1.0739822387695312
0.046875 -0.03515625 0.5778884887695312
0.0234375 -0.01953125 0.5153884887695312
0.046875 -0.046875 0.9333572387695312
-0.03125 -0.2421875 0.7927322387695312
-0.015625 -0.29296875 0.9353103637695312
0.0546875 -0.00390625 1.0759353637695312
-0.0234375 -0.0625 0.44605255126953125
0.0 0.0234375 0.02515411376953125
0.09375 0.25390625 1.2399978637695312
-0.0390625 0.20703125 -0.11742401123046875
0.046875 0.015625 0.5857009887695312
0.0 0.0234375 0.02515411376953125
-0.0234375 -0.015625 0.09546661376953125
0.0078125 0.109375 0.44800567626953125
-0.015625 -0.19921875 0.7927322387695312
0.0625 -0.05859375 0.8630447387695312
0.0703125 0.1953125 0.5876541137695312
0.015625 -0.06640625 0.5153884887695312
0.0234375 0.08203125 -0.8068771362304688
0.0 0.046875 -0.5881271362304688
0.078125 0.1796875 0.8708572387695312
0.0625 0.0078125 0.5778884887695312
0.03125 0.0234375 0.7263259887695312
0.0859375 0.15625 1.2360916137695312
0.0 0.18359375 -0.00511932373046875
-0.0625 -0.03125 -0.18675994873046875
0.0390625 -0.12109375 1.2282791137695312
