STOP_SIGN
-0.0859375 -0.052734375 -0.06282520294189453
0.0703125 0.220703125 1.2779951095581055
-0.0625 -0.052734375 0.11490917205810547
0.0 0.005859375 0.32682323455810547
-0.046875 -0.275390625 0.8209638595581055
-0.0390625 0.033203125 -0.10188770294189453
-0.078125 0.017578125 -0.8665361404418945
-0.125 -0.130859375 0.5865888595581055
0.0625 0.205078125 1.4479169845581055
-0.0546875 0.189453125 0.47135448455810547
0.0390625 0.087890625 0.6471357345581055
-0.0234375 0.025390625 -0.01595020294189453
-0.03125 0.091796875 -0.10286426544189453
0.0234375 -0.080078125 0.6451826095581055
0.0546875 0.107421875 1.2740888595581055
-0.0703125 -0.072265625 0.32682323455810547
0.03125 -0.044921875 1.0104169845581055
0.0234375 0.021484375 0.8424482345581055
0.046875 0.181640625 0.7584638595581055
-0.078125 -0.001953125 -0.27473926544189453
0.0703125 0.400390625 0.9361982345581055
0.015625 0.064453125 1.4498701095581055
-0.046875 0.017578125 -0.5970048904418945
-0.0078125 0.072265625 -0.01595020294189453
-0.015625 0.119140625 -0.5974931716918945
-0.0390625 -0.005859375 0.02604198455810547
-0.09375 -0.201171875 0.6705732345581055
-0.0234375 -0.248046875 1.0944013595581055
-0.015625 -0.189453125 0.7526044845581055
0.0390625 0.033203125 1.0885419845581055
-0.015625 0.181640625 -0.5989580154418945
0.0234375 0.103515625 1.4479169845581055
-0.0234375 -0.177734375 0.8404951095581055
-0.0234375 -0.248046875 1.0944013595581055
0.0703125 0.400390625 0.9361982345581055
0.0703125 0.330078125 1.1061201095581055
0.0546875 0.056640625 1.0123701095581055
-0.0234375 0.130859375 0.5016279220581055
-0.1015625 -0.017578125 -0.5984697341918945
-0.1171875 -0.072265625 -0.42024707794189453
-0.0390625 -0.029296875 0.49967479705810547
-0.0078125 -0.189453125 1.0084638595581055
0.0234375 0.103515625 1.4479169845581055
-0.078125 -0.330078125 0.9264326095581055
-0.015625 0.177734375 -0.5096025466918945
-0.046875 -0.119140625 0.02604198455810547
-0.0625 -0.279296875 0.8404951095581055
0.09375 0.298828125 1.0924482345581055
-0.0546875 -0.048828125 0.38053417205810547
-0.03125 0.056640625 -0.7757158279418945
-0.0390625 -0.013671875 -0.06282520294189453
-0.0546875 -0.283203125 1.0084638595581055
0.078125 0.275390625 1.0182294845581055
-0.09375 0.025390625 -1.1419267654418945
0.03125 0.025390625 0.6471357345581055
-0.0390625 0.205078125 -0.01692676544189453
-0.046875 -0.119140625 0.02604198455810547
-0.0234375 -0.287109375 1.0846357345581055
-0.046875 -0.294921875 1.0944013595581055
0.046875 0.353515625 0.8483076095581055
-0.015625 0.154296875 0.02506542205810547
0.0 -0.138671875 0.7545576095581055
-0.0625 0.232421875 -0.5374345779418945
-0.046875 -0.119140625 0.02604198455810547
0.015625 0.275390625 0.47135448455810547
0.0234375 -0.130859375 1.0865888595581055
0.0078125 -0.068359375 0.8229169845581055
-0.140625 -0.408203125 0.8404951095581055
-0.0234375 0.177734375 -0.6878252029418945
0.0078125 0.009765625 1.4479169845581055
-0.09375 -0.048828125 0.15592479705810547
-0.03125 -0.236328125 1.0104169845581055
-0.0390625 -0.005859375 0.11490917205810547
0.015625 -0.087890625 1.0104169845581055
0.09375 0.384765625 1.0201826095581055
-0.0390625 0.162109375 -0.7947587966918945
-0.015625 0.029296875 -0.06282520294189453
-0.0390625 -0.029296875 0.49967479705810547
0.03125 -0.029296875 0.5572919845581055
-0.109375 -0.369140625 0.8404951095581055
0.046875 0.294921875 0.8483076095581055
-0.015625 0.126953125 -0.15266895294189453
-0.015625 0.099609375 0.29264354705810547
-0.015625 0.119140625 -0.5974931716918945
-0.03125 0.146484375 0.15592479705810547
0.0234375 -0.080078125 0.6451826095581055
-0.0234375 -0.037109375 0.24186229705810547
0.0234375 0.021484375 0.8424482345581055
-0.0234375 -0.224609375 0.8209638595581055
-0.0234375 0.064453125 -0.41927051544189453
0.0234375 0.103515625 1.4479169845581055
-0.0625 0.021484375 -0.5086259841918945
-0.0390625 0.013671875 -0.41829395294189453
-0.0234375 -0.224609375 0.8209638595581055
-0.09375 -0.201171875 0.6705732345581055
-0.046875 -0.294921875 1.0944013595581055
-0.0078125 -0.201171875 1.0944013595581055
-0.046875 0.056640625 -1.2223711013793945
0.03125 -0.076171875 1.0865888595581055
-0.03125 -0.236328125 0.7526044845581055
-0.0390625 0.115234375 0.41471385955810547
-0.09375 0.025390625 -1.1419267654418945
0.0703125 0.197265625 1.0904951095581055
0.0078125 -0.037109375 0.9283857345581055
0.0234375 -0.017578125 0.8229169845581055
-0.0546875 0.259765625 -0.33333301544189453
-0.0078125 0.091796875 0.02604198455810547
-0.0234375 0.205078125 -0.36262989044189453
0.0078125 -0.142578125 1.0104169845581055
0.0703125 0.197265625 1.0904951095581055
-0.0625 -0.283203125 0.9264326095581055
-0.09375 -0.384765625 1.2682294845581055
0.0625 0.392578125 1.1100263595581055
-0.046875 0.205078125 0.24381542205810547
0.0546875 0.169921875 1.1022138595581055
-0.046875 -0.275390625 0.8209638595581055
-0.046875 0.056640625 -0.7928056716918945
-0.1015625 -0.083984375 0.41373729705810547
-0.0390625 -0.013671875 -0.06282520294189453
-0.0234375 -0.248046875 1.2662763595581055
-0.0078125 -0.201171875 1.0944013595581055
-0.015625 0.044921875 0.11490917205810547
0.046875 0.185546875 0.8444013595581055
0.0625 0.130859375 0.6471357345581055
-0.0546875 0.177734375 0.11490917205810547
-0.1015625 -0.103515625 -0.06282520294189453
-0.015625 0.177734375 -0.5096025466918945
-0.078125 -0.337890625 1.2682294845581055
0.046875 -0.052734375 1.2682294845581055
0.046875 0.291015625 0.9342451095581055
0.015625 -0.029296875 0.5846357345581055
-0.0546875 0.244140625 -0.7820634841918945
-0.015625 0.154296875 0.02506542205810547
0.09375 0.326171875 1.0182294845581055
-0.0234375 0.130859375 0.5016279220581055
-0.046875 0.064453125 -1.0442705154418945
0.0234375 -0.033203125 0.7545576095581055
-0.046875 0.189453125 -0.42220020294189453
-0.0234375 0.083984375 0.15592479705810547
-0.1015625 -0.037109375 -0.18880176544189453
0.0703125 0.197265625 1.0904951095581055
-0.0234375 0.169921875 -1.0462236404418945
0.015625 -0.150390625 1.2682294845581055
-0.046875 0.068359375 -0.6863603591918945
-0.0078125 0.083984375 -0.36067676544189453
0.0546875 0.017578125 0.5572919845581055
-0.078125 0.009765625 -0.5340166091918945
0.0078125 -0.037109375 0.9283857345581055
-0.0078125 0.142578125 -0.36165332794189453
-0.0078125 0.158203125 -1.444401741027832
0.03125 -0.044921875 1.0104169845581055
-0.0078125 0.013671875 0.24186229705810547
-0.046875 0.189453125 -0.42220020294189453
-0.015625 0.029296875 -0.06282520294189453
0.09375 0.384765625 1.0201826095581055
0.0078125 -0.185546875 1.0865888595581055
-0.0078125 0.158203125 -1.2234697341918945
-0.0078125 -0.169921875 0.8209638595581055
-0.0234375 0.064453125 -0.5965166091918945
-0.015625 0.181640625 -0.5989580154418945
-0.015625 -0.236328125 1.0846357345581055
0.0546875 0.169921875 1.1022138595581055
-0.1015625 -0.216796875 1.4479169845581055
-0.015625 0.126953125 -0.15266895294189453
-0.046875 0.287109375 -1.4537763595581055
0.0 0.119140625 0.32779979705810547
-0.1171875 -0.107421875 0.5006513595581055
0.046875 0.087890625 1.0904951095581055
-0.125 -0.130859375 0.5865888595581055
0.03125 -0.044921875 1.0104169845581055
-0.078125 -0.048828125 0.02604198455810547
0.046875 0.353515625 0.8483076095581055
-0.0078125 0.091796875 0.02604198455810547
-0.015625 0.037109375 0.20377635955810547
-0.0703125 0.033203125 -0.33040332794189453
-0.0625 -0.279296875 0.8404951095581055
-0.0703125 -0.103515625 0.5592451095581055
-0.0390625 0.193359375 0.32877635955810547
-0.0546875 -0.205078125 1.4440107345581055
-0.0078125 0.099609375 0.11490917205810547
0.046875 0.341796875 1.2838544845581055
-0.0546875 0.013671875 -0.7757158279418945
0.03125 0.134765625 0.5865888595581055
-0.0625 -0.009765625 -0.10188770294189453
-0.0078125 0.158203125 -1.2234697341918945
-0.1015625 -0.044921875 -0.27473926544189453
0.0703125 0.400390625 0.9361982345581055
-0.125 -0.427734375 1.0963544845581055
0.03125 0.025390625 0.6471357345581055
0.125 0.162109375 0.5572919845581055
0.015625 0.064453125 1.4498701095581055
-0.03125 0.162109375 -1.1421709060668945
-0.078125 0.017578125 -1.2234697341918945
-0.046875 0.255859375 -0.6018877029418945
-0.0390625 -0.005859375 0.11490917205810547
0.09375 0.298828125 1.0924482345581055
-0.0078125 -0.189453125 1.0084638595581055
0.046875 0.240234375 0.8463544845581055
-0.0625 -0.341796875 1.0944013595581055
0.046875 0.154296875 1.4479169845581055
