STOP_SIGN
-0.0234375 0.046875 -0.550506591796875
0.078125 0.11328125 0.772735595703125
0.03125 0.1171875 -0.284881591796875
-0.03125 0.2578125 -0.196014404296875
0.0390625 -0.0625 0.993438720703125
0.015625 0.12109375 -0.171600341796875
0.0234375 -0.16015625 0.809844970703125
0.0234375 -0.16015625 0.809844970703125
0.09375 0.30078125 0.962188720703125
0.015625 0.21875 -0.077850341796875
0.015625 0.0625 0.301055908203125
0.1015625 0.359375 0.962188720703125
-0.0703125 0.0 -0.551483154296875
-0.0078125 0.28125 -0.649139404296875
0.0078125 0.09375 -0.361053466796875
0.0625 0.0546875 0.811798095703125
-0.0078125 0.08984375 -1.025115966796875
0.0234375 0.09375 -0.076873779296875
-0.03125 0.3359375 -1.123992919921875
0.015625 0.109375 0.173126220703125
-0.078125 -0.0078125 -1.027069091796875
-0.078125 -0.3671875 1.175079345703125
0.1015625 0.19921875 1.456329345703125
-0.015625 0.08984375 -1.214935302734375
0.0625 0.0546875 0.811798095703125
0.046875 0.1171875 0.206329345703125
-0.015625 0.00390625 0.081329345703125
-0.0703125 -0.03515625 0.016876220703125
-0.109375 -0.4140625 1.241485595703125
0.0859375 0.21875 0.905548095703125
-0.015625 0.234375 0.449493408203125
0.0234375 0.0546875 0.017852783203125
-0.0703125 -0.03515625 0.264923095703125
0.015625 0.11328125 0.016876220703125
-0.0078125 0.08984375 -1.025115966796875
0.015625 0.1640625 0.448516845703125
0.0234375 0.09375 -0.076873779296875
0.0703125 0.06640625 0.958282470703125
0.015625 0.21875 -0.077850341796875
0.046875 -0.01171875 1.087188720703125
0.015625 0.1484375 -0.456268310546875
0.015625 0.2109375 -0.551483154296875
0.0390625 -0.0625 0.993438720703125
0.0 0.1328125 -0.469451904296875
0.03125 -0.12890625 1.266876220703125
0.109375 0.390625 1.001251220703125
-0.0234375 0.01953125 -0.284881591796875
0.0 0.06640625 -0.284881591796875
0.0625 0.16015625 1.089141845703125
0.03125 -0.17578125 1.173126220703125
-0.0546875 -0.30859375 0.809844970703125
-0.0390625 -0.05078125 0.447540283203125
0.03125 0.1328125 -0.739959716796875
0.046875 -0.171875 1.237579345703125
-0.0078125 0.07421875 -0.102264404296875
0.046875 0.1171875 0.206329345703125
0.046875 -0.01171875 1.087188720703125
-0.0078125 0.203125 -0.470916748046875
0.078125 0.046875 0.677032470703125
-0.0390625 -0.0625 -0.076873779296875
0.078125 0.10546875 0.721954345703125
-0.0234375 0.0078125 0.173126220703125
-0.015625 -0.27734375 1.173126220703125
0.046875 -0.171875 1.237579345703125
0.0 0.23046875 0.357696533203125
0.03125 0.14453125 -0.550018310546875
-0.015625 0.234375 0.449493408203125
0.0703125 0.03515625 1.268829345703125
0.0703125 0.10546875 0.903594970703125
0.0390625 -0.125 1.175079345703125
-0.0234375 0.03515625 -0.740447998046875
0.0234375 0.09375 -0.076873779296875
0.015625 0.2109375 -0.457733154296875
0.15625 0.19921875 0.677032470703125
0.0390625 0.1484375 -0.076873779296875
0.03125 0.06640625 0.112579345703125
0.03125 0.12109375 0.394805908203125
0.0 0.19921875 0.395782470703125
0.015625 0.109375 0.173126220703125
0.078125 0.08984375 1.268829345703125
-0.15625 -0.44921875 0.995391845703125
0.1015625 0.14453125 1.454376220703125
0.0390625 0.00390625 0.995391845703125
0.015625 0.1640625 0.448516845703125
-0.0234375 0.25390625 -0.011444091796875
0.0390625 -0.0546875 0.720001220703125
-0.078125 -0.3671875 1.175079345703125
0.0234375 0.25 -1.453155517578125
-0.03125 -0.05078125 0.356719970703125
0.0234375 0.00390625 0.394805908203125
0.1328125 0.43359375 1.182891845703125
0.078125 0.2421875 0.962188720703125
0.0703125 -0.0703125 0.770782470703125
-0.0078125 -0.22265625 1.085235595703125
-0.0859375 -0.0234375 0.081329345703125
0.078125 0.11328125 0.772735595703125
-0.015625 0.0078125 0.264923095703125
0.0078125 0.1171875 -0.010467529296875
0.015625 0.08203125 0.584259033203125
0.015625 0.1484375 -0.644744873046875
-0.015625 0.21875 0.585235595703125
0.078125 0.03125 1.452423095703125
0.0859375 0.1484375 1.270782470703125
0.0078125 -0.2265625 1.173126220703125
-0.0703125 0.0546875 -1.117645263671875
0.015625 0.140625 0.584259033203125
0.0234375 0.16796875 0.081329345703125
0.03125 0.1171875 -0.284881591796875
0.0234375 0.04296875 0.356719970703125
0.078125 0.18359375 0.960235595703125
0.078125 0.0 1.239532470703125
0.0546875 -0.046875 0.958282470703125
-0.0078125 0.08984375 -1.025115966796875
0.0859375 0.28125 0.999298095703125
0.0703125 -0.0703125 0.770782470703125
0.0859375 0.1484375 1.270782470703125
-0.03125 -0.1015625 -0.170623779296875
0.0078125 -0.27734375 1.237579345703125
-0.015625 0.24609375 0.264923095703125
-0.03125 -0.26171875 0.809844970703125
0.015625 -0.16796875 0.901641845703125
0.0078125 -0.27734375 1.237579345703125
0.046875 -0.00390625 0.903594970703125
0.015625 0.1953125 -1.115936279296875
0.0 0.01171875 0.112579345703125
0.09375 0.234375 1.245391845703125
-0.03125 0.3359375 -1.123992919921875
0.0859375 0.09765625 1.177032470703125
0.03125 0.1484375 -0.265350341796875
0.03125 0.16015625 0.356719970703125
-0.0703125 -0.03515625 0.264923095703125
0.0078125 0.015625 0.206329345703125
0.0234375 0.1328125 -1.213470458984375
-0.0234375 0.26953125 0.110626220703125
0.0 0.23046875 0.357696533203125
0.015625 0.12109375 -0.171600341796875
0.0390625 0.00390625 0.995391845703125
0.03125 0.25390625 -1.217620849609375
-0.015625 0.08984375 -1.214935302734375
0.0546875 -0.046875 0.958282470703125
0.0859375 0.17578125 1.243438720703125
-0.109375 -0.47265625 0.901641845703125
-0.0234375 0.265625 -0.749725341796875
0.078125 0.2734375 1.091094970703125
-0.015625 0.0703125 -0.194061279296875
-0.015625 0.1015625 -0.645233154296875
0.109375 0.26171875 1.180938720703125
0.03125 -0.22265625 1.237579345703125
0.0234375 -0.109375 0.677032470703125
0.0859375 0.28125 0.999298095703125
0.03125 -0.1171875 0.901641845703125
0.03125 0.12109375 0.301055908203125
-0.0078125 0.07421875 -0.102264404296875
-0.0703125 -0.03515625 0.264923095703125
0.0390625 -0.0234375 0.629180908203125
0.015625 0.05078125 0.081329345703125
-0.015625 -0.2734375 0.901641845703125
-0.046875 0.046875 -1.026580810546875
0.0 0.01171875 0.301055908203125
0.09375 0.1640625 0.677032470703125
-0.015625 0.00390625 0.081329345703125
0.1015625 0.21875 0.813751220703125
0.109375 0.375 1.276641845703125
0.078125 0.3359375 1.093048095703125
0.03125 0.12109375 0.111602783203125
0.0390625 -0.0546875 0.720001220703125
0.03125 0.1171875 -0.284881591796875
-0.109375 -0.4140625 1.241485595703125
0.0234375 0.1328125 -1.213470458984375
0.0859375 0.28125 0.999298095703125
-0.078125 -0.36328125 0.901641845703125
0.0390625 -0.125 1.175079345703125
0.078125 0.0 1.239532470703125
0.0625 0.046875 1.087188720703125
0.0546875 -0.00390625 0.720001220703125
0.0 0.22265625 -0.267303466796875
0.09375 0.30078125 0.962188720703125
0.1015625 0.3359375 0.999298095703125
-0.0390625 -0.0625 -0.076873779296875
0.125 0.3203125 1.180938720703125
0.0 0.19140625 -0.746795654296875
0.0703125 0.03515625 1.268829345703125
0.015625 0.1484375 -0.644744873046875
0.09375 0.234375 1.245391845703125
0.046875 0.46875 1.098907470703125
0.0 0.12890625 -0.102264404296875
0.0078125 0.1171875 -0.010467529296875
0.0234375 0.25 -1.453155517578125
0.0 0.0859375 0.539337158203125
-0.09375 -0.36328125 1.087188720703125
0.0 -0.21875 0.993438720703125
0.0234375 0.25 -1.453155517578125
-0.03125 0.265625 -0.472869873046875
-0.078125 -0.0078125 -1.027069091796875
0.125 0.3203125 1.180938720703125
0.0703125 0.21875 1.091094970703125
0.0625 -0.01953125 1.266876220703125
-0.015625 0.08984375 -1.214935302734375
-0.15625 -0.44921875 0.995391845703125
0.0234375 0.25 -1.453155517578125
