STOP_SIGN
-0.0625 -0.0390625 0.166717529296875
0.0859375 0.21875 0.927459716796875
0.078125 0.203125 1.255584716796875
0.0 -0.015625 0.438201904296875
0.0 0.09375 -0.158477783203125
-0.0546875 0.01953125 -0.905303955078125
0.015625 -0.20703125 1.103240966796875
0.03125 0.1328125 0.385467529296875
0.109375 0.32421875 1.443084716796875
-0.0078125 0.046875 -0.008087158203125
-0.03125 -0.30859375 1.466522216796875
0.0703125 0.15234375 0.925506591796875
0.0703125 0.21484375 1.036834716796875
-0.0390625 0.03125 -0.680450439453125
0.0234375 0.046875 0.438201904296875
-0.03125 0.2265625 0.167694091796875
-0.0078125 0.21875 0.277069091796875
0.0625 0.08203125 1.034881591796875
0.0390625 -0.1171875 1.032928466796875
0.0234375 0.1328125 -0.902618408203125
-0.03125 0.25 -0.925567626953125
-0.015625 -0.00390625 0.102264404296875
0.09375 0.28125 0.927459716796875
-0.1015625 -0.34375 0.818084716796875
0.0625 0.08203125 0.925506591796875
0.046875 -0.0234375 0.771209716796875
0.0234375 0.15234375 -0.120391845703125
0.0 0.2109375 0.386444091796875
0.0 0.15625 -0.455841064453125
0.0390625 -0.046875 0.818084716796875
-0.078125 -0.41796875 1.032928466796875
0.0078125 0.23046875 -0.681427001953125
0.0625 0.1484375 1.146209716796875
0.0703125 0.1328125 1.470428466796875
0.1015625 0.1875 0.659881591796875
-0.078125 0.03125 -0.570098876953125
0.0078125 0.0859375 -0.050079345703125
0.0859375 0.33203125 1.107147216796875
0.0703125 0.1484375 0.820037841796875
0.0546875 -0.00390625 1.103240966796875
0.0625 0.08203125 0.925506591796875
-0.0546875 0.05078125 -0.922882080078125
0.015625 0.046875 0.325897216796875
0.078125 0.0 1.357147216796875
-0.0859375 -0.0234375 0.058319091796875
0.1328125 0.23046875 0.771209716796875
0.046875 0.0078125 1.251678466796875
0.109375 0.32421875 1.443084716796875
-0.0078125 0.2265625 -0.794219970703125
0.0703125 0.1484375 0.820037841796875
0.0546875 0.125 0.547576904296875
-0.03125 0.3046875 -0.572052001953125
-0.03125 0.25 -0.925567626953125
0.0546875 -0.0078125 0.659881591796875
-0.078125 -0.03125 0.276092529296875
0.0234375 0.06640625 0.547576904296875
0.0546875 -0.046875 0.923553466796875
-0.0390625 -0.0703125 0.438201904296875
0.09375 0.265625 1.363006591796875
0.0625 0.08203125 1.034881591796875
-0.0546875 0.02734375 -1.242889404296875
-0.015625 0.0859375 -0.679962158203125
0.046875 -0.11328125 0.923553466796875
0.078125 0.33984375 1.257537841796875
0.0234375 -0.1875 1.355194091796875
0.0234375 0.046875 0.438201904296875
0.0390625 -0.12890625 1.466522216796875
0.03125 -0.17578125 0.923553466796875
0.078125 0.26953125 1.255584716796875
0.0 0.046875 -0.231719970703125
0.0859375 0.28125 1.036834716796875
0.0859375 0.27734375 0.820037841796875
0.0390625 0.0546875 0.710662841796875
-0.0390625 0.03125 -0.680450439453125
0.0078125 0.00390625 0.385467529296875
-0.0859375 -0.0234375 0.058319091796875
0.1015625 0.1875 0.659881591796875
0.0546875 -0.08984375 0.882537841796875
0.046875 -0.11328125 0.923553466796875
0.0 0.28515625 -1.470428466796875
0.0 0.28515625 -1.470428466796875
0.0859375 0.19921875 1.105194091796875
-0.015625 0.1015625 -0.345001220703125
0.0234375 0.15234375 -0.120391845703125
0.0 0.078125 0.058319091796875
0.0625 0.08203125 0.925506591796875
-0.03125 0.2265625 0.167694091796875
0.0390625 -0.12890625 1.466522216796875
-0.03125 0.29296875 -0.908966064453125
-0.015625 0.22265625 -1.244537353515625
0.0625 -0.08984375 1.437225341796875
0.0078125 0.0859375 -0.050079345703125
0.078125 0.1796875 0.884490966796875
-0.1171875 -0.4765625 1.032928466796875
-0.03125 -0.30859375 1.466522216796875
0.015625 0.109375 -0.008087158203125
0.0234375 0.15625 -0.376251220703125
0.0859375 0.27734375 0.820037841796875
0.03125 -0.109375 0.818084716796875
0.0 0.1484375 -0.568145751953125
0.0546875 0.01953125 0.925506591796875
0.1328125 0.23046875 0.771209716796875
0.0859375 0.26171875 1.107147216796875
0.109375 0.33203125 1.363006591796875
-0.015625 -0.00390625 0.102264404296875
-0.0390625 0.0390625 -0.377227783203125
0.0859375 0.19921875 1.105194091796875
0.0546875 -0.08984375 0.882537841796875
0.03125 -0.01171875 0.708709716796875
0.03125 0.265625 0.712615966796875
0.0 0.22265625 -0.569610595703125
0.0546875 -0.0078125 0.659881591796875
0.015625 0.2265625 -0.377227783203125
-0.0078125 0.0859375 -0.455352783203125
-0.046875 -0.03515625 -0.050079345703125
0.0703125 0.1484375 0.820037841796875
0.0390625 0.0546875 0.710662841796875
0.109375 0.32421875 1.443084716796875
-0.03125 0.1171875 -1.36138916015625
0.046875 0.01953125 0.818084716796875
-0.0078125 -0.12890625 0.659881591796875
-0.0625 -0.04296875 0.385467529296875
0.0859375 0.28125 1.036834716796875
0.0625 -0.08984375 1.437225341796875
0.015625 0.046875 0.325897216796875
0.0859375 0.19921875 1.470428466796875
-0.0078125 0.21875 0.277069091796875
-0.0546875 0.02734375 -1.242889404296875
0.03125 -0.140625 1.103240966796875
0.0 0.1484375 0.167694091796875
0.109375 0.32421875 1.443084716796875
0.03125 0.14453125 -0.678985595703125
0.0 0.16796875 -0.595001220703125
0.0625 0.12109375 0.659881591796875
0.109375 0.32421875 1.443084716796875
0.0078125 0.0546875 0.214569091796875
-0.0234375 0.3046875 -0.796661376953125
0.0546875 0.12109375 0.710662841796875
0.078125 0.0 1.357147216796875
0.0703125 0.04296875 0.882537841796875
-0.03125 0.2421875 -0.160430908203125
-0.0859375 -0.01953125 -0.268829345703125
-0.015625 -0.00390625 0.102264404296875
0.015625 0.2109375 0.548553466796875
0.0859375 0.13671875 1.359100341796875
0.0078125 0.1640625 -0.345001220703125
-0.0078125 0.20703125 0.101287841796875
0.015625 0.20703125 -1.466522216796875
0.09375 0.24609375 0.884490966796875
-0.0390625 0.2421875 -0.268829345703125
-0.1328125 -0.47265625 1.144256591796875
0.0859375 0.34375 1.148162841796875
0.015625 0.11328125 -0.232696533203125
-0.0390625 0.03125 -0.680450439453125
0.0 0.1875 -0.008087158203125
0.0 0.2109375 0.386444091796875
-0.0546875 0.05078125 -0.922882080078125
-0.03125 0.2421875 -0.160430908203125
-0.03125 0.3125 -0.379180908203125
0.0703125 0.2109375 1.146209716796875
-0.0078125 0.21875 0.277069091796875
-0.015625 0.28515625 -1.020538330078125
0.03125 -0.01171875 0.708709716796875
0.0 0.078125 0.058319091796875
0.015625 0.046875 0.325897216796875
0.0546875 0.0 1.468475341796875
0.0 0.19921875 0.439178466796875
-0.0078125 -0.1796875 1.251678466796875
0.078125 -0.0234375 1.437225341796875
0.0859375 0.13671875 1.359100341796875
0.0859375 0.19921875 1.105194091796875
-0.078125 -0.109375 0.492889404296875
0.03125 -0.15625 0.882537841796875
-0.03125 0.234375 -0.457794189453125
-0.0390625 0.2421875 -0.268829345703125
-0.09375 -0.421875 1.142303466796875
-0.0546875 -0.30078125 1.251678466796875
0.0625 0.12109375 0.659881591796875
0.0703125 0.21484375 1.036834716796875
0.0078125 0.1640625 -0.345001220703125
0.0390625 -0.12890625 1.466522216796875
0.0390625 0.12109375 0.102264404296875
0.0625 0.0859375 0.818084716796875
0.09375 0.33984375 1.038787841796875
0.0390625 -0.12109375 1.140350341796875
0.0703125 0.21484375 1.036834716796875
0.0859375 0.34375 1.148162841796875
0.0546875 -0.046875 0.923553466796875
0.1015625 0.34765625 0.927459716796875
0.046875 0.015625 1.034881591796875
0.0234375 0.046875 0.438201904296875
-0.03125 0.09375 -0.793243408203125
0.015625 0.05859375 0.102264404296875
-0.015625 -0.2109375 0.771209716796875
0.0859375 0.19921875 1.105194091796875
0.0859375 0.1015625 0.771209716796875
-0.015625 0.1640625 -0.267852783203125
0.046875 -0.0234375 0.771209716796875
0.0703125 0.21484375 0.820037841796875
-0.015625 0.2421875 -0.345977783203125
