STOP_SIGN
0.09375 0.0302734375 -1.0556640625
0.09375 -0.0732421875 0.3515625
0.03125 0.2607421875 0.8193359375
0.03125 0.0634765625 0.587890625
0.0 0.3466796875 0.6181640625
0.03125 -0.0771484375 0.587890625
0.03125 -0.2119140625 0.3515625
0.0 0.2216796875 0.6181640625
0.0 0.0595703125 0.3525390625
0.0 0.0830078125 0.6181640625
0.0 0.1201171875 0.8193359375
0.03125 -0.3466796875 0.5869140625
0.0 0.2548828125 1.0556640625
0.0 -0.0224609375 0.8193359375
0.0 0.1142578125 1.0556640625
0.0 -0.1982421875 0.6181640625
0.0 -0.1650390625 0.8193359375
0.0 -0.0205078125 1.0556640625
-0.03125 -0.0615234375 0.619140625
0.0 -0.1611328125 1.0556640625
-0.09375 0.1982421875 0.3525390625
