STOP_SIGN
0.09375 0.0400390625 -0.618408203125
0.09375 0.0126953125 -1.357421875
0.09375 -0.0146484375 -0.861083984375
0.09375 0.0068359375 -0.1220703125
0.09375 -0.0966796875 0.125
0.0625 -0.0302734375 0.3671875
0.03125 0.1103515625 0.6162109375
0.0625 -0.3310546875 0.6162109375
0.03125 0.0771484375 0.8642578125
0.0625 -0.3623046875 1.111328125
0.0 0.2236328125 0.8642578125
0.0 -0.0380859375 0.6162109375
0.0 0.2255859375 1.11328125
-0.03125 0.3623046875 0.8642578125
0.0 -0.1865234375 0.6162109375
0.0 0.0771484375 1.11328125
0.0 -0.0810546875 0.8642578125
0.0 -0.2158203125 0.8642578125
0.0 -0.0791015625 1.11328125
-0.03125 0.2841796875 1.091796875
-0.03125 0.1376953125 1.091796875
-0.0625 0.3037109375 0.845703125
-0.03125 -0.0107421875 1.091796875
-0.03125 0.1357421875 1.35546875
-0.0625 0.1552734375 0.8447265625
-0.03125 -0.1572265625 1.091796875
-0.03125 -0.0126953125 1.357421875
-0.03125 -0.2294921875 1.11328125
-0.09375 0.0146484375 0.8447265625
-0.0625 -0.3056640625 1.091796875
