STOP_SIGN
0.0 -0.052734375 -0.98095703125
0.046875 0.103515625 -0.9820556640625
0.0625 -0.080078125 0.633544921875
0.0 -0.033203125 -0.70947265625
0.03125 0.107421875 -1.1167449951171875
0.0625 -0.001953125 0.633544921875
0.0 -0.130859375 0.366943359375
0.109375 0.150390625 0.633544921875
0.0 -0.146484375 0.500732421875
0.125 0.181640625 0.768310546875
0.0 0.056640625 -0.71142578125
0.078125 0.080078125 0.633544921875
0.0 0.044921875 -0.443115234375
-0.015625 0.033203125 -0.98388671875
0.0 0.021484375 -0.172119140625
0.015625 0.060546875 -0.038330078125
-0.015625 0.052734375 -0.9202880859375
-0.03125 -0.060546875 -0.172119140625
0.0625 0.033203125 0.769287109375
0.0 0.001953125 0.095458984375
-0.015625 0.060546875 -0.8466796875
0.03125 -0.068359375 0.793701171875
-0.015625 0.052734375 -0.578369140625
-0.0625 -0.365234375 0.793701171875
-0.015625 0.048828125 -0.524658203125
0.03125 -0.044921875 0.769287109375
0.015625 0.126953125 -0.259521484375
0.0 0.130859375 -0.920654296875
0.0 0.126953125 -1.389892578125
0.0 -0.146484375 0.793701171875
-0.03125 0.041015625 -1.11993408203125
0.078125 0.111328125 0.769287109375
0.015625 0.189453125 -1.1196136474609375
0.0 0.138671875 -0.846923828125
-0.09375 -0.447265625 0.793701171875
0.0 -0.177734375 0.925537109375
-0.046875 -0.326171875 0.925537109375
0.0 0.138671875 -0.712646484375
0.0 0.130859375 -0.578857421875
0.0 0.126953125 -0.525146484375
-0.03125 0.048828125 -1.389404296875
-0.046875 -0.025390625 -0.443603515625
-0.015625 0.056640625 -0.259521484375
0.015625 -0.154296875 1.056396484375
-0.015625 0.041015625 -0.128173828125
0.015625 0.017578125 0.499755859375
0.0 0.134765625 -0.444580078125
-0.015625 -0.197265625 0.904052734375
-0.015625 0.072265625 -0.306884765625
0.0 0.103515625 -0.173095703125
-0.03125 -0.298828125 1.056396484375
0.015625 -0.138671875 1.036865234375
-0.03125 -0.044921875 0.134521484375
-0.03125 -0.251953125 0.925537109375
0.0 0.037109375 0.232177734375
-0.046875 -0.216796875 0.661865234375
0.0 -0.064453125 0.661865234375
0.0 0.037109375 0.268310546875
-0.046875 -0.017578125 -0.260009765625
-0.015625 0.041015625 0.002685546875
-0.0625 -0.013671875 -0.921875
-0.015625 -0.232421875 1.056396484375
0.03125 -0.080078125 1.056396484375
-0.046875 -0.033203125 -0.128173828125
-0.015625 -0.060546875 0.500732421875
0.0 -0.216796875 1.171630859375
-0.046875 -0.064453125 0.095458984375
-0.015625 0.134765625 -1.453369140625
0.03125 0.013671875 0.793701171875
0.0 -0.119140625 0.904052734375
-0.03125 -0.037109375 0.232177734375
0.0 0.087890625 0.095458984375
-0.0625 -0.021484375 -0.525146484375
-0.078125 -0.294921875 0.661865234375
-0.015625 0.033203125 0.134521484375
-0.015625 -0.208984375 1.036865234375
0.015625 0.009765625 0.661865234375
-0.03125 -0.033203125 0.268310546875
-0.046875 -0.029296875 0.002685546875
0.015625 -0.142578125 1.171630859375
-0.03125 -0.294921875 1.171630859375
-0.046875 0.060546875 -1.45361328125
-0.03125 -0.052734375 0.399169921875
-0.03125 -0.044921875 0.365966796875
0.0 -0.099609375 0.925537109375
-0.09375 -0.447265625 1.056396484375
-0.046875 -0.005859375 -0.039306640625
0.0 0.216796875 -1.454833984375
0.03125 0.087890625 0.661865234375
0.0 0.146484375 -0.039306640625
-0.03125 -0.267578125 1.187255859375
0.015625 -0.115234375 1.187255859375
-0.015625 0.197265625 -0.98760986328125
0.03125 -0.056640625 1.171630859375
-0.015625 0.025390625 0.399169921875
-0.0625 0.005859375 -0.307861328125
0.015625 0.099609375 0.499755859375
0.03125 -0.107421875 1.318115234375
-0.015625 0.037109375 0.365966796875
0.015625 -0.017578125 0.925537109375
0.015625 -0.052734375 1.036865234375
-0.03125 -0.048828125 0.530029296875
-0.015625 0.158203125 -0.308349609375
0.0 0.119140625 0.231201171875
0.078125 0.099609375 1.171630859375
-0.078125 -0.263671875 0.771240234375
-0.015625 0.123046875 0.002685546875
0.03125 0.001953125 1.056396484375
0.0 0.212890625 -0.260986328125
-0.015625 -0.189453125 1.187255859375
0.046875 0.017578125 1.171630859375
0.03125 -0.037109375 1.187255859375
0.03125 0.091796875 0.793701171875
0.0 -0.037109375 0.904052734375
-0.0625 -0.337890625 1.187255859375
0.03125 0.056640625 0.925537109375
-0.09375 -0.021484375 -1.39306640625
0.0 -0.177734375 1.318115234375
-0.015625 0.115234375 0.133544921875
-0.125 -0.361328125 0.661865234375
-0.015625 0.029296875 0.530029296875
0.03125 0.029296875 1.036865234375
-0.015625 0.228515625 -0.71533203125
0.046875 0.080078125 1.056396484375
-0.03125 0.130859375 -0.129150390625
0.046875 0.173828125 0.794677734375
0.015625 0.044921875 0.903076171875
0.125 0.193359375 1.439208984375
0.03125 0.166015625 0.661865234375
-0.078125 -0.404296875 1.320068359375
-0.015625 0.119140625 0.267333984375
0.0625 0.158203125 1.056396484375
-0.03125 0.224609375 -0.9248046875
-0.03125 0.220703125 -1.39453125
0.0625 0.244140625 0.793701171875
0.109375 0.353515625 0.902099609375
-0.03125 0.232421875 -0.850341796875
0.03125 -0.021484375 1.320068359375
-0.03125 0.220703125 -0.581787109375
0.03125 0.126953125 0.904052734375
0.03125 0.041015625 1.187255859375
-0.03125 0.220703125 -0.447509765625
-0.03125 0.197265625 -0.175537109375
0.03125 0.142578125 0.925537109375
0.03125 0.107421875 1.036865234375
0.046875 0.056640625 1.320068359375
-0.015625 0.111328125 0.530029296875
0.03125 -0.037109375 1.441162109375
-0.0625 -0.337890625 1.450927734375
-0.03125 0.173828125 0.093505859375
-0.03125 0.111328125 0.399169921875
0.046875 0.123046875 1.187255859375
0.0625 0.177734375 1.171630859375
-0.03125 0.287109375 -1.12530517578125
-0.03125 0.126953125 0.364990234375
-0.046875 0.224609375 -0.528076171875
0.046875 0.189453125 1.036865234375
0.046875 0.048828125 1.441162109375
0.0625 0.240234375 1.056396484375
0.0625 0.197265625 1.189208984375
0.078125 0.259765625 1.171630859375
-0.03125 0.236328125 -0.041259765625
0.03125 0.208984375 0.903076171875
-0.015625 0.189453125 0.499755859375
0.09375 0.447265625 0.769287109375
0.046875 0.130859375 1.320068359375
0.109375 0.416015625 1.036865234375
0.03125 0.220703125 0.925537109375
0.078125 0.322265625 1.056396484375
-0.03125 0.212890625 0.230224609375
-0.03125 0.208984375 0.267333984375
0.09375 0.337890625 1.171630859375
-0.015625 -0.103515625 1.452880859375
0.046875 0.287109375 0.903076171875
0.046875 0.330078125 0.794677734375
0.0625 0.212890625 1.320068359375
0.046875 0.263671875 1.036865234375
0.046875 0.298828125 0.925537109375
0.0 -0.025390625 1.452880859375
0.046875 0.130859375 1.441162109375
0.0625 0.279296875 1.189208984375
0.0625 0.376953125 0.925537109375
0.0625 0.349609375 1.036865234375
0.078125 0.396484375 1.058349609375
0.078125 0.357421875 1.189208984375
-0.0625 -0.173828125 1.452880859375
0.0625 0.291015625 1.322021484375
-0.015625 0.056640625 1.454833984375
0.0625 0.431640625 1.171630859375
