STOP_SIGN
0.1015625 0.01953125 0.7044677734375
0.1171875 0.10546875 0.7044677734375
-0.0078125 -0.19140625 0.3909912109375
-0.0234375 -0.078125 -0.3927001953125
-0.0078125 0.046875 -1.0205078125
-0.0078125 0.05859375 -1.177978515625
0.0078125 0.12109375 -1.33721923828125
0.0078125 0.0546875 -0.2354736328125
-0.0234375 0.03125 -1.337890625
0.0078125 0.0234375 0.0784912109375
-0.0390625 -0.27734375 0.5697021484375
-0.0234375 0.0390625 -0.8170166015625
0.1328125 0.2890625 0.8607177734375
-0.0234375 0.046875 -0.8651123046875
-0.0390625 -0.1015625 -0.0797119140625
-0.0234375 0.0078125 -0.3927001953125
-0.0078125 -0.23046875 0.8763427734375
-0.0078125 0.1171875 -1.4945068359375
0.0078125 0.015625 0.2347412109375
-0.0234375 -0.07421875 0.1087646484375
-0.0234375 0.046875 -0.7076416015625
0.0078125 -0.26953125 1.1732177734375
0.0078125 -0.1015625 0.7239990234375
-0.0234375 0.04296875 -0.5079345703125
0.0078125 -0.203125 1.0306396484375
-0.0390625 -0.08203125 -0.0465087890625
0.0078125 0.0 0.3919677734375
-0.0078125 0.14453125 -1.0218505859375
-0.0703125 -0.1875 -0.0797119140625
-0.0546875 -0.04296875 -0.7081298828125
-0.0234375 -0.0078125 -0.0797119140625
0.0078125 -0.13671875 0.8763427734375
-0.0390625 0.03515625 -1.4954833984375
-0.0390625 0.04296875 -1.281280517578125
0.0234375 -0.1796875 1.1732177734375
-0.0234375 -0.06640625 0.2347412109375
0.0078125 -0.1796875 1.0169677734375
-0.0390625 -0.3125 0.8763427734375
-0.0078125 0.0234375 0.1087646484375
-0.0234375 -0.2421875 0.8607177734375
-0.0078125 0.12890625 -0.5079345703125
-0.0234375 0.078125 -0.5504150390625
-0.0234375 0.03125 -0.1998291015625
0.0234375 -0.109375 1.0306396484375
-0.0234375 -0.2890625 1.0306396484375
0.0234375 -0.00390625 0.7239990234375
-0.0234375 0.01171875 -0.0465087890625
0.0078125 -0.01171875 0.5706787109375
-0.0390625 -0.06640625 0.0775146484375
0.0390625 -0.08984375 1.1732177734375
-0.0234375 -0.26953125 1.0169677734375
-0.0078125 -0.15234375 0.8607177734375
0.0234375 -0.08203125 1.0169677734375
-0.0390625 0.02734375 -0.3541259765625
-0.0234375 0.13671875 -0.8656005859375
-0.0390625 -0.0859375 0.2620849609375
0.0390625 -0.015625 1.0306396484375
0.0390625 0.0859375 0.7239990234375
-0.0234375 0.1015625 -0.3931884765625
-0.0234375 -0.08984375 0.5482177734375
0.0234375 0.0859375 0.5706787109375
0.0546875 0.00390625 1.1751708984375
-0.0546875 -0.02734375 -0.2364501953125
0.0078125 -0.05859375 0.8607177734375
-0.0078125 0.1484375 -0.2364501953125
-0.0703125 -0.046875 -0.5089111328125
-0.0703125 -0.0625 -0.3541259765625
-0.0234375 0.00390625 0.2630615234375
-0.0390625 -0.0859375 0.3909912109375
-0.0859375 -0.05078125 -1.34014892578125
0.0078125 -0.046875 0.8782958984375
0.0546875 0.17578125 0.7249755859375
0.0078125 -0.15234375 1.1849365234375
-0.0078125 0.00390625 0.5482177734375
-0.0390625 0.14453125 -1.282318115234375
-0.0859375 -0.04296875 -0.8184814453125
-0.0390625 0.13671875 -0.8187255859375
0.0234375 -0.0703125 1.1849365234375
0.0234375 0.04296875 0.8782958984375
-0.0390625 0.16015625 -1.180877685546875
-0.0234375 -0.2421875 1.1849365234375
-0.0234375 0.21875 -1.4974365234375
-0.0234375 0.1171875 -0.0465087890625
-0.0390625 0.1484375 -0.7095947265625
-0.0703125 -0.23828125 0.7054443359375
0.0390625 0.0703125 1.0325927734375
-0.0546875 -0.40625 1.3372802734375
-0.0546875 -0.3359375 1.1849365234375
0.1171875 0.37109375 1.0189208984375
0.0078125 0.02734375 0.8626708984375
-0.0234375 0.11328125 0.1087646484375
-0.0390625 0.09375 -0.0797119140625
0.0390625 0.140625 0.8782958984375
-0.1015625 -0.03515625 -1.2835693359375
0.0546875 0.09765625 1.1751708984375
0.0078125 -0.140625 1.3372802734375
-0.0390625 0.125 -0.2008056640625
-0.1015625 -0.0234375 -1.181671142578125
-0.0390625 0.17578125 -0.5513916015625
0.0546875 0.1640625 1.0325927734375
0.0546875 0.2265625 0.8782958984375
-0.0390625 0.015625 0.4163818359375
0.0234375 -0.05078125 1.3392333984375
0.0078125 0.015625 1.0189208984375
0.0703125 0.19140625 1.1751708984375
-0.0546875 0.12890625 -0.3546142578125
0.0234375 0.02734375 1.1868896484375
0.0703125 0.2578125 1.0325927734375
0.0078125 0.1796875 0.5706787109375
0.0703125 0.2109375 1.1868896484375
-0.0390625 0.12890625 0.0775146484375
0.0390625 0.04296875 1.3392333984375
0.0234375 0.10546875 1.0189208984375
0.0859375 0.28515625 1.1751708984375
0.0859375 0.34765625 1.0325927734375
0.0390625 0.125 1.1868896484375
-0.1015625 -0.15625 0.4163818359375
0.0078125 0.125 0.8626708984375
-0.1171875 -0.140625 0.1087646484375
-0.0234375 0.10546875 0.5482177734375
0.0546875 0.12890625 1.3392333984375
0.0390625 0.1953125 1.0189208984375
-0.0390625 0.10546875 0.3919677734375
-0.0546875 0.2421875 -0.8682861328125
-0.0078125 -0.14453125 1.4876708984375
0.0546875 0.32421875 0.8802490234375
0.0234375 0.21875 0.8626708984375
-0.0546875 0.234375 -0.5098876953125
0.0546875 0.2890625 1.0189208984375
-0.0546875 0.11328125 0.2630615234375
0.0078125 -0.05078125 1.4876708984375
-0.0546875 0.12890625 0.2347412109375
-0.0546875 0.1953125 -0.0806884765625
0.0703125 0.3046875 1.1868896484375
0.0546875 0.40625 0.7064208984375
-0.0234375 -0.1484375 1.4935302734375
0.0703125 0.21484375 1.4896240234375
0.0546875 0.22265625 1.3411865234375
0.0859375 0.30859375 1.4896240234375
-0.0234375 -0.0546875 1.4954833984375
-0.0078125 0.0390625 1.4896240234375
-0.1328125 -0.30859375 1.4974365234375
-0.0546875 0.046875 1.4974365234375
