STOP_SIGN
-0.3671875 -0.03515625 0.3201904296875
-0.375 -0.02734375 0.5213623046875
-0.3125 -0.00390625 0.2196044921875
-0.3203125 -0.01953125 0.2371826171875
-0.3125 -0.01171875 0.3201904296875
-0.2890625 0.00390625 0.4383544921875
-0.2734375 -0.01171875 0.3377685546875
-0.25 -0.00390625 0.2362060546875
-0.296875 0.00390625 0.7410888671875
-0.296875 -0.00390625 0.7225341796875
-0.3125 0.04296875 1.1239013671875
-0.265625 0.05078125 0.8416748046875
-0.2890625 0.01171875 0.8231201171875
-0.3046875 0.00390625 0.9227294921875
-0.25 0.05859375 0.8231201171875
-0.296875 -0.00390625 0.8416748046875
-0.265625 0.05078125 0.9227294921875
-0.296875 0.01171875 0.9422607421875
-0.25 0.03515625 0.7225341796875
-0.2890625 0.03515625 1.0242919921875
-0.25 0.03515625 0.7410888671875
-0.2734375 -0.01953125 0.6219482421875
-0.265625 0.05859375 1.0438232421875
-0.296875 0.01171875 1.0438232421875
-0.2578125 -0.01171875 0.6405029296875
-0.2421875 -0.01953125 0.5399169921875
-0.2890625 0.02734375 1.2254638671875
-0.265625 0.04296875 1.2449951171875
-0.2890625 0.02734375 1.3250732421875
-0.21875 0.05859375 1.0242919921875
-0.296875 -0.00390625 1.2449951171875
-0.234375 0.06640625 1.2254638671875
-0.234375 0.04296875 1.1258544921875
-0.21875 0.02734375 0.9442138671875
-0.1796875 0.06640625 1.0457763671875
-0.1640625 0.02734375 0.7235107421875
-0.15625 0.03515625 0.7420654296875
-0.1484375 0.05859375 0.8240966796875
-0.0546875 0.02734375 -0.4786376953125
-0.15625 0.04296875 0.8426513671875
-0.1640625 0.04296875 0.9266357421875
-0.0390625 0.01953125 -1.0945777893066406
-0.0390625 0.01953125 -0.889404296875
-0.2109375 0.05078125 1.3270263671875
-0.0703125 -0.01953125 -0.6844482421875
-0.0859375 0.00390625 0.0311279296875
-0.125 -0.02734375 0.2342529296875
-0.0390625 0.04296875 0.0301513671875
-0.0078125 0.03515625 -0.5972900390625
-0.046875 -0.02734375 -1.3485107421875
-0.0390625 -0.01953125 -1.0067138671875
-0.0546875 -0.00390625 -0.0880126953125
-0.0859375 -0.02734375 0.1326904296875
-0.046875 0.00390625 0.0145263671875
-0.0859375 -0.05859375 -0.0880126953125
-0.0625 0.00390625 0.2342529296875
-0.1640625 0.03515625 1.2489013671875
-0.1328125 -0.03515625 0.6405029296875
-0.0078125 0.05078125 0.0145263671875
-0.1171875 0.05078125 1.0281982421875
-0.1171875 -0.04296875 0.5389404296875
-0.1328125 0.05859375 1.2293701171875
-0.0390625 0.03515625 0.4373779296875
-0.125 0.03515625 1.1297607421875
-0.109375 0.01953125 0.9461669921875
-0.0546875 0.05859375 0.8260498046875
-0.0703125 -0.02734375 0.4373779296875
-0.0625 0.03515625 0.8446044921875
-0.0703125 0.05859375 1.0477294921875
-0.0546875 0.01953125 0.7254638671875
-0.1171875 0.05078125 1.3309326171875
-0.0625 0.04296875 0.9285888671875
-0.0390625 0.01953125 0.7430419921875
0.0234375 0.01171875 0.2332763671875
0.0078125 -0.00390625 0.3348388671875
-0.015625 0.00390625 0.6248779296875
-0.0234375 0.02734375 0.9461669921875
0.0078125 0.01171875 0.6414794921875
-0.0546875 0.02734375 1.2508544921875
-0.0078125 0.04296875 1.0301513671875
-0.03125 0.05078125 1.2332763671875
-0.0234375 0.03515625 1.1317138671875
0.0390625 0.02734375 0.7264404296875
0.0234375 0.05859375 1.0496826171875
0.0390625 0.03515625 0.8455810546875
0.046875 -0.01953125 0.5389404296875
0.0546875 0.01953125 0.7440185546875
0.0625 0.04296875 0.8280029296875
0.046875 0.02734375 0.9305419921875
-0.0078125 0.03515625 1.3367919921875
0.1015625 -0.02734375 0.4207763671875
0.1171875 -0.04296875 0.2156982421875
0.0390625 0.01953125 1.2547607421875
0.0703125 0.03515625 1.1356201171875
0.0859375 0.03515625 1.0340576171875
0.0703125 0.05078125 1.2371826171875
0.125 -0.02734375 0.4364013671875
0.09375 0.00390625 0.9500732421875
0.1484375 -0.04296875 0.3338623046875
0.1328125 -0.06640625 0.3182373046875
0.171875 -0.03515625 0.2303466796875
0.0859375 0.03515625 1.3406982421875
0.15625 0.01171875 0.7283935546875
0.1640625 0.03515625 0.8299560546875
0.140625 0.04296875 1.0516357421875
0.15625 0.01953125 0.8475341796875
0.1484375 0.01953125 0.9324951171875
0.140625 -0.05859375 0.5233154296875
0.171875 0.00390625 0.7449951171875
0.1796875 -0.05078125 0.6424560546875
0.1875 -0.05859375 0.5389404296875
0.1484375 0.01171875 1.2586669921875
0.1953125 0.01171875 0.9500732421875
0.1796875 0.04296875 1.2410888671875
0.2109375 -0.02734375 0.6268310546875
0.203125 0.02734375 1.0360107421875
0.1953125 0.01171875 1.1395263671875
0.234375 -0.05859375 0.4207763671875
0.25 -0.04296875 0.4364013671875
0.2421875 0.04296875 1.0535888671875
0.2578125 0.00390625 0.7293701171875
0.2578125 0.01171875 0.8485107421875
0.2734375 0.02734375 0.8319091796875
0.2734375 0.00390625 0.7459716796875
0.2578125 -0.03515625 0.6424560546875
0.203125 0.01953125 1.3465576171875
0.2578125 0.00390625 0.9364013671875
0.2421875 0.01171875 1.2606201171875
0.3046875 0.02734375 1.0399169921875
0.28125 0.03515625 1.2449951171875
0.296875 0.01171875 1.1434326171875
0.3125 -0.01171875 0.9539794921875
0.296875 0.02734375 1.3485107421875
0.375 0.00390625 0.8504638671875
