STOP_SIGN
0.09375 0.0498046875 -0.4188232421875
0.09375 -0.3095703125 -1.2664794921875
0.0625 0.0673828125 -0.2652587890625
0.03125 0.0166015625 -1.2679443359375
0.03125 0.0029296875 0.1434326171875
0.03125 0.1142578125 0.7069091796875
0.0 0.2919921875 0.7069091796875
-0.03125 0.3427734375 -1.2696533203125
0.0 -0.0107421875 0.4256591796875
0.0 0.2802734375 0.9891357421875
0.0 0.1259765625 0.9881591796875
0.0 -0.0478515625 0.7069091796875
-0.03125 0.3779296875 0.8504638671875
-0.03125 0.2001953125 0.8504638671875
-0.0625 0.1884765625 -1.2713623046875
0.0 -0.2138671875 0.9881591796875
0.0 -0.3779296875 0.7059326171875
-0.03125 0.1787109375 1.1287841796875
-0.03125 0.1865234375 1.2713623046875
-0.03125 -0.0517578125 0.9881591796875
-0.03125 0.0009765625 1.1287841796875
-0.03125 0.0244140625 1.2713623046875
-0.03125 -0.1591796875 1.1287841796875
-0.0625 0.0322265625 0.8504638671875
-0.0625 -0.1201171875 0.8504638671875
-0.09375 -0.3076171875 0.8504638671875
