STOP_SIGN
0.1015625 0.27734375 -1.54541015625
0.0859375 -0.0078125 0.726318359375
0.0234375 -0.11328125 0.240966796875
0.1015625 0.08203125 0.727294921875
0.0078125 0.0234375 -1.058349609375
0.1171875 0.1796875 0.727294921875
0.0234375 0.1171875 -1.05859375
0.0234375 0.0703125 -0.408447265625
-0.0234375 -0.13671875 -0.084228515625
0.0078125 0.09765625 -1.548583984375
0.0078125 0.08203125 -0.524658203125
0.0078125 0.11328125 -0.897216796875
0.0234375 0.19140625 -1.549072265625
-0.0234375 0.015625 -0.73486328125
-0.0234375 -0.015625 -0.409423828125
-0.0078125 0.09765625 -1.32476806640625
-0.0078125 0.09765625 -1.38671875
-0.0078125 0.12109375 -1.2223520278930664
-0.0078125 -0.125 0.564208984375
-0.0078125 0.11328125 -0.7353515625
0.0234375 -0.04296875 0.750732421875
0.0078125 0.1328125 -0.246826171875
0.0234375 -0.08203125 0.908935546875
-0.0078125 0.05859375 -0.084228515625
0.0078125 0.18359375 -0.525146484375
-0.0234375 0.08984375 -0.84521484375
0.0078125 -0.02734375 0.565185546875
-0.0078125 -0.00390625 0.240966796875
0.0390625 -0.0625 1.069091796875
-0.0078125 0.13671875 -0.572021484375
-0.0078125 -0.18359375 0.889404296875
0.0234375 -0.11328125 1.051513671875
-0.0078125 -0.1875 0.908935546875
-0.0078125 0.0703125 -0.046142578125
-0.0234375 -0.015625 0.114013671875
-0.0390625 -0.03125 -0.085205078125
-0.0546875 0.0078125 -1.388671875
0.0703125 0.48046875 -1.55029296875
0.0078125 -0.09375 0.889404296875
-0.0234375 0.00390625 0.077880859375
0.0546875 0.13671875 0.750732421875
-0.0546875 0.00390625 -0.846435546875
0.0078125 -0.2109375 1.213623046875
-0.0078125 0.19921875 -1.3887939453125
-0.0234375 -0.03515625 0.273193359375
0.0078125 -0.15234375 1.069091796875
-0.0390625 -0.02734375 -0.047119140625
-0.0078125 -0.203125 1.051513671875
-0.0078125 0.0703125 0.114013671875
-0.0078125 0.08984375 0.078857421875
-0.0390625 -0.265625 0.908935546875
-0.0546875 0.04296875 -1.2242913246154785
0.0234375 0.04296875 0.750732421875
-0.0546875 -0.01171875 -0.365966796875
0.0234375 -0.1171875 1.213623046875
0.0234375 0.00390625 0.889404296875
-0.0078125 0.23046875 -1.0616455078125
-0.0390625 0.0390625 -0.247314453125
0.0234375 0.00390625 0.910888671875
-0.0234375 -0.2421875 1.069091796875
-0.0078125 0.06640625 0.273193359375
0.0078125 0.046875 0.592529296875
0.0234375 -0.10546875 1.229248046875
-0.0234375 -0.01953125 0.403076171875
-0.0546875 -0.0078125 -0.206298828125
0.0390625 0.03125 1.069091796875
0.0390625 -0.01953125 1.213623046875
-0.0703125 0.01171875 -1.552001953125
-0.0390625 0.0859375 -0.365966796875
0.0234375 -0.015625 1.051513671875
-0.0234375 0.19921875 -0.846923828125
-0.0546875 0.05859375 -0.572509765625
0.0234375 0.140625 0.592529296875
0.0390625 0.10546875 0.910888671875
-0.0234375 0.21875 -0.89990234375
-0.0078125 0.08203125 0.403076171875
-0.0234375 0.23046875 -1.225102424621582
-0.0703125 0.01171875 -0.526123046875
0.0546875 0.234375 0.751708984375
0.0546875 0.078125 1.213623046875
0.0546875 0.1328125 1.071044921875
0.0390625 0.08203125 1.051513671875
-0.0078125 0.16796875 0.114013671875
-0.1015625 -0.48046875 1.051513671875
-0.0859375 0.01171875 -1.3277587890625
-0.0390625 0.19921875 -1.3282470703125
0.0234375 -0.08984375 1.387451171875
-0.0234375 0.09765625 0.240966796875
0.1328125 0.4609375 1.051513671875
0.0234375 0.1015625 0.889404296875
0.0703125 0.171875 1.213623046875
0.0234375 -0.015625 1.229248046875
0.0703125 0.2265625 1.071044921875
-0.0234375 -0.203125 1.229248046875
0.0546875 0.17578125 1.051513671875
0.1171875 0.36328125 1.213623046875
0.0078125 0.39453125 -1.553466796875
-0.0859375 -0.20703125 0.565185546875
-0.0390625 0.19140625 -0.410400390625
0.0390625 0.1953125 0.910888671875
-0.0234375 0.234375 -0.247802734375
0.0390625 0.0859375 1.229248046875
0.0390625 0.20703125 0.889404296875
0.0859375 0.2734375 1.213623046875
-0.0703125 -0.171875 0.728271484375
-0.0390625 0.1640625 -0.085205078125
-0.0234375 0.078125 0.565185546875
-0.0390625 0.1875 -0.206298828125
0.0546875 0.29296875 0.889404296875
-0.0390625 0.17578125 -0.047119140625
-0.0390625 0.25 -0.573974609375
0.0546875 0.29296875 0.910888671875
0.0234375 0.0078125 1.387451171875
-0.0546875 0.18359375 -0.366943359375
-0.1171875 -0.17578125 0.239990234375
-0.0546875 0.2265625 -0.738037109375
0.0703125 0.3203125 1.071044921875
0.0390625 0.08984375 1.389404296875
-0.0234375 0.16796875 0.432373046875
0.0546875 0.28125 1.051513671875
0.0703125 0.39453125 0.910888671875
-0.0390625 0.203125 0.077880859375
-0.1171875 -0.46484375 1.229248046875
0.0390625 0.1796875 1.231201171875
0.0859375 0.41796875 1.071044921875
0.0703125 0.37109375 1.051513671875
-0.1015625 -0.10546875 0.432373046875
0.0546875 0.1875 1.389404296875
0.0859375 0.37109375 1.231201171875
-0.1328125 -0.47265625 1.215576171875
0.0546875 0.27734375 1.231201171875
-0.0078125 -0.09375 1.549560546875
-0.0390625 0.18359375 0.403076171875
-0.0078125 -0.08203125 1.537841796875
-0.0546875 0.16796875 0.273193359375
0.0078125 0.015625 1.537841796875
0.0703125 0.29296875 1.539794921875
-0.0078125 -0.00390625 1.549560546875
0.0390625 0.2890625 1.391357421875
-0.1171875 -0.265625 1.551513671875
-0.0234375 0.125 1.541748046875
-0.0703125 0.11328125 1.553466796875
