STOP_SIGN
0.0703125 0.185546875 -1.123779296875
0.0859375 0.056640625 0.781494140625
0.1015625 0.158203125 0.781494140625
0.0234375 0.181640625 -0.951904296875
-0.0078125 0.091796875 -1.12677001953125
-0.0234375 -0.072265625 -0.083740234375
-0.0078125 0.091796875 -0.779052734375
0.0078125 0.173828125 -1.47509765625
-0.0078125 0.029296875 -0.083740234375
0.0234375 -0.052734375 0.795166015625
-0.0234375 0.076171875 -1.4755859375
0.0078125 0.193359375 -0.569091796875
0.0390625 0.041015625 0.795166015625
-0.0234375 0.087890625 -0.569091796875
-0.0078125 0.056640625 0.088134765625
-0.0078125 0.197265625 -1.30133056640625
-0.0078125 -0.193359375 0.965087890625
-0.0078125 0.150390625 -0.431884765625
0.0546875 0.146484375 0.795166015625
0.0546875 0.041015625 1.136962890625
0.0078125 -0.099609375 0.965087890625
0.0078125 0.283203125 -1.476806640625
0.0234375 -0.154296875 1.301025390625
-0.0390625 0.048828125 -0.432373046875
-0.0390625 0.095703125 -0.954345703125
-0.0078125 0.060546875 0.262939453125
0.0703125 0.248046875 0.795166015625
-0.0078125 0.138671875 -0.084716796875
-0.0234375 0.095703125 -0.227783203125
-0.0390625 0.103515625 -0.911376953125
-0.0234375 0.107421875 -0.258056640625
0.0234375 -0.064453125 1.136962890625
0.0234375 0.001953125 0.965087890625
-0.0234375 0.076171875 -0.056396484375
-0.0078125 -0.130859375 0.955322265625
0.0078125 0.052734375 0.626220703125
0.0390625 -0.048828125 1.302978515625
-0.0078125 0.044921875 0.435791015625
-0.0390625 -0.037109375 0.261962890625
-0.0390625 0.087890625 -0.398681640625
-0.0390625 -0.041015625 0.284423828125
-0.0078125 0.205078125 -0.258056640625
-0.0234375 0.197265625 -0.77978515625
-0.0390625 0.115234375 -0.606689453125
-0.0234375 0.072265625 0.114501953125
0.0078125 -0.029296875 0.955322265625
-0.0234375 -0.052734375 0.609619140625
-0.0546875 -0.455078125 1.302978515625
-0.0078125 -0.162109375 1.136962890625
0.0234375 0.154296875 0.626220703125
0.0390625 0.111328125 0.967041015625
0.0390625 -0.013671875 1.306884765625
0.1328125 0.455078125 1.129150390625
-0.0546875 0.099609375 -1.3026123046875
-0.0078125 -0.142578125 1.129150390625
-0.0703125 -0.017578125 -0.398681640625
-0.0703125 -0.244140625 0.626220703125
-0.0234375 0.064453125 0.284423828125
-0.0078125 0.044921875 0.609619140625
-0.0234375 0.220703125 -0.606689453125
0.0546875 0.142578125 1.136962890625
-0.0078125 0.177734375 0.114501953125
0.0546875 0.212890625 0.967041015625
0.0078125 -0.044921875 1.129150390625
-0.0078125 0.302734375 -0.570068359375
0.0078125 -0.111328125 1.306884765625
-0.0234375 -0.244140625 1.302978515625
-0.0390625 0.208984375 -0.912841796875
-0.0234375 0.181640625 -0.057373046875
0.0390625 0.052734375 1.302978515625
-0.0703125 -0.017578125 -0.057373046875
0.0703125 0.314453125 0.967041015625
0.0234375 0.056640625 1.129150390625
-0.0078125 0.146484375 0.435791015625
-0.0234375 0.166015625 0.088134765625
-0.0234375 0.314453125 -1.12945556640625
0.0078125 0.072265625 0.955322265625
0.0546875 0.158203125 1.302978515625
0.0234375 0.259765625 0.627197265625
0.0390625 0.091796875 1.308837890625
0.0390625 0.283203125 0.783447265625
-0.0390625 0.197265625 -0.227783203125
-0.0234375 0.169921875 0.284423828125
0.0546875 0.244140625 1.136962890625
0.0234375 0.181640625 0.955322265625
0.0703125 0.259765625 1.302978515625
0.0546875 0.193359375 1.308837890625
-0.0546875 0.193359375 -0.399169921875
-0.0390625 0.310546875 -0.956298828125
-0.0390625 0.267578125 -0.433837890625
-0.1171875 -0.423828125 0.955322265625
0.0703125 0.345703125 1.138916015625
0.0390625 0.283203125 0.955322265625
0.0703125 0.412109375 0.967041015625
0.0234375 0.158203125 1.129150390625
-0.0859375 -0.013671875 0.113525390625
0.0703125 0.294921875 1.308837890625
0.0859375 0.365234375 1.302978515625
0.0390625 0.095703125 1.476806640625
0.0390625 0.353515625 0.797119140625
-0.1171875 0.009765625 -1.13079833984375
-0.1171875 0.005859375 -0.957275390625
-0.0390625 0.251953125 -0.085693359375
0.0859375 0.443359375 1.138916015625
-0.0390625 0.333984375 -0.608154296875
0.0546875 0.388671875 0.957275390625
0.0390625 0.267578125 1.129150390625
0.0546875 0.201171875 1.476806640625
-0.0546875 0.318359375 -1.305419921875
-0.0546875 0.314453125 -0.9140625
-0.1328125 -0.095703125 -0.228759765625
-0.0390625 0.326171875 -0.259033203125
0.0546875 0.361328125 1.129150390625
-0.1171875 0.001953125 -0.228759765625
-0.0546875 0.177734375 0.261962890625
-0.0390625 0.162109375 0.609619140625
-0.0390625 0.291015625 0.113525390625
-0.0546875 0.306640625 -0.228759765625
-0.1328125 -0.126953125 0.284423828125
0.0546875 0.392578125 1.310791015625
-0.1328125 -0.392578125 1.310791015625
