STOP_SIGN
0.078125 -0.025390625 -0.8310546875
0.078125 -0.041015625 -0.53564453125
0.078125 -0.138671875 -0.662109375
0.046875 -0.087890625 -0.0654296875
0.015625 0.240234375 0.234375
0.015625 0.236328125 0.533203125
0.015625 0.060546875 0.2333984375
0.015625 0.056640625 0.533203125
-0.015625 0.294921875 0.3525390625
0.015625 -0.11328125 0.533203125
-0.015625 -0.12109375 0.2333984375
-0.015625 0.12890625 0.8310546875
-0.015625 -0.05078125 0.8310546875
-0.046875 0.10546875 0.3525390625
-0.046875 0.279296875 0.6494140625
-0.015625 -0.294921875 0.533203125
-0.046875 0.099609375 0.6494140625
-0.046875 -0.078125 0.6494140625
-0.046875 -0.275390625 0.6494140625
-0.078125 -0.06640625 0.3525390625
-0.078125 -0.24609375 0.3525390625
