STOP_SIGN
0.0234375 0.056640625 -1.1246337890625
0.0078125 -0.103515625 -0.2017822265625
0.0859375 0.041015625 0.7200927734375
0.1015625 0.146484375 0.7200927734375
-0.0078125 0.029296875 -0.5714111328125
0.0078125 0.123046875 -0.6822509765625
0.1328125 0.373046875 0.9036865234375
0.0078125 0.185546875 -1.311126708984375
-0.0234375 0.009765625 -0.5006103515625
-0.0234375 -0.275390625 0.7200927734375
-0.0234375 0.083984375 -1.311614990234375
-0.0234375 0.076171875 -0.9425048828125
-0.0078125 -0.013671875 0.2259521484375
-0.0546875 -0.181640625 -0.0172119140625
-0.0234375 -0.068359375 0.1673583984375
-0.0234375 -0.001953125 -0.1383056640625
-0.0234375 0.013671875 -0.2027587890625
0.0234375 -0.177734375 1.2728271484375
-0.0234375 0.083984375 -0.3873291015625
-0.0078125 -0.181640625 0.9525146484375
-0.0078125 -0.162109375 0.9036865234375
-0.0390625 0.080078125 -1.4967041015625
0.0390625 -0.072265625 1.2728271484375
-0.0234375 0.041015625 -0.0172119140625
0.0078125 -0.017578125 0.7708740234375
-0.0546875 0.029296875 -1.0482177734375
-0.0078125 -0.283203125 1.2728271484375
0.0078125 -0.072265625 0.9525146484375
0.0078125 -0.142578125 1.1341552734375
-0.0390625 0.099609375 -0.7564697265625
-0.0078125 -0.181640625 1.0872802734375
-0.0546875 0.033203125 -0.6832275390625
-0.0546875 -0.068359375 -0.0172119140625
-0.0234375 -0.134765625 0.7708740234375
-0.0390625 -0.279296875 0.9525146484375
-0.0546875 -0.123046875 0.2259521484375
-0.0234375 0.048828125 0.1673583984375
0.0234375 -0.033203125 1.1341552734375
0.0234375 0.041015625 0.9525146484375
-0.0390625 0.009765625 0.0452880859375
-0.0703125 -0.099609375 -0.1383056640625
-0.0234375 -0.248046875 1.1341552734375
-0.0234375 0.021484375 0.3509521484375
0.0078125 -0.072265625 1.0872802734375
0.0390625 0.193359375 0.7708740234375
-0.0546875 0.017578125 -0.3194580078125
-0.0234375 0.107421875 0.0452880859375
0.0390625 0.072265625 1.1341552734375
-0.0859375 -0.341796875 0.5892333984375
-0.0390625 0.185546875 -1.12890625
-0.0078125 -0.052734375 0.9036865234375
-0.0390625 -0.080078125 0.5355224609375
0.0234375 0.033203125 1.0892333984375
0.0390625 0.037109375 1.2728271484375
0.0078125 0.080078125 0.7708740234375
-0.0390625 0.126953125 -0.3199462890625
-0.0859375 -0.021484375 -1.3135986328125
0.0546875 0.181640625 1.1341552734375
-0.0546875 0.138671875 -1.048828125
-0.0390625 0.115234375 -0.1383056640625
-0.0078125 0.087890625 0.5892333984375
0.0234375 0.251953125 0.5355224609375
0.0078125 0.060546875 0.9036865234375
0.0546875 0.142578125 1.2728271484375
0.0859375 0.361328125 1.0892333984375
0.0390625 0.146484375 1.0892333984375
0.1015625 0.365234375 1.2728271484375
-0.0546875 0.119140625 -0.5015869140625
0.0078125 -0.083984375 1.3157958984375
0.0234375 0.142578125 0.9525146484375
-0.1015625 -0.095703125 -0.5020751953125
-0.0546875 0.142578125 -0.5728759765625
-0.0390625 0.205078125 -0.3883056640625
0.0234375 0.017578125 1.3157958984375
-0.1015625 -0.029296875 -1.1297607421875
0.0390625 0.298828125 0.7708740234375
0.0703125 0.259765625 1.2728271484375
-0.0390625 0.095703125 0.2259521484375
0.0390625 0.251953125 0.9525146484375
-0.0859375 -0.228515625 0.5892333984375
-0.0546875 0.130859375 -0.2037353515625
-0.0390625 0.033203125 0.5355224609375
0.0546875 0.291015625 1.1341552734375
0.0078125 0.169921875 0.9056396484375
-0.0078125 0.201171875 0.5902099609375
-0.1328125 -0.123046875 -0.9451904296875
-0.0390625 0.107421875 0.4075927734375
0.0390625 0.259765625 1.0892333984375
-0.0703125 0.193359375 -1.4993896484375
-0.0859375 -0.107421875 0.4075927734375
-0.0703125 0.193359375 -0.9451904296875
-0.0546875 0.248046875 -0.6842041015625
-0.0546875 0.158203125 -0.0181884765625
0.0234375 0.279296875 0.9056396484375
0.0234375 0.130859375 1.3157958984375
-0.0078125 -0.080078125 1.4974365234375
0.0390625 0.369140625 0.9544677734375
-0.1171875 -0.181640625 0.3509521484375
-0.0546875 0.146484375 0.3509521484375
0.0546875 0.404296875 1.1361083984375
-0.1328125 -0.080078125 -0.3209228515625
-0.0859375 0.212890625 -0.7589111328125
-0.1015625 -0.404296875 1.3157958984375
-0.0078125 0.044921875 1.4974365234375
0.0078125 0.248046875 1.3177490234375
-0.0703125 -0.177734375 1.4993896484375
-0.0703125 0.263671875 0.3509521484375
-0.0859375 0.228515625 0.4085693359375
