STOP_SIGN
0.078125 0.0048828125 -0.9488525390625
0.078125 -0.1201171875 -0.6341552734375
0.078125 -0.0693359375 -0.3153076171875
0.078125 -0.2509765625 -0.0003662109375
0.078125 -0.2744140625 0.3140869140625
0.046875 -0.2626953125 -0.3153076171875
0.015625 0.0908203125 0.3131103515625
0.015625 0.0986328125 0.6275634765625
0.015625 -0.1005859375 0.3131103515625
-0.015625 0.1552734375 0.9468994140625
-0.015625 -0.0927734375 0.6275634765625
-0.015625 -0.0439453125 0.9468994140625
-0.015625 -0.2822265625 0.6285400390625
-0.046875 0.1376953125 0.8492431640625
-0.015625 -0.2353515625 0.9488525390625
-0.078125 0.2822265625 0.6275634765625
-0.046875 -0.0517578125 0.8492431640625
-0.078125 0.1572265625 0.5367431640625
-0.078125 -0.0302734375 0.5367431640625
-0.078125 -0.2509765625 0.8511962890625
