STOP_SIGN
0.09375 -0.041015625 -1.464813232421875
-0.03125 -0.208984375 -0.794830322265625
0.0 -0.048828125 -0.121490478515625
0.0625 0.095703125 0.776947021484375
0.125 0.330078125 1.226165771484375
-0.03125 -0.076171875 -0.795318603515625
-0.03125 -0.021484375 -1.243804931640625
0.03125 -0.326171875 1.450775146484375
-0.03125 -0.091796875 -0.344146728515625
-0.03125 0.017578125 -1.020660400390625
0.0625 0.119140625 1.026947021484375
-0.03125 -0.068359375 -0.302154541015625
0.0 -0.283203125 1.024993896484375
-0.0625 -0.158203125 -1.470306396484375
0.0 -0.095703125 0.584564208984375
-0.03125 -0.001953125 -0.569732666015625
-0.0625 -0.150390625 -1.244781494140625
0.0 -0.072265625 0.554290771484375
0.03125 -0.017578125 1.026947021484375
0.09375 0.193359375 1.452728271484375
0.03125 -0.107421875 1.247650146484375
-0.03125 0.029296875 -0.345123291015625
0.03125 -0.193359375 1.450775146484375
0.0 -0.091796875 0.804290771484375
0.0 -0.169921875 1.001556396484375
-0.03125 -0.052734375 0.104095458984375
0.03125 -0.060546875 1.226165771484375
0.0625 0.240234375 1.026947021484375
0.03125 -0.173828125 1.470306396484375
0.0625 0.158203125 1.249603271484375
0.0625 0.060546875 1.452728271484375
0.0 -0.142578125 1.026947021484375
-0.03125 -0.076171875 0.328704833984375
0.0 -0.232421875 1.247650146484375
-0.03125 -0.080078125 0.362884521484375
0.03125 0.177734375 0.806243896484375
0.03125 0.099609375 1.001556396484375
-0.0625 -0.052734375 -0.524322509765625
0.0 -0.197265625 1.226165771484375
-0.03125 -0.302734375 1.001556396484375
0.03125 0.025390625 1.249603271484375
0.03125 -0.060546875 1.452728271484375
-0.0625 -0.208984375 0.328704833984375
0.0 -0.037109375 1.001556396484375
0.03125 0.072265625 1.226165771484375
0.03125 -0.041015625 1.470306396484375
-0.09375 -0.220703125 -0.345123291015625
-0.0625 0.064453125 -0.795806884765625
0.0625 0.291015625 1.249603271484375
-0.03125 0.056640625 0.362884521484375
0.03125 0.228515625 1.001556396484375
-0.0625 0.087890625 -0.524810791015625
-0.0625 0.158203125 -1.022125244140625
-0.0625 0.068359375 -0.302154541015625
-0.0625 0.134765625 -0.570220947265625
0.03125 0.208984375 1.228118896484375
0.03125 0.091796875 1.470306396484375
-0.0625 0.095703125 -0.121490478515625
-0.125 -0.310546875 0.104095458984375
-0.125 -0.107421875 -1.022857666015625
-0.125 -0.189453125 -0.303131103515625
-0.0625 0.064453125 0.329681396484375
-0.09375 -0.287109375 0.776947021484375
-0.125 -0.330078125 0.554290771484375
