STOP_SIGN
0.140625 0.41015625 -1.5328369140625
0.046875 0.28125 -1.5360107421875
0.078125 0.14453125 0.827880859375
0.046875 0.0078125 0.827880859375
-0.015625 0.0078125 -1.536865234375
0.078125 0.28515625 1.064208984375
-0.015625 0.15234375 -1.5374755859375
-0.046875 -0.03515625 -0.82666015625
-0.015625 -0.04296875 0.356201171875
-0.046875 0.01171875 -1.300262451171875
-0.046875 -0.06640625 -0.352783203125
-0.015625 -0.265625 1.066162109375
-0.046875 -0.03515625 -0.280517578125
-0.046875 0.05859375 -1.063720703125
-0.046875 -0.1796875 0.357177734375
-0.046875 0.0390625 -0.590087890625
-0.015625 -0.2421875 1.118896484375
-0.078125 -0.1171875 -1.3003692626953125
-0.046875 -0.0078125 -0.117431640625
-0.078125 -0.28515625 0.119873046875
0.015625 0.03515625 1.118896484375
-0.078125 -0.078125 -1.064453125
0.015625 -0.05859375 1.353271484375
0.015625 -0.15234375 1.538818359375
-0.046875 -0.171875 0.593505859375
0.015625 -0.0234375 1.302490234375
-0.015625 -0.1328125 1.066162109375
-0.046875 -0.0078125 0.119873046875
0.046875 0.2109375 1.353271484375
-0.015625 -0.10546875 1.118896484375
-0.015625 0.0859375 0.655029296875
0.046875 0.25 1.300537109375
0.015625 0.15234375 1.066162109375
-0.015625 -0.19921875 1.353271484375
-0.078125 -0.41015625 0.829833984375
0.015625 0.23828125 0.886474609375
-0.015625 -0.1640625 1.302490234375
-0.078125 -0.3125 0.593505859375
-0.078125 -0.1484375 0.119873046875
-0.046875 -0.1796875 0.886474609375
-0.078125 0.0 -0.514404296875
0.015625 0.17578125 1.118896484375
0.015625 -0.02734375 1.538818359375
0.015625 0.07421875 1.353271484375
-0.046875 -0.0625 0.655029296875
-0.015625 0.0078125 1.066162109375
0.015625 0.12109375 1.302490234375
-0.015625 0.09765625 0.886474609375
-0.078125 -0.1640625 0.420654296875
-0.109375 -0.1875 -0.353271484375
-0.078125 0.11328125 -0.828369140625
-0.046875 0.10546875 0.356201171875
-0.078125 -0.38671875 1.120849609375
-0.046875 -0.0390625 0.886474609375
-0.078125 0.13671875 -0.514892578125
-0.046875 0.109375 0.593505859375
-0.078125 0.18359375 -0.591064453125
-0.078125 -0.0390625 0.593505859375
-0.140625 -0.12109375 -1.540771484375
0.015625 0.359375 1.355224609375
-0.140625 -0.16015625 -0.280517578125
-0.109375 0.08984375 -0.354248046875
-0.015625 0.12890625 1.540771484375
