STOP_SIGN
0.0625 -0.029296875 -1.1179580688476562
0.03125 -0.076171875 -0.5854873657226562
0.125 0.322265625 1.0141220092773438
0.03125 -0.212890625 0.47994232177734375
0.0625 0.009765625 0.7484970092773438
0.0 -0.173828125 -0.31986236572265625
0.125 0.291015625 1.2817001342773438
0.0625 0.162109375 0.7484970092773438
0.0 -0.126953125 0.8598251342773438
-0.03125 -0.275390625 0.8598251342773438
-0.03125 -0.033203125 0.21431732177734375
0.03125 0.017578125 1.3871688842773438
0.0 0.025390625 0.8617782592773438
0.0 -0.044921875 1.1234970092773438
0.03125 0.142578125 1.2817001342773438
-0.0625 -0.189453125 0.21431732177734375
0.0 0.021484375 1.0160751342773438
0.0 0.189453125 0.5971298217773438
-0.0625 0.080078125 -1.3891220092773438
-0.0625 -0.001953125 -0.31986236572265625
-0.0625 0.056640625 -0.45951080322265625
-0.03125 0.025390625 0.5971298217773438
-0.03125 -0.146484375 1.0141220092773438
0.0 -0.017578125 1.2817001342773438
0.03125 0.177734375 1.3891220092773438
-0.03125 -0.185546875 1.1234970092773438
0.0 0.189453125 0.8617782592773438
-0.0625 0.005859375 -0.05228424072265625
0.0 0.123046875 1.1254501342773438
0.0 0.181640625 1.0160751342773438
-0.0625 -0.341796875 1.1234970092773438
-0.0625 0.224609375 -0.8540420532226562
-0.0625 -0.041015625 0.48189544677734375
0.0 0.341796875 0.8617782592773438
-0.0625 0.130859375 0.21529388427734375
0.0 0.283203125 1.1254501342773438
-0.09375 0.146484375 -1.1221084594726562
-0.09375 0.107421875 -0.5874404907226562
-0.125 -0.091796875 -0.8559951782226562
-0.0625 0.126953125 0.48189544677734375
