STOP_SIGN
0.078125 -0.142578125 0.505889892578125
0.046875 -0.013671875 -0.584930419921875
0.109375 0.240234375 0.777374267578125
0.078125 0.080078125 0.777374267578125
0.046875 0.025390625 0.233428955078125
0.015625 -0.134765625 0.233428955078125
0.046875 0.181640625 0.506866455078125
0.078125 0.205078125 1.324249267578125
-0.015625 0.123046875 -0.859832763671875
0.015625 -0.048828125 0.867218017578125
0.015625 0.185546875 0.233428955078125
0.015625 0.087890625 0.599639892578125
0.015625 -0.087890625 1.050811767578125
0.015625 -0.115234375 1.136749267578125
0.046875 0.052734375 1.324249267578125
0.046875 0.275390625 0.869171142578125
-0.015625 -0.208984375 0.867218017578125
0.046875 0.197265625 1.138702392578125
0.046875 0.255859375 1.050811767578125
0.046875 0.095703125 1.408233642578125
-0.015625 -0.283203125 1.136749267578125
0.015625 0.107421875 0.869171142578125
-0.015625 0.021484375 0.506866455078125
-0.078125 -0.130859375 -1.135711669921875
0.015625 0.037109375 1.138702392578125
-0.046875 0.142578125 -1.40960693359375
0.015625 0.091796875 1.050811767578125
-0.078125 -0.154296875 -0.586883544921875
0.015625 -0.064453125 1.408233642578125
-0.046875 0.064453125 -0.315399169921875
-0.046875 0.126953125 -0.482391357421875
0.046875 0.404296875 1.052764892578125
0.046875 0.251953125 1.410186767578125
-0.078125 -0.017578125 -1.410186767578125
-0.078125 -0.037109375 -0.860809326171875
-0.046875 0.072265625 -0.040985107421875
-0.078125 -0.037109375 -0.482391357421875
-0.078125 -0.298828125 0.506866455078125
-0.046875 0.283203125 -0.860809326171875
-0.078125 -0.404296875 0.777374267578125
-0.109375 -0.251953125 -0.040985107421875
-0.078125 0.166015625 -0.586883544921875
