STOP_SIGN
0.078125 -0.169921875 -1.4874267578125
0.046875 -0.205078125 0.0010986328125
0.109375 0.111328125 0.8927001953125
0.046875 -0.080078125 -0.2972412109375
0.109375 0.001953125 1.4874267578125
0.109375 0.177734375 1.1905517578125
0.078125 0.001953125 1.1925048828125
0.046875 -0.177734375 1.1925048828125
0.046875 -0.052734375 0.8936767578125
-0.015625 -0.353515625 0.7276611328125
0.046875 0.302734375 0.5958251953125
0.015625 -0.181640625 1.3175048828125
-0.015625 0.044921875 -0.5960693359375
0.015625 -0.025390625 1.0225830078125
0.046875 0.169921875 1.3175048828125
-0.015625 -0.201171875 1.0225830078125
-0.015625 -0.052734375 0.5958251953125
0.015625 -0.005859375 1.3175048828125
0.015625 0.150390625 1.0245361328125
0.046875 0.365234375 1.1925048828125
-0.015625 0.009765625 0.7276611328125
-0.046875 0.064453125 -1.193359375
-0.078125 -0.248046875 -0.2991943359375
-0.046875 -0.013671875 -0.0008544921875
-0.046875 -0.009765625 0.2979736328125
-0.078125 -0.111328125 -1.19384765625
-0.078125 -0.126953125 -0.5972900390625
0.015625 0.330078125 1.0245361328125
-0.109375 -0.212890625 -0.8963623046875
-0.109375 -0.365234375 0.2979736328125
-0.078125 0.099609375 -0.2996826171875
