STOP_SIGN
0.078125 0.0703125 -1.10662841796875
0.046875 -0.08984375 -0.1578369140625
0.078125 0.0703125 0.7913818359375
0.109375 0.31640625 1.1077880859375
0.078125 0.12890625 1.1077880859375
0.015625 -0.09375 0.2943115234375
0.046875 -0.0625 1.1077880859375
-0.015625 -0.2734375 0.1585693359375
0.015625 -0.1171875 0.7913818359375
0.015625 -0.09375 1.2347412109375
-0.046875 -0.1015625 -1.10980224609375
-0.046875 -0.140625 -0.4757080078125
-0.046875 -0.31640625 0.4739990234375
-0.046875 -0.01171875 -0.7923583984375
-0.015625 -0.11328125 0.9222412109375
-0.046875 0.01171875 -1.4261474609375
0.015625 0.2578125 0.7923583984375
0.015625 0.09375 1.2347412109375
0.015625 0.25390625 0.9241943359375
-0.046875 -0.07421875 0.1585693359375
-0.046875 0.05078125 -0.4757080078125
-0.015625 0.109375 0.6087646484375
-0.015625 0.06640625 0.9241943359375
-0.046875 0.171875 -0.7923583984375
-0.015625 -0.046875 1.4261474609375
-0.046875 0.0625 0.4749755859375
-0.109375 -0.26171875 -0.1597900390625
-0.078125 0.1171875 -0.1588134765625
