STOP_SIGN
-0.1875 -0.015625 0.256591796875
-0.140625 -0.0078125 -0.251220703125
-0.21875 0.0 0.631591796875
-0.140625 0.0 -0.247314453125
-0.171875 0.0625 -0.251220703125
-0.1875 -0.0234375 0.506591796875
-0.1875 0.0390625 0.133544921875
-0.109375 0.0078125 -0.753173828125
-0.15625 -0.0078125 0.128662109375
-0.171875 0.0546875 -0.122314453125
-0.125 0.0078125 -0.381103515625
-0.1875 0.03125 0.264404296875
-0.140625 0.0078125 -0.122314453125
-0.140625 -0.0078125 0.002685546875
-0.140625 -0.0078125 0.005615234375
-0.203125 0.0234375 0.520263671875
-0.1875 0.0234375 0.391357421875
-0.203125 0.0078125 0.647216796875
-0.109375 0.0078125 -0.376220703125
-0.171875 0.0234375 0.381591796875
-0.109375 0.0546875 -0.768310546875
-0.15625 -0.046875 0.631591796875
-0.09375 0.0078125 -0.501220703125
-0.09375 0.0234375 -0.627685546875
-0.125 -0.0078125 0.133544921875
-0.109375 0.046875 -0.510009765625
-0.15625 -0.046875 0.760498046875
-0.09375 -0.046875 0.256591796875
-0.109375 -0.0078125 0.264404296875
-0.125 -0.0234375 0.520263671875
-0.078125 -0.046875 0.508544921875
-0.046875 -0.03125 0.128662109375
-0.078125 -0.0078125 0.383544921875
-0.03125 -0.0234375 0.003662109375
-0.046875 0.015625 0.393310546875
-0.0625 0.015625 0.651123046875
0.0 -0.03125 0.766357421875
0.03125 -0.0234375 0.637451171875
0.078125 -0.03125 0.259521484375
0.0625 0.0 0.265380859375
0.046875 -0.0078125 0.524169921875
0.078125 -0.03125 0.512451171875
0.09375 0.0078125 0.385498046875
0.09375 0.015625 0.395263671875
0.109375 -0.0625 0.768310546875
0.1875 -0.0546875 0.260498046875
0.109375 0.0234375 0.655029296875
0.171875 -0.0078125 0.526123046875
0.171875 -0.015625 0.641357421875
0.21875 -0.0390625 0.514404296875
0.21875 -0.0078125 0.387451171875
