STOP_SIGN
-0.33203125 -0.0390625 -0.1976318359375
-0.30859375 -0.0390625 -0.6461181640625
-0.32421875 -0.0234375 -0.0789794921875
-0.23828125 -0.0546875 -0.6468505859375
-0.24609375 -0.0546875 -0.1990966796875
-0.24609375 -0.0390625 -0.0799560546875
-0.23046875 -0.0390625 -0.2928466796875
-0.29296875 0.0078125 -0.2933349609375
-0.23828125 -0.0234375 -0.0574951171875
-0.26171875 -0.0078125 0.0377197265625
-0.16796875 -0.0546875 -0.2005615234375
-0.16796875 -0.0546875 -0.0809326171875
-0.16796875 -0.0390625 -0.4398193359375
-0.10546875 -0.0703125 -0.4398193359375
-0.36328125 0.0546875 0.2974853515625
-0.22265625 -0.0234375 0.1568603515625
-0.15234375 -0.0390625 -0.2943115234375
-0.32421875 0.0390625 0.2760009765625
-0.28515625 0.0234375 0.1793212890625
-0.19140625 -0.0234375 0.0377197265625
-0.08984375 -0.0703125 -0.2938232421875
-0.32421875 0.0390625 0.3961181640625
-0.15234375 -0.0390625 -0.0584716796875
-0.02734375 -0.0859375 -0.4412841796875
-0.08984375 -0.0546875 -0.2020263671875
-0.36328125 0.0703125 0.5328369140625
-0.01171875 -0.0859375 -0.6514892578125
-0.20703125 0.0078125 0.1783447265625
-0.21484375 0.0234375 0.0601806640625
-0.14453125 -0.0234375 0.1568603515625
-0.25390625 0.0390625 0.2760009765625
-0.27734375 0.0546875 0.2965087890625
-0.28515625 0.0546875 0.4146728515625
-0.07421875 -0.0390625 -0.0828857421875
-0.07421875 -0.0390625 -0.0594482421875
-0.10546875 -0.0234375 0.0367431640625
-0.01171875 -0.0703125 -0.2030029296875
-0.23828125 0.0390625 0.3951416015625
0.04296875 -0.0859375 -0.5628662109375
-0.20703125 0.0390625 0.2965087890625
-0.28515625 0.0703125 0.5328369140625
0.05859375 -0.0859375 -0.4437255859375
-0.16796875 0.0234375 0.2750244140625
-0.00390625 -0.0546875 -0.0838623046875
-0.13671875 0.0234375 0.0592041015625
-0.28515625 0.0859375 0.5152587890625
-0.05859375 -0.0234375 0.1558837890625
-0.20703125 0.0546875 0.4146728515625
-0.00390625 -0.0390625 -0.0599365234375
-0.12109375 0.0234375 0.1773681640625
-0.12890625 0.0234375 0.2965087890625
-0.02734375 -0.0234375 0.0357666015625
0.13671875 -0.1015625 -0.6539306640625
0.12890625 -0.1015625 -0.4447021484375
-0.26953125 0.0859375 0.6519775390625
-0.15234375 0.0390625 0.3951416015625
-0.05859375 0.0078125 0.0582275390625
-0.20703125 0.0703125 0.5142822265625
0.01171875 -0.0390625 0.1549072265625
-0.19921875 0.0703125 0.5328369140625
0.07421875 -0.0546875 -0.2049560546875
-0.08203125 0.0234375 0.2740478515625
0.01953125 -0.0234375 0.1773681640625
-0.12109375 0.0546875 0.4146728515625
-0.04296875 0.0234375 0.1773681640625
-0.14453125 0.0546875 0.6343994140625
-0.01953125 0.0078125 0.2740478515625
-0.18359375 0.0859375 0.6519775390625
-0.07421875 0.0390625 0.3941650390625
0.21484375 -0.1015625 -0.3270263671875
-0.01171875 0.0078125 0.3941650390625
0.02734375 0.0078125 0.0582275390625
0.08984375 -0.0234375 -0.0858154296875
-0.04296875 0.0390625 0.2965087890625
-0.12109375 0.0703125 0.5338134765625
0.08984375 -0.0234375 -0.0614013671875
0.05859375 -0.0078125 0.0338134765625
0.09765625 -0.0390625 0.1539306640625
0.21484375 -0.0859375 -0.4476318359375
0.16015625 -0.0546875 -0.2069091796875
-0.04296875 0.0390625 0.4146728515625
-0.12109375 0.0859375 0.5142822265625
-0.06640625 0.0546875 0.6343994140625
0.02734375 0.0234375 0.2955322265625
0.16796875 -0.0390625 -0.0872802734375
0.16796875 -0.0390625 -0.0623779296875
0.07421875 0.0078125 0.2730712890625
-0.04296875 0.0703125 0.5142822265625
0.13671875 -0.0078125 0.0328369140625
0.02734375 0.0390625 0.4146728515625
-0.09765625 0.1015625 0.6529541015625
0.23828125 -0.0546875 -0.2083740234375
0.11328125 0.0234375 0.0562744140625
-0.03515625 0.0859375 0.5338134765625
0.08203125 0.0234375 0.3941650390625
0.18359375 -0.0234375 0.1529541015625
0.11328125 0.0234375 0.1763916015625
0.03515625 0.0546875 0.5338134765625
0.24609375 -0.0390625 -0.0882568359375
0.21484375 -0.0234375 0.0318603515625
0.03515625 0.0703125 0.5142822265625
0.18359375 0.0078125 0.0562744140625
0.02734375 0.0703125 0.6343994140625
-0.01953125 0.1015625 0.6529541015625
0.16015625 0.0078125 0.3931884765625
0.25390625 -0.0234375 -0.0638427734375
0.08984375 0.0390625 0.6343994140625
0.16015625 0.0234375 0.2720947265625
0.05078125 0.0703125 0.6529541015625
0.33203125 -0.0546875 -0.2103271484375
0.12890625 0.0546875 0.2955322265625
0.12109375 0.0546875 0.4136962890625
0.26953125 -0.0234375 0.1519775390625
0.19921875 0.0234375 0.1754150390625
0.19921875 0.0390625 0.2945556640625
0.12890625 0.0703125 0.5338134765625
0.34765625 -0.0390625 0.1510009765625
0.12109375 0.0859375 0.5133056640625
0.27734375 0.0234375 0.1744384765625
0.24609375 0.0390625 0.2711181640625
0.20703125 0.0546875 0.4136962890625
0.34765625 -0.0078125 0.1744384765625
0.25390625 0.0390625 0.3922119140625
0.27734375 0.0390625 0.2945556640625
0.19140625 0.0703125 0.6343994140625
0.20703125 0.0703125 0.5338134765625
0.34765625 0.0078125 0.2945556640625
0.20703125 0.0859375 0.5133056640625
0.33203125 0.0234375 0.2711181640625
0.27734375 0.0546875 0.4136962890625
0.33203125 0.0234375 0.3922119140625
0.22265625 0.0859375 0.6539306640625
0.27734375 0.0703125 0.6343994140625
0.29296875 0.0703125 0.5338134765625
0.28515625 0.0859375 0.5133056640625
0.36328125 0.0546875 0.4136962890625
0.30859375 0.0859375 0.6539306640625
