STOP_SIGN
-0.09375 0.048828125 -1.1761474609375
-0.0625 0.224609375 -1.4398193359375
-0.0625 0.185546875 -1.2532958984375
-0.03125 0.255859375 -1.0662841796875
-0.03125 0.169921875 -0.9901123046875
-0.03125 0.107421875 -1.4415283203125
-0.03125 0.142578125 -1.0672607421875
-0.03125 0.232421875 -0.5047607421875
-0.03125 0.072265625 -1.2552490234375
-0.03125 0.087890625 -0.8792724609375
-0.03125 0.056640625 -0.9906005859375
-0.03125 0.123046875 -0.5057373046875
-0.03125 0.052734375 -0.8040771484375
-0.03125 0.068359375 -0.6180419921875
-0.03125 0.060546875 -0.4315185546875
-0.03125 -0.080078125 -1.1785888671875
-0.03125 0.072265625 -0.2449951171875
0.0 0.044921875 -0.6932373046875
0.0 0.115234375 -0.3182373046875
0.0 0.142578125 -0.1307373046875
0.0 -0.048828125 -0.6180419921875
0.0 0.142578125 0.0567626953125
0.0 0.064453125 -0.0584716796875
0.0 -0.064453125 -0.4315185546875
0.0 0.208984375 0.4317626953125
0.0 0.080078125 0.1290283203125
0.03125 0.251953125 0.0567626953125
0.0 0.310546875 0.6876220703125
0.0 0.240234375 0.6192626953125
0.0 0.095703125 0.4317626953125
0.0 0.119140625 0.5020751953125
0.0 0.197265625 0.6895751953125
-0.03125 -0.232421875 0.2442626953125
0.0 0.119140625 0.6192626953125
0.03125 0.021484375 -0.1307373046875
0.03125 0.173828125 0.3165283203125
0.0 -0.048828125 0.3145751953125
0.03125 -0.052734375 -0.2449951171875
0.0 0.005859375 0.5020751953125
0.03125 0.095703125 0.2442626953125
0.03125 0.021484375 0.0577392578125
0.03125 0.341796875 0.8067626953125
0.0625 0.169921875 -0.0574951171875
0.03125 -0.052734375 -0.0584716796875
0.0625 -0.076171875 -0.8065185546875
0.0625 0.337890625 0.5020751953125
0.0 -0.162109375 0.3145751953125
0.03125 -0.037109375 0.1290283203125
0.0 -0.107421875 0.5020751953125
0.03125 0.232421875 0.8087158203125
0.03125 0.251953125 0.8751220703125
0.0 -0.107421875 0.6212158203125
0.03125 -0.013671875 0.4337158203125
0.0 -0.267578125 0.3145751953125
0.03125 0.080078125 0.6895751953125
0.03125 0.119140625 0.8087158203125
0.0 -0.146484375 0.6895751953125
0.03125 0.138671875 0.8751220703125
0.03125 0.005859375 0.6212158203125
0.03125 0.224609375 1.0626220703125
0.0 -0.220703125 0.6212158203125
0.0625 -0.021484375 0.2462158203125
0.03125 -0.033203125 0.6895751953125
0.03125 -0.001953125 0.8087158203125
0.0 -0.255859375 0.6895751953125
0.03125 0.021484375 0.8770751953125
0.03125 0.111328125 1.0645751953125
0.0 -0.333984375 0.6212158203125
0.03125 -0.107421875 0.8087158203125
0.03125 -0.091796875 0.8770751953125
0.03125 0.001953125 1.0645751953125
0.0 -0.314453125 0.8770751953125
0.0625 -0.130859375 0.4337158203125
0.0625 0.189453125 1.1856689453125
0.03125 -0.220703125 0.8106689453125
0.03125 -0.201171875 0.8770751953125
0.03125 -0.115234375 1.0645751953125
0.0625 0.126953125 1.2520751953125
0.0625 0.076171875 1.1856689453125
0.03125 -0.333984375 0.8106689453125
0.03125 -0.228515625 1.0645751953125
0.0625 0.130859375 1.4395751953125
0.0625 -0.033203125 1.1856689453125
0.09375 0.009765625 1.2540283203125
0.0625 -0.341796875 1.0665283203125
0.09375 0.017578125 1.4415283203125
