STOP_SIGN
-0.0703125 0.09765625 -0.77587890625
-0.0703125 0.1171875 -0.60986328125
-0.0703125 0.10546875 -0.55810546875
-0.0703125 0.00390625 -0.55810546875
-0.0234375 0.20703125 -0.60986328125
-0.0390625 0.296875 0.05517578125
-0.0390625 0.0078125 -0.60986328125
-0.0546875 0.2734375 0.27001953125
-0.0390625 0.00390625 -0.44287109375
-0.0390625 0.29296875 0.22119140625
-0.0390625 0.1953125 0.05517578125
-0.0546875 0.171875 0.27197265625
-0.0546875 -0.0234375 -0.11083984375
-0.0390625 0.19921875 0.22314453125
-0.0703125 -0.1875 -0.22607421875
-0.0390625 0.09375 0.05517578125
-0.0546875 0.01953125 0.10595703125
-0.0234375 -0.10546875 -0.55810546875
-0.0546875 -0.1328125 -0.11083984375
-0.0390625 -0.046875 -0.06005859375
-0.0703125 -0.29296875 -0.22607421875
-0.0390625 -0.0078125 0.05517578125
-0.0546875 -0.09765625 0.05712890625
-0.0546875 -0.08203125 0.10595703125
-0.0234375 0.2578125 0.43798828125
-0.0390625 0.06640625 0.27197265625
-0.0390625 0.14453125 0.43798828125
-0.0234375 0.09765625 0.22314453125
-0.0390625 -0.1484375 -0.06005859375
-0.0546875 -0.18359375 0.10595703125
-0.0546875 -0.20703125 0.05712890625
-0.0703125 -0.30859375 0.05712890625
-0.0390625 -0.03515625 0.27197265625
-0.0234375 -0.015625 0.22314453125
-0.0546875 -0.28125 0.10791015625
-0.0234375 0.0546875 0.43798828125
-0.0390625 -0.046875 0.43798828125
-0.0390625 -0.1328125 0.27197265625
-0.0546875 -0.234375 0.27392578125
-0.0078125 0.1640625 0.55712890625
-0.0234375 0.0625 0.55712890625
-0.0234375 -0.1171875 0.22314453125
-0.0390625 -0.20703125 0.22509765625
-0.0390625 -0.1484375 0.43994140625
-0.0546875 -0.3359375 0.27392578125
-0.0234375 -0.0390625 0.55712890625
-0.0390625 -0.3046875 0.22509765625
0.0390625 0.3515625 0.60595703125
-0.0078125 0.05859375 0.60595703125
-0.0234375 -0.03515625 0.60595703125
-0.0390625 -0.25 0.43994140625
-0.0546875 -0.3515625 0.43994140625
-0.0234375 -0.14453125 0.55712890625
-0.0078125 0.0625 0.77197265625
-0.0234375 -0.13671875 0.60595703125
0.0234375 0.16015625 0.77392578125
-0.0234375 -0.23046875 0.60791015625
0.0703125 0.25390625 0.77587890625
0.0234375 -0.04296875 0.77392578125
