STOP_SIGN
-0.0546875 0.2265625 -0.0947265625
-0.0390625 0.20703125 -0.2451171875
-0.0390625 0.19140625 -0.2138671875
-0.0546875 0.1640625 -0.0634765625
0.0078125 0.453125 -0.2138671875
-0.0078125 0.421875 -0.0634765625
-0.0390625 0.11328125 -0.2431640625
-0.0390625 0.09765625 -0.2138671875
-0.0546875 0.0703125 -0.0634765625
-0.0390625 0.1328125 -0.0927734375
-0.0390625 0.203125 0.0869140625
-0.0234375 0.2265625 0.0576171875
-0.0390625 0.00390625 -0.2119140625
-0.0390625 0.10546875 0.0869140625
-0.0234375 0.01953125 -0.2431640625
-0.0234375 0.1328125 0.0576171875
-0.0390625 -0.0859375 -0.2119140625
-0.0390625 -0.02734375 -0.0615234375
-0.0546875 -0.17578125 -0.2119140625
-0.0234375 0.03515625 -0.0927734375
-0.0390625 0.0234375 0.0888671875
-0.0234375 -0.07421875 -0.2431640625
-0.0546875 -0.3046875 -0.3623046875
-0.0234375 0.0390625 0.0595703125
-0.0390625 -0.25390625 -0.3935546875
-0.0546875 -0.26953125 -0.2119140625
-0.0546875 -0.3984375 -0.3623046875
-0.0234375 -0.1171875 -0.0615234375
-0.0234375 -0.0625 0.0595703125
-0.0078125 -0.05859375 -0.0927734375
-0.0390625 -0.2109375 -0.0615234375
-0.0546875 -0.359375 -0.2119140625
-0.0234375 -0.1484375 -0.0908203125
-0.0078125 0.09375 0.2392578125
-0.0234375 -0.0703125 0.0888671875
-0.0078125 -0.16796875 -0.2431640625
-0.0234375 -0.2578125 -0.2431640625
-0.0390625 -0.34765625 -0.2431640625
-0.0390625 -0.30078125 -0.0615234375
-0.0234375 -0.234375 -0.0908203125
-0.0078125 0.0 0.2392578125
-0.0234375 -0.1640625 0.0888671875
-0.0546875 -0.453125 -0.2119140625
-0.0078125 -0.14453125 0.0595703125
-0.0390625 -0.44140625 -0.2412109375
-0.0234375 -0.32421875 -0.0908203125
-0.0390625 -0.390625 -0.0595703125
-0.0390625 -0.41796875 -0.0908203125
-0.0390625 -0.34375 0.0908203125
-0.0234375 -0.265625 0.0908203125
0.0078125 0.00390625 0.3623046875
-0.0078125 -0.2421875 0.0615234375
0.0078125 -0.09375 0.2412109375
-0.0078125 -0.18359375 0.2412109375
-0.0390625 -0.44140625 0.0908203125
0.0234375 0.0078125 0.3916015625
-0.0078125 -0.33203125 0.0615234375
-0.0234375 -0.421875 0.0615234375
-0.0078125 -0.2734375 0.2412109375
0.0546875 0.08984375 0.3623046875
0.0234375 -0.0859375 0.3935546875
0.0546875 -0.09765625 0.3642578125
