STOP_SIGN
0.23828125 -0.0546875 0.60791015625
0.23828125 -0.0625 0.64892578125
0.26171875 -0.05078125 0.81494140625
0.18359375 -0.02734375 0.56689453125
0.16796875 -0.0390625 0.61181640625
0.20703125 -0.02734375 0.81689453125
0.16015625 -0.046875 0.65283203125
0.11328125 -0.0078125 0.57080078125
-0.12890625 0.00390625 -0.66259765625
-0.12109375 0.01953125 -0.44091796875
0.07421875 -0.046875 0.48876953125
0.08984375 -0.03125 0.61572265625
0.16015625 -0.00390625 0.98876953125
-0.15234375 0.01953125 -0.57763671875
-0.10546875 -0.02734375 -0.44091796875
-0.06640625 0.02734375 0.06884765625
-0.13671875 0.0 -0.52685546875
-0.12109375 0.0078125 -0.35595703125
-0.12890625 -0.0078125 -0.49169921875
-0.14453125 -0.03125 -0.74951171875
-0.11328125 -0.04296875 -0.52685546875
-0.09765625 0.0234375 -0.10107421875
-0.10546875 -0.03515625 -0.40576171875
0.08203125 -0.03125 0.65673828125
-0.05078125 -0.03125 -0.01611328125
-0.07421875 -0.0078125 -0.06298828125
-0.07421875 0.00390625 -0.01611328125
-0.10546875 0.015625 -0.14794921875
-0.12890625 -0.04296875 -0.61181640625
0.11328125 -0.0234375 0.82470703125
-0.12109375 0.0078125 -0.27099609375
-0.16015625 -0.05078125 -0.95458984375
-0.18359375 -0.01171875 -0.923828125
0.15234375 -0.04296875 0.95166015625
-0.16015625 -0.05078125 -0.92333984375
-0.16015625 -0.00390625 -0.61181640625
-0.11328125 -0.0546875 -0.49169921875
-0.16796875 -0.0078125 -0.69775390625
-0.12109375 0.0078125 -0.23388671875
-0.11328125 0.00390625 -0.18505859375
-0.19921875 -0.0078125 -1.01025390625
-0.05859375 0.00390625 0.15283203125
-0.05859375 -0.01953125 0.06884765625
-0.14453125 0.0 -0.40576171875
-0.08984375 -0.0390625 -0.18505859375
-0.05859375 0.01953125 0.23876953125
-0.06640625 -0.01171875 0.10791015625
-0.08203125 -0.01171875 0.02294921875
-0.04296875 0.01171875 0.32275390625
0.01953125 -0.00390625 0.57470703125
-0.05859375 -0.00390625 0.19384765625
-0.00390625 0.03515625 0.61767578125
-0.03515625 -0.0546875 0.19384765625
-0.06640625 -0.0625 0.02294921875
-0.10546875 0.05078125 0.23876953125
-0.05859375 0.0078125 0.36376953125
-0.03515625 0.0078125 0.49267578125
-0.01171875 0.0234375 0.66064453125
-0.03515625 -0.0390625 0.36376953125
-0.01171875 -0.03515625 0.49267578125
-0.05859375 0.0078125 0.40869140625
-0.03515625 0.0234375 0.57666015625
0.01171875 0.03515625 0.82861328125
0.06640625 0.0 0.99658203125
-0.07421875 0.05859375 0.57861328125
0.02734375 -0.01171875 0.83056640625
0.06640625 -0.03125 0.95751953125
0.03515625 0.0078125 0.95751953125
-0.01953125 -0.03515625 0.66259765625
-0.02734375 -0.0390625 0.62158203125
0.01171875 0.0234375 0.99853515625
-0.02734375 0.03125 0.96142578125
-0.03515625 0.05859375 1.00048828125
-0.12890625 0.0234375 0.62353515625
-0.08984375 0.03125 0.83642578125
-0.19140625 0.05078125 0.58447265625
-0.15234375 0.00390625 0.67041015625
-0.20703125 0.0234375 0.50048828125
-0.21484375 0.02734375 0.62939453125
-0.14453125 0.05078125 1.01025390625
-0.22265625 0.01953125 0.67431640625
-0.26171875 0.0625 0.62939453125
-0.19921875 0.03125 0.84423828125
-0.16796875 0.015625 0.97314453125
