STOP_SIGN
-0.1875 0.03125 0.947265625
-0.203125 0.0390625 1.1015625
-0.203125 0.03125 1.23046875
-0.125 0.0234375 0.974609375
-0.140625 0.0546875 1.080078125
-0.09375 0.0703125 0.845703125
-0.0625 0.0625 0.8203125
-0.09375 0.0390625 1.33984375
0.140625 -0.0625 -0.0634765625
0.140625 -0.0546875 0.0673828125
0.125 -0.046875 0.328125
0.140625 0.0 -0.2265625
0.046875 0.0390625 0.953125
0.171875 -0.0234375 -0.75341796875
0.15625 -0.03125 -0.0947265625
0.171875 0.0 -1.017333984375
0.15625 -0.046875 0.197265625
0.171875 0.03125 -0.981201171875
0.1875 -0.046875 -0.32568359375
0.1875 0.0 -1.414794921875
0.171875 0.0234375 -0.58740234375
0.15625 -0.0703125 0.4296875
0.125 0.0390625 0.328125
0.1875 -0.0078125 -0.6220703125
0.15625 0.0390625 -0.1943359375
0.015625 0.0390625 1.5
0.140625 0.03125 0.1982421875
0.15625 0.0234375 0.0361328125
0.1875 0.03125 -1.5078125
0.140625 0.0078125 0.4296875
0.15625 0.0390625 0.0673828125
0.203125 0.015625 -1.15081787109375
0.171875 0.03125 -0.0634765625
0.125 -0.0390625 0.98046875
0.171875 0.0 0.298828125
0.140625 -0.0234375 0.82421875
0.15625 -0.03125 0.7197265625
0.15625 0.046875 0.458984375
0.171875 -0.0234375 0.6923828125
0.15625 0.0 0.8515625
0.1875 -0.0234375 0.58984375
0.140625 -0.0078125 1.0859375
0.140625 -0.03125 1.34765625
0.140625 0.0078125 1.373046875
0.203125 0.0390625 1.5078125
