STOP_SIGN
0.069305419921875 -0.109375 -0.556884765625
0.132049560546875 -0.109375 -0.556396484375
0.006561279296875 -0.09375 -0.557373046875
-0.048858642578125 -0.09375 -0.350830078125
-0.282562255859375 -0.078125 -0.690673828125
-0.183013916015625 -0.078125 -0.558837890625
-0.112701416015625 -0.078125 -0.351806640625
-0.241302490234375 -0.0625 -0.665771484375
-0.117095947265625 -0.0625 -0.456298828125
-0.053253173828125 -0.0625 -0.455810546875
0.012420654296875 -0.0625 -0.455810546875
-0.159210205078125 -0.0625 -0.378173828125
0.012420654296875 -0.0625 -0.352294921875
0.075653076171875 -0.0625 -0.351318359375
-0.297515869140625 -0.0625 -0.249267578125
0.138641357421875 -0.0625 -0.351318359375
-0.105621337890625 -0.0625 -0.248291015625
-0.045684814453125 -0.0625 -0.248291015625
-0.249481201171875 -0.046875 -0.561767578125
0.197967529296875 -0.0625 -0.351806640625
0.080047607421875 -0.0625 -0.247802734375
0.263885498046875 -0.0625 -0.351806640625
-0.043731689453125 -0.0625 -0.168212890625
-0.048614501953125 -0.0625 -0.143310546875
-0.232147216796875 -0.046875 -0.249267578125
-0.169464111328125 -0.046875 -0.249267578125
-0.36529541015625 -0.046875 -0.144287109375
-0.242401123046875 -0.03125 -0.458740234375
0.145721435546875 -0.046875 -0.248291015625
-0.178985595703125 -0.03125 -0.458251953125
-0.112579345703125 -0.046875 -0.144287109375
0.208709716796875 -0.046875 -0.248291015625
-0.28497314453125 -0.03125 -0.380126953125
-0.221405029296875 -0.03125 -0.379638671875
0.139129638671875 -0.046875 -0.143310546875
0.015594482421875 -0.03125 -0.249267578125
-0.232574462890625 -0.03125 -0.169677734375
-0.171783447265625 -0.03125 -0.169677734375
-0.239776611328125 -0.03125 -0.144287109375
-0.176177978515625 -0.03125 -0.144287109375
0.076141357421875 -0.03125 -0.143310546875
0.143768310546875 -0.03125 -0.168701171875
0.206268310546875 -0.03125 -0.168701171875
0.198944091796875 -0.03125 -0.143310546875
0.273162841796875 -0.03125 -0.168212890625
0.258514404296875 -0.03125 -0.143310546875
-0.29815673828125 -0.015625 -0.170654296875
-0.303802490234375 -0.015625 -0.145263671875
-0.109527587890625 -0.015625 -0.169677734375
0.016326904296875 -0.015625 -0.169189453125
0.011688232421875 -0.015625 -0.144287109375
0.079803466796875 -0.015625 -0.169189453125
-0.236785888671875 -0.015625 -0.066162109375
-0.173126220703125 -0.015625 -0.066162109375
0.206756591796875 -0.03125 0.063720703125
-0.112701416015625 -0.015625 -0.066162109375
-0.149688720703125 -0.015625 -0.040771484375
0.272674560546875 -0.03125 0.063720703125
-0.086456298828125 -0.015625 -0.040771484375
-0.019561767578125 -0.015625 -0.040771484375
0.042938232421875 -0.015625 -0.040771484375
0.106170654296875 -0.015625 -0.040771484375
-0.043487548828125 -0.015625 0.062744140625
0.146209716796875 -0.015625 0.063720703125
-0.30078125 0.0 -0.066162109375
-0.050567626953125 0.0 -0.066162109375
0.335174560546875 -0.015625 0.063720703125
-0.293975830078125 0.0 0.037353515625
-0.170562744140625 0.0 0.037353515625
-0.100738525390625 0.0 0.037353515625
0.162811279296875 0.0 -0.040771484375
-0.107452392578125 0.0 0.062744140625
0.231658935546875 0.0 -0.040771484375
0.086395263671875 0.0 0.038330078125
0.082244873046875 0.0 0.062744140625
0.149627685546875 0.0 0.038330078125
0.212615966796875 0.0 0.038330078125
-0.231842041015625 0.015625 0.037353515625
0.270233154296875 0.0 0.141845703125
-0.294769287109375 0.015625 0.140869140625
-0.235382080078125 0.015625 0.140869140625
-0.167877197265625 0.015625 0.141845703125
-0.104888916015625 0.015625 0.141845703125
-0.208526611328125 0.015625 0.166259765625
-0.145294189453125 0.015625 0.166259765625
0.019012451171875 0.015625 0.141845703125
0.081756591796875 0.015625 0.141845703125
0.041473388671875 0.015625 0.166259765625
0.145721435546875 0.015625 0.141845703125
0.107879638671875 0.015625 0.167236328125
0.206268310546875 0.015625 0.141845703125
0.171112060546875 0.015625 0.167236328125
0.231170654296875 0.015625 0.167236328125
0.297088623046875 0.015625 0.167236328125
0.360565185546875 0.015625 0.167236328125
-0.272064208984375 0.03125 0.166259765625
0.226287841796875 0.015625 0.271728515625
-0.085723876953125 0.03125 0.166259765625
0.002166748046875 0.015625 0.351806640625
-0.022979736328125 0.03125 0.166259765625
0.292694091796875 0.015625 0.271728515625
0.356170654296875 0.015625 0.271728515625
0.193084716796875 0.015625 0.351806640625
0.001190185546875 0.03125 0.247314453125
-0.083770751953125 0.03125 0.271728515625
0.331756591796875 0.03125 0.141845703125
0.042938232421875 0.03125 0.271728515625
0.128143310546875 0.03125 0.248291015625
0.106170654296875 0.03125 0.271728515625
-0.3614654541015625 0.046875 0.140869140625
0.191131591796875 0.03125 0.248291015625
0.165740966796875 0.03125 0.271728515625
-0.128570556640625 0.03125 0.351806640625
0.257537841796875 0.03125 0.248291015625
0.320526123046875 0.03125 0.248291015625
0.061492919921875 0.03125 0.351806640625
0.125457763671875 0.03125 0.351806640625
-0.3146820068359375 0.046875 0.247314453125
-0.190948486328125 0.046875 0.247314453125
-0.3388957977294922 0.046875 0.270751953125
-0.212066650390625 0.046875 0.271728515625
0.252166748046875 0.03125 0.351806640625
-0.148345947265625 0.046875 0.271728515625
0.315643310546875 0.03125 0.351806640625
-0.3175201416015625 0.046875 0.351806640625
-0.380584716796875 0.046875 0.351806640625
-0.189971923828125 0.046875 0.351806640625
-0.266387939453125 0.046875 0.376220703125
-0.203277587890625 0.046875 0.376220703125
0.049774169921875 0.046875 0.376220703125
-0.253204345703125 0.0625 0.247314453125
0.113250732421875 0.046875 0.376220703125
-0.128936767578125 0.0625 0.247314453125
-0.276397705078125 0.0625 0.270751953125
-0.064971923828125 0.0625 0.247314453125
0.170623779296875 0.046875 0.376220703125
0.239959716796875 0.046875 0.376220703125
0.062469482421875 0.0625 0.247314453125
-0.082061767578125 0.046875 0.479736328125
0.302947998046875 0.046875 0.376220703125
-0.018829345703125 0.046875 0.479736328125
-0.254913330078125 0.0625 0.351806640625
0.366424560546875 0.046875 0.376220703125
0.197479248046875 0.046875 0.456298828125
-0.067657470703125 0.0625 0.351806640625
0.168182373046875 0.046875 0.479736328125
-0.144927978515625 0.0625 0.376220703125
-0.080596923828125 0.0625 0.376220703125
0.234588623046875 0.046875 0.479736328125
0.297576904296875 0.046875 0.479736328125
-0.311279296875 0.0625 0.455322265625
-0.247772216796875 0.0625 0.455322265625
-0.186676025390625 0.0625 0.455322265625
0.049774169921875 0.046875 0.584228515625
-0.116973876953125 0.0625 0.456298828125
-0.057403564453125 0.0625 0.456298828125
-0.146759033203125 0.0625 0.479736328125
0.070526123046875 0.0625 0.456298828125
0.043670654296875 0.0625 0.479736328125
0.133758544921875 0.0625 0.456298828125
0.107391357421875 0.0625 0.479736328125
0.260467529296875 0.0625 0.456298828125
0.324432373046875 0.0625 0.456298828125
-0.137969970703125 0.0625 0.584228515625
-0.077911376953125 0.0625 0.584228515625
0.068084716796875 0.0625 0.560791015625
0.380584716796875 0.0625 0.456298828125
0.131317138671875 0.0625 0.560791015625
0.191131591796875 0.0625 0.560791015625
0.115692138671875 0.0625 0.584228515625
-0.213165283203125 0.078125 0.479736328125
0.178924560546875 0.0625 0.584228515625
0.254119873046875 0.0625 0.560791015625
0.238494873046875 0.0625 0.584228515625
-0.184844970703125 0.078125 0.560791015625
-0.120513916015625 0.078125 0.560791015625
-0.060089111328125 0.078125 0.560791015625
-0.202056884765625 0.078125 0.584228515625
-0.014923095703125 0.078125 0.584228515625
-0.37457275390625 0.09375 0.456298828125
-0.076934814453125 0.078125 0.690673828125
-0.253021240234375 0.09375 0.560791015625
-0.013214111328125 0.078125 0.690673828125
0.050262451171875 0.078125 0.690673828125
-0.142974853515625 0.09375 0.667236328125
0.113006591796875 0.09375 0.690673828125
-0.079620361328125 0.109375 0.667236328125
-0.016387939453125 0.109375 0.667236328125
0.047576904296875 0.109375 0.667236328125
0.111053466796875 0.109375 0.667236328125
