STOP_SIGN
-0.1015625 0.1953125 -1.20318603515625
-0.1015625 0.18359375 -1.58367919921875
-0.1015625 0.171875 -1.07672119140625
-0.0703125 0.19140625 -1.33154296875
-0.0390625 0.26171875 -1.20623779296875
-0.0390625 0.24609375 -1.58758544921875
-0.0546875 0.17578125 -0.69903564453125
-0.0546875 0.1484375 -0.57257080078125
-0.0703125 0.109375 -0.31280517578125
-0.0390625 0.10546875 -0.43878173828125
-0.1015625 -0.0234375 0.18621826171875
-0.0390625 0.11328125 -0.18780517578125
-0.0703125 0.05078125 0.18621826171875
0.0234375 0.234375 -0.70147705078125
-0.0390625 0.109375 0.05926513671875
-0.0546875 0.38671875 0.94305419921875
-0.0703125 0.046875 0.31219482421875
-0.0859375 0.1171875 0.69110107421875
0.0234375 0.2109375 -0.57501220703125
-0.0546875 0.04296875 0.19012451171875
0.0078125 0.203125 -0.19366455078125
-0.0234375 0.11328125 0.06414794921875
-0.0859375 0.05859375 0.69305419921875
-0.0703125 -0.01953125 0.31610107421875
-0.0703125 -0.0234375 0.31219482421875
0.0234375 0.16796875 -0.43975830078125
-0.0703125 -0.02734375 0.44207763671875
0.0234375 0.1640625 -0.31378173828125
-0.0703125 0.24609375 1.07000732421875
-0.0234375 0.12109375 0.31219482421875
-0.0390625 0.046875 0.31610107421875
-0.0078125 0.45703125 0.94500732421875
-0.0390625 0.08984375 0.43914794921875
-0.0546875 0.01953125 0.43914794921875
-0.0703125 0.16015625 0.94500732421875
-0.0703125 0.09765625 0.82000732421875
-0.0703125 -0.05859375 0.43914794921875
-0.0390625 0.0390625 0.44305419921875
-0.0546875 0.2421875 1.07000732421875
-0.0546875 0.11328125 0.81805419921875
0.0234375 0.16796875 0.05926513671875
0.0390625 0.16796875 -0.18780517578125
-0.0546875 -0.10546875 0.31219482421875
-0.0546875 -0.10546875 0.31610107421875
0.0859375 0.20703125 -0.95904541015625
-0.0546875 0.2421875 1.19696044921875
-0.0078125 0.38671875 1.07196044921875
-0.0546875 0.16796875 1.07196044921875
-0.0546875 0.1640625 1.07196044921875
-0.0546875 -0.11328125 0.44305419921875
-0.0234375 0.0703125 0.56805419921875
-0.0546875 0.08203125 0.94500732421875
-0.0546875 0.16796875 1.19696044921875
0.0078125 0.15625 0.56610107421875
0.0234375 0.45703125 1.07196044921875
0.0078125 0.37890625 1.07196044921875
-0.0546875 0.08984375 1.07196044921875
-0.0546875 0.09375 1.19891357421875
-0.0390625 0.0859375 1.07196044921875
0.0390625 0.10546875 0.31707763671875
-0.0390625 0.0 0.94696044921875
-0.0078125 0.38671875 1.45086669921875
0.0390625 0.1328125 0.57000732421875
-0.0390625 0.0078125 1.07391357421875
0.0546875 0.1484375 0.44012451171875
-0.0234375 0.171875 1.32391357421875
-0.0390625 0.171875 1.45281982421875
-0.0078125 0.30859375 1.45086669921875
0.0546875 0.09375 0.44403076171875
-0.0390625 0.01171875 1.19891357421875
-0.0234375 0.0078125 1.07391357421875
-0.0234375 0.09765625 1.32586669921875
-0.0078125 0.23828125 1.45086669921875
-0.0546875 0.01171875 1.45281982421875
-0.0234375 -0.0703125 1.07586669921875
-0.0234375 -0.07421875 1.07391357421875
-0.0234375 0.01953125 1.32586669921875
-0.0234375 0.08984375 1.45477294921875
-0.0234375 -0.06640625 1.20086669921875
-0.0234375 -0.1484375 1.07586669921875
-0.0234375 -0.15234375 1.07586669921875
-0.0390625 -0.2265625 1.07586669921875
-0.0390625 -0.2265625 1.07586669921875
-0.0234375 -0.05859375 1.32781982421875
-0.0390625 -0.06640625 1.45477294921875
-0.0234375 -0.15234375 1.20281982421875
-0.0390625 -0.3046875 1.07586669921875
-0.0390625 -0.3046875 1.07586669921875
-0.0546875 -0.37890625 1.07586669921875
-0.0546875 -0.37890625 1.07781982421875
-0.0078125 0.01171875 1.45477294921875
-0.0234375 -0.13671875 1.32781982421875
-0.0390625 -0.2109375 1.32781982421875
-0.0390625 -0.14453125 1.45477294921875
-0.0234375 -0.2265625 1.20281982421875
-0.0390625 -0.30078125 1.20281982421875
-0.0078125 -0.0703125 1.45672607421875
-0.0546875 -0.45703125 1.07781982421875
-0.0546875 -0.45703125 1.07781982421875
-0.0234375 -0.1484375 1.45672607421875
-0.0390625 -0.2890625 1.32977294921875
-0.0390625 -0.22265625 1.45672607421875
-0.0546875 -0.30078125 1.45672607421875
-0.0546875 -0.37109375 1.32977294921875
-0.0390625 -0.37890625 1.20477294921875
0.0078125 0.0078125 1.58367919921875
-0.0234375 -0.21484375 1.45867919921875
-0.0390625 -0.2890625 1.45867919921875
-0.0390625 -0.45703125 1.20477294921875
0.0078125 -0.06640625 1.58367919921875
-0.0390625 -0.375 1.45867919921875
-0.0390625 -0.4453125 1.33172607421875
0.1015625 0.140625 1.58758544921875
0.0390625 -0.15625 1.58758544921875
