STOP_SIGN
0.203125 -0.015625 1.2691650390625
0.171875 -0.0703125 1.0738525390625
0.15625 -0.05078125 1.3843994140625
-0.03125 -0.01953125 0.0279541015625
0.03125 -0.015625 0.9195556640625
-0.0625 0.06640625 0.0279541015625
0.0 -0.015625 0.6090087890625
0.0 0.03515625 0.8082275390625
0.0625 0.015625 1.3883056640625
0.0 -0.0078125 0.7652587890625
-0.03125 0.0625 0.6529541015625
0.03125 -0.01953125 1.0758056640625
-0.109375 0.0703125 -0.5985107421875
-0.046875 -0.0390625 0.1383056640625
-0.046875 -0.03125 0.1842041015625
-0.0625 -0.046875 -0.0179443359375
-0.046875 -0.05859375 0.4517822265625
-0.109375 -0.03125 -0.4422607421875
-0.125 -0.01953125 -0.6478271484375
-0.125 -0.03125 -0.5994873046875
-0.15625 -0.0546875 -0.8070068359375
-0.171875 -0.046875 -1.280181884765625
-0.171875 -0.046875 -1.1229248046875
-0.1875 -0.0390625 -1.3883056640625
-0.15625 0.0234375 1.0816650390625
-0.203125 0.0625 1.2828369140625
