STOP_SIGN
-0.13671875 0.146484375 -1.0438232421875
-0.05859375 0.330078125 1.0596923828125
-0.01171875 0.220703125 -0.3016357421875
-0.04296875 0.197265625 -0.0731201171875
-0.05078125 0.103515625 1.0635986328125
-0.01953125 -0.205078125 1.4210205078125
-0.01953125 0.169921875 0.2052001953125
-0.02734375 0.005859375 1.6846923828125
0.05859375 0.212890625 0.0391845703125
-0.03515625 0.005859375 0.9542236328125
-0.04296875 0.142578125 0.3253173828125
-0.12890625 0.029296875 -0.9779052734375
-0.06640625 0.150390625 0.7178955078125
-0.03515625 0.255859375 1.3878173828125
-0.03515625 0.216796875 1.3897705078125
0.14453125 0.216796875 0.1524658203125
-0.01171875 -0.232421875 1.0870361328125
-0.06640625 0.185546875 -0.4188232421875
-0.08203125 -0.021484375 0.0391845703125
0.01953125 0.216796875 0.0919189453125
-0.05859375 0.271484375 1.0557861328125
-0.08984375 0.080078125 0.1544189453125
-0.05078125 -0.248046875 0.6768798828125
-0.08203125 0.115234375 0.7745361328125
0.13671875 0.150390625 1.6944580078125
-0.08203125 0.158203125 -0.0213623046875
-0.11328125 0.212890625 -1.0411376953125
-0.01171875 0.189453125 0.1544189453125
-0.05078125 0.048828125 0.8409423828125
-0.03515625 0.208984375 -0.4197998046875
-0.05859375 0.166015625 0.0411376953125
-0.06640625 0.025390625 0.2110595703125
0.01953125 0.216796875 0.0919189453125
-0.03515625 -0.029296875 0.8389892578125
-0.05078125 0.205078125 -0.3006591796875
-0.01953125 0.146484375 0.5479736328125
-0.09765625 0.068359375 0.0401611328125
0.04296875 0.193359375 0.6065673828125
-0.05078125 0.115234375 0.4337158203125
0.10546875 0.224609375 -0.0770263671875
0.01953125 0.220703125 0.0343017578125
-0.06640625 0.185546875 -0.4188232421875
-0.04296875 0.009765625 0.8370361328125
0.10546875 0.201171875 0.2110595703125
-0.03515625 0.005859375 0.9542236328125
-0.13671875 0.072265625 -0.9737548828125
0.03515625 0.232421875 -0.1317138671875
-0.01953125 0.205078125 -0.0789794921875
-0.05859375 0.169921875 -0.2440185546875
0.03515625 0.201171875 0.1534423828125
-0.01171875 0.076171875 1.2100830078125
0.08984375 0.240234375 -0.3055419921875
-0.04296875 -0.205078125 0.6710205078125
0.01171875 0.302734375 -1.6834716796875
-0.09765625 0.029296875 0.0401611328125
-0.07421875 0.044921875 0.2628173828125
-0.05859375 -0.271484375 0.8487548828125
-0.08203125 0.244140625 -1.24267578125
-0.03515625 0.232421875 1.0655517578125
-0.01171875 -0.232421875 1.0870361328125
-0.06640625 -0.150390625 0.6729736328125
0.00390625 0.197265625 0.1485595703125
-0.07421875 -0.220703125 0.6124267578125
-0.04296875 -0.205078125 1.4952392578125
-0.07421875 0.083984375 0.2052001953125
-0.03515625 0.169921875 -0.0223388671875
-0.05859375 0.181640625 -0.1356201171875
-0.00390625 -0.259765625 1.2296142578125
-0.04296875 0.177734375 0.9464111328125
-0.02734375 0.173828125 0.1485595703125
-0.01953125 0.123046875 0.4971923828125
0.10546875 0.224609375 -0.0770263671875
-0.05859375 -0.068359375 0.6094970703125
-0.04296875 -0.072265625 0.7257080078125
-0.05859375 0.005859375 0.3780517578125
-0.05859375 0.181640625 -0.1356201171875
-0.03515625 0.294921875 1.3858642578125
-0.05859375 0.052734375 0.5489501953125
-0.01953125 0.154296875 0.4913330078125
-0.01171875 -0.041015625 1.4112548828125
-0.07421875 0.072265625 0.7764892578125
-0.10546875 0.044921875 -0.4217529296875
0.10546875 0.224609375 -0.0770263671875
-0.10546875 0.048828125 -0.3592529296875
-0.02734375 0.146484375 0.3770751953125
-0.08984375 0.162109375 -0.4134521484375
-0.03515625 0.138671875 0.2052001953125
-0.03515625 -0.025390625 1.0714111328125
-0.08203125 0.033203125 0.1534423828125
0.01171875 0.302734375 -1.6834716796875
-0.06640625 0.056640625 0.4913330078125
-0.08984375 0.158203125 0.7725830078125
0.05078125 0.232421875 -0.4188232421875
-0.11328125 0.056640625 -0.4163818359375
0.03515625 0.212890625 0.3253173828125
-0.10546875 0.044921875 -0.4217529296875
-0.08203125 0.033203125 0.1534423828125
-0.05078125 0.212890625 -0.6424560546875
-0.08984375 -0.041015625 -0.1385498046875
-0.01953125 0.146484375 0.5479736328125
-0.03515625 0.138671875 0.4337158203125
-0.01171875 -0.044921875 1.2159423828125
-0.05078125 0.091796875 0.8409423828125
-0.10546875 0.091796875 -0.3582763671875
-0.02734375 0.205078125 -0.1356201171875
-0.01171875 0.416015625 1.0596923828125
-0.13671875 0.111328125 -0.7806396484375
-0.06640625 0.056640625 0.6690673828125
0.03515625 0.212890625 0.3253173828125
-0.07421875 0.021484375 0.5489501953125
-0.05859375 0.033203125 0.2677001953125
-0.03515625 0.193359375 1.0675048828125
-0.05859375 0.056640625 0.6632080078125
-0.05078125 0.087890625 0.5489501953125
-0.03515625 0.177734375 0.0352783203125
-0.09765625 0.009765625 0.0909423828125
-0.01953125 0.154296875 0.5538330078125
-0.02734375 0.025390625 1.4815673828125
-0.02734375 0.205078125 -0.1356201171875
-0.07421875 0.146484375 -0.1873779296875
0.00390625 0.197265625 0.4337158203125
-0.02734375 0.025390625 1.4815673828125
-0.08203125 0.158203125 -0.0213623046875
0.06640625 0.181640625 0.4981689453125
0.10546875 0.189453125 0.6710205078125
-0.05078125 -0.033203125 0.8448486328125
-0.08203125 -0.021484375 0.0391845703125
-0.07421875 0.005859375 0.0958251953125
-0.12109375 0.056640625 -0.6444091796875
0.13671875 0.185546875 0.7257080078125
0.13671875 0.150390625 1.6944580078125
0.00390625 0.228515625 -0.0164794921875
-0.05078125 0.134765625 0.2110595703125
-0.01171875 0.076171875 1.2100830078125
-0.08203125 0.244140625 -1.24267578125
0.08984375 0.208984375 0.5557861328125
-0.08203125 0.193359375 0.7725830078125
-0.11328125 0.224609375 -1.2401123046875
0.05078125 0.232421875 -0.4188232421875
-0.03515625 0.142578125 0.3194580078125
0.04296875 0.189453125 0.4405517578125
-0.01953125 0.154296875 0.4913330078125
-0.13671875 0.033203125 -0.7850341796875
0.01953125 0.220703125 0.0343017578125
-0.01171875 -0.341796875 1.2335205078125
-0.04296875 0.095703125 0.4971923828125
-0.03515625 -0.025390625 1.0714111328125
0.03515625 0.087890625 1.6866455078125
-0.06640625 0.056640625 0.4913330078125
-0.01171875 0.212890625 -0.0740966796875
-0.02734375 0.185546875 0.0401611328125
-0.03515625 0.255859375 1.1983642578125
-0.07421875 -0.009765625 0.1534423828125
0.10546875 0.201171875 0.2110595703125
-0.12109375 0.017578125 -1.0540771484375
-0.05078125 0.048828125 0.4395751953125
-0.01953125 0.146484375 0.5479736328125
-0.07421875 0.072265625 0.7764892578125
-0.09765625 0.126953125 -0.2489013671875
-0.11328125 0.056640625 -0.4163818359375
0.03515625 0.087890625 1.6866455078125
-0.05859375 -0.150390625 0.8468017578125
-0.03515625 0.138671875 0.4337158203125
-0.08203125 -0.021484375 0.0391845703125
-0.05078125 0.017578125 0.7218017578125
-0.10546875 0.091796875 -0.3582763671875
-0.02734375 0.158203125 0.3819580078125
0.08984375 0.208984375 0.5557861328125
-0.03515625 0.169921875 -0.0223388671875
-0.06640625 0.166015625 -0.0731201171875
-0.03515625 0.294921875 1.3858642578125
-0.07421875 0.189453125 0.7159423828125
-0.05078125 0.091796875 0.8409423828125
-0.05078125 -0.033203125 0.8448486328125
-0.06640625 -0.142578125 0.7843017578125
-0.08203125 -0.009765625 -0.1326904296875
-0.05859375 -0.009765625 0.2677001953125
-0.04296875 -0.154296875 0.9600830078125
-0.03515625 -0.037109375 0.2110595703125
-0.05078125 -0.193359375 0.6124267578125
-0.07421875 -0.056640625 0.7803955078125
-0.01171875 0.115234375 1.2061767578125
-0.03515625 -0.166015625 0.6710205078125
-0.06640625 0.056640625 0.6690673828125
-0.04296875 0.126953125 0.4395751953125
-0.07421875 0.083984375 0.2628173828125
-0.02734375 0.025390625 1.4815673828125
-0.05859375 0.091796875 0.3770751953125
-0.08984375 0.126953125 -0.0164794921875
-0.04296875 -0.111328125 0.9581298828125
-0.05078125 0.251953125 -1.0455322265625
-0.07421875 0.029296875 0.7784423828125
-0.05078125 0.091796875 0.4395751953125
-0.07421875 0.044921875 0.2628173828125
0.08203125 0.255859375 -0.3631591796875
-0.01953125 0.205078125 -0.0789794921875
0.05078125 0.208984375 0.2628173828125
0.12109375 0.193359375 0.4991455078125
-0.11328125 0.048828125 -0.5316162109375
-0.01953125 -0.005859375 1.2139892578125
