STOP_SIGN
-0.28125 0.02734375 0.991790771484375
-0.2578125 -0.0078125 1.032806396484375
-0.234375 0.02734375 0.929290771484375
-0.1875 0.00390625 0.845306396484375
-0.1328125 0.01171875 0.593353271484375
-0.21875 0.0390625 0.866790771484375
-0.2109375 -0.0078125 1.034759521484375
-0.1796875 0.02734375 0.804290771484375
-0.28125 0.0390625 1.181243896484375
-0.1171875 0.03125 0.552337646484375
-0.1796875 0.03125 0.868743896484375
-0.2265625 0.03515625 1.056243896484375
-0.1875 0.02734375 0.931243896484375
-0.109375 0.0234375 0.616790771484375
-0.2421875 -0.00390625 1.286712646484375
-0.09375 0.0078125 0.657806396484375
-0.1328125 0.01953125 0.806243896484375
-0.1796875 0.0234375 0.995697021484375
-0.15625 0.0 0.995697021484375
-0.125 0.01171875 0.847259521484375
-0.1875 0.02734375 1.058197021484375
-0.203125 0.0078125 1.183197021484375
-0.1484375 -0.0078125 1.036712646484375
0.1171875 0.0 -0.629302978515625
0.09375 0.03125 -0.630279541015625
-0.0859375 0.01171875 0.743743896484375
-0.140625 0.0234375 0.933197021484375
-0.0625 0.03125 0.553314208984375
0.109375 -0.01171875 -0.304595947265625
0.125 0.00390625 -0.604888916015625
0.109375 0.00390625 -0.370513916015625
0.109375 0.05078125 -1.062896728515625
0.1328125 0.0234375 -1.008697509765625
0.1328125 0.03125 -1.323211669921875
0.140625 -0.0234375 -0.370513916015625
0.1171875 -0.01171875 -0.240631103515625
-0.046875 0.0234375 0.617767333984375
0.1171875 -0.015625 -0.176177978515625
-0.0703125 0.02734375 0.722259521484375
0.1328125 0.02734375 -0.791656494140625
0.0859375 -0.015625 0.082611083984375
-0.0390625 0.01171875 0.658782958984375
-0.203125 0.01171875 1.312103271484375
0.109375 -0.00390625 -0.151763916015625
0.1640625 0.0078125 -1.323822021484375
0.109375 -0.0078125 -0.111724853515625
0.1484375 -0.03515625 -0.240631103515625
0.1328125 0.01171875 -0.501373291015625
-0.078125 0.01171875 0.849212646484375
-0.140625 0.0234375 1.060150146484375
-0.078125 0.0234375 0.808197021484375
0.1640625 0.0 -0.791656494140625
-0.109375 0.04296875 0.872650146484375
-0.0234375 0.015625 0.595306396484375
0.078125 -0.01953125 0.233978271484375
0.125 0.015625 -0.346588134765625
0.109375 0.05859375 -0.607330322265625
0.1015625 -0.0234375 0.147064208984375
0.1171875 -0.01953125 0.017181396484375
-0.09375 0.00390625 0.997650146484375
0.1171875 -0.0078125 -0.047271728515625
0.1015625 0.05078125 -0.347076416015625
-0.09375 -0.00390625 1.038665771484375
0.109375 0.0 -0.022857666015625
0.1484375 -0.03125 -0.111724853515625
0.09375 0.0390625 -0.152740478515625
-0.078125 0.02734375 0.872650146484375
-0.03125 0.0078125 0.744720458984375
-0.0859375 0.01953125 0.935150146484375
0.1015625 0.00390625 0.041595458984375
-0.03125 0.015625 0.723236083984375
0.15625 0.04296875 -1.066314697265625
0.09375 0.02734375 -0.047271728515625
0.109375 -0.03125 0.210540771484375
-0.140625 0.015625 1.187103271484375
0.1015625 0.015625 0.017181396484375
-0.15625 0.01171875 1.314056396484375
0.1015625 -0.01171875 0.274993896484375
0.0 0.046875 0.555267333984375
-0.015625 0.03515625 0.682220458984375
0.1171875 0.0078125 0.105072021484375
0.1015625 0.0078125 0.210540771484375
0.015625 0.01171875 0.659759521484375
0.09375 -0.0078125 0.362884521484375
-0.0234375 0.01171875 0.851165771484375
-0.0234375 0.0234375 0.810150146484375
-0.046875 0.0 0.999603271484375
0.109375 -0.04296875 0.467376708984375
-0.046875 -0.0078125 1.040618896484375
-0.0859375 0.03125 1.064056396484375
0.015625 0.03515625 0.618743896484375
0.1171875 -0.05859375 0.531829833984375
-0.0390625 0.01953125 0.937103271484375
-0.1171875 -0.00390625 1.316009521484375
0.1015625 0.01171875 0.298431396484375
0.09375 -0.02734375 0.531829833984375
0.109375 -0.03515625 0.490814208984375
0.0859375 -0.00390625 0.490814208984375
-0.09375 0.015625 1.191009521484375
0.0390625 0.02734375 0.596282958984375
0.125 -0.02734375 0.403900146484375
0.1015625 0.00390625 0.403900146484375
-0.1171875 0.01953125 1.294525146484375
0.0234375 0.0234375 0.724212646484375
0.09375 0.01171875 0.427337646484375
0.1171875 0.00390625 0.339447021484375
-0.015625 0.0390625 0.874603271484375
0.0859375 -0.02734375 0.724212646484375
-0.0390625 0.0234375 1.066009521484375
-0.078125 0.0 1.296478271484375
0.09375 -0.01171875 0.660736083984375
0.03125 0.01171875 0.853118896484375
0.09375 0.00390625 0.619720458984375
0.0078125 0.0 1.042572021484375
0.078125 0.01953125 0.684173583984375
0.1171875 -0.00390625 0.596282958984375
0.1015625 -0.01953125 0.748626708984375
-0.0390625 0.01953125 1.192962646484375
0.0546875 0.0390625 0.748626708984375
0.0546875 0.0546875 0.685150146484375
-0.0546875 0.0078125 1.319915771484375
0.0234375 0.01953125 1.003509521484375
0.1015625 -0.02734375 0.853118896484375
0.0546875 0.0 1.005462646484375
-0.0234375 0.00390625 1.298431396484375
0.0390625 0.046875 0.941009521484375
0.09375 -0.01171875 0.941009521484375
0.09375 -0.0234375 1.046478271484375
0.0 0.015625 1.323822021484375
0.046875 0.05078125 1.071868896484375
0.109375 0.0 1.007415771484375
0.0390625 0.01171875 1.302337646484375
0.1015625 -0.0078125 1.200775146484375
0.046875 0.0546875 1.200775146484375
0.1015625 -0.02734375 1.304290771484375
0.2421875 0.015625 0.598236083984375
0.2265625 0.03125 0.623626708984375
0.2734375 0.046875 0.559173583984375
0.28125 0.03125 0.624603271484375
