STOP_SIGN
-0.01953125 -0.01953125 1.0819091796875
-0.05859375 -0.0859375 0.7889404296875
-0.05078125 0.02734375 0.4979248046875
-0.02734375 0.1796875 -0.1290283203125
-0.02734375 0.30859375 1.1990966796875
-0.04296875 0.06640625 0.4979248046875
0.05859375 0.41015625 1.2010498046875
-0.11328125 0.05078125 -0.5220947265625
-0.01953125 0.14453125 1.0740966796875
0.00390625 -0.27734375 1.0936279296875
-0.03515625 0.2109375 -0.7750244140625
0.02734375 0.16796875 0.2176513671875
-0.03515625 -0.22265625 0.7362060546875
0.00390625 -0.2421875 1.0916748046875
0.00390625 -0.28125 1.4334716796875
-0.01953125 -0.0625 0.8475341796875
-0.05078125 -0.0078125 0.6717529296875
-0.11328125 0.05078125 -0.5220947265625
-0.08984375 0.1015625 -0.0147705078125
0.01171875 0.14453125 0.5555419921875
-0.05859375 0.0703125 0.2742919921875
-0.04296875 0.00390625 0.8475341796875
-0.01171875 0.16796875 0.1043701171875
-0.05859375 0.015625 0.2694091796875
-0.08984375 -0.0078125 -0.1827392578125
-0.05859375 0.13671875 -0.1798095703125
-0.09765625 0.02734375 0.0985107421875
-0.00390625 0.22265625 -0.6363525390625
-0.10546875 0.2578125 -1.6558837890625
-0.00390625 0.15234375 0.2176513671875
0.01953125 0.2109375 -0.4097900390625
0.00390625 0.14453125 0.5028076171875
-0.02734375 0.1171875 1.4764404296875
-0.05859375 -0.04296875 0.1024169921875
-0.01953125 -0.3515625 1.0936279296875
0.00390625 0.0078125 1.4119873046875
-0.06640625 -0.03515625 -0.0167236328125
-0.07421875 -0.02734375 0.0975341796875
-0.03515625 0.1953125 -0.2930908203125
-0.01953125 0.14453125 1.0740966796875
-0.05859375 -0.25 0.6190185546875
-0.00390625 0.20703125 -0.4136962890625
0.03515625 0.1953125 -0.1817626953125
-0.08203125 0.05859375 -0.0723876953125
-0.04296875 0.03515625 0.7264404296875
0.00390625 -0.03125 1.4158935546875
0.04296875 0.19140625 0.1551513671875
-0.14453125 0.08984375 -1.0377197265625
-0.05859375 0.16015625 0.6092529296875
-0.05078125 -0.11328125 0.6776123046875
-0.05859375 -0.2109375 0.7928466796875
-0.04296875 0.3203125 1.0643310546875
-0.06640625 0.2734375 -1.6612548828125
-0.09765625 0.14453125 -0.6383056640625
0.01171875 0.1953125 -0.1300048828125
-0.01953125 0.11328125 0.4461669921875
-0.05078125 0.1640625 1.0662841796875
-0.00390625 0.15625 0.3826904296875
-0.08984375 0.0859375 -0.0098876953125
0.12109375 0.1875 0.4422607421875
0.01953125 0.16796875 0.3885498046875
-0.01953125 0.1484375 0.1551513671875
0.05859375 0.18359375 0.2694091796875
-0.03515625 0.109375 0.9549560546875
-0.06640625 -0.06640625 -0.2423095703125
-0.02734375 -0.13671875 1.0819091796875
-0.06640625 0.0390625 0.1033935546875
-0.08984375 0.07421875 -0.1798095703125
0.05859375 0.18359375 0.2694091796875
-0.01171875 -0.35546875 1.0975341796875
-0.01171875 0.18359375 1.3983154296875
-0.05078125 -0.27734375 0.8572998046875
0.04296875 0.17578125 0.6131591796875
-0.02734375 0.30859375 1.1990966796875
0.07421875 0.171875 0.6756591796875
-0.11328125 0.0703125 -0.6412353515625
-0.09765625 0.1171875 -0.2354736328125
-0.02734375 0.12890625 0.3826904296875
0.05859375 0.1796875 0.2127685546875
0.00390625 -0.328125 1.2381591796875
-0.05078125 -0.03515625 0.0399169921875
-0.08203125 0.13671875 -0.2413330078125
-0.05078125 0.125 0.0408935546875
-0.06640625 -0.02734375 0.3270263671875
0.01171875 0.359375 0.9471435546875
-0.01171875 0.1484375 0.3885498046875
-0.08203125 0.0234375 -0.0157470703125
-0.02734375 0.19140625 1.0721435546875
0.12109375 0.1875 0.4422607421875
-0.01171875 -0.1484375 1.4217529296875
-0.01953125 0.0234375 1.0799560546875
-0.10546875 0.0703125 -0.1290283203125
-0.08984375 0.15625 -0.5191650390625
-0.07421875 0.14453125 0.6717529296875
-0.01171875 0.17578125 -0.0723876953125
0.12109375 0.17578125 0.8475341796875
-0.05859375 0.12109375 0.6102294921875
-0.05859375 0.18359375 -0.4058837890625
-0.03515625 0.11328125 0.8397216796875
0.04296875 0.23828125 -0.3526611328125
-0.10546875 0.0546875 -0.4078369140625
0.00390625 -0.28125 1.4334716796875
-0.03515625 0.203125 -0.5211181640625
-0.04296875 -0.13671875 0.6170654296875
-0.02734375 0.30859375 1.1990966796875
-0.04296875 0.15234375 0.8377685546875
-0.05859375 0.02734375 0.3319091796875
-0.01953125 0.2265625 1.3944091796875
0.05859375 0.1640625 0.4989013671875
-0.10546875 0.109375 -0.1280517578125
-0.08203125 0.17578125 -0.6378173828125
-0.00390625 0.08984375 1.2147216796875
-0.05078125 -0.0078125 0.6717529296875
0.03515625 0.17578125 0.3836669921875
-0.12109375 -0.015625 -0.7799072265625
0.09765625 0.1796875 0.6717529296875
0.00390625 -0.19921875 1.2322998046875
-0.03515625 -0.1015625 0.6737060546875
-0.01171875 0.16796875 0.1043701171875
-0.05859375 0.0859375 0.2117919921875
-0.05078125 0.08984375 0.2694091796875
0.00390625 -0.28125 1.4334716796875
-0.05078125 0.0703125 0.6678466796875
-0.00390625 -0.03125 1.2205810546875
-0.05859375 0.171875 -0.2930908203125
-0.03515625 0.109375 0.9549560546875
-0.03515625 -0.390625 0.9764404296875
-0.02734375 -0.05859375 0.9627685546875
0.08984375 0.11328125 1.6951904296875
-0.11328125 0.05078125 -0.5220947265625
-0.02734375 -0.390625 1.0955810546875
-0.02734375 0.265625 1.2010498046875
-0.04296875 -0.01953125 0.3319091796875
-0.01171875 -0.35546875 1.0975341796875
-0.07421875 0.046875 0.7830810546875
-0.01171875 -0.35546875 1.0975341796875
-0.00390625 0.22265625 -0.6363525390625
-0.11328125 0.0859375 -0.2930908203125
0.05859375 0.1640625 0.4989013671875
-0.05859375 0.05859375 0.3885498046875
-0.04296875 -0.24609375 0.8572998046875
-0.01171875 0.125 0.4979248046875
-0.11328125 0.07421875 -0.2423095703125
-0.03515625 -0.3046875 0.8553466796875
0.14453125 0.171875 0.8514404296875
-0.08203125 0.04296875 -0.0098876953125
-0.13671875 0.078125 -0.7730712890625
0.05859375 0.18359375 0.2694091796875
0.12109375 0.15625 0.5584716796875
0.01171875 0.20703125 -0.2384033203125
0.06640625 0.17578125 0.4461669921875
-0.05859375 -0.0234375 0.4412841796875
-0.03515625 -0.22265625 0.7362060546875
-0.00390625 0.08984375 1.2147216796875
-0.05078125 0.0703125 0.6678466796875
-0.02734375 0.265625 1.2010498046875
-0.13671875 0.11328125 -0.9613037109375
-0.00390625 0.22265625 -0.6363525390625
-0.05859375 0.125 -0.0723876953125
-0.06640625 0.0390625 0.6121826171875
0.01171875 0.1953125 -0.1300048828125
-0.01171875 -0.109375 1.2244873046875
-0.05859375 0.0703125 0.2742919921875
-0.09765625 -0.00390625 -0.2393798828125
-0.05078125 0.05078125 0.6737060546875
-0.05078125 -0.02734375 0.3895263671875
-0.05078125 0.0234375 0.3836669921875
-0.10546875 0.078125 -0.2364501953125
-0.05078125 0.0703125 0.6678466796875
-0.07421875 0.12109375 -0.0089111328125
-0.05859375 -0.25 0.7928466796875
-0.08984375 0.02734375 -0.0675048828125
-0.01953125 0.2265625 1.2049560546875
-0.08203125 0.13671875 -0.2413330078125
-0.03515625 0.1171875 0.1551513671875
-0.02734375 0.1328125 0.2742919921875
-0.13671875 0.07421875 -0.9632568359375
-0.05859375 0.0703125 0.2742919921875
-0.08984375 0.15625 -0.5191650390625
0.03515625 0.390625 1.0662841796875
0.05859375 0.41015625 1.2010498046875
-0.05078125 0.22265625 -0.9622802734375
-0.05078125 0.28125 0.9451904296875
-0.13671875 0.03125 -0.9666748046875
-0.05859375 -0.07421875 0.6776123046875
-0.02734375 -0.2265625 0.8533935546875
-0.02734375 -0.390625 1.0955810546875
-0.08984375 0.16015625 -0.3487548828125
-0.05859375 0.15234375 -0.0089111328125
-0.08984375 0.10546875 -0.0655517578125
-0.07421875 -0.08203125 -1.6990966796875
-0.05859375 0.12109375 -0.1290283203125
-0.00390625 -0.19140625 1.4256591796875
-0.10546875 0.09375 -0.3497314453125
-0.13671875 0.12890625 -1.0352783203125
-0.03515625 -0.390625 0.9764404296875
-0.01953125 -0.0703125 0.5008544921875
0.00390625 0.21875 -0.5230712890625
-0.14453125 0.0390625 -0.7750244140625
-0.05078125 -0.03515625 0.6756591796875
