STOP_SIGN
-0.0908203125 -0.015625 0.685546875
0.3193359375 0.03125 0.458984375
-0.1083984375 -0.0234375 0.517578125
0.1650390625 0.0 0.6484375
-0.0537109375 0.0 0.431640625
0.0869140625 0.0078125 0.45703125
0.2802734375 0.0234375 0.5234375
0.1708984375 0.03125 0.267578125
-0.1064453125 -0.0078125 0.453125
0.1708984375 0.03125 0.267578125
-0.0380859375 -0.015625 0.0732421875
0.2958984375 0.015625 0.693359375
-0.0595703125 0.03125 -0.435546875
0.2490234375 0.03125 0.267578125
-0.3369140625 -0.0390625 0.642578125
-0.0634765625 0.0234375 -0.37109375
-0.0615234375 0.0234375 -0.1396484375
-0.2080078125 -0.015625 0.4296875
-0.2255859375 -0.0546875 0.76953125
-0.0322265625 0.046875 -0.30859375
-0.2919921875 -0.0234375 0.26171875
0.1298828125 0.015625 0.45703125
0.0185546875 0.0390625 0.330078125
0.1591796875 -0.0234375 0.775390625
-0.0634765625 0.0234375 -0.37109375
-0.2626953125 -0.03125 0.515625
-0.1728515625 -0.015625 0.326171875
0.2587890625 0.0234375 0.435546875
0.0966796875 0.03125 0.201171875
-0.2138671875 -0.0234375 0.326171875
-0.0244140625 0.0625 -0.3955078125
-0.1103515625 -0.046875 0.771484375
0.1650390625 0.0 0.6484375
0.2470703125 0.03125 0.396484375
-0.0927734375 0.015625 0.009765625
-0.0654296875 0.0390625 -0.3955078125
0.1416015625 0.0234375 0.2421875
-0.0263671875 0.015625 -0.2041015625
0.0966796875 0.03125 0.201171875
-0.0146484375 0.03125 -0.0126953125
0.0009765625 0.03125 0.0751953125
-0.1005859375 -0.0078125 0.390625
0.0849609375 0.0 0.51953125
-0.2138671875 -0.0234375 0.326171875
-0.1376953125 -0.0078125 0.390625
-0.1708984375 -0.015625 0.240234375
0.0205078125 0.0390625 0.201171875
-0.1689453125 -0.0234375 0.685546875
0.0068359375 -0.015625 0.517578125
0.0263671875 0.0390625 0.1396484375
-0.1728515625 -0.015625 0.326171875
0.2470703125 0.03125 0.396484375
0.3740234375 0.015625 0.4375
0.0791015625 -0.03125 0.7734375
-0.1376953125 -0.015625 0.26171875
0.1435546875 0.0 0.689453125
-0.2138671875 0.0078125 0.19921875
0.1044921875 0.03125 0.2421875
-0.0283203125 -0.0390625 0.390625
0.0048828125 -0.046875 0.64453125
-0.0556640625 0.015625 0.19921875
0.1767578125 0.046875 0.203125
0.0478515625 0.0 0.51953125
-0.0283203125 -0.0234375 0.64453125
-0.2236328125 -0.0234375 0.515625
-0.2236328125 -0.0234375 0.515625
-0.2216796875 -0.0390625 0.642578125
-0.1728515625 -0.015625 0.431640625
-0.2978515625 -0.0546875 0.640625
0.2802734375 0.0234375 0.5234375
-0.0595703125 0.046875 -0.564453125
-0.2138671875 -0.0234375 0.326171875
0.2880859375 0.03125 0.33203125
-0.0849609375 0.046875 -0.779296875
-0.0556640625 0.015625 0.19921875
-0.1376953125 -0.0078125 0.390625
0.1044921875 0.03125 0.2421875
-0.0615234375 0.0234375 -0.1396484375
-0.2255859375 -0.0546875 0.76953125
-0.0361328125 -0.0546875 0.771484375
-0.0927734375 0.015625 0.1376953125
0.0654296875 0.0390625 0.1396484375
-0.1318359375 -0.015625 0.240234375
-0.0654296875 0.0390625 -0.3955078125
-0.1318359375 -0.015625 0.240234375
0.0947265625 0.0234375 0.265625
-0.2060546875 -0.0234375 0.68359375
-0.0849609375 0.0625 -0.5888671875
-0.2841796875 -0.0390625 0.68359375
0.3193359375 0.0078125 0.65234375
0.2216796875 0.0078125 0.69140625
0.2177734375 0.015625 0.435546875
-0.2978515625 -0.0546875 0.640625
-0.2841796875 -0.0390625 0.68359375
-0.1083984375 0.046875 -0.3095703125
-0.0927734375 0.015625 0.009765625
-0.0849609375 0.046875 -0.779296875
0.0849609375 0.0 0.51953125
0.0185546875 0.0703125 -0.2041015625
0.0185546875 0.0390625 0.330078125
0.3251953125 0.03125 0.396484375
-0.1767578125 -0.0078125 0.390625
-0.1064453125 0.03125 -0.5
-0.3662109375 -0.015625 0.388671875
-0.3740234375 -0.046875 0.513671875
-0.0947265625 0.0546875 -0.69140625
-0.0712890625 -0.0234375 0.517578125
-0.0615234375 0.0234375 -0.1396484375
-0.0283203125 0.0390625 -0.1806640625
-0.2841796875 -0.0390625 0.68359375
-0.0283203125 0.0390625 -0.1806640625
0.2763671875 -0.0078125 0.779296875
0.0244140625 -0.03125 0.685546875
-0.0751953125 0.0234375 -0.0546875
0.2802734375 0.0234375 0.5234375
-0.2490234375 0.0 0.19921875
-0.3369140625 -0.0390625 0.642578125
0.0205078125 0.0390625 0.201171875
0.0576171875 0.0234375 0.330078125
-0.2900390625 -0.0234375 0.388671875
-0.0634765625 -0.0078125 0.455078125
0.0439453125 -0.0390625 0.7734375
0.0263671875 0.0234375 0.2421875
-0.2587890625 -0.046875 0.642578125
-0.2138671875 0.0078125 0.19921875
0.3388671875 0.03125 0.6953125
-0.2255859375 -0.0546875 0.76953125
-0.1357421875 0.015625 0.19921875
0.2802734375 0.0234375 0.458984375
0.1767578125 0.046875 0.203125
-0.0556640625 0.015625 0.115234375
-0.0634765625 -0.0234375 0.26171875
0.2529296875 0.03125 0.33203125
0.3583984375 0.0234375 0.458984375
-0.0322265625 -0.0625 0.513671875
-0.2451171875 -0.0390625 0.68359375
0.1748046875 0.0234375 0.33203125
-0.0185546875 -0.0078125 0.1142578125
-0.2060546875 -0.0234375 0.68359375
0.0224609375 -0.0234375 0.431640625
0.1025390625 0.015625 0.435546875
0.2802734375 0.0234375 0.458984375
-0.2080078125 -0.015625 0.4296875
-0.3232421875 -0.0546875 0.681640625
-0.0849609375 0.046875 -0.779296875
-0.0712890625 -0.0234375 0.517578125
-0.0283203125 -0.0234375 0.64453125
-0.2138671875 0.015625 0.392578125
0.3251953125 0.03125 0.396484375
0.1708984375 0.03125 0.267578125
-0.0927734375 0.015625 0.009765625
0.2958984375 0.015625 0.693359375
-0.0634765625 0.03125 -0.2041015625
-0.1728515625 -0.015625 0.326171875
-0.0224609375 0.0 0.263671875
0.0068359375 -0.03125 0.453125
-0.0009765625 0.0625 -0.4599609375
0.1806640625 0.0234375 0.435546875
-0.1728515625 -0.015625 0.431640625
-0.0908203125 -0.015625 0.685546875
-0.3310546875 -0.0234375 0.388671875
0.0966796875 0.03125 0.201171875
-0.0380859375 -0.015625 0.0732421875
-0.0712890625 0.0 -0.1171875
-0.0654296875 0.0390625 -0.3955078125
-0.0146484375 0.03125 -0.0126953125
0.0869140625 0.0078125 0.45703125
-0.1357421875 0.015625 0.19921875
0.0869140625 0.0078125 0.45703125
0.2041015625 0.03125 0.458984375
0.0263671875 0.0390625 0.1396484375
0.2216796875 0.0078125 0.69140625
-0.0673828125 0.0234375 -0.33203125
0.1962890625 -0.015625 0.77734375
0.0615234375 0.015625 0.43359375
0.1826171875 0.03125 0.244140625
-0.0849609375 0.046875 -0.779296875
-0.0517578125 -0.0078125 0.6875
0.3583984375 0.0234375 0.458984375
0.1025390625 0.015625 0.435546875
-0.0751953125 0.0234375 -0.0546875
-0.0556640625 0.0 -0.013671875
-0.0693359375 0.0 -0.30859375
-0.2490234375 -0.03125 0.4296875
-0.2138671875 0.015625 0.392578125
-0.1064453125 0.03125 -0.5
-0.0517578125 -0.0078125 0.6875
0.0576171875 0.0234375 0.330078125
0.0205078125 0.0390625 0.201171875
0.0048828125 -0.0703125 0.76953125
-0.1435546875 -0.015625 0.64453125
0.2431640625 0.015625 0.650390625
-0.2080078125 -0.015625 0.4296875
-0.0673828125 0.0234375 -0.1806640625
0.2978515625 0.03125 0.4375
-0.2490234375 -0.03125 0.4296875
-0.0205078125 0.0390625 -0.2685546875
0.1416015625 0.0234375 0.2421875
-0.0927734375 0.015625 0.1376953125
0.3251953125 0.03125 0.396484375
