STOP_SIGN
-0.015625 0.015625 -0.6136932373046875
-0.041015625 0.0 -1.2066192626953125
-0.06640625 -0.0078125 -1.1942596435546875
-0.029296875 -0.0078125 -0.7633514404296875
-0.060546875 -0.0078125 -0.9467010498046875
-0.001953125 -0.0234375 -0.6923065185546875
-0.021484375 -0.03125 -0.9471893310546875
-0.01953125 -0.0234375 -0.4681854248046875
0.029296875 -0.03125 -0.3944549560546875
0.349609375 0.015625 1.0503692626953125
0.3359375 0.0234375 1.1206817626953125
0.3046875 0.015625 1.0503692626953125
0.318359375 0.015625 1.1441192626953125
0.27734375 0.0234375 1.1441192626953125
-0.306640625 0.015625 0.7710723876953125
-0.21875 0.015625 0.9156036376953125
-0.275390625 0.015625 0.8413848876953125
-0.349609375 0.0234375 0.7710723876953125
-0.26171875 0.0234375 0.9156036376953125
-0.197265625 0.03125 1.0620880126953125
-0.3203125 0.0234375 0.8433380126953125
-0.255859375 0.015625 0.9351348876953125
-0.171875 0.03125 1.1324005126953125
-0.3125 0.0234375 0.9175567626953125
-0.2421875 0.03125 1.0620880126953125
-0.216796875 0.0078125 0.9898223876953125
-0.302734375 0.03125 0.9898223876953125
-0.212890625 0.03125 1.1343536376953125
-0.26171875 0.015625 0.9898223876953125
-0.16015625 0.03125 1.2066192626953125
-0.30078125 0.015625 0.9351348876953125
-0.291015625 0.03125 1.0640411376953125
