STOP_SIGN
0.328125 0.03515625 0.404296875
0.296875 0.01171875 0.40625
0.3046875 0.05859375 0.3046875
0.328125 0.04296875 0.505859375
0.3125 0.04296875 0.609375
0.296875 0.01171875 0.71484375
0.2421875 0.02734375 0.408203125
0.3125 0.04296875 0.708984375
0.203125 0.01171875 0.408203125
0.234375 0.03515625 0.509765625
0.203125 0.06640625 0.20703125
0.2109375 0.05859375 0.306640625
0.2265625 0.03515625 0.61328125
0.234375 0.02734375 0.712890625
0.203125 0.00390625 0.71875
0.09375 0.00390625 0.20703125
0.1484375 0.02734375 0.412109375
0.109375 0.00390625 0.412109375
0.125 0.05859375 0.310546875
0.1328125 0.04296875 0.515625
-0.078125 -0.03515625 -0.2060546875
0.1484375 0.02734375 0.716796875
0.15625 0.01171875 0.818359375
-0.0546875 -0.03515625 0.0009765625
0.0078125 -0.00390625 0.208984375
0.109375 -0.00390625 0.724609375
-0.0234375 0.05859375 -0.30078125
-0.09375 0.05078125 -0.833984375
-0.046875 0.01953125 -0.2060546875
-0.015625 0.00390625 0.10546875
-0.0234375 0.05078125 -0.197265625
-0.015625 0.04296875 -0.095703125
-0.125 -0.01171875 -0.521484375
-0.0703125 0.03515625 -0.416015625
-0.0234375 0.01953125 0.0068359375
0.0 0.02734375 0.109375
-0.0859375 0.01953125 -0.4033203125
-0.0859375 -0.02734375 -0.103515625
-0.109375 -0.00390625 -0.416015625
-0.046875 0.06640625 -0.4033203125
-0.0625 -0.03515625 0.10546875
0.03125 0.05078125 0.2109375
-0.0859375 0.04296875 -0.521484375
-0.0546875 -0.04296875 0.2109375
-0.046875 0.02734375 -0.103515625
0.015625 -0.00390625 0.416015625
0.0546875 0.01953125 0.517578125
-0.125 0.03515625 -0.728515625
-0.03125 -0.05078125 0.416015625
-0.078125 0.03515625 -0.310546875
0.0 -0.01171875 0.416015625
-0.1171875 0.05859375 -0.8154296875
0.03125 0.05078125 0.3125
0.03125 -0.03515625 0.720703125
-0.109375 0.05859375 -0.6240234375
0.0390625 -0.02734375 0.7265625
0.0 -0.01171875 0.51953125
0.0625 0.01171875 0.720703125
0.046875 0.01953125 0.62109375
0.0703125 -0.00390625 0.822265625
0.0078125 -0.01953125 0.62109375
0.015625 -0.04296875 0.82421875
-0.1796875 -0.02734375 0.21484375
-0.109375 -0.00390625 0.626953125
-0.1640625 0.04296875 0.216796875
-0.1015625 -0.02734375 0.83203125
-0.109375 -0.00390625 0.73046875
-0.2578125 -0.04296875 0.21484375
-0.1484375 -0.03515625 0.736328125
-0.171875 0.05078125 0.3203125
-0.171875 -0.05078125 0.833984375
-0.203125 -0.01953125 0.630859375
-0.203125 -0.01171875 0.734375
-0.2421875 -0.05078125 0.740234375
-0.296875 -0.01953125 0.63671875
-0.328125 0.01953125 0.32421875
-0.328125 -0.06640625 0.7421875
