STOP_SIGN
-0.296875 -0.0703125 0.944091796875
-0.203125 -0.0390625 1.355224609375
0.0 -0.1015625 -0.77484130859375
0.0 -0.1015625 -0.9654541015625
-0.15625 -0.0859375 1.544677734375
-0.078125 -0.0390625 -1.306396484375
-0.109375 -0.0390625 0.407958984375
-0.09375 -0.0390625 0.215576171875
-0.03125 -0.0703125 0.180419921875
-0.0625 -0.0234375 -0.73651123046875
-0.03125 -0.0546875 -0.200927734375
-0.078125 -0.0234375 0.025634765625
0.03125 -0.1015625 -0.010009765625
-0.03125 -0.0859375 0.754638671875
-0.03125 -0.0546875 0.373779296875
-0.09375 -0.0234375 0.785888671875
-0.046875 -0.0078125 -0.5859375
0.03125 -0.0703125 -0.354248046875
0.015625 -0.0546875 -1.544677734375
-0.0625 0.0234375 -0.164794921875
0.03125 -0.0234375 -1.161376953125
0.015625 -0.0390625 0.564208984375
0.03125 -0.0390625 0.407958984375
0.03125 -0.0390625 0.786865234375
0.015625 -0.0390625 0.976318359375
0.0 -0.0390625 1.169677734375
0.03125 -0.0390625 1.329833984375
0.125 -0.0703125 0.945068359375
0.125 -0.0546875 0.754638671875
-0.015625 0.0234375 1.359130859375
0.015625 0.1015625 -0.3583984375
0.15625 -0.0390625 1.140380859375
0.171875 -0.0390625 1.329833984375
0.1875 -0.0078125 0.977294921875
0.171875 -0.0078125 1.171630859375
0.28125 -0.0703125 0.945068359375
0.140625 0.0234375 1.361083984375
0.296875 -0.0390625 1.140380859375
