STOP_SIGN
-0.001953125 0.01171875 0.46514892578125
0.20703125 0.03515625 1.07159423828125
-0.0546875 0.09765625 -0.01043701171875
-0.0234375 0.01171875 0.62823486328125
-0.224609375 0.05078125 1.19073486328125
-0.27734375 0.04296875 1.08526611328125
0.017578125 0.03515625 0.26104736328125
-0.001953125 0.06640625 -0.40008544921875
0.265625 0.03515625 0.82940673828125
-0.138671875 0.07421875 0.56378173828125
-0.15625 0.06640625 0.80987548828125
-0.103515625 0.05078125 1.08135986328125
-0.041015625 0.12109375 -0.48992919921875
0.111328125 -0.12109375 -1.34307861328125
-0.1953125 0.05859375 0.80987548828125
0.26953125 0.04296875 0.76300048828125
-0.01953125 0.04296875 0.19464111328125
0.181640625 0.02734375 0.89971923828125
-0.056640625 0.05078125 0.46710205078125
-0.375 0.05859375 0.81378173828125
0.044921875 0.03515625 0.90362548828125
0.001953125 0.04296875 -0.12469482421875
0.015625 0.09765625 -0.62371826171875
-0.224609375 0.05859375 0.84112548828125
0.029296875 0.05078125 0.08038330078125
0.021484375 0.05078125 0.19464111328125
0.01171875 0.01171875 0.83331298828125
-0.19140625 0.05078125 1.08331298828125
0.048828125 0.05859375 0.76690673828125
-0.0390625 0.03515625 0.83526611328125
0.01953125 0.03515625 0.49151611328125
-0.091796875 0.07421875 0.77276611328125
-0.0234375 -0.01171875 1.17901611328125
0.015625 0.04296875 0.12628173828125
0.111328125 -0.12109375 -1.34307861328125
0.13671875 0.04296875 0.62823486328125
0.23046875 0.01171875 1.17120361328125
0.154296875 0.06640625 0.80401611328125
-0.224609375 0.06640625 0.77471923828125
0.052734375 0.06640625 0.49346923828125
0.015625 0.08203125 -0.28289794921875
0.0390625 0.01953125 0.80401611328125
0.04296875 0.11328125 -0.55633544921875
0.224609375 0.03515625 0.82940673828125
0.357421875 0.02734375 0.82550048828125
-0.013671875 0.07421875 -0.14617919921875
-0.025390625 0.08203125 -0.41961669921875
0.048828125 0.05859375 0.69854736328125
0.13671875 0.04296875 0.62823486328125
-0.19140625 0.05078125 1.08331298828125
0.20703125 0.03515625 1.07159423828125
0.03125 0.08984375 -0.05633544921875
0.015625 0.09765625 -0.62371826171875
0.18359375 0.05078125 0.69464111328125
0.197265625 0.05078125 0.59893798828125
-0.1953125 0.05859375 0.80987548828125
-0.181640625 0.05859375 1.05010986328125
-0.03125 0.05078125 0.26202392578125
-0.0234375 -0.01171875 1.17901611328125
0.181640625 0.02734375 0.89971923828125
-0.037109375 0.07421875 -0.07781982421875
-0.265625 0.04296875 0.91143798828125
0.01171875 0.07421875 -0.55487060546875
-0.056640625 0.05078125 0.46710205078125
-0.271484375 0.05859375 1.05206298828125
0.048828125 0.04296875 0.62823486328125
0.29296875 0.03515625 1.06964111328125
-0.056640625 0.05078125 0.46710205078125
-0.181640625 0.05859375 1.05010986328125
0.095703125 0.05078125 0.76690673828125
0.1171875 0.04296875 0.80401611328125
0.0390625 0.05078125 0.14971923828125
0.048828125 0.05859375 0.76690673828125
0.0 0.02734375 0.21807861328125
-0.1328125 0.04296875 1.18682861328125
-0.091796875 0.07421875 0.77276611328125
0.13671875 0.04296875 0.62823486328125
0.015625 0.08203125 -0.28289794921875
-0.376953125 0.08203125 1.09112548828125
-0.029296875 0.04296875 0.05792236328125
-0.130859375 0.02734375 0.90753173828125
-0.107421875 0.06640625 0.80792236328125
0.271484375 0.01953125 0.89581298828125
0.021484375 0.05078125 0.19464111328125
0.015625 0.01171875 1.04034423828125
0.111328125 -0.12109375 -1.34307861328125
-0.103515625 0.05078125 1.08135986328125
-0.087890625 0.03515625 0.90557861328125
-0.01953125 0.04296875 0.19464111328125
-0.224609375 0.05078125 1.05010986328125
-0.0234375 0.03515625 0.35479736328125
-0.240234375 0.06640625 0.81182861328125
-0.041015625 0.05859375 0.56182861328125
0.13671875 0.02734375 1.17510986328125
0.357421875 0.01171875 0.89385986328125
-0.181640625 0.05859375 1.05010986328125
-0.31640625 0.06640625 1.05596923828125
-0.333984375 0.07421875 0.81378173828125
-0.333984375 0.07421875 0.81378173828125
-0.1796875 0.05859375 0.63409423828125
0.181640625 0.02734375 0.89971923828125
0.029296875 0.05078125 0.08038330078125
-0.013671875 0.07421875 -0.14617919921875
0.185546875 0.01953125 1.17315673828125
-0.013671875 0.07421875 -0.14617919921875
0.357421875 0.02734375 0.82550048828125
-0.177734375 0.04296875 1.18878173828125
0.150390625 -0.11328125 1.16339111328125
0.005859375 0.05078125 -0.01043701171875
0.05078125 0.06640625 0.26202392578125
-0.130859375 0.02734375 0.90753173828125
0.048828125 0.11328125 -0.48797607421875
0.20703125 0.03515625 1.07159423828125
0.26953125 0.04296875 0.76300048828125
0.029296875 0.07421875 0.21905517578125
-0.1796875 0.05859375 0.63409423828125
-0.3125 0.04296875 0.91339111328125
-0.00390625 0.04296875 0.14971923828125
-0.103515625 0.05078125 1.08135986328125
-0.271484375 0.05859375 1.05206298828125
-0.03515625 0.02734375 0.90362548828125
0.31640625 0.01953125 0.89581298828125
-0.375 0.05859375 0.81378173828125
0.015625 -0.00390625 0.90167236328125
-0.1796875 0.04296875 0.90948486328125
0.01171875 0.01953125 0.62823486328125
0.1171875 0.04296875 0.80401611328125
0.033203125 0.05078125 0.01202392578125
-0.001953125 0.01171875 0.46514892578125
-0.1796875 0.08203125 0.70440673828125
-0.1796875 0.05859375 0.63409423828125
0.0625 0.00390625 1.17706298828125
-0.318359375 0.05859375 0.84503173828125
-0.041015625 0.12109375 -0.48992919921875
0.048828125 0.11328125 -0.48797607421875
-0.017578125 0.03515625 0.32940673828125
0.033203125 0.04296875 0.46612548828125
-0.013671875 0.08203125 -0.35028076171875
0.033203125 0.03515625 1.07550048828125
-0.033203125 0.03515625 0.76885986328125
-0.046875 0.05859375 1.04620361328125
0.001953125 0.04296875 -0.12469482421875
-0.0234375 0.05078125 0.39776611328125
-0.26953125 0.05078125 0.84307861328125
-0.013671875 0.08203125 -0.35028076171875
-0.0546875 0.09765625 -0.01043701171875
-0.224609375 0.06640625 0.77471923828125
0.02734375 0.04296875 0.60089111328125
0.13671875 0.04296875 0.62823486328125
0.01171875 0.01953125 0.62823486328125
0.181640625 0.02734375 0.89971923828125
-0.15625 0.06640625 0.80987548828125
0.154296875 0.06640625 0.80401611328125
0.1328125 0.05078125 0.83331298828125
0.357421875 0.02734375 0.82550048828125
0.033203125 0.05078125 0.01202392578125
-0.18359375 0.08203125 0.56378173828125
-0.009765625 0.05078125 0.01202392578125
0.154296875 0.06640625 0.80401611328125
-0.009765625 0.05078125 0.01202392578125
-0.044921875 0.08984375 0.12628173828125
0.0078125 0.05078125 -0.21356201171875
-0.029296875 0.04296875 0.05792236328125
0.015625 0.01171875 1.04034423828125
-0.3125 0.04296875 0.91339111328125
0.228515625 0.03515625 0.76300048828125
-0.26953125 0.05078125 0.84307861328125
0.015625 0.03515625 0.35479736328125
0.0390625 0.05078125 0.14971923828125
-0.009765625 0.02734375 0.28546142578125
0.068359375 0.05859375 0.80596923828125
0.033203125 0.05078125 0.01202392578125
0.048828125 0.11328125 -0.48797607421875
-0.271484375 0.05859375 1.05206298828125
0.048828125 0.05859375 0.76690673828125
-0.17578125 0.05859375 0.77276611328125
-0.0234375 0.05078125 0.39776611328125
-0.1328125 0.06640625 0.70245361328125
-0.001953125 0.01953125 0.42315673828125
0.177734375 0.06640625 0.55792236328125
0.01171875 0.01953125 0.62823486328125
0.333984375 0.03515625 1.06964111328125
-0.001953125 0.01171875 0.46514892578125
-0.087890625 0.03515625 0.90557861328125
-0.177734375 0.04296875 1.18878173828125
-0.134765625 0.05078125 0.83917236328125
0.111328125 -0.12109375 -1.34307861328125
-0.1796875 0.04296875 0.90948486328125
0.064453125 0.06640625 0.28546142578125
-0.087890625 0.05078125 0.63214111328125
0.181640625 0.03515625 1.03839111328125
-0.001953125 0.01171875 0.46514892578125
-0.201171875 0.07421875 0.60479736328125
0.1328125 0.05078125 0.83331298828125
-0.009765625 0.05078125 0.01202392578125
0.0625 0.00390625 1.17706298828125
-0.09375 0.08203125 0.56378173828125
-0.287109375 0.07421875 0.81182861328125
-0.091796875 0.07421875 0.77276611328125
-0.0546875 0.09765625 -0.01043701171875
