STOP_SIGN
-0.28125 -0.078125 -0.95147705078125
-0.265625 -0.09375 -1.10833740234375
-0.1875 -0.03125 -0.79693603515625
-0.234375 -0.0859375 0.00677490234375
-0.25 -0.0625 0.47454833984375
-0.15625 -0.015625 -0.46148681640625
-0.171875 -0.03125 -0.30572509765625
-0.21875 -0.078125 0.16302490234375
-0.28125 -0.171875 0.31829833984375
-0.171875 -0.0546875 -0.32916259765625
-0.21875 -0.09375 0.13958740234375
-0.265625 -0.15625 0.29583740234375
-0.140625 0.0 -0.17291259765625
-0.21875 -0.0703125 0.45111083984375
-0.140625 -0.015625 0.16302490234375
-0.140625 -0.03125 0.00677490234375
-0.28125 -0.15625 0.94232177734375
-0.140625 -0.046875 -0.01763916015625
-0.28125 -0.171875 0.91888427734375
-0.1875 -0.109375 0.31829833984375
-0.171875 -0.1015625 0.29583740234375
-0.0625 0.03125 -0.15045166015625
-0.203125 -0.0859375 0.94427490234375
-0.203125 -0.125 0.76458740234375
-0.109375 -0.0546875 0.13958740234375
-0.1875 -0.1328125 0.60833740234375
-0.046875 0.03125 0.16302490234375
-0.109375 -0.0390625 0.45208740234375
-0.109375 -0.0390625 0.47552490234375
-0.09375 -0.0390625 0.29583740234375
-0.046875 0.0078125 0.13861083984375
-0.1875 -0.109375 1.07708740234375
-0.140625 -0.078125 0.78802490234375
-0.09375 -0.0625 0.31927490234375
-0.03125 0.0078125 0.00677490234375
-0.015625 0.0 -0.01763916015625
-0.03125 0.0234375 0.47650146484375
-0.15625 -0.1328125 0.92083740234375
-0.09375 -0.0390625 0.94622802734375
-0.015625 0.0 0.31927490234375
-0.015625 0.015625 0.45208740234375
-0.09375 -0.078125 0.76458740234375
-0.0625 -0.0625 0.63275146484375
-0.015625 0.0078125 0.63372802734375
-0.046875 -0.0234375 0.78997802734375
0.0625 0.0625 0.00677490234375
-0.078125 -0.1015625 0.60931396484375
0.015625 0.0 0.29583740234375
0.0625 0.0625 0.16302490234375
-0.015625 0.0234375 0.94622802734375
-0.078125 -0.078125 1.07904052734375
-0.09375 -0.1015625 1.10247802734375
0.0 -0.0234375 0.60931396484375
0.078125 0.0625 0.29583740234375
0.078125 0.0390625 0.13861083984375
0.140625 0.140625 0.16302490234375
0.0 -0.03125 0.76654052734375
0.03125 0.0234375 0.78997802734375
0.0 -0.015625 0.92279052734375
-0.046875 -0.09375 0.92279052734375
0.09375 0.0625 0.45208740234375
0.09375 0.0625 0.47747802734375
0.140625 0.1328125 0.47747802734375
-0.015625 -0.0390625 1.10443115234375
0.15625 0.1328125 0.45208740234375
0.125 0.0234375 -0.01959228515625
0.109375 0.03125 0.32025146484375
0.015625 -0.0234375 1.08099365234375
0.09375 0.0234375 0.61029052734375
0.109375 0.046875 0.63470458984375
0.125 0.0859375 0.79193115234375
0.09375 0.0546875 0.94818115234375
0.0625 0.0234375 1.10638427734375
0.09375 0.015625 0.76654052734375
0.09375 0.046875 1.08099365234375
0.109375 0.0234375 0.92474365234375
0.1875 0.109375 0.63568115234375
0.171875 0.0859375 0.76849365234375
0.15625 0.0703125 1.10833740234375
0.203125 0.1015625 0.95013427734375
0.25 0.125 0.79388427734375
0.265625 0.171875 0.95208740234375
0.203125 0.0859375 1.08294677734375
0.21875 0.0703125 0.92669677734375
0.28125 0.1484375 0.92669677734375
0.28125 0.1171875 0.76849365234375
