STOP_SIGN
-0.2109375 0.0 -0.766357421875
-0.2578125 -0.0625 -0.309814453125
-0.2578125 -0.0546875 -0.025634765625
-0.2890625 -0.1015625 0.126708984375
-0.2421875 -0.0625 -0.178955078125
-0.1953125 -0.0234375 -0.483642578125
-0.2421875 -0.078125 -0.157470703125
-0.1796875 -0.0078125 -0.309814453125
-0.1171875 0.0625 -0.614501953125
-0.1953125 -0.046875 -0.331298828125
-0.2421875 -0.078125 0.147216796875
-0.2265625 -0.078125 -0.005126953125
-0.2109375 -0.046875 0.126708984375
-0.1171875 0.0390625 -0.484619140625
-0.1640625 -0.0078125 -0.005126953125
-0.1015625 0.0546875 -0.309814453125
-0.2421875 -0.078125 0.584716796875
-0.1171875 0.015625 -0.332275390625
-0.2421875 -0.0546875 0.756591796875
-0.1484375 -0.0078125 -0.025634765625
-0.1484375 -0.0234375 -0.157470703125
-0.2265625 -0.0859375 0.433349609375
-0.1328125 -0.0234375 -0.179931640625
-0.0859375 0.046875 -0.157470703125
-0.1484375 -0.0078125 0.300537109375
-0.0859375 0.0546875 -0.025634765625
-0.1484375 -0.03125 0.148193359375
-0.0703125 0.046875 -0.179931640625
-0.1953125 -0.09375 0.452880859375
-0.0703125 0.046875 -0.004150390625
-0.1171875 -0.015625 0.126708984375
-0.1796875 -0.0546875 0.606201171875
-0.1171875 0.0 0.280029296875
-0.0703125 0.0390625 0.148193359375
-0.0078125 0.09375 -0.310791015625
-0.1328125 -0.0234375 0.453857421875
-0.2265625 -0.1796875 0.452880859375
-0.0703125 0.046875 0.301513671875
-0.0546875 0.0625 0.280029296875
-0.1328125 -0.0390625 0.586669921875
-0.0078125 0.0546875 -0.333251953125
-0.1796875 -0.09375 0.739013671875
-0.1015625 0.0 0.606201171875
0.0234375 0.1015625 -0.004150390625
0.0234375 0.0703125 -0.157470703125
-0.1015625 -0.0625 0.434326171875
0.0078125 0.09375 0.301513671875
0.0546875 0.1015625 -0.334228515625
-0.0390625 0.0234375 0.454833984375
0.0859375 0.140625 -0.310791015625
-0.0078125 0.03125 0.126708984375
-0.0390625 0.0078125 0.586669921875
-0.0390625 0.03125 0.760498046875
0.0546875 0.078125 -0.026611328125
-0.0859375 -0.0546875 0.740966796875
-0.0234375 0.0 0.434326171875
0.0390625 0.0625 0.148193359375
0.0390625 0.1171875 0.608154296875
0.0703125 0.0703125 -0.180908203125
0.0546875 0.09375 0.281005859375
0.1171875 0.1328125 -0.157470703125
0.0234375 0.09375 0.760498046875
0.0078125 0.0390625 0.608154296875
0.1171875 0.1328125 -0.004150390625
0.0546875 0.078125 0.455810546875
0.0390625 0.0703125 0.588623046875
-0.0078125 0.015625 0.740966796875
0.0859375 0.078125 0.126708984375
0.1171875 0.125 0.149169921875
0.0546875 0.0546875 0.434326171875
0.1328125 0.15625 0.281005859375
0.1484375 0.125 -0.026611328125
0.1328125 0.125 0.302490234375
0.0703125 0.0625 0.742919921875
0.1328125 0.109375 0.588623046875
0.1796875 0.125 0.126708984375
0.1328125 0.125 0.764404296875
0.1640625 0.1171875 0.456787109375
0.1640625 0.1015625 0.435302734375
0.1796875 0.140625 0.610107421875
0.1796875 0.109375 0.742919921875
0.2421875 0.15625 0.457763671875
0.2421875 0.1484375 0.436279296875
0.2421875 0.1484375 0.590576171875
0.2421875 0.171875 0.766357421875
0.2890625 0.1796875 0.612060546875
