STOP_SIGN
-0.0078125 -0.0263671875 -0.56005859375
-0.0234375 0.3388671875 0.24365234375
-0.0234375 0.2451171875 0.24365234375
0.0078125 0.0576171875 -0.40380859375
-0.0078125 0.3310546875 0.22021484375
-0.0234375 0.0087890625 0.08935546875
-0.0234375 0.2236328125 0.39990234375
-0.0078125 0.1025390625 0.08935546875
0.0078125 0.0068359375 -0.24755859375
-0.0234375 0.3330078125 0.55615234375
0.0078125 -0.0927734375 -0.37841796875
-0.0390625 0.1513671875 0.55615234375
0.0234375 0.1005859375 -0.24755859375
-0.0234375 0.1376953125 0.39990234375
-0.0078125 0.1513671875 0.24560546875
0.0078125 0.0322265625 -0.06689453125
-0.0234375 -0.0361328125 0.24560546875
-0.0390625 -0.0556640625 0.40185546875
0.0234375 0.1025390625 -0.09033203125
-0.0078125 0.0439453125 0.22021484375
-0.0078125 -0.0869140625 0.08935546875
0.0078125 0.1376953125 0.22021484375
0.0078125 -0.1943359375 -0.22216796875
-0.0078125 0.1962890625 0.53271484375
0.0234375 -0.1884765625 -0.37841796875
0.0234375 -0.1005859375 -0.22216796875
-0.0234375 0.0517578125 0.55810546875
-0.0078125 -0.1865234375 0.09130859375
0.0078125 0.0537109375 0.24560546875
-0.0078125 0.0380859375 0.40185546875
0.0234375 0.0439453125 0.06591796875
0.0234375 -0.0595703125 -0.06689453125
-0.0078125 -0.1337890625 0.24560546875
-0.0078125 0.0986328125 0.53271484375
-0.0234375 -0.0380859375 0.55810546875
0.0390625 0.0068359375 -0.09033203125
0.0078125 -0.0478515625 0.22216796875
0.0234375 -0.1591796875 -0.06494140625
-0.0078125 0.0048828125 0.53271484375
0.0390625 -0.0830078125 -0.09033203125
-0.0078125 -0.1474609375 0.40185546875
0.0234375 -0.1455078125 0.06591796875
-0.0078125 -0.3232421875 0.24755859375
-0.0234375 -0.3388671875 0.40380859375
-0.0234375 -0.2333984375 0.56005859375
-0.0078125 -0.2412109375 0.40380859375
0.0078125 -0.2294921875 0.24755859375
-0.0078125 -0.1396484375 0.56005859375
0.0234375 -0.1435546875 0.22216796875
0.0078125 -0.0869140625 0.53466796875
0.0234375 -0.2431640625 0.22216796875
0.0234375 -0.1787109375 0.53466796875
0.0234375 -0.2724609375 0.53662109375
