STOP_SIGN
0.005859375 -0.171875 -0.057861328125
0.013671875 -0.076171875 -0.179931640625
-0.017578125 -0.146484375 -0.233642578125
-0.001953125 -0.0625 -0.142822265625
0.017578125 -0.15625 0.988037109375
0.001953125 -0.037109375 0.176513671875
0.005859375 -0.1953125 -0.057861328125
-0.005859375 0.017578125 0.898193359375
0.037109375 -0.05078125 0.148193359375
-0.001953125 -0.01171875 0.197021484375
-0.025390625 0.248046875 0.933349609375
0.005859375 -0.013671875 0.052490234375
0.001953125 -0.1171875 1.411865234375
0.013671875 0.0 0.540771484375
0.017578125 -0.005859375 0.445068359375
0.025390625 -0.083984375 0.031005859375
0.033203125 -0.025390625 0.228271484375
0.041015625 -0.046875 -0.005126953125
-0.033203125 -0.173828125 -0.293212890625
0.029296875 -0.224609375 0.935302734375
0.013671875 -0.02734375 0.315185546875
0.017578125 -0.09765625 0.691162109375
-0.041015625 -0.048828125 -0.228759765625
-0.025390625 0.18359375 1.353271484375
0.013671875 -0.09765625 -0.210205078125
0.021484375 -0.171875 -0.151611328125
0.013671875 -0.095703125 0.001708984375
0.013671875 -0.033203125 0.111083984375
0.009765625 -0.0703125 -0.209228515625
0.029296875 -0.037109375 -0.093017578125
-0.013671875 -0.1484375 -0.239501953125
0.013671875 -0.033203125 0.169677734375
-0.013671875 0.115234375 0.665771484375
0.021484375 -0.04296875 0.470458984375
0.009765625 -0.044921875 0.685302734375
0.013671875 -0.068359375 -0.150634765625
0.041015625 -0.166015625 1.337646484375
0.001953125 -0.044921875 0.111083984375
-0.005859375 -0.107421875 -0.298095703125
0.044921875 -0.1953125 1.343505859375
-0.005859375 -0.126953125 -0.262939453125
0.001953125 -0.16015625 -0.122314453125
-0.009765625 -0.19921875 -0.177001953125
-0.021484375 -0.140625 -0.385986328125
0.013671875 -0.095703125 0.001708984375
0.005859375 -0.095703125 -0.239501953125
-0.025390625 0.236328125 1.247802734375
0.037109375 -0.3515625 1.015380859375
0.017578125 -0.0625 0.024169921875
0.029296875 -0.21875 0.997802734375
0.017578125 -0.09765625 0.691162109375
-0.025390625 0.248046875 0.933349609375
0.013671875 -0.052734375 0.169677734375
0.021484375 -0.02734375 -0.034423828125
-0.005859375 0.037109375 0.675537109375
0.033203125 -0.029296875 0.470458984375
-0.005859375 -0.15625 -0.145751953125
0.009765625 -0.068359375 -0.005126953125
-0.037109375 0.017578125 -0.293212890625
0.009765625 -0.119140625 -0.122314453125
0.017578125 -0.07421875 -0.063720703125
-0.001953125 0.171875 0.661865234375
0.001953125 -0.08984375 -0.122314453125
0.025390625 -0.171875 0.927490234375
-0.005859375 -0.1328125 -0.233642578125
-0.033203125 0.330078125 1.230224609375
-0.005859375 -0.201171875 -0.265869140625
0.009765625 -0.04296875 -0.150634765625
-0.033203125 0.2421875 0.863037109375
-0.033203125 0.2421875 0.863037109375
-0.005859375 -0.111328125 -0.203369140625
0.025390625 -0.013671875 0.315185546875
0.009765625 -0.142578125 -0.122314453125
-0.044921875 -0.021484375 -0.294189453125
-0.001953125 -0.01953125 1.394287109375
0.009765625 -0.0625 -0.026611328125
0.005859375 0.0078125 0.679443359375
0.044921875 -0.01171875 0.257568359375
0.009765625 -0.04296875 0.089599609375
0.037109375 -0.162109375 -0.088134765625
-0.009765625 -0.17578125 -0.176025390625
-0.052734375 0.005859375 -0.197509765625
0.009765625 -0.041015625 -0.034423828125
0.017578125 -0.109375 -0.056884765625
-0.017578125 0.16796875 0.874755859375
-0.029296875 0.09765625 1.368896484375
0.009765625 0.025390625 1.294677734375
0.017578125 -0.1015625 -0.581787109375
0.009765625 -0.126953125 0.982177734375
-0.013671875 -0.16796875 -0.299072265625
0.013671875 -0.095703125 -0.481689453125
-0.021484375 0.30078125 1.238037109375
-0.005859375 -0.126953125 -0.262939453125
-0.029296875 -0.013671875 -0.140869140625
0.001953125 -0.087890625 -0.260986328125
-0.013671875 -0.033203125 -0.112548828125
0.013671875 -0.068359375 -0.093017578125
-0.013671875 -0.033203125 -0.112548828125
0.037109375 -0.2734375 1.005615234375
-0.048828125 0.0234375 -0.196533203125
0.025390625 -0.197265625 0.931396484375
0.033203125 -0.09765625 -1.013916015625
0.013671875 -0.052734375 0.081787109375
0.044921875 -0.21875 1.347412109375
0.025390625 -0.05859375 0.031982421875
-0.005859375 -0.076171875 -0.085205078125
0.017578125 -0.095703125 0.915771484375
0.013671875 -0.033203125 0.169677734375
-0.025390625 0.248046875 0.933349609375
-0.005859375 0.037109375 0.675537109375
0.005859375 -0.013671875 0.052490234375
0.017578125 -0.033203125 0.256591796875
0.021484375 -0.029296875 0.544677734375
0.037109375 -0.162109375 -0.088134765625
0.021484375 -0.02734375 -0.034423828125
0.029296875 -0.205078125 -0.088134765625
-0.009765625 -0.17578125 -0.176025390625
-0.017578125 0.06640625 1.374755859375
0.005859375 -0.044921875 0.315185546875
0.041015625 -0.005859375 0.197998046875
-0.021484375 0.201171875 0.939208984375
0.017578125 -0.005859375 0.445068359375
-0.017578125 0.2734375 1.243896484375
-0.029296875 -0.0390625 -0.171142578125
0.013671875 -0.03125 0.140380859375
-0.021484375 -0.16796875 -0.204345703125
0.009765625 -0.16015625 -1.361572265625
-0.029296875 -0.15625 -0.410400390625
0.013671875 -0.09765625 -0.210205078125
-0.025390625 0.248046875 0.933349609375
-0.029296875 -0.068359375 -1.42919921875
-0.005859375 -0.15625 -0.145751953125
-0.025390625 -0.134765625 -0.261962890625
0.025390625 -0.0546875 0.060302734375
-0.009765625 -0.19921875 -0.177001953125
0.025390625 -0.10546875 -0.950439453125
0.021484375 -0.029296875 0.544677734375
0.001953125 0.0234375 0.962646484375
0.044921875 -0.314453125 0.950927734375
-0.029296875 0.271484375 0.929443359375
-0.005859375 -0.15625 -0.145751953125
0.005859375 -0.076171875 0.976318359375
-0.005859375 -0.1328125 -0.233642578125
0.021484375 -0.0546875 -0.063720703125
-0.021484375 0.30078125 1.238037109375
-0.037109375 -0.072265625 -0.404541015625
0.009765625 -0.044921875 0.685302734375
-0.048828125 -0.015625 -0.256103515625
0.001953125 0.02734375 -0.178955078125
0.025390625 -0.171875 0.927490234375
0.021484375 -0.0859375 -0.711181640625
0.029296875 -0.21875 0.997802734375
0.001953125 -0.1171875 1.411865234375
0.009765625 0.05078125 1.288818359375
0.005859375 -0.076171875 0.976318359375
0.005859375 -0.076171875 0.976318359375
-0.037109375 0.267578125 0.859130859375
0.005859375 -0.171875 -0.057861328125
-0.037109375 0.314453125 0.853271484375
-0.029296875 -0.068359375 -1.42919921875
-0.001953125 -0.13671875 -0.204345703125
0.009765625 -0.142578125 -0.180908203125
-0.017578125 -0.146484375 -0.233642578125
0.013671875 -0.068359375 -0.093017578125
0.009765625 -0.119140625 -0.122314453125
0.021484375 -0.173828125 0.700927734375
0.005859375 -0.041015625 0.197998046875
0.005859375 0.0078125 -0.150634765625
-0.029296875 0.271484375 0.929443359375
-0.009765625 -0.123046875 -0.291259765625
0.009765625 -0.119140625 -0.122314453125
-0.001953125 -0.185546875 -0.240478515625
-0.017578125 -0.0234375 -0.208251953125
0.013671875 -0.103515625 -0.115478515625
0.009765625 -0.1171875 -0.483642578125
0.009765625 -0.0859375 -0.026611328125
0.005859375 -0.1953125 -0.057861328125
0.009765625 -0.078125 -0.055908203125
-0.025390625 -0.181640625 -0.412353515625
-0.009765625 0.134765625 1.269287109375
0.001953125 0.02734375 -0.178955078125
0.005859375 -0.044921875 0.315185546875
0.013671875 -0.17578125 1.425537109375
0.001953125 0.02734375 -0.178955078125
-0.033203125 0.1875 0.939208984375
0.001953125 -0.03125 0.052490234375
0.013671875 -0.10546875 -1.012451171875
0.013671875 -0.130859375 -0.056884765625
-0.029296875 -0.15234375 -0.292236328125
0.021484375 -0.185546875 0.991943359375
0.025390625 -0.013671875 0.315185546875
0.001953125 -0.03125 0.052490234375
0.009765625 -0.103515625 0.980224609375
-0.001953125 -0.01171875 0.197021484375
-0.005859375 -0.033203125 -0.179931640625
-0.029296875 0.119140625 1.364990234375
-0.009765625 -0.123046875 -0.291259765625
0.009765625 -0.072265625 0.148193359375
-0.037109375 -0.072265625 -0.404541015625
0.037109375 -0.0703125 -0.350830078125
