STOP_SIGN
-0.01171875 -0.1103515625 -0.2591552734375
0.0390625 -0.0166015625 0.2945556640625
0.0234375 -0.0419921875 0.0806884765625
0.00390625 -0.1044921875 -0.2982177734375
0.03515625 -0.1259765625 1.2730712890625
-0.01953125 -0.0634765625 -1.3922119140625
0.0078125 -0.0556640625 -0.0159912109375
0.015625 -0.1318359375 0.6617431640625
-0.015625 0.1513671875 1.2105712890625
-0.01953125 0.0810546875 -0.1829833984375
-0.015625 -0.0322265625 -0.2122802734375
0.0078125 -0.0576171875 0.1929931640625
-0.015625 0.0517578125 -0.1966552734375
-0.03125 0.2861328125 0.8863525390625
0.0 -0.0458984375 0.6500244140625
0.015625 -0.1318359375 -0.9266357421875
0.00390625 -0.0556640625 0.6461181640625
0.0390625 -0.2041015625 1.2906494140625
0.0390625 -0.0166015625 0.2945556640625
0.0390625 -0.0146484375 0.3511962890625
-0.0234375 -0.1181640625 -0.2874755859375
0.01171875 -0.0654296875 0.2496337890625
0.0078125 -0.0576171875 -0.1849365234375
0.04296875 -0.0751953125 -0.0609130859375
-0.015625 -0.0595703125 -0.2406005859375
0.0078125 -0.0087890625 0.5113525390625
0.0390625 -0.0205078125 0.2379150390625
0.00390625 -0.0791015625 0.1373291015625
0.015625 -0.1865234375 -0.1859130859375
-0.03125 0.2314453125 0.8218994140625
0.01171875 -0.0302734375 0.0396728515625
0.015625 -0.1357421875 -0.1575927734375
0.0234375 -0.1044921875 -0.9906005859375
0.02734375 -0.0791015625 -0.4017333984375
0.0 -0.0986328125 -0.1849365234375
-0.0234375 -0.1513671875 -0.2034912109375
0.015625 -0.1318359375 0.6617431640625
-0.01171875 -0.2099609375 -0.1771240234375
-0.0234375 -0.1181640625 -0.2874755859375
0.046875 -0.0439453125 0.0523681640625
0.0390625 -0.0166015625 0.2945556640625
-0.0078125 0.0283203125 -0.2113037109375
-0.01171875 -0.1083984375 -0.4017333984375
0.015625 -0.1083984375 -0.9237060546875
-0.0078125 0.0185546875 0.9234619140625
-0.015625 0.0068359375 -0.2396240234375
-0.0078125 0.0283203125 -0.2113037109375
0.01953125 -0.0283203125 0.1246337890625
-0.01953125 -0.0576171875 -0.1722412109375
0.0078125 -0.0283203125 -0.0443115234375
0.00390625 -0.0791015625 -0.1448974609375
-0.0390625 0.0107421875 -0.2943115234375
-0.02734375 0.0224609375 -0.1419677734375
0.04296875 -0.3095703125 0.9078369140625
-0.02734375 0.0869140625 1.3140869140625
0.015625 -0.0400390625 0.5152587890625
-0.015625 -0.1337890625 -0.2991943359375
-0.00390625 -0.0576171875 0.0963134765625
-0.0390625 -0.1552734375 -0.4027099609375
-0.015625 0.0732421875 0.9136962890625
0.015625 -0.1083984375 -0.9237060546875
0.015625 -0.0400390625 0.2945556640625
0.01171875 -0.1142578125 -0.9896240234375
0.03515625 -0.2001953125 -0.0921630859375
0.0 -0.0302734375 0.6422119140625
0.0078125 -0.1279296875 -0.1282958984375
0.0234375 -0.0361328125 0.0972900390625
0.015625 -0.0400390625 0.2945556640625
0.0234375 -0.0478515625 0.1646728515625
-0.015625 -0.0087890625 -0.2113037109375
0.03125 -0.2587890625 0.9625244140625
0.0 -0.0751953125 0.1090087890625
-0.0390625 0.1650390625 1.2984619140625
0.01171875 -0.0654296875 0.2496337890625
-0.03125 0.2314453125 1.1910400390625
0.0390625 -0.0166015625 0.2945556640625
0.00390625 -0.0556640625 0.6461181640625
-0.0234375 -0.1064453125 -0.1175537109375
0.0078125 -0.0751953125 0.0523681640625
-0.0078125 0.0322265625 0.8531494140625
-0.00390625 -0.1748046875 -0.1195068359375
-0.02734375 -0.0517578125 1.3394775390625
-0.0234375 -0.1748046875 -0.2327880859375
0.01953125 -0.0751953125 0.0133056640625
-0.04296875 0.2314453125 1.2847900390625
0.0078125 -0.0517578125 0.0523681640625
0.03125 -0.0595703125 0.1090087890625
0.0 -0.1240234375 -0.1751708984375
0.02734375 -0.0048828125 0.1802978515625
0.00390625 0.0419921875 -0.1556396484375
0.0078125 -0.0517578125 0.0523681640625
-0.03125 0.2861328125 0.8863525390625
0.01953125 -0.0595703125 -0.0325927734375
-0.02734375 0.2705078125 1.1851806640625
-0.046875 0.3701171875 1.1617431640625
0.0390625 -0.2041015625 1.2906494140625
0.0078125 -0.1025390625 -0.4720458984375
-0.03125 0.2021484375 1.2926025390625
0.01171875 -0.1416015625 0.9449462890625
0.03125 -0.0302734375 0.1929931640625
0.02734375 -0.0048828125 0.5133056640625
-0.00390625 -0.0771484375 -0.1165771484375
0.02734375 -0.0048828125 0.5133056640625
0.046875 -0.3623046875 0.9156494140625
-0.03515625 0.2783203125 0.8160400390625
0.03515625 -0.1259765625 1.2730712890625
-0.01953125 -0.0634765625 -1.3922119140625
-0.02734375 0.2060546875 1.1968994140625
-0.01171875 0.1259765625 1.2144775390625
-0.01171875 -0.0146484375 -0.1839599609375
0.0390625 -0.0205078125 0.2379150390625
-0.015625 -0.1337890625 -0.2991943359375
0.01953125 -0.0498046875 0.1539306640625
-0.0078125 -0.1162109375 -0.2415771484375
-0.05859375 0.3115234375 1.2672119140625
0.0390625 0.0068359375 0.6500244140625
-0.015625 0.0107421875 -0.2113037109375
0.0 -0.0458984375 0.0406494140625
0.00390625 -0.0263671875 0.8629150390625
-0.02734375 0.2705078125 1.1851806640625
0.01171875 -0.0224609375 0.2086181640625
0.0 -0.1708984375 -0.3489990234375
-0.04296875 -0.0361328125 -0.2269287109375
-0.0234375 0.1826171875 0.8297119140625
0.0 -0.0439453125 0.0806884765625
0.0 -0.0693359375 0.0806884765625
0.03125 -0.0302734375 -0.0042724609375
0.01171875 -0.1572265625 -0.1282958984375
-0.01171875 -0.1103515625 -0.2132568359375
0.0234375 -0.3017578125 0.9683837890625
-0.03515625 0.3408203125 1.1695556640625
0.0 -0.0986328125 -0.1849365234375
-0.01171875 -0.0888671875 -0.2298583984375
0.0078125 -0.0126953125 0.4176025390625
-0.0234375 0.1826171875 0.8297119140625
0.0 -0.1943359375 -0.1292724609375
0.01171875 -0.0166015625 0.2359619140625
0.02734375 -0.0322265625 -0.1282958984375
0.01171875 -0.0126953125 0.3492431640625
0.015625 -0.0615234375 -0.0433349609375
0.0390625 -0.2041015625 1.2906494140625
0.03125 -0.2490234375 0.8980712890625
-0.00390625 -0.0498046875 0.1363525390625
0.0078125 -0.0283203125 -0.0443115234375
0.046875 -0.0439453125 0.0523681640625
-0.01171875 0.0615234375 0.8472900390625
-0.03125 0.2021484375 1.2926025390625
0.0234375 -0.0205078125 0.0406494140625
0.03515625 -0.0166015625 0.1529541015625
0.01953125 -0.0595703125 -0.0325927734375
-0.03125 0.2548828125 0.8199462890625
-0.03125 -0.1435546875 -0.2318115234375
0.03125 0.0146484375 0.3482666015625
0.03515625 -0.1279296875 -0.0902099609375
0.01171875 -0.0810546875 0.8726806640625
-0.05859375 0.3115234375 1.2672119140625
-0.05859375 0.3115234375 1.2672119140625
-0.00390625 -0.1923828125 -0.1488037109375
0.01953125 -0.1845703125 0.8883056640625
-0.0546875 0.2880859375 1.2730712890625
0.01171875 -0.1376953125 -0.0618896484375
0.0 -0.1025390625 -0.2415771484375
-0.03515625 -0.1337890625 -0.4017333984375
-0.015625 0.0517578125 -0.1966552734375
0.0 -0.0498046875 0.1646728515625
-0.015625 0.0732421875 0.9136962890625
0.0234375 -0.0693359375 0.0240478515625
0.01171875 -0.1630859375 1.3687744140625
0.00390625 -0.1298828125 1.3609619140625
-0.01171875 -0.2099609375 -0.1771240234375
0.0 -0.0302734375 0.2086181640625
-0.00390625 -0.1240234375 -0.2034912109375
0.00390625 -0.0283203125 0.1920166015625
0.015625 -0.0615234375 -0.0433349609375
-0.0078125 0.0244140625 1.3297119140625
-0.0078125 -0.1376953125 -0.1751708984375
-0.015625 -0.1298828125 -0.3450927734375
0.0234375 -0.2216796875 1.3824462890625
-0.03515625 -0.0205078125 -0.2396240234375
-0.0546875 0.2880859375 1.2730712890625
-0.04296875 -0.0341796875 -0.1986083984375
0.0 -0.0498046875 0.1646728515625
-0.0234375 -0.0048828125 -0.1419677734375
0.03515625 -0.2001953125 -0.0921630859375
-0.0390625 -0.0146484375 -0.1702880859375
0.00390625 -0.1513671875 -0.2142333984375
-0.0390625 -0.1533203125 -0.2884521484375
-0.01171875 0.0478515625 0.9176025390625
0.0390625 -0.1552734375 1.2808837890625
0.01953125 -0.1611328125 -0.1575927734375
0.0 -0.0458984375 0.6500244140625
0.00390625 -0.0361328125 0.1246337890625
-0.03125 0.2314453125 0.8218994140625
0.0234375 -0.0927734375 -0.5677490234375
0.0390625 -0.0205078125 0.2379150390625
-0.015625 -0.2060546875 -0.2064208984375
-0.0078125 0.0283203125 -0.2113037109375
0.0078125 -0.0517578125 0.0523681640625
0.04296875 -0.0224609375 0.4215087890625
0.0078125 -0.0751953125 0.0523681640625
