STOP_SIGN
0.037109375 -0.0830078125 -0.454345703125
-0.009765625 -0.1787109375 -0.178955078125
0.013671875 -0.3212890625 1.215576171875
0.037109375 0.0224609375 0.537841796875
-0.015625 -0.1923828125 -0.303955078125
0.044921875 -0.1669921875 -1.151611328125
0.029296875 -0.0673828125 0.067138671875
-0.013671875 -0.1357421875 -0.226806640625
0.029296875 -0.1376953125 1.090576171875
0.046875 -0.0439453125 0.186279296875
0.03125 -0.0537109375 0.063232421875
0.01171875 -0.0634765625 1.071044921875
0.021484375 -0.0771484375 -0.083251953125
-0.01171875 -0.1201171875 -0.128173828125
0.052734375 -0.0517578125 0.113037109375
-0.0078125 -0.1220703125 -0.225830078125
0.04296875 -0.0439453125 -0.010009765625
0.0234375 -0.0341796875 0.234130859375
-0.056640625 0.3173828125 1.067138671875
-0.00390625 0.0810546875 1.033935546875
0.017578125 -0.1240234375 -0.107666015625
0.01171875 -0.0146484375 0.539794921875
-0.00390625 -0.1826171875 -0.154541015625
0.015625 -0.2021484375 -0.133056640625
0.001953125 -0.1162109375 -0.177001953125
0.0078125 -0.0361328125 -0.132080078125
0.01171875 -0.0927734375 0.043701171875
-0.03125 0.0126953125 -0.275634765625
0.0078125 0.0166015625 -0.156494140625
0.041015625 -0.0361328125 0.038818359375
0.01171875 -0.1728515625 -0.080322265625
0.0 -0.1669921875 1.180419921875
0.017578125 -0.0947265625 -0.029541015625
0.01171875 -0.1181640625 -0.181884765625
0.04296875 -0.0927734375 -0.492431640625
0.009765625 -0.0751953125 0.115966796875
-0.0078125 -0.0380859375 -0.180908203125
-0.03125 0.0126953125 -0.275634765625
0.02734375 -0.1591796875 0.750732421875
0.005859375 -0.0712890625 0.091552734375
-0.02734375 -0.0146484375 -0.276611328125
0.005859375 -0.0693359375 0.555419921875
-0.017578125 0.0556640625 0.781982421875
-0.013671875 -0.1357421875 -0.226806640625
0.015625 -0.0615234375 0.212646484375
-0.041015625 -0.0322265625 -0.195556640625
0.05859375 -0.3388671875 1.141357421875
-0.01171875 -0.1162109375 -0.354736328125
0.001953125 -0.1142578125 -0.152587890625
0.001953125 -0.1904296875 -0.130126953125
-0.03125 0.0126953125 -0.275634765625
0.0390625 -0.2021484375 1.106201171875
-0.03125 -0.0107421875 -0.218994140625
0.005859375 -0.0712890625 0.091552734375
0.013671875 -0.1982421875 -0.208251953125
0.017578125 -0.0478515625 0.283935546875
-0.029296875 -0.0693359375 -0.343994140625
-0.025390625 -0.1572265625 -0.202392578125
0.013671875 -0.1005859375 -0.005126953125
0.0390625 -0.1064453125 -0.612060546875
0.021484375 -0.0517578125 -0.107666015625
-0.02734375 0.3154296875 0.953857421875
0.005859375 0.1162109375 0.703857421875
-0.0234375 0.0185546875 1.135498046875
-0.029296875 0.1650390625 0.764404296875
0.005859375 -0.2021484375 1.188232421875
0.009765625 -0.1669921875 -0.208251953125
-0.009765625 -0.0712890625 -0.126220703125
-0.005859375 -0.2060546875 -0.155517578125
0.03125 -0.0576171875 0.383544921875
-0.0078125 0.0322265625 -0.204345703125
0.0390625 -0.2275390625 0.764404296875
-0.0078125 -0.0166015625 -0.205322265625
0.001953125 -0.1904296875 -0.130126953125
-0.005859375 -0.2060546875 -0.155517578125
0.01171875 -0.0732421875 -0.005126953125
0.013671875 -0.1220703125 -0.079345703125
0.015625 -0.0439453125 1.067138671875
-0.021484375 -0.1533203125 -0.252197265625
0.015625 -0.0166015625 0.727294921875
-0.009765625 -0.0302734375 -0.100830078125
-0.01171875 -0.0419921875 -1.227294921875
-0.044921875 0.2802734375 1.074951171875
0.0078125 -0.0615234375 0.067138671875
0.03515625 -0.0458984375 -0.034423828125
0.037109375 0.0224609375 0.537841796875
0.046875 -0.0439453125 0.186279296875
-0.02734375 -0.0146484375 -0.276611328125
0.01171875 -0.0830078125 0.805419921875
0.021484375 -0.0517578125 -0.107666015625
0.029296875 -0.0732421875 -0.249267578125
0.015625 -0.0634765625 0.383544921875
0.044921875 -0.0947265625 -0.410400390625
0.00390625 -0.0966796875 0.807373046875
-0.029296875 -0.0400390625 -0.229736328125
0.005859375 -0.1279296875 -0.103759765625
-0.0078125 0.0322265625 -0.204345703125
-0.00390625 0.0009765625 -0.228759765625
-0.015625 0.0087890625 -0.123291015625
0.00390625 -0.0595703125 0.140380859375
-0.013671875 -0.0205078125 -0.172119140625
0.01953125 -0.0283203125 0.342529296875
0.03515625 -0.1064453125 -0.493408203125
0.044921875 -0.0322265625 0.283935546875
-0.037109375 0.1572265625 1.104248046875
0.0234375 -0.0341796875 0.234130859375
-0.013671875 -0.1376953125 -0.355712890625
0.021484375 -0.0341796875 0.037841796875
0.013671875 -0.1884765625 -0.055908203125
-0.01953125 0.1083984375 0.774169921875
0.021484375 -0.0517578125 -0.107666015625
0.00390625 -0.0302734375 0.541748046875
0.001953125 -0.2021484375 -0.105712890625
0.013671875 -0.0966796875 -0.181884765625
-0.009765625 -0.1142578125 -0.280517578125
0.013671875 -0.1884765625 -0.055908203125
-0.033203125 -0.0869140625 -0.296142578125
-0.037109375 -0.0107421875 -0.194580078125
0.05078125 -0.0458984375 0.547607421875
0.041015625 -0.2568359375 1.119873046875
0.01171875 -0.0400390625 -0.156494140625
0.04296875 -0.0556640625 -0.083251953125
-0.01171875 -0.1162109375 -0.354736328125
-0.03125 0.0556640625 1.125732421875
0.046875 -0.0439453125 0.186279296875
0.00390625 -0.1474609375 -0.054931640625
-0.025390625 0.0009765625 -0.123291015625
-0.025390625 -0.1533203125 -0.350830078125
0.017578125 -0.0478515625 0.283935546875
0.044921875 -0.0927734375 -0.883056640625
0.017578125 -0.1474609375 -0.107666015625
0.015625 -0.0634765625 0.383544921875
0.046875 -0.0439453125 0.186279296875
0.044921875 -0.0947265625 -0.410400390625
-0.009765625 -0.0302734375 -0.100830078125
0.021484375 -0.0537109375 0.426513671875
-0.03125 -0.1923828125 -0.254150390625
0.017578125 -0.0478515625 0.283935546875
-0.037109375 -0.0341796875 -0.148681640625
0.01171875 -0.0146484375 -0.156494140625
0.013671875 -0.0654296875 -0.034423828125
-0.021484375 -0.1845703125 -0.352783203125
0.037109375 0.0224609375 0.537841796875
-0.025390625 -0.1533203125 -0.350830078125
0.0234375 -0.0361328125 -0.278564453125
0.005859375 -0.0576171875 0.043701171875
0.01171875 0.0107421875 1.053466796875
0.048828125 -0.1240234375 -0.803955078125
-0.017578125 0.0556640625 0.781982421875
-0.021484375 -0.1845703125 -0.352783203125
0.0078125 -0.0263671875 0.795654296875
0.0078125 -0.0869140625 -0.133056640625
-0.02734375 0.3154296875 0.953857421875
-0.015625 -0.0595703125 -0.351806640625
0.0078125 0.0166015625 -0.156494140625
-0.021484375 -0.1572265625 -0.301025390625
0.0 -0.0810546875 -0.452392578125
0.00390625 -0.1474609375 -0.054931640625
0.017578125 -0.0576171875 0.087646484375
0.052734375 -0.0263671875 0.038818359375
0.013671875 -0.1220703125 -0.079345703125
-0.005859375 -0.2060546875 -0.155517578125
0.021484375 -0.0537109375 0.426513671875
0.009765625 -0.0751953125 0.115966796875
0.0390625 -0.2275390625 0.764404296875
0.025390625 -0.0361328125 0.136474609375
-0.0078125 0.1318359375 1.022216796875
0.0 -0.1669921875 1.180419921875
0.001953125 0.0029296875 0.791748046875
0.0078125 0.0166015625 0.719482421875
0.021484375 -0.0771484375 -0.083251953125
0.0078125 -0.0361328125 -0.132080078125
-0.001953125 -0.0751953125 -0.078369140625
-0.033203125 -0.0869140625 -0.296142578125
-0.03125 -0.0107421875 -0.218994140625
-0.013671875 -0.1376953125 -0.251220703125
0.02734375 -0.0673828125 -0.353759765625
0.005859375 -0.0712890625 0.091552734375
0.017578125 -0.0849609375 -0.347900390625
0.005859375 -0.0693359375 0.555419921875
-0.00390625 -0.1259765625 -0.231689453125
-0.021484375 -0.1533203125 -0.252197265625
-0.017578125 0.0556640625 0.781982421875
0.00390625 -0.1318359375 -0.207275390625
0.005859375 -0.1103515625 -0.207275390625
-0.017578125 0.0556640625 0.781982421875
-0.04296875 -0.0458984375 -0.244384765625
0.01171875 -0.0146484375 -0.156494140625
0.044921875 -0.0947265625 -0.410400390625
-0.015625 -0.0595703125 -0.351806640625
-0.015625 -0.1845703125 -0.228759765625
-0.04296875 -0.0458984375 -0.244384765625
-0.01171875 -0.1162109375 -0.354736328125
0.03125 -0.1220703125 -0.801513671875
0.015625 -0.0439453125 1.067138671875
0.021484375 -0.0400390625 -0.010009765625
0.029296875 -0.1865234375 0.756591796875
0.021484375 -0.2041015625 -0.107666015625
0.017578125 -0.0576171875 0.087646484375
0.01171875 -0.0791015625 0.213623046875
