STOP_SIGN
0.01904296875 -0.080078125 0.2784309387207031
-0.03173828125 0.05859375 1.0059700012207031
0.05029296875 -0.064453125 0.08214187622070312
-0.00244140625 -0.017578125 -0.09754562377929688
0.03271484375 -0.099609375 -0.13563156127929688
0.05224609375 -0.1015625 -0.2987174987792969
-0.00830078125 -0.181640625 -1.4714164733886719
-0.02783203125 -0.060546875 -0.13172531127929688
0.01806640625 -0.095703125 -0.055553436279296875
-0.00537109375 -0.001953125 -0.039928436279296875
0.03271484375 -0.072265625 -0.09363937377929688
0.03564453125 -0.056640625 0.15538406372070312
0.01416015625 -0.064453125 0.16026687622070312
-0.01220703125 -0.029296875 -0.15613937377929688
0.05029296875 -0.0390625 0.07628250122070312
0.02099609375 -0.087890625 0.10167312622070312
-0.01025390625 -0.00390625 -0.050670623779296875
0.03564453125 -0.060546875 0.23839187622070312
0.02490234375 -0.078125 -0.21766281127929688
0.04638671875 -0.095703125 0.3380012512207031
-0.00732421875 0.060546875 0.8848762512207031
-0.01123046875 -0.046875 -0.09852218627929688
0.05126953125 -0.103515625 -0.21863937377929688
0.02490234375 -0.0625 0.21397781372070312
-0.02783203125 -0.060546875 -0.13172531127929688
-0.01611328125 -0.017578125 1.0255012512207031
0.04541015625 -0.064453125 0.21886062622070312
0.05224609375 -0.1015625 -0.2987174987792969
0.04638671875 -0.095703125 0.3380012512207031
-0.00732421875 0.060546875 0.8848762512207031
-0.03564453125 -0.05078125 -0.21570968627929688
0.01416015625 -0.072265625 0.14073562622070312
0.03271484375 -0.041015625 0.21788406372070312
0.04345703125 -0.0703125 0.018665313720703125
0.03955078125 -0.107421875 -0.6410026550292969
0.02490234375 -0.064453125 -0.2948112487792969
0.03369140625 -0.017578125 0.9083137512207031
0.04248046875 -0.07421875 -0.059459686279296875
0.03466796875 -0.08984375 0.12120437622070312
0.03662109375 -0.080078125 -0.21766281127929688
0.01220703125 -0.09375 -0.09461593627929688
0.04833984375 -0.05078125 0.09679031372070312
-0.00732421875 0.060546875 0.8848762512207031
0.00439453125 -0.095703125 -0.2977409362792969
0.02978515625 -0.0703125 0.17979812622070312
0.05029296875 -0.12890625 -0.8143424987792969
0.04443359375 -0.05859375 0.19444656372070312
0.04443359375 -0.078125 0.10167312622070312
0.03564453125 -0.044921875 0.5001106262207031
-0.03564453125 -0.1015625 -0.2889518737792969
-0.00341796875 -0.06640625 -0.13270187377929688
0.04833984375 -0.072265625 -0.040904998779296875
0.03955078125 -0.078125 -0.07996749877929688
0.02587890625 -0.0625 0.037220001220703125
-0.01220703125 -0.029296875 -0.15613937377929688
0.02392578125 -0.068359375 0.14073562622070312
0.02099609375 -0.056640625 -0.07313156127929688
0.00732421875 -0.078125 -0.17274093627929688
0.03955078125 -0.072265625 0.038196563720703125
0.00537109375 -0.099609375 0.022571563720703125
0.04931640625 -0.06640625 0.16026687622070312
0.01416015625 -0.064453125 0.16026687622070312
-0.01806640625 -0.01171875 -0.012584686279296875
0.04248046875 -0.064453125 0.19932937622070312
0.04736328125 -0.076171875 -0.11902999877929688
0.03857421875 -0.03515625 0.2901496887207031
-0.03271484375 -0.0703125 -0.2948112487792969
0.05322265625 -0.080078125 -0.020397186279296875
0.03369140625 -0.080078125 0.004016876220703125
0.02490234375 -0.078125 -0.21766281127929688
0.03662109375 -0.080078125 -0.21766281127929688
0.05029296875 -0.068359375 0.038196563720703125
0.01318359375 -0.0703125 -0.21668624877929688
0.00634765625 0.0234375 -0.07801437377929688
0.03564453125 -0.05859375 0.21397781372070312
0.01611328125 -0.046875 0.7481575012207031
0.00927734375 -0.080078125 0.19932937622070312
0.01220703125 -0.09375 -0.09461593627929688
-0.03564453125 -0.1015625 -0.2889518737792969
0.02197265625 -0.05859375 0.21886062622070312
0.04833984375 -0.052734375 0.3399543762207031
0.03564453125 -0.080078125 -0.07508468627929688
0.02783203125 -0.0703125 -0.07899093627929688
0.01025390625 0.0234375 -0.058483123779296875
0.04248046875 -0.064453125 0.19932937622070312
0.03076171875 -0.08984375 -0.17371749877929688
0.03271484375 -0.072265625 -0.09363937377929688
0.03466796875 -0.08984375 0.12120437622070312
0.03662109375 -0.080078125 -0.21766281127929688
0.04345703125 -0.0703125 -0.015514373779296875
0.01025390625 -0.08984375 -0.016490936279296875
0.00732421875 -0.091796875 -0.055553436279296875
0.02783203125 -0.06640625 -0.020397186279296875
0.02294921875 -0.09765625 0.3380012512207031
0.00439453125 -0.087890625 -0.15809249877929688
-0.01123046875 -0.046875 -0.09852218627929688
0.04833984375 -0.072265625 -0.040904998779296875
0.00927734375 -0.076171875 0.10167312622070312
0.00537109375 -0.04296875 0.7481575012207031
0.03955078125 -0.146484375 -0.8187370300292969
0.05224609375 -0.1015625 -0.2987174987792969
0.05029296875 -0.12890625 -0.8143424987792969
-0.00244140625 -0.06640625 0.5528450012207031
0.02783203125 -0.037109375 0.2901496887207031
-0.02587890625 -0.021484375 -0.07020187377929688
-0.00634765625 -0.005859375 1.0235481262207031
0.00732421875 0.0078125 -0.09754562377929688
-0.00341796875 -0.06640625 -0.13270187377929688
0.03466796875 -0.06640625 0.043079376220703125
-0.05322265625 0.2421875 0.9551887512207031
-0.03857421875 -0.08203125 -0.17274093627929688
0.03271484375 -0.02734375 0.14073562622070312
0.02001953125 -0.06640625 0.004993438720703125
0.02197265625 -0.056640625 0.13487625122070312
0.05322265625 -0.1015625 -0.15906906127929688
0.05224609375 -0.068359375 -0.000865936279296875
0.02880859375 -0.09765625 0.022571563720703125
0.00634765625 0.0234375 -0.07801437377929688
0.01611328125 -0.072265625 0.08214187622070312
0.03955078125 -0.138671875 -0.3914909362792969
0.03564453125 -0.048828125 0.09581375122070312
0.04345703125 -0.0703125 0.018665313720703125
0.04443359375 -0.05859375 0.19444656372070312
0.03564453125 -0.0546875 0.3399543762207031
0.02099609375 -0.060546875 0.19444656372070312
-0.02099609375 -0.0859375 -0.21766281127929688
0.00732421875 -0.072265625 0.17979812622070312
-0.04736328125 -0.0703125 -0.21961593627929688
0.01904296875 0.04296875 1.4981575012207031
0.05029296875 -0.076171875 -0.09949874877929688
0.00537109375 -0.099609375 0.022571563720703125
0.02587890625 -0.052734375 0.2530403137207031
0.00732421875 0.0078125 -0.09754562377929688
0.03271484375 -0.099609375 -0.13563156127929688
0.00732421875 -0.068359375 0.4141731262207031
0.00732421875 -0.091796875 -0.055553436279296875
0.02783203125 -0.06640625 -0.020397186279296875
0.04833984375 -0.080078125 -0.4354362487792969
0.03173828125 -0.072265625 -0.015514373779296875
0.02099609375 -0.08984375 -0.13465499877929688
0.02392578125 -0.068359375 0.14073562622070312
0.05322265625 -0.1015625 -0.15906906127929688
-0.03857421875 -0.08203125 -0.17274093627929688
-0.00732421875 0.060546875 0.8848762512207031
0.04052734375 -0.0703125 -0.000865936279296875
0.04443359375 -0.05859375 0.19444656372070312
0.00927734375 -0.087890625 0.06261062622070312
0.02978515625 -0.056640625 0.07725906372070312
0.04541015625 -0.064453125 0.21886062622070312
0.03466796875 -0.08984375 0.12120437622070312
0.02490234375 -0.0703125 -0.040904998779296875
0.01123046875 -0.015625 0.9063606262207031
-0.00537109375 -0.001953125 -0.039928436279296875
0.01123046875 -0.05859375 0.043079376220703125
0.02685546875 -0.03515625 0.6465950012207031
0.04931640625 -0.04296875 0.17393875122070312
0.02880859375 -0.09765625 0.022571563720703125
-0.00732421875 0.060546875 0.8848762512207031
0.00537109375 -0.1953125 -1.4781608581542969
-0.01220703125 -0.00390625 0.025501251220703125
0.03857421875 -0.08203125 -0.09949874877929688
0.03955078125 -0.08984375 -0.040904998779296875
0.02490234375 -0.078125 -0.21766281127929688
0.01904296875 0.04296875 1.4981575012207031
0.03271484375 -0.02734375 0.14073562622070312
0.01220703125 -0.09375 0.3380012512207031
0.02099609375 -0.056640625 -0.07313156127929688
0.03369140625 -0.017578125 0.9083137512207031
-0.00146484375 -0.009765625 -0.07801437377929688
0.03662109375 -0.12109375 -0.5399284362792969
0.02783203125 -0.07421875 0.08214187622070312
0.03857421875 -0.08203125 -0.09949874877929688
0.03955078125 -0.107421875 -0.6410026550292969
0.02978515625 -0.07421875 0.06261062622070312
0.03564453125 -0.060546875 0.23839187622070312
0.04833984375 -0.072265625 -0.040904998779296875
-0.00830078125 -0.181640625 -1.4714164733886719
0.01318359375 -0.056640625 0.037220001220703125
0.01416015625 -0.064453125 0.16026687622070312
0.01123046875 -0.0546875 0.21886062622070312
0.03271484375 -0.072265625 0.11632156372070312
0.00732421875 -0.078125 -0.17274093627929688
-0.01904296875 -0.20703125 -1.4831199645996094
0.05029296875 -0.0390625 0.07628250122070312
0.04443359375 -0.05859375 0.19444656372070312
-0.01318359375 -0.091796875 -0.2879753112792969
0.02490234375 -0.123046875 -0.5399284362792969
0.04541015625 -0.064453125 0.21886062622070312
-0.01025390625 -0.00390625 -0.050670623779296875
0.02099609375 -0.056640625 -0.07313156127929688
0.03271484375 -0.041015625 0.21788406372070312
-0.01220703125 -0.029296875 -0.15613937377929688
0.04248046875 -0.046875 0.5508918762207031
0.02001953125 -0.06640625 0.004993438720703125
0.02197265625 -0.01171875 0.9044075012207031
0.03564453125 -0.078125 -0.4354362487792969
0.04833984375 -0.072265625 -0.040904998779296875
-0.04833984375 -0.08203125 -0.2869987487792969
0.01806640625 -0.076171875 0.06261062622070312
-0.00927734375 -0.08203125 -0.21766281127929688
