STOP_SIGN
0.046875 0.00634765625 -0.83642578125
0.015625 0.02099609375 -0.32373046875
0.03125 0.02197265625 -0.45166015625
-0.046875 0.31396484375 0.57080078125
0.0 0.21240234375 0.18798828125
0.015625 0.02587890625 -0.06591796875
-0.046875 0.30224609375 0.69970703125
0.03125 0.04931640625 -0.19482421875
-0.03125 0.24365234375 0.57080078125
-0.046875 0.22900390625 0.69970703125
-0.015625 0.22509765625 0.44384765625
0.015625 0.07275390625 0.06103515625
-0.015625 -0.00830078125 0.31689453125
0.03125 0.10205078125 -0.06591796875
-0.03125 0.16650390625 0.57275390625
-0.015625 0.14794921875 0.44580078125
0.0 0.14208984375 0.31689453125
0.03125 0.03759765625 -0.06201171875
-0.03125 0.08935546875 0.57275390625
-0.046875 0.31201171875 0.82666015625
0.0 0.06396484375 0.31884765625
-0.03125 0.25732421875 0.70556640625
-0.046875 0.23876953125 0.82666015625
0.015625 0.05322265625 0.18994140625
-0.03125 0.14697265625 0.70166015625
0.015625 -0.02001953125 0.18994140625
0.03125 -0.01318359375 0.06298828125
-0.03125 0.06982421875 0.70166015625
0.015625 -0.10107421875 0.18994140625
0.03125 -0.08349609375 0.06298828125
-0.03125 0.02978515625 0.70556640625
0.046875 -0.05322265625 -0.06591796875
-0.015625 0.00341796875 0.57470703125
-0.03125 -0.00341796875 0.70166015625
-0.015625 0.17919921875 0.70556640625
-0.03125 0.15771484375 0.82861328125
0.046875 -0.13037109375 -0.06591796875
-0.015625 0.10205078125 0.70556640625
-0.03125 0.07958984375 0.83056640625
0.015625 0.06884765625 0.44580078125
0.015625 -0.00830078125 0.44775390625
0.03125 0.01025390625 0.32275390625
0.03125 -0.18017578125 0.19189453125
-0.015625 -0.08544921875 0.70361328125
0.015625 -0.08642578125 0.44775390625
0.03125 -0.06689453125 0.32470703125
0.03125 -0.08837890625 0.31884765625
0.0 -0.14404296875 0.57666015625
0.03125 -0.16259765625 0.32080078125
-0.015625 0.00537109375 0.83056640625
0.0 -0.22607421875 0.57666015625
0.0 -0.04931640625 0.70751953125
0.0 -0.16357421875 0.70361328125
0.03125 -0.16455078125 0.44970703125
0.03125 -0.23388671875 0.44970703125
0.0 -0.07275390625 0.83251953125
0.015625 -0.12841796875 0.70947265625
0.0 -0.14697265625 0.83447265625
0.015625 -0.20458984375 0.70947265625
0.015625 -0.23583984375 0.70556640625
0.015625 -0.27880859375 0.70947265625
0.03125 -0.30615234375 0.57861328125
0.015625 -0.31396484375 0.70751953125
0.015625 -0.22802734375 0.83447265625
0.015625 -0.30615234375 0.83642578125
