STOP_SIGN
0.0234375 0.052734375 -0.63720703125
0.0390625 0.0615234375 -0.76416015625
0.0390625 -0.015625 -0.76416015625
0.0390625 0.064453125 -0.64013671875
0.0390625 -0.025390625 -0.63720703125
-0.0078125 0.1025390625 0.12353515625
-0.0390625 0.27734375 0.50244140625
0.0234375 0.021484375 -0.25537109375
-0.0234375 0.2666015625 0.37744140625
-0.0390625 0.201171875 0.50439453125
-0.0546875 0.1943359375 0.62939453125
-0.0078125 0.189453125 0.25048828125
-0.0546875 0.349609375 0.75634765625
0.0234375 -0.0107421875 -0.12841796875
-0.0390625 0.2705078125 0.62939453125
0.0234375 0.1083984375 -0.00146484375
0.0078125 0.255859375 0.25048828125
-0.0390625 -0.02734375 0.50439453125
0.0234375 0.0576171875 -0.00341796875
0.0078125 0.0205078125 0.12548828125
-0.0078125 0.189453125 0.37939453125
0.0234375 0.03125 -0.00146484375
0.0390625 0.064453125 -0.12841796875
0.0390625 0.0517578125 -0.13037109375
-0.0234375 0.1240234375 0.50439453125
-0.0390625 0.1171875 0.63134765625
0.0078125 -0.0517578125 0.12548828125
-0.0078125 0.11328125 0.37939453125
0.0078125 0.1044921875 0.25244140625
-0.0234375 0.2646484375 0.62939453125
0.0078125 0.03515625 0.25244140625
0.0078125 0.0263671875 0.25048828125
0.0390625 -0.0859375 -0.12841796875
-0.0234375 0.1923828125 0.62939453125
-0.0390625 0.2041015625 0.75830078125
0.0078125 -0.0419921875 0.25244140625
0.0390625 -0.162109375 -0.12646484375
-0.0390625 0.1201171875 0.75830078125
0.0390625 -0.0458984375 -0.00146484375
-0.0078125 0.046875 0.50634765625
-0.0234375 0.0361328125 0.63330078125
0.0234375 -0.1298828125 0.12548828125
0.0078125 0.0322265625 0.37939453125
0.0390625 -0.123046875 0.00048828125
0.0546875 -0.1064453125 -0.13037109375
-0.0234375 -0.0361328125 0.63330078125
0.0078125 -0.044921875 0.37939453125
-0.0078125 -0.1064453125 0.50634765625
0.0078125 -0.1171875 0.38134765625
-0.0078125 0.04296875 0.63134765625
-0.0234375 0.0498046875 0.76025390625
-0.0078125 -0.1787109375 0.50830078125
-0.0078125 -0.0302734375 0.63134765625
-0.0234375 -0.0263671875 0.76025390625
0.0390625 -0.0517578125 0.25048828125
-0.0078125 -0.1142578125 0.63525390625
0.0390625 -0.1240234375 0.25439453125
-0.0078125 -0.19140625 0.63525390625
0.0234375 -0.1953125 0.38134765625
0.0390625 -0.197265625 0.25439453125
0.0078125 -0.26171875 0.51025390625
0.0234375 -0.2724609375 0.38330078125
0.0078125 -0.1162109375 0.63330078125
0.0546875 -0.1298828125 0.25244140625
0.0078125 -0.2685546875 0.63720703125
0.0078125 -0.1083984375 0.76220703125
0.0234375 -0.33984375 0.51025390625
0.0078125 -0.349609375 0.63720703125
0.0234375 -0.189453125 0.63525390625
0.0078125 -0.181640625 0.76416015625
0.0078125 -0.2578125 0.76416015625
0.0390625 -0.2626953125 0.63525390625
0.0390625 -0.3359375 0.63525390625
