STOP_SIGN
0.0 -0.1541748046875 -1.2255859375
-0.0625 0.2359619140625 0.4892578125
0.015625 0.0777587890625 -0.4384765625
0.015625 0.1026611328125 -0.4091796875
0.015625 0.0919189453125 -0.2060546875
0.03125 0.0328369140625 -0.4091796875
0.015625 0.0186767578125 0.025390625
0.015625 0.0889892578125 0.025390625
-0.078125 0.2681884765625 0.9521484375
0.0 0.0577392578125 0.291015625
-0.078125 0.3375244140625 0.9521484375
-0.046875 0.2701416015625 0.7197265625
-0.0625 0.3482666015625 0.8369140625
0.0 0.0548095703125 0.3740234375
0.0 0.1319580078125 0.3740234375
-0.0625 0.2027587890625 0.9521484375
0.015625 0.0328369140625 0.2578125
-0.078125 0.2769775390625 1.0673828125
-0.046875 0.2032470703125 0.8369140625
-0.015625 0.1304931640625 0.6044921875
0.0 0.0289306640625 0.4892578125
-0.015625 0.0552978515625 0.6396484375
0.0 0.0992431640625 0.4892578125
-0.015625 -0.0072021484375 0.7216796875
-0.046875 0.1339111328125 0.9521484375
-0.0625 0.2081298828125 1.0673828125
-0.015625 0.1358642578125 0.7216796875
0.0 0.0611572265625 0.6064453125
0.015625 -0.0399169921875 0.4892578125
0.03125 0.1031494140625 0.2587890625
-0.03125 0.2730712890625 0.8369140625
0.03125 -0.0804443359375 0.3740234375
-0.03125 0.2593994140625 0.8740234375
0.03125 -0.0140380859375 0.3740234375
-0.015625 -0.0052490234375 0.8369140625
-0.0625 0.1446533203125 1.1845703125
0.015625 0.0582275390625 0.5244140625
-0.046875 0.1397705078125 1.0673828125
-0.0625 0.2105712890625 1.1845703125
0.046875 -0.0360107421875 0.2578125
0.03125 0.0533447265625 0.408203125
0.0 0.0626220703125 0.7216796875
-0.015625 0.1417236328125 0.8369140625
0.015625 -0.0086669921875 0.6064453125
-0.0625 0.2799072265625 1.1845703125
-0.0625 0.1837158203125 1.2216796875
0.046875 -0.0032958984375 0.2919921875
-0.0625 0.2564697265625 1.2197265625
-0.03125 0.0006103515625 1.0673828125
-0.015625 0.1895751953125 0.8740234375
-0.046875 0.0723876953125 1.1845703125
0.03125 -0.0111083984375 0.5244140625
-0.03125 0.0704345703125 1.0693359375
0.015625 -0.0760498046875 0.7216796875
0.0625 -0.1058349609375 0.2587890625
0.046875 -0.0159912109375 0.408203125
0.0 0.0655517578125 0.8388671875
0.03125 -0.0775146484375 0.6064453125
0.0 0.1197509765625 0.8740234375
-0.015625 -0.0682373046875 1.0693359375
0.0 -0.0736083984375 0.9541015625
0.0 0.0660400390625 0.9541015625
0.015625 -0.0233154296875 0.8740234375
-0.03125 0.1143798828125 1.2216796875
0.0625 -0.1087646484375 0.4912109375
-0.015625 -0.0662841796875 1.1865234375
0.015625 -0.1429443359375 0.9541015625
0.046875 -0.0164794921875 0.6416015625
-0.015625 0.0035400390625 1.1865234375
0.0625 -0.0809326171875 0.5244140625
0.046875 -0.2113037109375 0.7236328125
0.015625 -0.0032958984375 0.9541015625
0.03125 -0.0697021484375 0.8388671875
0.046875 -0.1448974609375 0.7236328125
-0.015625 -0.0247802734375 1.2216796875
0.078125 -0.0823974609375 0.408203125
0.03125 -0.0892333984375 0.8740234375
-0.015625 0.0450439453125 1.2236328125
0.0 -0.1356201171875 1.1865234375
0.03125 -0.2122802734375 0.9560546875
0.015625 -0.1375732421875 1.0693359375
0.046875 -0.2054443359375 0.8388671875
0.0625 -0.2843017578125 0.7236328125
0.046875 -0.1390380859375 0.8388671875
0.03125 -0.2730712890625 1.0712890625
0.015625 -0.2010498046875 1.1884765625
0.03125 -0.2069091796875 1.0712890625
0.0625 -0.2781982421875 0.8408203125
0.015625 -0.0936279296875 1.2255859375
0.0625 -0.2293701171875 0.8759765625
0.0625 -0.1590576171875 0.8759765625
0.046875 -0.3463134765625 1.0712890625
0.03125 -0.2742919921875 1.1884765625
0.0625 -0.2816162109375 0.9560546875
0.078125 -0.3482666015625 0.8408203125
0.03125 -0.1566162109375 1.2255859375
0.078125 -0.3026123046875 0.8759765625
0.046875 -0.3438720703125 1.1884765625
0.078125 -0.3480224609375 0.9560546875
0.046875 -0.3038330078125 1.2255859375
0.046875 -0.2337646484375 1.2255859375
