STOP_SIGN
-0.05078125 0.03125 -1.13079833984375
-0.02734375 -0.0078125 0.16693115234375
-0.28515625 0.21875 0.83880615234375
0.01171875 -0.03125 0.26361083984375
-0.01953125 0.0 0.32708740234375
-0.01171875 -0.0078125 0.36029052734375
-0.00390625 0.0703125 -0.70562744140625
-0.01171875 0.015625 0.23138427734375
0.02734375 -0.03125 0.23138427734375
-0.05078125 0.0546875 0.32708740234375
0.03515625 -0.0625 0.42181396484375
0.00390625 -0.015625 0.42181396484375
-0.05859375 0.03125 0.64739990234375
0.02734375 -0.03125 0.32708740234375
-0.04296875 0.078125 0.13470458984375
0.06640625 -0.078125 0.32708740234375
-0.03515625 0.0625 0.23040771484375
0.01953125 -0.0546875 0.64739990234375
-0.01171875 0.0 0.55169677734375
-0.10546875 0.09375 0.70989990234375
-0.02734375 0.0390625 0.42181396484375
-0.09765625 0.125 0.42181396484375
0.04296875 -0.0390625 0.35931396484375
-0.20703125 0.203125 0.80364990234375
0.02734375 -0.03125 0.45501708984375
-0.01171875 -0.0234375 0.74407958984375
0.01171875 -0.03125 0.61322021484375
-0.02734375 0.03125 0.51751708984375
0.00390625 0.0390625 0.13470458984375
-0.17578125 0.1875 0.70989990234375
-0.08203125 0.0703125 0.74407958984375
0.08984375 -0.09375 0.42181396484375
0.07421875 -0.0546875 0.26263427734375
0.10546875 -0.09375 0.26263427734375
0.01171875 -0.0078125 0.51751708984375
0.06640625 -0.09375 0.64739990234375
-0.13671875 0.1484375 0.70989990234375
-0.05859375 0.0546875 0.70989990234375
0.08203125 -0.0703125 0.35931396484375
0.08203125 -0.0546875 0.23040771484375
-0.25390625 0.2265625 1.09173583984375
-0.16015625 0.1328125 0.99505615234375
-0.08984375 0.109375 0.61322021484375
-0.12109375 0.0859375 0.99505615234375
-0.00390625 0.0 0.64739990234375
-0.03515625 0.0546875 0.55169677734375
-0.13671875 0.125 0.89935302734375
-0.09765625 0.078125 0.89935302734375
0.00390625 0.0234375 0.45501708984375
-0.05078125 0.0703125 0.61322021484375
0.05859375 -0.046875 0.51751708984375
-0.16796875 0.171875 0.90032958984375
0.01953125 -0.046875 0.83978271484375
-0.15234375 0.171875 0.80462646484375
-0.01171875 0.015625 0.70989990234375
-0.08203125 0.0546875 0.99505615234375
0.05859375 -0.0703125 0.70892333984375
0.03515625 -0.0546875 0.80364990234375
0.04296875 -0.0546875 0.74407958984375
0.01953125 -0.046875 0.89935302734375
0.02734375 -0.0234375 0.70989990234375
0.08203125 -0.0546875 0.45404052734375
-0.02734375 0.0390625 0.74407958984375
-0.00390625 0.03125 0.61322021484375
0.06640625 -0.0546875 0.61322021484375
0.05078125 -0.0234375 0.55169677734375
-0.10546875 0.1328125 0.80462646484375
-0.06640625 0.0859375 0.80462646484375
-0.03515625 0.015625 0.99505615234375
0.08203125 -0.0859375 0.74407958984375
-0.11328125 0.140625 0.83978271484375
-0.07421875 0.09375 0.83978271484375
-0.11328125 0.125 0.93646240234375
-0.00390625 0.0078125 0.83978271484375
-0.04296875 0.046875 0.90032958984375
0.04296875 -0.0703125 0.99505615234375
-0.12109375 0.125 1.03314208984375
-0.03515625 0.0390625 0.93646240234375
-0.00390625 0.0078125 0.90032958984375
0.12890625 -0.1171875 0.64739990234375
-0.12109375 0.1171875 1.09173583984375
-0.15234375 0.1484375 1.12884521484375
-0.04296875 0.015625 1.12884521484375
0.06640625 -0.078125 0.89935302734375
0.09765625 -0.0625 0.55169677734375
0.02734375 -0.0625 1.09173583984375
0.01171875 -0.0234375 0.99603271484375
-0.14453125 0.1796875 0.93646240234375
-0.08203125 0.078125 1.09173583984375
-0.07421875 0.0625 1.12884521484375
-0.04296875 0.03125 1.09173583984375
-0.01953125 0.0546875 0.80462646484375
0.08984375 -0.078125 0.80462646484375
-0.07421875 0.0859375 1.03314208984375
-0.06640625 0.09375 0.93646240234375
0.12109375 -0.0859375 0.61322021484375
0.08203125 -0.0703125 0.83978271484375
0.00390625 -0.0234375 1.12884521484375
-0.02734375 0.0703125 0.83978271484375
0.01171875 0.0078125 0.93646240234375
0.04296875 -0.046875 1.03314208984375
0.07421875 -0.09375 1.09173583984375
0.02734375 0.015625 0.80462646484375
-0.21484375 0.2734375 1.03314208984375
0.00390625 0.0 1.09173583984375
0.05078125 -0.0625 1.12884521484375
0.05859375 -0.03125 0.93646240234375
-0.08984375 0.1328125 1.13079833984375
-0.01171875 0.0625 1.03314208984375
0.09765625 -0.0859375 1.12884521484375
0.11328125 -0.0625 0.93646240234375
0.28515625 -0.2734375 0.90032958984375
0.03515625 0.0234375 1.03314208984375
0.10546875 -0.0625 1.03314208984375
