STOP_SIGN
0.1357421875 -0.12109375 0.9228515625
0.2314453125 -0.1640625 1.2509765625
0.0087890625 -0.046875 0.0244140625
0.0146484375 0.0078125 -0.009765625
-0.0205078125 0.01171875 0.9228515625
-0.0126953125 0.0 -1.252197265625
-0.0693359375 0.0546875 0.9228515625
0.0283203125 -0.03125 -0.12890625
0.0966796875 -0.06640625 1.2060546875
-0.0556640625 0.05859375 1.2587890625
0.0009765625 0.02734375 1.2060546875
0.0244140625 -0.0546875 -0.2060546875
-0.0634765625 0.03125 -0.046875
0.0205078125 -0.04296875 -0.2353515625
0.0498046875 -0.08203125 -0.046875
0.0380859375 -0.01171875 -0.5478515625
0.0244140625 0.046875 1.2490234375
0.0791015625 -0.0625 1.2568359375
-0.0029296875 -0.0234375 -0.013671875
-0.0029296875 0.04296875 0.4423828125
0.0224609375 -0.00390625 -0.197265625
0.1884765625 -0.14453125 1.2548828125
-0.0908203125 0.03515625 -0.046875
-0.1669921875 0.1484375 0.9228515625
0.2314453125 -0.1640625 1.2509765625
0.0498046875 -0.08203125 -0.046875
0.0498046875 -0.08203125 -0.046875
0.1357421875 -0.12109375 0.9228515625
0.2138671875 -0.1640625 0.9189453125
0.0263671875 -0.06640625 0.0625
-0.0361328125 -0.0078125 -0.046875
-0.0205078125 -0.0234375 -0.16015625
-0.1162109375 0.1015625 1.2099609375
0.0322265625 -0.03125 -0.046875
0.0068359375 0.01953125 0.138671875
-0.0166015625 -0.01171875 -0.197265625
-0.0576171875 0.01171875 0.0625
-0.2294921875 0.2109375 1.2626953125
0.0224609375 0.0078125 -0.2421875
-0.0029296875 0.015625 -0.47265625
0.0478515625 0.01953125 0.6083984375
-0.1064453125 0.08203125 0.9248046875
0.1123046875 -0.078125 1.2060546875
0.0380859375 0.015625 -0.3564453125
0.0146484375 0.01171875 0.0283203125
0.0380859375 0.01171875 -0.126953125
0.0244140625 0.0 -0.34765625
0.0517578125 -0.00390625 -0.3466796875
0.0517578125 0.01953125 0.9150390625
0.1435546875 -0.09375 1.2529296875
0.0693359375 -0.08984375 -0.12109375
-0.1455078125 0.109375 0.9248046875
0.0341796875 -0.015625 -0.47265625
0.0048828125 0.015625 -0.64306640625
0.1884765625 -0.14453125 1.2548828125
-0.1494140625 0.1328125 1.2099609375
-0.0654296875 0.05859375 1.2099609375
0.0126953125 0.01953125 0.2529296875
0.0341796875 -0.015625 -0.47265625
0.0380859375 0.015625 -0.3564453125
0.0732421875 -0.12109375 -0.0458984375
0.1708984375 -0.1328125 1.2548828125
-0.2001953125 0.1796875 0.9228515625
0.0400390625 0.0390625 0.9130859375
-0.1669921875 0.1484375 0.9228515625
-0.2822265625 0.22265625 1.2177734375
0.0263671875 -0.03125 0.1005859375
0.0283203125 -0.03515625 0.9228515625
-0.0732421875 0.015625 -0.083984375
0.0654296875 -0.04296875 1.2548828125
0.0224609375 -0.06640625 0.0244140625
0.1162109375 -0.109375 0.9228515625
0.0380859375 0.00390625 -0.083984375
-0.0498046875 0.04296875 1.2099609375
0.0615234375 0.0078125 0.1396484375
-0.0166015625 -0.01171875 -0.12890625
0.2119140625 -0.15234375 1.2509765625
-0.1044921875 0.0625 0.0625
0.0556640625 -0.0078125 -0.1591796875
-0.0908203125 0.03515625 -0.046875
0.0693359375 -0.08984375 -0.046875
-0.0654296875 0.01171875 0.0244140625
0.0244140625 -0.07421875 -0.083984375
0.0458984375 -0.0390625 -0.8779296875
0.0244140625 -0.02734375 -0.87890625
0.2314453125 -0.1640625 1.2509765625
-0.0029296875 -0.0234375 -0.013671875
0.1708984375 -0.1484375 0.9228515625
0.0517578125 -0.0859375 -0.0087890625
0.1513671875 -0.1328125 0.9228515625
-0.0908203125 0.03515625 -0.046875
0.1513671875 -0.1328125 0.9228515625
-0.0205078125 -0.01953125 -0.2353515625
-0.0498046875 0.04296875 1.2099609375
0.0224609375 0.015625 -0.1650390625
0.0791015625 -0.05078125 1.2060546875
0.2724609375 -0.20703125 1.2041015625
0.0146484375 0.015625 0.6103515625
0.2119140625 -0.15234375 1.2509765625
0.0478515625 0.01953125 0.6083984375
0.0888671875 -0.07421875 0.9208984375
-0.1982421875 0.17578125 1.2626953125
0.0087890625 0.01171875 -0.12109375
-0.1240234375 0.09765625 0.9248046875
0.0693359375 -0.08984375 -0.046875
-0.0654296875 0.01171875 0.0244140625
0.2119140625 -0.15234375 1.2509765625
0.0107421875 -0.03125 -0.0908203125
-0.0361328125 0.05078125 1.2568359375
0.2119140625 -0.15234375 1.2509765625
0.0107421875 -0.01171875 -1.250732421875
0.2626953125 -0.1953125 1.2509765625
-0.1572265625 0.12890625 0.9248046875
-0.1982421875 0.17578125 1.2119140625
0.0849609375 -0.11328125 -0.0087890625
-0.0732421875 0.05859375 0.0625
0.0244140625 -0.07421875 -0.083984375
0.0654296875 -0.1015625 -0.0087890625
0.0517578125 -0.0234375 1.2548828125
0.0380859375 0.01171875 -0.126953125
0.0419921875 -0.078125 0.0244140625
-0.0556640625 0.05859375 1.2587890625
0.1337890625 -0.09375 1.2060546875
-0.1162109375 0.1015625 1.2099609375
0.0009765625 0.01953125 -0.2421875
0.1884765625 -0.14453125 1.2548828125
-0.0126953125 0.0 -1.252197265625
0.0732421875 -0.12109375 -0.0458984375
0.0126953125 -0.046875 -0.2724609375
-0.2529296875 0.21875 1.2646484375
-0.1083984375 0.078125 1.2138671875
-0.1044921875 0.0625 0.0625
0.0341796875 -0.015625 -0.47265625
0.0517578125 -0.0859375 -0.0087890625
-0.0244140625 0.02734375 1.2587890625
0.0205078125 0.0 0.0244140625
0.0244140625 -0.07421875 -0.083984375
0.0693359375 -0.08984375 -0.046875
-0.0029296875 -0.0234375 -0.013671875
0.0244140625 -0.0546875 -0.2060546875
-0.1630859375 0.14453125 1.2607421875
0.0322265625 0.0 -0.0517578125
0.0380859375 0.015625 -0.3564453125
0.0693359375 -0.08984375 -0.12109375
0.1884765625 -0.12890625 1.2041015625
-0.2822265625 0.22265625 1.2177734375
0.0283203125 0.00390625 0.2158203125
0.0283203125 -0.03125 -0.197265625
0.0322265625 0.0 -0.0517578125
0.1123046875 -0.078125 1.2060546875
0.2041015625 -0.1484375 1.2041015625
-0.1083984375 0.05078125 -0.1220703125
0.0087890625 -0.0390625 -0.244140625
0.0244140625 0.0 -0.34765625
0.0498046875 -0.08203125 -0.046875
0.0361328125 0.0078125 0.0625
-0.1630859375 0.1484375 1.2099609375
-0.0166015625 -0.01171875 -0.197265625
0.1435546875 -0.09375 1.2529296875
0.1337890625 -0.09375 1.2060546875
0.0087890625 0.01171875 -0.12109375
-0.2001953125 0.1796875 0.9228515625
-0.0556640625 0.05859375 1.2587890625
0.0439453125 -0.0859375 -0.083984375
0.0185546875 0.0234375 0.3662109375
0.1025390625 -0.0703125 1.2548828125
-0.0361328125 -0.0078125 -0.046875
0.0341796875 -0.015625 -0.47265625
-0.0693359375 0.01953125 -0.0087890625
0.0537109375 0.0 0.3662109375
0.0361328125 0.0234375 1.2509765625
0.0224609375 0.0 0.25390625
-0.0341796875 0.02734375 0.9228515625
-0.0244140625 0.02734375 1.2587890625
-0.1767578125 0.1640625 1.2607421875
-0.0888671875 0.06640625 0.9228515625
0.0888671875 -0.07421875 0.9208984375
-0.0810546875 0.0390625 -0.0087890625
0.0380859375 0.015625 -0.3564453125
0.0498046875 -0.08203125 -0.046875
0.2626953125 -0.1953125 1.2509765625
-0.0126953125 -0.00390625 -0.013671875
-0.1083984375 0.078125 1.2138671875
0.0302734375 0.00390625 -0.12109375
0.0615234375 -0.0078125 0.1025390625
-0.1982421875 0.17578125 1.2119140625
-0.1357421875 0.11328125 1.2119140625
0.0732421875 -0.12109375 -0.0458984375
0.0263671875 -0.00390625 -0.234375
0.0146484375 -0.0625 -0.091796875
-0.1767578125 0.1640625 1.2607421875
-0.0068359375 0.00390625 0.0244140625
0.0146484375 0.01171875 0.0283203125
-0.1162109375 0.1015625 1.2099609375
-0.0029296875 0.04296875 0.4423828125
0.0322265625 -0.01953125 -1.262939453125
0.0615234375 0.0078125 0.1396484375
0.0615234375 -0.0078125 0.1025390625
0.0498046875 -0.08203125 -0.046875
0.0322265625 0.0 -0.0517578125
