STOP_SIGN
-0.31640625 0.140625 -1.05047607421875
-0.33984375 0.0703125 -1.0545654296875
-0.37890625 0.0234375 -1.05615234375
-0.25390625 0.140625 -1.0548095703125
-0.26953125 0.1015625 -1.38720703125
-0.31640625 0.0546875 1.04443359375
-0.29296875 0.0390625 0.95166015625
-0.30859375 0.0625 1.23095703125
-0.31640625 0.03125 1.13720703125
-0.31640625 0.0078125 0.98876953125
-0.30078125 0.0234375 1.08447265625
-0.30859375 0.03125 1.17822265625
-0.02734375 0.109375 -0.8375244140625
-0.24609375 0.0234375 0.85888671875
-0.23828125 0.015625 0.98974609375
-0.22265625 0.03125 1.04638671875
-0.20703125 0.03125 0.95263671875
-0.23828125 0.015625 1.13916015625
-0.22265625 -0.015625 0.89404296875
-0.19921875 -0.1328125 -0.8443603515625
-0.21484375 0.0078125 1.08447265625
-0.22265625 0.015625 1.18017578125
-0.22265625 0.0234375 1.23486328125
-0.19921875 0.0390625 1.32861328125
-0.01953125 0.0 -0.84625244140625
-0.15234375 -0.0234375 0.86083984375
-0.16015625 0.0078125 1.14111328125
-0.16015625 -0.046875 0.79931640625
0.06640625 0.046875 -0.7501220703125
-0.12109375 0.0 0.95458984375
0.02734375 0.0 -0.75048828125
-0.12890625 0.0 1.04736328125
-0.10546875 -0.0234375 0.76611328125
-0.13671875 -0.0234375 0.99072265625
-0.13671875 -0.0390625 0.89501953125
0.01171875 0.0078125 0.10498046875
0.02734375 -0.0078125 -0.37060546875
0.00390625 0.0078125 0.21923828125
0.01953125 -0.0234375 -0.458984375
-0.02734375 -0.078125 -0.85052490234375
-0.12890625 0.0 1.18212890625
0.00390625 -0.03125 -0.16845703125
0.05859375 0.0 -0.65478515625
0.01953125 -0.0390625 -0.6552734375
-0.12890625 0.0 1.23681640625
0.02734375 -0.0234375 -0.36181640625
0.05078125 0.0 -0.2666015625
0.04296875 0.0 -0.0859375
0.03515625 0.0078125 0.12255859375
0.01171875 -0.03125 -0.0712890625
-0.15234375 -0.015625 1.37548828125
-0.11328125 -0.03125 1.08837890625
-0.11328125 0.0078125 1.33251953125
0.03515625 0.0078125 0.29345703125
0.04296875 0.0 0.19873046875
-0.06640625 -0.03125 0.86181640625
0.05078125 0.0234375 0.38720703125
0.00390625 -0.03125 0.31591796875
0.02734375 0.0078125 0.48291015625
0.04296875 -0.0078125 0.41259765625
-0.05078125 -0.015625 1.04931640625
-0.02734375 -0.0390625 0.76611328125
0.00390625 -0.0234375 0.67236328125
-0.03515625 -0.0234375 0.95654296875
0.05078125 0.0078125 0.57763671875
0.01953125 0.0 0.76611328125
-0.06640625 -0.03125 1.14306640625
0.03515625 0.0234375 0.86181640625
-0.01953125 -0.0390625 0.79931640625
0.02734375 -0.0078125 0.70263671875
0.01953125 -0.0390625 0.50830078125
0.05078125 0.0078125 0.67236328125
0.06640625 0.0078125 0.60595703125
-0.04296875 -0.0234375 1.18603515625
-0.04296875 -0.0546875 0.99267578125
-0.03515625 -0.0625 0.89599609375
0.03515625 -0.015625 0.79931640625
0.01953125 -0.0390625 0.86279296875
-0.02734375 -0.0546875 1.08837890625
-0.02734375 -0.03125 1.24072265625
-0.02734375 -0.015625 1.33447265625
0.01953125 -0.0234375 1.05126953125
0.01953125 -0.046875 0.89599609375
-0.05078125 -0.046875 1.37939453125
0.02734375 -0.0390625 0.99267578125
0.04296875 -0.03125 0.95751953125
0.31640625 0.09375 -0.760498046875
0.01953125 -0.0390625 1.14501953125
0.03515625 -0.03125 1.24267578125
0.04296875 -0.0390625 1.18798828125
0.10546875 -0.015625 0.95751953125
0.01953125 -0.0390625 1.37939453125
0.05078125 -0.0234375 1.33642578125
0.09765625 -0.0390625 0.99365234375
0.09765625 -0.0234375 1.24267578125
0.10546875 0.0 1.33837890625
0.14453125 -0.078125 0.76806640625
0.12890625 -0.078125 0.89697265625
0.36328125 0.0 -0.671630859375
0.13671875 -0.078125 1.05517578125
0.16796875 -0.09375 0.80029296875
0.10546875 -0.0625 1.38330078125
0.19140625 -0.09375 0.86474609375
0.16796875 -0.1015625 1.09228515625
0.16015625 -0.09375 1.18994140625
0.37890625 -0.078125 -0.7744140625
0.24609375 -0.1015625 0.76806640625
0.21484375 -0.09375 1.05712890625
0.20703125 -0.09375 1.15087890625
0.23828125 -0.1015625 0.96044921875
0.23046875 -0.109375 0.99560546875
0.23046875 -0.09375 1.24853515625
0.24609375 -0.140625 0.89892578125
0.28515625 -0.125 0.86572265625
0.25390625 -0.109375 1.19189453125
0.25390625 -0.1015625 1.34619140625
0.23046875 -0.1171875 1.38720703125
0.26953125 -0.1328125 1.09423828125
0.30078125 -0.109375 1.05712890625
0.27734375 -0.1171875 1.15283203125
0.31640625 -0.1328125 0.89892578125
0.33203125 -0.1171875 0.96240234375
0.33203125 -0.140625 0.99755859375
0.31640625 -0.1171875 1.25244140625
0.32421875 -0.09375 1.34619140625
0.34765625 -0.1328125 1.19384765625
0.36328125 -0.125 1.15478515625
