STOP_SIGN
0.248046875 0.00390625 -1.0244140625
0.001953125 0.05078125 -1.0283203125
0.025390625 0.08203125 -0.44873046875
0.056640625 0.02734375 -0.947265625
0.009765625 0.05859375 -0.61767578125
0.025390625 0.05859375 -0.50439453125
-0.00390625 0.05078125 -0.69873046875
0.021484375 0.05078125 -0.53076171875
-0.017578125 0.04296875 -0.77978515625
0.076171875 0.01953125 -0.66845703125
0.06640625 0.03515625 -0.50439453125
-0.0078125 0.06640625 -0.36962890625
-0.01171875 0.09765625 -0.04052734375
0.033203125 0.04296875 -0.42431640625
0.0390625 0.04296875 -0.36962890625
0.037109375 0.05078125 -0.28857421875
0.0234375 0.01953125 -0.66943359375
0.05859375 0.04296875 -0.26513671875
0.033203125 0.05859375 -0.18115234375
0.076171875 0.01953125 -0.42431640625
0.01171875 0.06640625 -0.12158203125
0.03515625 0.03515625 -0.34521484375
-0.00390625 0.05859375 -0.20263671875
0.0703125 0.05078125 -0.04150390625
0.05078125 0.05859375 -0.02197265625
-0.01171875 0.08203125 0.03955078125
0.09375 0.05859375 0.14111328125
0.033203125 0.02734375 -0.20263671875
0.0390625 0.03515625 -0.10107421875
0.0234375 0.05859375 0.05810546875
0.06640625 0.04296875 0.05810546875
0.021484375 0.08203125 0.30126953125
0.037109375 0.05078125 0.12548828125
-0.00390625 0.04296875 -0.02197265625
-0.021484375 0.08984375 0.28662109375
0.0 0.05859375 0.20654296875
0.017578125 0.05078125 0.22119140625
0.064453125 0.01171875 0.03955078125
0.037109375 0.03515625 0.20654296875
0.044921875 0.04296875 0.38134765625
0.0625 0.02734375 0.36767578125
-0.017578125 -0.11328125 -1.03955078125
0.044921875 0.00390625 0.46533203125
0.04296875 0.06640625 0.86767578125
-0.14453125 0.05078125 0.46728515625
-0.09765625 0.03515625 0.46728515625
0.01953125 0.00390625 0.53564453125
0.06640625 -0.01171875 0.53564453125
-0.16796875 0.05859375 0.53759765625
0.11328125 -0.02734375 0.53564453125
0.146484375 -0.03515625 0.54736328125
0.126953125 -0.04296875 0.46728515625
0.16015625 -0.04296875 0.53564453125
0.1015625 -0.05078125 0.38427734375
0.173828125 -0.05859375 0.46728515625
0.19140625 -0.05078125 0.54736328125
-0.0859375 0.02734375 0.54736328125
-0.21875 0.06640625 0.53759765625
0.099609375 -0.02734375 0.54736328125
0.23828125 -0.06640625 0.54736328125
0.080078125 -0.03515625 0.46728515625
-0.12109375 0.03515625 0.53759765625
-0.041015625 0.01171875 0.54736328125
-0.060546875 0.00390625 0.46728515625
-0.2265625 0.06640625 0.54931640625
-0.03515625 -0.01953125 0.38525390625
-0.1796875 0.05078125 0.54931640625
-0.19921875 0.04296875 0.46923828125
-0.1328125 0.03515625 0.54931640625
0.29296875 -0.07421875 0.62744140625
0.048828125 -0.01953125 0.54736328125
-0.265625 0.07421875 0.53955078125
0.05859375 -0.05078125 0.38427734375
-0.2734375 0.07421875 0.54931640625
0.24609375 -0.06640625 0.62744140625
-0.083984375 -0.01171875 0.38525390625
0.296875 -0.09765625 0.53564453125
0.15234375 -0.04296875 0.62744140625
0.013671875 -0.00390625 0.62744140625
-0.31640625 0.08203125 0.53955078125
0.19921875 -0.05859375 0.62744140625
0.1015625 -0.03515625 0.62744140625
-0.01171875 0.01171875 0.70751953125
-0.001953125 -0.01953125 0.54931640625
-0.021484375 -0.02734375 0.46923828125
0.279296875 -0.05859375 0.78955078125
0.052734375 0.00390625 0.79150390625
0.330078125 -0.07421875 0.78955078125
0.236328125 -0.05078125 0.78955078125
-0.13671875 -0.01171875 0.38525390625
0.095703125 -0.01171875 0.79150390625
0.03515625 0.00390625 0.78173828125
-0.083984375 0.01171875 0.62939453125
0.224609375 -0.05078125 0.77978515625
0.0859375 -0.01171875 0.78173828125
-0.03515625 -0.00390625 0.62939453125
0.142578125 -0.02734375 0.79150390625
0.26953125 -0.06640625 0.77978515625
-0.056640625 0.02734375 0.78369140625
0.12890625 -0.02734375 0.78173828125
-0.17578125 0.03515625 0.62939453125
0.3046875 -0.08984375 0.70751953125
0.162109375 -0.05078125 0.70751953125
0.1875 -0.04296875 0.79150390625
0.052734375 -0.03515625 0.62939453125
0.2109375 -0.06640625 0.70751953125
-0.1328125 0.01953125 0.62939453125
-0.34375 0.11328125 0.78564453125
-0.30078125 0.09765625 0.78564453125
-0.34375 0.09765625 0.71142578125
0.255859375 -0.08203125 0.70751953125
-0.205078125 0.06640625 0.78369140625
-0.25390625 0.08203125 0.78564453125
0.115234375 -0.04296875 0.70947265625
-0.046875 0.01953125 0.79345703125
-0.3203125 0.07421875 0.63134765625
-0.158203125 0.05078125 0.78369140625
-0.2734375 0.05859375 0.63134765625
-0.2265625 0.04296875 0.63134765625
-0.138671875 0.04296875 0.79345703125
0.173828125 -0.05078125 0.78173828125
0.072265625 -0.03515625 0.70947265625
0.064453125 -0.00390625 0.87158203125
-0.091796875 0.02734375 0.79345703125
0.34375 -0.08203125 0.86962890625
-0.0703125 0.00390625 0.71142578125
-0.32421875 0.09765625 0.79541015625
-0.27734375 0.08203125 0.79541015625
-0.029296875 0.01953125 0.87353515625
-0.11328125 0.02734375 0.78369140625
-0.185546875 0.05078125 0.79345703125
0.154296875 -0.03515625 0.87158203125
0.294921875 -0.07421875 0.87158203125
-0.12109375 0.01171875 0.71142578125
0.03515625 0.02734375 1.03369140625
0.24609375 -0.06640625 0.87158203125
0.10546875 -0.02734375 0.87353515625
-0.3046875 0.06640625 0.71142578125
-0.234375 0.05859375 0.79541015625
-0.26171875 0.05078125 0.71142578125
-0.21484375 0.06640625 0.87548828125
-0.01171875 0.03515625 1.03369140625
0.19921875 -0.05859375 0.87158203125
-0.3125 0.08984375 0.87548828125
-0.265625 0.07421875 0.87548828125
-0.21484375 0.02734375 0.71142578125
-0.169921875 0.01171875 0.71142578125
-0.173828125 0.04296875 0.87548828125
-0.12890625 0.02734375 0.87548828125
-0.08203125 0.01171875 0.87548828125
0.2578125 -0.05859375 1.03173828125
0.20703125 -0.05859375 1.03369140625
0.11328125 -0.03515625 1.03564453125
0.158203125 -0.05078125 1.03564453125
0.064453125 -0.02734375 1.03564453125
-0.12109375 0.02734375 1.03759765625
-0.07421875 0.01171875 1.03759765625
-0.26171875 0.06640625 1.03955078125
-0.21484375 0.05078125 1.03955078125
-0.16796875 0.03515625 1.03759765625
