STOP_SIGN
0.359375 -0.19921875 -1.45263671875
0.390625 -0.02734375 -1.453857421875
0.390625 0.14453125 -1.456787109375
0.203125 -0.32421875 -1.4775390625
0.265625 0.01953125 -1.47998046875
0.203125 -0.15234375 -1.47900390625
0.265625 -0.04296875 0.884033203125
0.140625 -0.21484375 -0.297607421875
0.171875 -0.13671875 0.000244140625
0.328125 0.34765625 -1.461181640625
0.234375 0.22265625 -1.483642578125
0.171875 0.00390625 0.589111328125
0.078125 -0.12109375 -0.290771484375
0.015625 -0.13671875 0.000732421875
0.078125 0.03515625 0.882080078125
-0.015625 -0.07421875 0.294189453125
-0.046875 -0.13671875 0.885986328125
-0.078125 -0.10546875 0.590087890625
-0.234375 -0.34765625 1.483642578125
-0.140625 0.08203125 1.473876953125
-0.171875 0.20703125 1.483642578125
-0.171875 0.28515625 1.475830078125
-0.390625 -0.19921875 0.589111328125
