STOP_SIGN
0.03125 -0.0390625 -0.783935546875
0.140625 0.125 0.972900390625
-0.015625 -0.09375 -0.589599609375
0.0 -0.03125 -0.584228515625
0.046875 -0.0078125 0.773681640625
0.0 -0.046875 0.194580078125
-0.03125 -0.015625 -0.975341796875
-0.015625 -0.0546875 0.000244140625
-0.03125 -0.0390625 -0.390380859375
-0.03125 -0.0390625 -0.195068359375
-0.03125 -0.0625 0.389892578125
0.046875 0.09375 0.968994140625
-0.046875 0.109375 -0.976806640625
-0.015625 -0.0703125 0.974853515625
-0.0625 -0.109375 0.580322265625
-0.0625 -0.09375 0.779541015625
-0.046875 0.015625 0.580322265625
-0.046875 0.0625 0.390869140625
-0.015625 0.125 0.779541015625
-0.078125 -0.125 0.970947265625
-0.046875 0.0 0.970947265625
-0.09375 -0.0859375 0.775634765625
-0.078125 0.0703125 0.976806640625
-0.140625 0.0390625 0.783447265625
