STOP_SIGN
0.0625 -0.0234375 -0.7860107421875
0.046875 -0.0625 -0.5848388671875
0.015625 -0.078125 -0.3905029296875
0.03125 -0.0859375 0.1944580078125
0.0 -0.046875 -0.9759521484375
0.015625 -0.0859375 0.0001220703125
0.0 -0.0703125 -0.1951904296875
0.015625 -0.1015625 0.3897705078125
0.109375 0.1171875 0.9737548828125
0.078125 0.078125 0.7784423828125
0.03125 -0.1015625 0.9737548828125
-0.015625 0.078125 -0.9776611328125
0.046875 -0.0078125 0.9678955078125
-0.015625 0.03125 0.3907470703125
-0.03125 -0.0078125 0.7803955078125
-0.015625 0.03125 0.9776611328125
-0.078125 -0.078125 0.5811767578125
-0.078125 -0.0703125 0.7764892578125
-0.109375 -0.1171875 0.7823486328125
-0.09375 -0.0859375 0.9718017578125
