STOP_SIGN
0.0546875 -0.0390625 -0.7857666015625
0.0390625 -0.0703125 -0.5850830078125
0.0078125 -0.0859375 -0.5909423828125
0.0078125 -0.09375 -0.0001220703125
-0.0078125 -0.078125 -0.3907470703125
0.0078125 0.0703125 -0.9774169921875
0.1015625 0.0859375 0.9696044921875
-0.0234375 -0.0390625 -0.9771728515625
0.0546875 0.0 0.7742919921875
-0.0078125 -0.078125 0.1942138671875
0.0234375 0.0390625 0.1951904296875
0.0546875 0.0078125 0.9754638671875
0.0234375 -0.03125 0.7801513671875
0.0546875 0.125 0.9754638671875
-0.0234375 0.0234375 0.3905029296875
-0.0234375 0.015625 0.5809326171875
-0.0390625 -0.125 0.9715576171875
-0.0078125 -0.0078125 0.9715576171875
-0.0546875 -0.0859375 0.9774169921875
-0.0234375 0.1015625 0.7821044921875
-0.0859375 -0.0859375 0.7762451171875
-0.1015625 -0.109375 0.7821044921875
