STOP_SIGN
0.03125 -0.0703125 -0.791015625
0.015625 -0.0390625 -0.5908203125
0.0 -0.0546875 -0.3935546875
0.015625 -0.0859375 0.3984375
-0.03125 -0.1015625 -0.59423828125
0.0 -0.0625 0.001953125
0.09375 0.0625 0.9892578125
0.09375 0.140625 0.9912109375
-0.015625 -0.0546875 0.2001953125
0.015625 -0.0234375 0.7919921875
-0.09375 -0.078125 -0.9931640625
-0.015625 0.046875 0.3984375
-0.015625 -0.078125 0.9912109375
0.015625 0.1171875 0.7939453125
-0.046875 -0.140625 0.9912109375
-0.0625 -0.109375 0.7939453125
-0.078125 -0.1171875 0.5947265625
-0.015625 0.046875 0.9931640625
-0.078125 -0.1171875 0.7939453125
-0.046875 0.0078125 0.7939453125
-0.046875 -0.03125 0.9912109375
-0.078125 0.0078125 0.5966796875
