BUS
-1.6171875 -1.649658203125 -0.1700439453125
0.6484375 -0.73876953125 1.0682373046875
-1.3671875 -1.561767578125 -0.1646728515625
-1.3359375 -1.593017578125 -0.1192626953125
-1.3828125 -1.619384765625 -0.3243408203125
0.6953125 -0.81005859375 -0.8558349609375
0.9453125 -0.70654296875 1.0740966796875
0.5390625 -0.88720703125 -0.4161376953125
1.5390625 -0.49755859375 -0.5269775390625
1.6484375 0.49267578125 0.3338623046875
-0.8359375 -1.39599609375 -0.9354248046875
0.1796875 -1.00830078125 0.0223388671875
1.9453125 -0.36669921875 -0.7916259765625
-0.0546875 -1.06005859375 1.2362060546875
-0.6953125 -1.29248046875 -0.1485595703125
1.9765625 -0.29638671875 1.1854248046875
-1.5859375 -1.60009765625 0.3143310546875
-1.7109375 -1.697998046875 0.5115966796875
1.8828125 -0.40771484375 -0.2008056640625
-1.1484375 -1.5126953125 0.1580810546875
-1.6640625 -1.670166015625 0.9588623046875
1.6640625 -0.34130859375 -0.3780517578125
0.6171875 -0.81494140625 1.2303466796875
0.2265625 0.01611328125 0.9276123046875
0.1796875 -1.00830078125 0.0223388671875
0.6484375 -0.73876953125 1.0682373046875
1.7421875 -0.37255859375 0.7606201171875
0.0703125 -1.05322265625 -0.8887939453125
1.7109375 -0.43017578125 -0.3765869140625
1.4609375 -0.49267578125 -0.0987548828125
0.1015625 -1.0556640625 -1.037353515625
0.5546875 -0.90283203125 -1.0115966796875
1.8359375 -0.34033203125 -0.0899658203125
0.5078125 -0.85107421875 0.6463623046875
0.0546875 -1.08935546875 -0.2437744140625
0.4140625 -0.88818359375 -0.7215576171875
1.2421875 -0.61572265625 -0.2476806640625
1.8984375 -0.27978515625 0.9002685546875
0.4921875 -0.93310546875 -0.2330322265625
0.1953125 -0.96923828125 -0.7315673828125
1.6640625 -0.47119140625 -0.2359619140625
1.4140625 -0.50927734375 1.1951904296875
-1.9921875 -1.8438720703125 -0.5050048828125
-1.8828125 -1.8028564453125 -0.3389892578125
-0.8515625 -1.42822265625 -0.2647705078125
-1.6953125 -1.679931640625 1.2830810546875
-0.3203125 -1.2158203125 -0.6016845703125
0.1328125 -1.00146484375 0.1737060546875
-1.3359375 -1.593017578125 -0.1192626953125
1.2265625 -0.51708984375 0.1864013671875
0.4921875 -0.56591796875 0.1776123046875
-1.3671875 -1.561767578125 -0.1646728515625
1.7265625 -0.39208984375 -0.3443603515625
-0.6171875 -1.34130859375 -0.2593994140625
0.6484375 -0.79443359375 -0.1173095703125
-0.0390625 -1.09130859375 0.0184326171875
0.5234375 -0.84228515625 0.0281982421875
-0.4453125 -1.26220703125 -0.2969970703125
-0.6953125 -1.3076171875 -0.7730712890625
1.8984375 -0.45849609375 -1.07855224609375
0.3359375 -0.98291015625 -1.024169921875
1.3671875 -0.51123046875 0.7645263671875
-1.3203125 -1.52880859375 1.1385498046875
1.0390625 -0.65185546875 -0.6929931640625
-0.6484375 -1.33544921875 0.1649169921875
-0.4765625 -1.1474609375 1.0936279296875
-0.3359375 -1.24169921875 -0.7081298828125
-1.4609375 -0.63427734375 0.6346435546875
1.6953125 -0.37744140625 0.6180419921875
-1.5546875 -0.61865234375 -1.4613037109375
-1.6171875 -0.32861328125 -1.4664306640625
0.8515625 -0.77001953125 -0.2593994140625
-1.8671875 -1.7916259765625 0.6365966796875
-1.7421875 -1.755859375 -0.6595458984375
1.6953125 -0.43115234375 -0.5206298828125
1.4140625 -0.50439453125 -0.6754150390625
1.6484375 -0.44287109375 0.9139404296875
1.1328125 -0.65576171875 -0.8338623046875
0.7578125 -0.84326171875 -1.09967041015625
-1.9296875 -1.80712890625 -0.0147705078125
-1.6484375 -1.6650390625 -0.8175048828125
-1.0078125 -1.4716796875 -0.4703369140625
1.4140625 -0.51123046875 1.2030029296875
0.3046875 -0.99853515625 0.3260498046875
0.3828125 -0.94189453125 0.3533935546875
1.6484375 -0.44287109375 0.9139404296875
-0.1484375 -1.13720703125 -0.9000244140625
-1.1796875 -1.4775390625 1.2908935546875
-1.3359375 -1.593017578125 -0.1192626953125
-0.4765625 -1.1474609375 1.0936279296875
1.9296875 -0.37646484375 -1.21759033203125
-1.5078125 -1.6494140625 -0.4879150390625
1.2109375 -0.62158203125 0.0399169921875
1.9453125 -0.36669921875 -0.7916259765625
-0.0078125 -0.97998046875 1.0819091796875
-0.5859375 -1.33642578125 0.3201904296875
0.6484375 -0.79443359375 -0.1173095703125
0.3671875 -0.89501953125 1.2244873046875
0.8984375 -0.76708984375 -0.0802001953125
1.6953125 -0.33154296875 0.7742919921875
1.8671875 -0.39404296875 -0.0626220703125
-0.3203125 -1.22412109375 -1.06243896484375
1.4921875 -0.50244140625 -0.8155517578125
1.8984375 -0.27978515625 0.9002685546875
0.0859375 -1.02001953125 1.0994873046875
0.5078125 -0.89013671875 -0.8660888671875
0.3515625 -0.92724609375 0.5008544921875
1.7109375 -0.52294921875 -1.090179443359375
0.9609375 -0.74462890625 -0.9881591796875
0.1171875 -1.0478515625 -0.5836181640625
1.5390625 -0.48681640625 1.0584716796875
0.5234375 -0.82275390625 0.7742919921875
1.4140625 -0.52392578125 0.3328857421875
-0.3359375 -1.208984375 -0.4468994140625
-0.3515625 -1.16015625 -0.4049072265625
-0.9765625 -1.42138671875 0.1600341796875
-0.3203125 -1.22412109375 -1.06243896484375
-0.1015625 -1.1240234375 -0.4390869140625
0.8984375 -0.76708984375 -0.0802001953125
1.4921875 -0.53857421875 -0.0694580078125
-1.9453125 -1.7747802734375 1.2889404296875
0.7890625 -0.76220703125 0.1815185546875
-0.4453125 -1.20654296875 -0.1427001953125
-0.4140625 -1.2548828125 -0.2545166015625
-0.9296875 -1.32080078125 1.1033935546875
0.0859375 -1.07470703125 -0.6907958984375
-0.7265625 -1.31689453125 1.2557373046875
-1.6953125 -1.712158203125 0.3524169921875
0.5078125 -0.85107421875 0.6463623046875
1.3046875 -0.61279296875 -0.0723876953125
-0.4453125 -1.26220703125 -0.2969970703125
1.3515625 -0.53759765625 -0.3555908203125
0.6484375 -0.79443359375 -0.1173095703125
1.4140625 -0.52392578125 0.3328857421875
0.8046875 -0.73779296875 1.2127685546875
0.7578125 -0.82275390625 -1.0001220703125
-1.1328125 -1.470703125 -0.1588134765625
0.0703125 -1.05322265625 -0.8887939453125
-1.9921875 -1.8438720703125 -0.5050048828125
-1.5703125 -1.69873046875 -0.2818603515625
1.1953125 -0.59130859375 1.2010498046875
0.7890625 -0.76220703125 0.1815185546875
0.2734375 -1.01708984375 -0.2384033203125
0.4609375 -0.83349609375 0.4754638671875
1.8671875 -0.39404296875 -0.0626220703125
0.2734375 -1.01708984375 -0.2384033203125
0.5078125 -0.89013671875 -0.8660888671875
0.9921875 -0.65966796875 0.9139404296875
-1.1796875 -1.4775390625 1.2908935546875
1.6640625 -0.34130859375 -0.3780517578125
1.9921875 -0.31787109375 0.1951904296875
0.5546875 -0.90283203125 -1.0115966796875
-0.0390625 -1.09130859375 0.0184326171875
1.1171875 -0.70556640625 -0.2188720703125
-0.6015625 -1.30859375 -0.923583984375
0.5078125 -0.81298828125 0.9217529296875
-1.6171875 -0.23095703125 -1.4666748046875
1.2265625 -0.51708984375 0.1864013671875
0.4609375 -0.92333984375 0.0594482421875
-0.0078125 -0.97998046875 1.0819091796875
1.8671875 -0.39404296875 -0.0626220703125
-1.1328125 -1.470703125 -0.1588134765625
0.1015625 -1.0556640625 -1.037353515625
-1.6953125 -1.679931640625 1.2830810546875
0.7578125 -0.80810546875 -0.4088134765625
0.0859375 -1.02001953125 1.0994873046875
1.3203125 -0.57958984375 -0.8236083984375
-0.1484375 0.49462890625 0.3221435546875
0.8515625 -0.71630859375 -0.1124267578125
-1.7421875 -1.7847900390625 0.0330810546875
1.6328125 -0.41259765625 0.7752685546875
0.3046875 -0.99853515625 0.3260498046875
-0.8046875 -1.3525390625 1.1229248046875
-0.1328125 -1.10205078125 1.1053466796875
1.5703125 -0.51220703125 -0.9539794921875
1.6484375 -0.25439453125 -0.3785400390625
-0.6953125 -1.3330078125 0.6307373046875
1.3515625 -0.61572265625 -1.0654296875
1.0078125 -0.66845703125 1.2069091796875
1.8984375 -0.27978515625 0.9002685546875
1.7109375 -0.43017578125 -0.3765869140625
-0.7890625 -1.38232421875 -0.4625244140625
-1.4921875 -0.81591796875 -1.4564208984375
0.4921875 -0.93310546875 -0.2330322265625
-0.7265625 -1.34765625 0.0067138671875
-0.4765625 -1.1474609375 1.0936279296875
0.8359375 -0.72900390625 -0.7025146484375
1.3671875 -0.58349609375 -0.5333251953125
-0.1640625 -1.17236328125 -0.2486572265625
1.9921875 -0.19873046875 -0.7901611328125
-1.3359375 -1.593017578125 -0.1192626953125
0.4140625 -0.81689453125 1.0740966796875
-0.0078125 -1.09228515625 -0.2843017578125
0.9296875 -0.77783203125 -0.2232666015625
1.3515625 -0.61572265625 -1.0654296875
0.5234375 -0.84228515625 0.0281982421875
1.1328125 -0.65576171875 -0.8338623046875
0.7578125 -0.76806640625 -0.3726806640625
0.5859375 -0.66162109375 0.1785888671875
0.9609375 -0.72705078125 -0.5499267578125
