BUS
-1.9375 -1.197265625 0.695068359375
-1.8125 -1.298828125 -0.7347412109375
-1.84375 -1.021484375 0.265380859375
-1.8125 -0.990234375 0.622802734375
-1.625 -1.224609375 -0.453125
-1.53125 -1.111328125 -0.382568359375
-1.09375 -1.322265625 -1.1134033203125
-0.75 -1.357421875 -1.1953125
-0.6875 -1.080078125 0.622802734375
-0.59375 -1.263671875 0.695068359375
-0.53125 -1.080078125 0.258544921875
-0.34375 -1.369140625 -1.500732421875
-0.21875 -1.341796875 -0.77197265625
0.53125 -1.373046875 -1.1597900390625
0.65625 -1.341796875 0.695068359375
0.71875 -1.162109375 0.251708984375
0.78125 -1.416015625 -1.239013671875
0.78125 -1.154296875 0.322998046875
1.46875 -1.236328125 -0.434814453125
1.59375 -1.037109375 0.623779296875
