BUS
-1.9375 -1.1875 -0.566162109375
-1.84375 -1.01953125 0.786865234375
-1.78125 -0.9765625 0.702880859375
-1.71875 -1.1953125 -0.6531982421875
-1.5625 -1.2890625 -0.91650390625
-1.09375 -1.125 0.013427734375
-0.90625 -1.31640625 -0.59527587890625
-1.0 -0.3046875 -1.361572265625
-0.625 -1.3046875 -0.68505859375
-0.5625 -1.1015625 0.780029296875
-0.53125 -1.05859375 0.696044921875
0.03125 -1.36328125 -0.97216796875
0.03125 1.109375 0.072998046875
0.78125 -1.3984375 -0.725341796875
0.8125 -1.38671875 -0.64453125
0.8125 -1.15625 0.688232421875
0.84375 -1.13671875 0.333251953125
0.875 -1.203125 0.771240234375
0.90625 0.53125 -1.440185546875
1.28125 0.7890625 -1.455810546875
1.65625 -1.34765625 0.407470703125
