BUS
-1.984375 -1.171875 -0.700439453125
-1.671875 -1.0546875 0.375732421875
-1.609375 -1.2109375 -0.629669189453125
-1.640625 -0.9140625 0.625244140625
-1.640625 -0.88671875 0.958251953125
-1.578125 -1.0390625 0.710205078125
-0.703125 -1.28125 -0.7381591796875
-0.421875 -1.02734375 0.618408203125
-0.359375 -1.244140625 -0.065185546875
-0.359375 -0.9921875 0.959228515625
-0.296875 -1.16015625 0.359619140625
-0.296875 -1.15234375 0.702392578125
-0.078125 -1.3125 -0.673583984375
0.203125 -1.19140625 -0.4189453125
0.609375 -1.40234375 -0.77587890625
0.796875 -1.1484375 0.611572265625
0.921875 -1.275390625 0.345458984375
0.921875 -1.109375 0.959228515625
0.953125 -1.125 0.260986328125
1.015625 -1.2734375 0.694580078125
0.890625 1.25 0.343017578125
1.515625 -1.525390625 -0.3668212890625
