BUS
-1.984375 -1.07421875 -0.24755859375
-1.890625 -1.0859375 0.8271484375
-1.859375 -0.888671875 0.8271484375
-1.859375 -0.830078125 0.7314453125
-1.828125 -0.921875 0.17236328125
-1.828125 -0.82421875 0.07666015625
-1.796875 -1.115234375 0.171875
-1.609375 -1.04296875 -0.5816650390625
-1.078125 -1.24609375 -0.92578125
-0.796875 -1.2421875 -0.840972900390625
-0.765625 -1.216796875 -0.2685546875
-0.578125 -0.978515625 0.06201171875
-0.515625 -1.33203125 -0.513671875
-0.546875 -0.962890625 0.73046875
-0.484375 -1.255859375 0.15673828125
-0.484375 -1.22265625 0.8271484375
-0.015625 -1.173828125 -0.1875
0.203125 -1.3828125 -0.9630126953125
0.515625 -1.388671875 -0.8790283203125
0.640625 -1.126953125 0.0478515625
0.734375 -1.376953125 0.8271484375
0.765625 -1.20703125 0.4853515625
0.796875 -1.30859375 0.73046875
0.796875 -1.103515625 0.73046875
0.859375 -1.30859375 1.072265625
0.890625 -1.32421875 0.388671875
1.421875 -1.552734375 -0.998046875
1.609375 -1.5546875 -0.91107177734375
1.703125 1.009765625 0.037109375
