BUS
-1.875 -1.2099609375 -1.0018310546875
-1.875 -0.9365234375 0.55517578125
-1.84375 -0.9814453125 0.46337890625
-1.8125 -1.1201171875 0.24267578125
-1.71875 -1.1806640625 -0.7840728759765625
-1.65625 -0.9677734375 -0.47314453125
-1.53125 -1.1728515625 -0.386962890625
-1.53125 -0.2431640625 -1.41650390625
-1.25 -1.1455078125 -0.16943359375
-1.125 -0.0244140625 -1.43212890625
-0.96875 -1.2373046875 -0.71734619140625
-1.0 -1.1025390625 1.08935546875
-0.75 -1.3349609375 -1.041259765625
-0.71875 -1.3271484375 -0.40576171875
-0.65625 -1.3076171875 -0.81536865234375
-0.6875 -0.8759765625 0.77392578125
-0.59375 -1.2138671875 0.86572265625
-0.53125 -1.0498046875 0.54638671875
-0.5 -1.2314453125 0.22705078125
-0.5 -1.0771484375 0.45556640625
-0.46875 -1.0830078125 -0.501220703125
-0.4375 -1.1748046875 -0.09375
-0.375 0.4208984375 -1.4638671875
-0.03125 -1.2763671875 -0.1904296875
0.28125 -1.3583984375 -0.753631591796875
0.375 -1.3212890625 -0.107421875
0.5625 -1.4345703125 -0.8502197265625
0.6875 -1.2021484375 0.44873046875
0.71875 -1.1708984375 0.53955078125
0.71875 -0.9814453125 0.77392578125
0.75 -1.1884765625 0.12158203125
0.78125 -1.3642578125 0.53955078125
0.8125 -1.3330078125 0.21142578125
0.8125 -1.1708984375 0.77392578125
1.1875 -1.5068359375 -0.7799758911132812
