BUS
-1.9375 -0.9794921875 0.869873046875
-1.875 -0.7822265625 0.797607421875
-1.84375 -0.8330078125 0.561279296875
-1.84375 -0.8017578125 0.489990234375
-1.78125 -1.0322265625 -1.361572265625
-1.78125 -0.9912109375 0.251708984375
-1.78125 -0.9853515625 0.489013671875
-1.75 -1.0146484375 0.561279296875
-1.625 -0.8330078125 -1.369384765625
-1.5625 -1.0029296875 -0.131103515625
-1.3125 -0.9560546875 -0.44677734375
-1.28125 -1.1181640625 -0.690673828125
-1.1875 -1.1572265625 -0.76202392578125
-0.875 -1.2001953125 -1.0162353515625
-0.65625 -1.1787109375 -0.391357421875
-0.65625 -0.1884765625 -1.408447265625
-0.59375 -0.8720703125 0.798583984375
-0.53125 -1.0576171875 0.798583984375
-0.5 -1.0849609375 0.237060546875
-0.46875 -1.0751953125 0.483154296875
-0.46875 -1.0927734375 0.554443359375
-0.28125 -1.0771484375 -0.152587890625
-0.15625 -1.2412109375 -0.7225341796875
-0.09375 -1.2705078125 -0.7932281494140625
0.0 -1.3330078125 -1.04638671875
0.15625 -1.3251953125 -0.409912109375
0.65625 -1.2060546875 -0.167724609375
0.71875 -1.0048828125 0.153564453125
0.75 -1.1923828125 0.222412109375
0.78125 -1.2080078125 0.546630859375
0.78125 -1.1806640625 0.476318359375
0.78125 -1.1591796875 0.799560546875
0.84375 -1.3681640625 -0.7513580322265625
0.84375 0.7255859375 -1.471435546875
1.0625 -1.1748046875 0.150146484375
1.34375 -1.4423828125 -0.4375
1.4375 -1.3662109375 -0.83563232421875
1.6875 -1.3134765625 0.870849609375
1.90625 -1.2998046875 1.129638671875
