BUS
-1.96875 -0.98828125 -0.80810546875
-1.84375 -0.71875 0.8427734375
-1.8125 -0.62109375 0.48974609375
-1.78125 -0.8125 0.5654296875
-1.78125 -0.78125 0.489013671875
-1.75 -0.88671875 0.287841796875
-1.75 -0.80078125 0.212646484375
-1.75 -0.85546875 0.84130859375
-1.75 -0.79296875 0.76318359375
-1.75 -0.71875 0.287353515625
-1.6875 -0.96875 0.210693359375
-1.6875 -0.9765625 0.56396484375
-1.5625 -0.96484375 0.0054779052734375
-1.5 -0.9375 -0.347412109375
-1.375 -1.0390625 -1.396484375
-1.28125 -1.0625 -0.5634765625
-1.09375 -0.6875 -1.4169921875
-1.03125 -1.046875 -0.85693359375
-0.78125 -1.0234375 -0.3759765625
-0.5 -0.875 0.8193359375
-0.4375 -0.984375 0.175537109375
-0.40625 -0.80078125 0.74072265625
-0.375 -0.96875 0.73974609375
-0.34375 -0.99609375 -0.0364990234375
-0.25 -1.11328125 -0.61181640625
0.0 -1.11328125 -0.9091796875
0.40625 -1.05859375 -0.42431640625
0.5625 -1.06640625 -0.06805419921875
0.6875 -1.1875 -0.654296875
0.71875 -1.02734375 0.14276123046875
0.8125 -0.91015625 0.79638671875
0.84375 -1.1875 -0.95263671875
0.90625 -0.99609375 0.71826171875
1.0625 -1.1953125 -0.08563232421875
0.78125 1.43359375 0.1385498046875
1.21875 -1.14453125 -0.456787109375
1.6875 -1.09375 0.11468505859375
1.78125 -1.25 -0.7041015625
1.84375 -0.96484375 0.77880859375
1.90625 -1.25 -1.0087890625
1.875 1.45703125 0.405517578125
