BUS
-1.96875 -1.1640625 0.0635986328125
-1.96875 -1.125 0.7197265625
-1.9375 -1.15625 0.1796875
-1.9375 -1.07421875 0.44970703125
-1.9375 -0.97265625 0.331298828125
-1.9375 -0.9765625 0.599609375
-1.90625 -1.1484375 0.5986328125
-1.875 -1.234375 0.44873046875
-1.84375 -1.12109375 0.3291015625
-1.8125 -1.24609375 -0.09465789794921875
-1.5625 -1.34765625 -0.9228515625
-1.46875 -1.32421875 -0.65478515625
-1.34375 -1.26171875 -0.500732421875
-0.78125 -1.2890625 -0.129974365234375
-0.625 -1.171875 0.14111328125
-0.59375 -1.3359375 0.0233154296875
-0.59375 -1.30078125 0.69580078125
-0.59375 -1.1640625 0.5751953125
-0.59375 -1.12890625 0.6953125
-0.5625 -1.390625 -0.6962890625
-0.53125 -1.16015625 0.02069091796875
-0.375 -1.39453125 -0.984375
-0.34375 -1.31640625 -0.541748046875
-0.59375 0.84375 0.0185546875
0.03125 -1.37109375 -0.15838623046875
0.3125 -1.46875 -0.7373046875
0.5 -1.46484375 -1.02978515625
0.53125 -1.3828125 -0.5771484375
0.59375 -1.375 -0.0126953125
0.6875 -1.35546875 0.5517578125
0.6875 -1.33984375 0.67236328125
0.6875 -1.19140625 0.5517578125
0.71875 -1.3671875 0.1021728515625
0.78125 -1.20703125 0.95849609375
0.5625 1.2109375 0.268310546875
0.9375 -1.4453125 -0.1903076171875
0.71875 1.22265625 0.093017578125
0.75 1.12890625 0.380126953125
0.78125 1.0625 0.091064453125
1.09375 -1.3515625 0.95556640625
1.21875 -1.546875 -0.77978515625
1.53125 -1.53515625 -1.08349609375
1.53125 -1.44921875 -0.619140625
1.59375 -1.44921875 0.0765380859375
1.71875 1.015625 -0.050048828125
1.75 0.8515625 -0.0507354736328125
