BUS
-1.953125 -1.2373046875 0.10205078125
-1.953125 -1.0810546875 0.10205078125
-1.890625 -0.9443359375 0.21484375
-1.890625 -0.9208984375 0.4716796875
-1.859375 -1.1357421875 0.35888671875
-1.859375 -0.9677734375 0.35888671875
-1.828125 -1.1552734375 -0.1611328125
-1.859375 -0.9326171875 0.73291015625
-1.828125 -1.1787109375 0.62255859375
-1.828125 -1.0927734375 0.212890625
-1.828125 -1.0302734375 0.62255859375
-1.671875 -1.2060546875 -0.6904296875
-1.578125 -1.2255859375 -0.4291038513183594
-1.484375 -1.0419921875 -0.0537109375
-1.390625 -1.2099609375 -0.841064453125
-1.359375 -1.2177734375 -0.3182373046875
-1.234375 -1.3037109375 -0.97265625
-1.078125 -1.2412109375 -0.183837890625
-0.796875 -1.3115234375 -0.45782470703125
-0.796875 -1.2646484375 -0.72802734375
-0.734375 -1.2841796875 0.072021484375
-0.609375 -1.1240234375 0.18798828125
-0.609375 -1.1240234375 0.72216796875
-0.578125 -1.3037109375 -0.34320068359375
-0.578125 -1.1123046875 -0.077392578125
-0.578125 -0.9482421875 0.453125
-0.515625 -1.2841796875 -0.8798828125
-0.515625 -1.2138671875 0.60498046875
-0.515625 -1.1513671875 0.33349609375
-0.453125 -1.3896484375 -1.01025390625
-0.140625 -1.3154296875 -0.21240234375
-0.046875 -1.2255859375 -0.091064453125
0.109375 -1.3427734375 -0.766357421875
0.234375 -1.3818359375 -0.49517822265625
0.359375 -1.3818359375 -0.373046875
0.359375 -1.3701171875 -0.9169921875
0.484375 -1.3388671875 0.0419921875
0.671875 -1.3310546875 0.162109375
0.671875 -1.1669921875 0.71044921875
0.703125 -1.2685546875 0.58837890625
0.765625 -1.1591796875 0.16064453125
0.703125 1.1416015625 0.16748046875
0.765625 1.2939453125 0.30615234375
1.078125 -1.3740234375 -0.24951171875
1.140625 -1.2880859375 -0.122314453125
1.171875 -1.4599609375 -0.52899169921875
0.890625 1.3564453125 0.439453125
1.296875 -1.4638671875 -0.4033355712890625
1.296875 -1.4677734375 -0.9580078125
1.671875 -1.4013671875 0.011962890625
1.671875 -1.3388671875 0.57568359375
1.671875 -1.2412109375 0.70166015625
1.734375 -1.4873046875 -0.26953125
