BUS
-1.8828125 -0.52880859375 -0.20654296875
-1.8828125 -0.63427734375 -0.71044921875
-1.8828125 -0.50927734375 0.275390625
-1.8828125 -0.65771484375 -0.1181640625
-1.8828125 -0.51708984375 0.76953125
-1.8515625 -0.68505859375 -0.5166015625
-1.7890625 -0.68505859375 -0.4052734375
-1.7890625 -0.51708984375 0.47265625
-1.7578125 -0.40771484375 0.1826171875
-1.7890625 -0.60693359375 0.671875
-1.7578125 -0.58349609375 0.0771484375
-1.7578125 -0.63818359375 0.2744140625
-1.7265625 -0.54052734375 0.37890625
-1.6953125 -0.41162109375 0.57421875
-1.6953125 -0.69287109375 -0.80029296875
-1.7265625 -0.65380859375 0.771484375
-1.7265625 -0.73583984375 0.671875
-1.6953125 -0.71630859375 0.076171875
-1.5390625 -0.81005859375 -0.92596435546875
-1.5703125 -0.49365234375 1.3642578125
-1.5078125 -0.70849609375 -0.01708984375
-1.4765625 -0.83740234375 -1.130126953125
-1.4453125 -0.78271484375 -0.32958984375
-1.2890625 -0.73583984375 -0.2197265625
-1.2578125 -0.84521484375 -0.736572265625
-1.2265625 -0.87255859375 -0.13330078125
-1.1640625 -0.89599609375 -0.42333984375
-1.1328125 -0.91162109375 -0.540771484375
-1.0390625 -0.90380859375 -0.826904296875
-1.0390625 -1.02099609375 -1.153076171875
-0.6953125 1.68408203125 0.666015625
-0.8828125 -1.02880859375 -0.956634521484375
-0.8515625 -0.91943359375 -0.02783203125
-0.7890625 -1.00537109375 -0.3486328125
-0.7890625 -0.72021484375 1.3837890625
-0.6328125 -0.92724609375 0.26171875
-0.6328125 -1.20849609375 -1.4541015625
-0.6328125 -0.92724609375 0.7802734375
-0.5703125 -0.95068359375 -0.2353515625
-0.6015625 -0.90771484375 0.9833984375
-0.5390625 -0.81396484375 0.1708984375
-0.5390625 -0.82177734375 0.5771484375
-0.5078125 -1.07568359375 -0.7669677734375
-0.5078125 -1.00537109375 0.056640625
-0.5390625 -1.02099609375 0.87890625
-0.5078125 -1.05615234375 0.2607421875
-0.5078125 -1.03271484375 0.673828125
-0.4765625 -0.95068359375 0.169921875
-0.4765625 -1.11083984375 -1.463134765625
-0.4765625 -1.10693359375 -0.150390625
-0.4765625 -0.93896484375 0.5771484375
-0.4453125 -1.12646484375 -0.565185546875
-0.4140625 -0.99755859375 -1.4658203125
-0.4140625 -1.11865234375 -0.4443359375
-0.4140625 -1.36083984375 -1.39501953125
-0.3203125 -1.13037109375 -0.85546875
-0.2890625 -0.89990234375 -1.4716796875
-0.3203125 -1.25146484375 -1.400390625
-0.2578125 -1.10302734375 0.783203125
-0.1640625 -0.79052734375 -1.47998046875
-0.1328125 -0.66943359375 -1.480224609375
-0.1953125 -1.14208984375 -1.406494140625
-0.1640625 -1.25927734375 -0.9896697998046875
-0.1328125 -1.14990234375 -0.03955078125
-0.0390625 -1.05224609375 -1.4140625
-0.0703125 -1.14208984375 1.0908203125
-0.0078125 -1.24365234375 -0.37109375
0.0546875 -0.93505859375 -1.419677734375
0.0859375 -0.81787109375 -1.420166015625
0.0859375 -1.31787109375 -0.1630859375
0.3984375 1.23486328125 0.66796875
0.1796875 -1.18115234375 -0.25146484375
0.4296875 1.29541015625 0.7783203125
0.4609375 1.27587890625 0.36328125
0.2109375 -1.31396484375 -0.7955322265625
0.2109375 -1.24755859375 0.044921875
0.3046875 -1.36083984375 -0.591064453125
0.3046875 -1.35302734375 -0.46435546875
0.4296875 -1.36865234375 -0.885498046875
0.5234375 -1.48974609375 -1.022125244140625
0.6171875 -1.24755859375 0.369140625
0.6484375 -1.47021484375 -0.3896484375
0.6796875 -1.24755859375 0.158203125
0.6796875 -1.23193359375 0.580078125
0.6796875 -1.39599609375 -0.05224609375
0.7109375 -1.36474609375 0.2470703125
0.7109375 -1.36474609375 0.580078125
0.7109375 -1.33740234375 0.8876953125
0.7109375 -1.37646484375 0.791015625
0.7421875 -1.38037109375 0.158203125
0.7109375 -1.47021484375 0.67578125
0.7421875 -1.45068359375 0.0361328125
0.7421875 -1.39599609375 0.369140625
0.7421875 -1.34521484375 0.6748046875
0.7734375 -1.50146484375 0.2470703125
0.7734375 -1.39208984375 1.1005859375
0.8984375 -1.41943359375 -0.267578125
0.8984375 -1.54833984375 -0.824462890625
0.9296875 -1.57568359375 -0.18212890625
1.2109375 1.03955078125 0.6689453125
0.9609375 -1.39990234375 1.2177734375
1.2734375 1.10009765625 0.572265625
0.9609375 -1.42333984375 1.3193359375
1.0234375 -1.60302734375 -0.61669921875
1.3046875 1.08056640625 0.3603515625
1.3046875 1.09423828125 0.78515625
1.3046875 0.97314453125 0.78515625
1.3671875 1.09228515625 0.146484375
1.0859375 -1.60302734375 -0.48583984375
1.3671875 0.99658203125 0.2373046875
1.3671875 1.00048828125 0.453125
1.1796875 -1.61474609375 -0.9156494140625
1.4609375 -1.64599609375 -0.064453125
1.4609375 -1.72021484375 -0.4130859375
1.4609375 -1.71630859375 0.6767578125
1.4921875 -1.61474609375 0.4580078125
1.5859375 -1.65380859375 0.3662109375
1.6171875 -1.60693359375 0.89453125
1.6171875 -1.64990234375 1.1123046875
1.6484375 -1.64990234375 0.798828125
1.7109375 -1.79833984375 -0.8572998046875
1.7109375 -1.72412109375 0.01953125
1.7109375 -1.78662109375 0.2373046875
1.7109375 -1.63818359375 1.0166015625
1.7109375 -1.64990234375 1.2333984375
1.7734375 -1.68896484375 -0.28662109375
1.7734375 -1.83740234375 -0.201171875
1.7421875 -1.67724609375 1.3349609375
1.8359375 -1.84912109375 -0.5068359375
1.8984375 -1.88037109375 -0.646728515625
1.9609375 -1.86865234375 -0.946868896484375
