BUS
-1.9453125 -0.58984375 -1.4080810546875
-1.9296875 -0.44140625 0.036376953125
-1.8828125 -0.48828125 -1.410400390625
-1.9453125 -0.32421875 1.324462890625
-1.8203125 -0.28515625 -1.4112548828125
-1.8671875 -0.58203125 -1.0504150390625
-1.8984375 -0.39453125 1.148681640625
-1.7890625 -0.40234375 -1.4144287109375
-1.7578125 -0.32421875 0.256103515625
-1.7578125 -0.4609375 -0.459228515625
-1.7578125 -0.4453125 -0.102294921875
-1.7890625 -0.42578125 0.793212890625
-1.7578125 -0.45703125 0.078369140625
-1.6015625 0.10546875 -1.4212646484375
-1.7578125 -0.56640625 0.078369140625
-1.7265625 -0.58984375 -0.639892578125
-1.7265625 -0.58203125 -0.510986328125
-1.7265625 -0.55859375 -0.149169921875
-1.7265625 -0.45703125 0.435791015625
-1.7265625 -0.43359375 0.614501953125
-1.7265625 -0.5703125 0.395751953125
-1.6953125 -0.3359375 0.795166015625
-1.5078125 0.19921875 -1.4254150390625
-1.6953125 -0.5703125 0.435791015625
-1.6953125 -0.51171875 0.760009765625
-1.6953125 -0.515625 0.941650390625
-1.4453125 0.296875 -1.4267578125
-1.6328125 -0.40625 0.974853515625
-1.6015625 -0.62109375 -1.0045166015625
-1.3828125 0.390625 -1.4312744140625
-1.5703125 -0.58984375 0.799072265625
-1.2890625 0.48828125 -1.434814453125
-1.5078125 -0.68359375 -0.336181640625
-1.2265625 0.69921875 -1.436279296875
-1.5390625 -0.515625 1.306884765625
-1.2265625 0.5859375 -1.43701171875
-1.4453125 -0.68359375 -0.8876953125
-1.1328125 0.90625 -1.439697265625
-1.1328125 0.79296875 -1.44189453125
-1.4140625 -0.65625 -0.287353515625
-1.4140625 -0.73046875 -0.704833984375
-1.3828125 -0.6796875 0.029541015625
-1.0390625 1.0078125 -1.4443359375
-1.0078125 1.1015625 -1.4456787109375
-0.9765625 1.20703125 -1.44775390625
-0.9140625 1.421875 -1.4498291015625
-0.9140625 1.30859375 -1.4498291015625
-1.3515625 -0.62890625 1.164306640625
-1.3203125 -0.71484375 0.764892578125
-0.8515625 1.52734375 -1.4515380859375
-1.3203125 -0.67578125 1.131103515625
-0.8203125 1.625 -1.453857421875
-0.7890625 1.734375 -1.4547119140625
-1.2578125 -0.58203125 1.347900390625
-1.1015625 -0.703125 -0.111083984375
-1.0703125 -0.73046875 -0.477294921875
-0.6328125 1.76171875 0.428955078125
-0.6015625 1.76171875 0.246337890625
-1.0390625 -0.85546875 -0.533447265625
-1.0390625 -0.8671875 -0.662353515625
-0.9765625 -0.828125 -0.163818359375
-0.5078125 1.73046875 0.205322265625
-0.9453125 -0.796875 0.953369140625
-0.8515625 -0.953125 -0.352783203125
-0.7578125 -0.91796875 -0.300537109375
-0.7265625 -0.953125 -0.919677734375
-0.6953125 -0.76953125 0.625244140625
-0.6640625 -1.01171875 -0.732666015625
-0.6953125 -0.82421875 1.367431640625
-0.6953125 -0.890625 1.183837890625
-0.6953125 -0.9453125 1.146728515625
-0.6015625 -0.9453125 0.069580078125
-0.5703125 -0.9375 0.814697265625
-0.5390625 -0.98828125 0.017822265625
-0.5390625 -1.0078125 0.773681640625
-0.5078125 -0.95703125 0.441650390625
-0.5078125 -0.95703125 0.582275390625
-0.5078125 -1.0625 0.441650390625
-0.5078125 -1.0859375 0.394775390625
-0.4765625 -1.0 0.206298828125
-0.4765625 -0.93359375 0.628173828125
-0.4453125 -0.95703125 0.255126953125
-0.4140625 -0.984375 -0.494384765625
-0.3828125 -0.98046875 -0.120849609375
-0.3515625 -1.08984375 -0.175537109375
-0.3828125 -1.04296875 0.965087890625
-0.3203125 -1.140625 -0.556884765625
-0.2890625 -1.16015625 -0.686767578125
-0.1015625 -1.24609375 -0.371826171875
-0.0078125 -1.23046875 0.010986328125
0.0234375 -1.2109375 -0.316650390625
0.0546875 -1.3046875 -0.7607421875
0.0859375 -1.25390625 -0.95458984375
0.0234375 -1.1640625 1.205322265625
0.1171875 -1.25 1.164306640625
0.2734375 -1.25 -0.130615234375
0.3359375 -1.27734375 -0.513916015625
0.4296875 -1.4296875 -0.579833984375
0.4296875 -1.390625 -0.191162109375
0.4921875 -1.453125 -0.71142578125
0.5234375 -1.24609375 1.025634765625
0.5546875 -1.48828125 -0.976806640625
0.6171875 -1.45703125 0.393798828125
0.6171875 -1.39453125 0.786376953125
0.6796875 -1.32421875 0.640869140625
0.6796875 -1.53515625 -0.391357421875
0.6484375 -1.43359375 1.224853515625
0.6796875 -1.46875 0.589111328125
0.7109375 -1.4921875 -0.330322265625
0.7109375 -1.35546875 0.589111328125
0.7109375 -1.3515625 0.836181640625
0.7109375 -1.46484375 0.447509765625
0.7421875 -1.40234375 0.197509765625
0.7109375 -1.44921875 0.641845703125
0.7109375 -1.41015625 0.982666015625
0.7421875 -1.58203125 -0.7861328125
0.7421875 -1.46875 0.838134765625
0.7421875 -1.546875 0.788330078125
0.8046875 -1.5078125 0.058837890625
0.8046875 -1.5390625 0.000244140625
1.4296875 1.00390625 0.243408203125
1.4296875 0.8671875 0.438720703125
1.4609375 0.984375 0.438720703125
1.4609375 1.00390625 0.586181640625
1.4296875 0.8359375 0.786376953125
1.4609375 0.7578125 0.388916015625
1.4921875 0.87890625 0.388916015625
1.4921875 0.875 0.586181640625
1.5234375 0.9375 0.787353515625
1.1171875 -1.58984375 -0.534423828125
1.1171875 -1.5703125 -0.141357421875
1.1171875 -1.68359375 -0.204833984375
1.1171875 -1.6328125 0.990478515625
1.2109375 -1.73828125 -0.605224609375
1.2421875 -1.76171875 -0.736083984375
1.4609375 -1.78515625 0.053955078125
1.4609375 -1.84765625 -0.411865234375
1.4921875 -1.58984375 1.047119140625
1.5234375 -1.81640625 -0.346435546875
1.5546875 -1.83984375 -0.009521484375
1.5859375 -1.78515625 0.651611328125
1.5859375 -1.87109375 0.799072265625
1.5859375 -1.82421875 1.199462890625
1.6171875 -1.80078125 0.851806640625
1.6484375 -1.92578125 -0.8212890625
1.8046875 -1.83203125 1.256103515625
1.8984375 -1.98828125 -0.219970703125
