BUS
-1.984375 -0.400390625 -0.6973876953125
-2.0 -0.517578125 -1.3829345703125
-1.9375 -0.439453125 -1.3858642578125
-1.96875 -0.361328125 0.7425537109375
-1.9375 -0.392578125 0.0775146484375
-1.859375 -0.361328125 -1.3892822265625
-1.8125 -0.275390625 -1.3902587890625
-1.890625 -0.369140625 1.0511474609375
-1.84375 -0.501953125 -0.0865478515625
-1.8125 -0.486328125 -0.5767822265625
-1.796875 -0.455078125 -0.0601806640625
-1.5 0.341796875 -1.3978271484375
-1.390625 0.505859375 -1.4012451171875
-1.71875 -0.564453125 -0.4180908203125
-1.40625 0.412109375 -1.4022216796875
-1.328125 0.583984375 -1.4044189453125
-1.734375 -0.447265625 1.2308349609375
-1.296875 0.677734375 -1.4049072265625
-1.71875 -0.509765625 1.2191162109375
-1.234375 0.759765625 -1.4073486328125
-1.1875 0.849609375 -1.4085693359375
-1.140625 0.943359375 -1.4105224609375
-1.484375 -0.541015625 0.0970458984375
-0.78125 1.845703125 0.2669677734375
-1.421875 -0.587890625 -0.2301025390625
-0.78125 1.763671875 0.5921630859375
-0.75 1.759765625 0.5648193359375
-1.390625 -0.751953125 -0.7628173828125
-0.703125 1.845703125 0.5931396484375
-1.375 -0.689453125 0.0677490234375
-0.65625 1.837890625 0.1019287109375
-0.671875 1.826171875 0.3988037109375
-1.359375 -0.736328125 -0.3970947265625
-1.296875 -0.744140625 -0.2667236328125
-0.59375 1.822265625 0.4300537109375
-0.59375 1.837890625 0.7572021484375
-1.21875 -0.822265625 -0.9384765625
-1.140625 -0.798828125 -0.7349853515625
-1.171875 -0.728515625 1.0667724609375
-1.125 -0.634765625 1.0843505859375
-0.984375 -0.884765625 -0.6131591796875
-0.984375 -0.853515625 -0.0758056640625
-0.96875 -0.791015625 0.9027099609375
-0.953125 -0.916015625 -0.1085205078125
-0.921875 -0.947265625 -0.4478759765625
-0.890625 -0.767578125 0.9241943359375
-0.875 -0.853515625 0.7572021484375
-0.859375 -0.923828125 0.2269287109375
-0.875 -0.876953125 0.9241943359375
-0.84375 -0.900390625 0.2572021484375
-0.859375 -0.900390625 0.5657958984375
-0.84375 -0.884765625 0.4232177734375
-0.375 0.607421875 0.2269287109375
-0.84375 -0.884765625 0.5902099609375
-0.84375 -0.923828125 0.3968505859375
-0.875 -0.939453125 0.9046630859375
-0.84375 -0.892578125 0.7347412109375
-0.859375 -1.001953125 0.5657958984375
-0.859375 -0.916015625 1.2425537109375
-0.828125 -0.876953125 1.2601318359375
-0.6875 -0.931640625 0.0863037109375
-0.578125 -0.994140625 -0.2520751953125
-0.5625 -1.126953125 -0.4229736328125
-0.5 -1.142578125 -0.2916259765625
-0.5 -1.173828125 -0.8072509765625
-0.453125 -1.080078125 1.0823974609375
-0.40625 -1.134765625 0.0501708984375
-0.390625 -0.994140625 1.1038818359375
0.3125 1.259765625 0.2601318359375
0.359375 1.369140625 0.4300537109375
-0.359375 -1.236328125 -0.1231689453125
0.390625 1.259765625 0.5989990234375
0.4375 1.333984375 0.3929443359375
0.421875 1.251953125 0.4300537109375
0.40625 0.908203125 0.2191162109375
-0.1875 -1.236328125 -0.0914306640625
-0.171875 -1.244140625 -0.7784423828125
-0.1875 -1.306640625 -0.99688720703125
0.515625 0.939453125 0.0452880859375
-0.109375 -1.345703125 -0.4781494140625
-0.078125 -1.314453125 -0.6527099609375
0.09375 -1.509765625 -1.01409912109375
0.109375 -1.361328125 1.2679443359375
0.171875 -1.361328125 0.9456787109375
0.21875 -1.541015625 -0.8433837890625
0.28125 -1.416015625 0.2493896484375
0.203125 -1.736328125 -1.3768310546875
0.28125 -1.376953125 0.7708740234375
0.296875 -1.408203125 0.7435302734375
0.328125 -1.416015625 0.0726318359375
0.3125 -1.447265625 0.2142333984375
0.3125 -1.400390625 0.5970458984375
0.3125 -1.455078125 0.3909912109375
0.3125 -1.548828125 -0.4512939453125
0.328125 -1.416015625 0.4232177734375
0.296875 -1.501953125 0.5970458984375
0.296875 -1.650390625 -1.3809814453125
0.296875 -1.525390625 0.5667724609375
0.3125 -1.462890625 0.9202880859375
0.375 -1.564453125 -1.3829345703125
0.421875 -1.462890625 -0.2779541015625
0.46875 -1.486328125 -1.3870849609375
0.53125 -1.400390625 -1.3890380859375
0.46875 -1.595703125 -0.3214111328125
0.625 -1.205078125 -1.3907470703125
0.59375 -1.306640625 -1.3907470703125
0.5 -1.603515625 -0.8094482421875
1.21875 0.931640625 0.4300537109375
0.515625 -1.423828125 1.1253662109375
1.25 0.904296875 0.2542724609375
1.21875 0.849609375 0.7796630859375
1.25 0.923828125 0.6048583984375
1.28125 0.904296875 0.3890380859375
1.25 0.818359375 0.6048583984375
0.546875 -1.556640625 1.1019287109375
1.296875 0.935546875 0.7806396484375
0.703125 -1.666015625 -0.1090087890625
0.78125 -1.759765625 -0.1510009765625
0.890625 -1.830078125 -0.5152587890625
0.890625 -1.759765625 1.2894287109375
1.078125 -1.798828125 0.9632568359375
1.15625 -1.791015625 0.7825927734375
1.140625 -1.892578125 0.9320068359375
1.28125 -1.853515625 0.0609130859375
1.359375 -1.916015625 -0.3018798828125
1.609375 -1.931640625 1.1546630859375
