BUS
-2.0 -0.041015625 1.0953369140625
-1.953125 -0.166015625 -0.2791748046875
-1.921875 -0.095703125 -0.2821044921875
-1.890625 -0.095703125 0.0230712890625
-1.890625 -0.236328125 -0.9058837890625
-1.859375 -0.236328125 -0.4393310546875
-1.859375 -0.251953125 -0.1268310546875
-1.765625 -0.267578125 -0.5999755859375
-1.6875 -0.181640625 0.3414306640625
-1.671875 -0.244140625 0.0250244140625
-1.6875 -0.197265625 0.8121337890625
-1.640625 -0.306640625 -0.7584228515625
-1.640625 -0.353515625 -0.4466552734375
-1.59375 -0.212890625 0.1754150390625
-1.609375 -0.150390625 0.9508056640625
-1.578125 -0.220703125 0.1832275390625
-1.671875 -0.580078125 -1.3992919921875
-1.578125 -0.205078125 0.4849853515625
-1.578125 -0.322265625 0.1754150390625
-1.609375 -0.384765625 0.4967041015625
-1.578125 -0.330078125 0.3394775390625
-1.609375 -0.337890625 0.8140869140625
-1.546875 -0.337890625 -0.1385498046875
-1.546875 -0.220703125 0.7984619140625
-1.578125 -0.517578125 -1.4034423828125
-1.53125 -0.439453125 -1.4051513671875
-1.453125 -0.361328125 -1.4075927734375
-1.53125 -0.330078125 1.1285400390625
-1.40625 -0.283203125 -1.4095458984375
-1.5 -0.322265625 1.1109619140625
-1.375 -0.314453125 1.2691650390625
-1.0625 0.294921875 -1.4188232421875
-1.328125 -0.509765625 -0.3006591796875
-1.015625 0.388671875 -1.4190673828125
-0.984375 0.466796875 -1.4197998046875
-1.3125 -0.541015625 -0.7816162109375
-0.90625 0.552734375 -1.4232177734375
-1.25 -0.501953125 0.0162353515625
-0.8125 0.708984375 -1.4259033203125
-0.828125 0.615234375 -1.4268798828125
-0.515625 1.896484375 0.8082275390625
-0.609375 1.150390625 -1.4307861328125
-1.140625 -0.470703125 0.0103759765625
-0.703125 0.771484375 -1.4324951171875
-0.640625 0.966796875 -1.4320068359375
-0.609375 1.052734375 -1.4320068359375
-1.109375 -0.494140625 -0.3060302734375
-1.140625 -0.626953125 -0.951416015625
-0.546875 1.232421875 -1.4332275390625
-1.09375 -0.634765625 -0.1478271484375
-0.375 1.802734375 0.4976806640625
-1.0625 -0.634765625 -0.4686279296875
-0.296875 1.849609375 0.1763916015625
-0.25 1.861328125 0.4976806640625
-0.234375 1.822265625 0.4918212890625
-0.21875 1.826171875 0.3365478515625
-0.921875 -0.681640625 -0.6395263671875
-0.140625 1.794921875 0.3326416015625
-0.828125 -0.759765625 -0.4798583984375
-0.796875 -0.720703125 -0.7996826171875
-0.765625 -0.720703125 1.1480712890625
-0.6875 -0.759765625 -0.1585693359375
-0.578125 -0.861328125 0.0015869140625
-0.546875 -0.728515625 1.2984619140625
0.015625 0.849609375 0.8179931640625
-0.46875 -0.955078125 -0.8262939453125
-0.4375 -0.939453125 -0.3304443359375
-0.4375 -0.869140625 0.8267822265625
-0.4375 -0.931640625 0.4947509765625
-0.40625 -0.837890625 0.6597900390625
-0.421875 -0.970703125 0.1656494140625
-0.390625 -0.853515625 0.4879150390625
-0.390625 -0.845703125 0.6510009765625
-0.375 -0.861328125 0.3258056640625
-0.375 -0.876953125 0.3306884765625
-0.375 -0.986328125 0.3306884765625
0.203125 0.802734375 0.6549072265625
-0.296875 -0.892578125 -0.0032958984375
-0.28125 -1.056640625 -1.0025634765625
-0.265625 -0.939453125 0.9937744140625
-0.203125 -1.064453125 -0.4993896484375
-0.15625 -0.962890625 -0.3343505859375
-0.109375 -1.111328125 -0.1746826171875
-0.0625 -1.111328125 -0.6795654296875
0.078125 -1.212890625 -0.5164794921875
0.84375 0.912109375 0.1588134765625
0.125 -1.158203125 1.1695556640625
0.921875 1.228515625 0.4957275390625
0.203125 -1.220703125 -0.8492431640625
0.96875 1.298828125 0.3277587890625
0.21875 -1.212890625 -0.1795654296875
0.984375 1.275390625 0.8306884765625
0.4375 -1.353515625 -0.0189208984375
0.4375 -1.423828125 -1.0452880859375
0.46875 -1.384765625 -0.3612060546875
0.4375 -1.314453125 1.0074462890625
0.515625 -1.439453125 -0.87841796875
0.5625 -1.330078125 -0.0179443359375
0.546875 -1.658203125 -1.4017333984375
0.625 -1.572265625 -1.4041748046875
0.703125 -1.400390625 -0.3602294921875
0.703125 -1.501953125 -1.4080810546875
0.703125 -1.384765625 0.8336181640625
0.734375 -1.416015625 0.1519775390625
0.765625 -1.408203125 -1.4093017578125
0.71875 -1.478515625 0.4937744140625
0.734375 -1.541015625 -0.5335693359375
0.75 -1.400390625 0.4918212890625
0.71875 -1.478515625 0.6646728515625
0.734375 -1.509765625 0.1490478515625
0.734375 -1.509765625 0.3218994140625
0.734375 -1.431640625 0.8404541015625
0.765625 -1.384765625 0.6646728515625
0.765625 -1.392578125 0.6617431640625
0.84375 -1.330078125 -1.4124755859375
0.78125 -1.416015625 0.3209228515625
1.390625 0.529296875 0.8375244140625
0.890625 -1.236328125 -1.4132080078125
0.78125 -1.541015625 -0.7188720703125
0.765625 -1.509765625 0.4918212890625
0.96875 -1.158203125 -1.4163818359375
0.8125 -1.572265625 -0.1995849609375
0.859375 -1.283203125 1.0054931640625
0.8125 -1.556640625 0.1500244140625
0.921875 -1.416015625 1.0074462890625
1.671875 0.865234375 0.4967041015625
1.6875 0.849609375 0.1549072265625
1.703125 0.958984375 0.4967041015625
1.6875 0.912109375 0.6666259765625
1.671875 0.810546875 0.4937744140625
1.703125 0.873046875 0.3209228515625
0.953125 -1.611328125 -0.8863525390625
1.71875 0.896484375 0.4937744140625
1.71875 0.849609375 0.3258056640625
1.734375 0.873046875 0.6685791015625
1.71875 0.849609375 0.8433837890625
0.984375 -1.658203125 -0.5531005859375
1.1875 -1.689453125 -0.2020263671875
1.265625 -1.962890625 -1.4298095703125
1.328125 -1.884765625 -1.4315185546875
1.34375 -1.892578125 -1.1000289916992188
1.375 -1.892578125 -0.9248046875
1.4375 -1.822265625 -1.4366455078125
1.484375 -1.720703125 -1.4366455078125
1.5625 -1.634765625 -1.4395751953125
1.671875 -1.564453125 -1.4432373046875
1.515625 -1.728515625 1.3707275390625
1.734375 -1.478515625 -1.4449462890625
1.609375 -1.947265625 -0.3997802734375
1.59375 -1.861328125 0.8502197265625
1.609375 -1.845703125 0.8472900390625
1.71875 -1.908203125 -0.3905029296875
1.71875 -1.884765625 -0.0374755859375
