BUS
-1.984375 -0.13671875 -0.20050048828125
-1.984375 -0.30859375 -1.41839599609375
-1.9375 -0.13671875 0.10418701171875
-1.90625 -0.24609375 -1.42205810546875
-1.90625 -0.26171875 -0.81182861328125
-1.84375 -0.16796875 -1.42340087890625
-1.890625 -0.05078125 0.99871826171875
-1.875 -0.21484375 -0.05010986328125
-1.828125 -0.20703125 -0.80670166015625
-1.84375 -0.25390625 -0.35577392578125
-1.515625 0.39453125 -1.43072509765625
-1.796875 -0.12890625 1.15106201171875
-1.453125 0.46484375 -1.43292236328125
-1.40625 0.53515625 -1.43463134765625
-1.359375 0.61328125 -1.43658447265625
-1.6875 -0.20703125 0.40692138671875
-1.3125 0.69921875 -1.43756103515625
-1.6875 -0.36328125 -0.97637939453125
-1.265625 0.77734375 -1.43841552734375
-1.703125 -0.22265625 1.00457763671875
-1.640625 -0.25390625 -0.05694580078125
-1.65625 -0.27734375 0.09637451171875
-1.6875 -0.25390625 0.86785888671875
-1.625 -0.15234375 0.55047607421875
-1.640625 -0.16796875 0.70281982421875
-1.625 -0.12890625 0.85418701171875
-1.203125 0.85546875 -1.44036865234375
-1.640625 -0.23046875 0.55926513671875
-1.609375 -0.28515625 -0.36016845703125
-1.65625 -0.26171875 0.70281982421875
-1.59375 -0.19140625 0.24774169921875
-1.15625 0.94140625 -1.44146728515625
-1.640625 -0.33203125 0.55926513671875
-1.078125 1.10546875 -1.44354248046875
-1.609375 -0.28515625 0.71551513671875
-1.609375 -0.37109375 0.25262451171875
-1.078125 1.01171875 -1.44500732421875
-0.984375 1.26171875 -1.44635009765625
-1.0 1.17578125 -1.44647216796875
-1.578125 -0.37890625 0.39910888671875
-1.5625 -0.38671875 0.09832763671875
-1.53125 -0.41015625 -0.67608642578125
-1.546875 -0.26171875 0.85614013671875
-0.921875 1.33984375 -1.44805908203125
-0.875 1.42578125 -1.44989013671875
-1.515625 -0.43359375 -0.21221923828125
-1.5 -0.44921875 -0.51788330078125
-0.828125 1.51171875 -1.45123291015625
-0.796875 1.59375 -1.45184326171875
-1.5 -0.27734375 1.31512451171875
-1.390625 -0.50390625 -0.52667236328125
-1.21875 -0.55078125 -0.83697509765625
-1.125 -0.58203125 -0.22052001953125
-0.328125 1.86328125 0.10028076171875
-0.328125 1.828125 0.25067138671875
-0.296875 1.74609375 0.40692138671875
-0.265625 1.8359375 0.40692138671875
-0.265625 1.76953125 0.40887451171875
-0.203125 1.890625 0.25067138671875
-0.234375 1.82421875 0.56414794921875
-1.015625 -0.72265625 -0.85943603515625
-0.203125 1.84375 0.25457763671875
-0.234375 1.76953125 0.56512451171875
-0.953125 -0.71484375 -0.38604736328125
-0.890625 -0.59765625 1.18231201171875
-0.84375 -0.73046875 -0.07159423828125
-0.84375 -0.80859375 -1.02728271484375
-0.84375 -0.69140625 0.71649169921875
-0.25 0.80859375 0.56414794921875
-0.703125 -0.73828125 -0.07257080078125
-0.734375 -0.85546875 -0.23419189453125
-0.640625 -0.78515625 -0.38897705078125
-0.625 -0.87890625 -0.71856689453125
-0.609375 -0.91796875 -0.55010986328125
-0.578125 -0.93359375 -0.55938720703125
-0.5625 -0.80859375 0.88739013671875
-0.46875 -0.94140625 0.08270263671875
-0.453125 -0.80078125 0.88153076171875
-0.421875 -0.85546875 0.24383544921875
-0.453125 -0.94140625 0.24383544921875
-0.453125 -0.91796875 0.40496826171875
-0.484375 -1.00390625 0.40496826171875
-0.453125 -0.91015625 0.56512451171875
-0.453125 -0.94921875 0.40203857421875
0.15625 0.76953125 0.56805419921875
-0.390625 -0.89453125 0.08367919921875
0.15625 0.73828125 0.72821044921875
-0.4375 -0.96484375 0.72918701171875
0.15625 0.66015625 0.73016357421875
0.203125 0.63671875 0.24871826171875
-0.296875 -0.89453125 1.04559326171875
-0.234375 -1.05859375 0.08172607421875
-0.21875 -1.08984375 -0.08526611328125
-0.140625 -1.08984375 -0.24298095703125
-0.03125 -1.19921875 -0.41729736328125
-0.09375 -1.38671875 -1.40704345703125
-0.03125 -1.31640625 -1.40936279296875
0.015625 -1.23046875 -1.41009521484375
0.78125 0.98046875 0.07684326171875
0.828125 1.23046875 0.73797607421875
0.09375 -1.15234375 -1.41204833984375
0.0625 -1.26171875 -0.91656494140625
0.875 1.21484375 0.41278076171875
0.15625 -1.07421875 -1.41436767578125
0.84375 1.01953125 -0.08917236328125
0.203125 -0.98828125 -1.41510009765625
0.921875 1.09765625 -0.09014892578125
0.1875 -1.23828125 -0.90582275390625
0.984375 1.19140625 0.24969482421875
0.15625 -1.32421875 -0.25860595703125
0.21875 -1.34765625 -1.09149169921875
0.265625 -1.24609375 -0.08819580078125
0.296875 -1.33984375 1.06903076171875
0.390625 -1.30078125 0.73602294921875
0.40625 -1.43359375 -0.91802978515625
0.453125 -1.34765625 -0.42120361328125
0.484375 -1.43359375 -0.77056884765625
0.46875 -1.47265625 -0.60137939453125
0.46875 -1.25390625 1.23114013671875
0.484375 -1.48046875 -0.58966064453125
0.484375 -1.30859375 1.24090576171875
0.546875 -1.45703125 0.06805419921875
0.5 -1.69921875 -1.42742919921875
0.59375 -1.38671875 0.90887451171875
0.640625 -1.46484375 0.57098388671875
0.625 -1.64453125 -1.43292236328125
0.6875 -1.55859375 -1.43402099609375
0.6875 -1.37109375 0.90692138671875
0.671875 -1.52734375 0.40496826171875
0.71875 -1.44140625 0.23992919921875
0.65625 -1.58203125 0.40301513671875
0.71875 -1.41796875 0.57293701171875
0.703125 -1.51953125 0.23504638671875
0.6875 -1.51171875 0.57196044921875
0.703125 -1.54296875 0.23895263671875
0.8125 -1.39453125 -1.43658447265625
0.78125 -1.49609375 -1.43768310546875
0.703125 -1.54296875 0.74285888671875
0.75 -1.55859375 0.74188232421875
0.90625 -1.32421875 -1.43988037109375
0.796875 -1.68359375 -0.95697021484375
0.8125 -1.45703125 1.07684326171875
1.40625 0.01171875 0.41180419921875
1.65625 0.87109375 0.75067138671875
1.671875 0.84765625 0.57293701171875
1.015625 -1.27734375 -1.44488525390625
0.828125 -1.57421875 1.07684326171875
1.671875 0.77734375 0.58270263671875
1.671875 0.73828125 0.40399169921875
1.6875 0.75390625 0.41473388671875
1.671875 0.75390625 0.75164794921875
0.890625 -1.65234375 -0.10870361328125
1.71875 0.82421875 0.40399169921875
1.6875 0.78515625 0.74578857421875
1.734375 0.86328125 0.58270263671875
0.921875 -1.65234375 -0.26788330078125
1.75 0.83984375 0.41473388671875
1.75 0.73046875 0.24676513671875
0.96875 -1.72265625 -0.45147705078125
1.203125 -1.74609375 -0.10382080078125
1.296875 -1.90234375 -0.28936767578125
1.328125 -1.89453125 0.05731201171875
1.453125 -1.94921875 -0.81671142578125
1.578125 -1.92578125 -0.45489501953125
1.578125 -1.86328125 0.92645263671875
