BUS
-1.9765625 0.5546875 -1.4007568359375
-1.9296875 0.625 -1.4027099609375
-1.8671875 0.6953125 -1.4046630859375
-1.8203125 0.7734375 -1.4061279296875
-1.7578125 0.84375 -1.4085693359375
-1.6796875 1.0078125 -1.4100341796875
-1.6796875 0.90625 -1.4117431640625
-1.6015625 1.0625 -1.413330078125
-1.5703125 1.1484375 -1.4136962890625
-1.5234375 1.2265625 -1.414794921875
-1.4765625 1.3125 -1.415283203125
-1.4296875 1.3828125 -1.4176025390625
-1.3828125 1.4609375 -1.4180908203125
-1.3359375 1.546875 -1.4197998046875
-1.3046875 1.625 -1.4200439453125
-1.9921875 -0.1640625 0.2635498046875
-1.2421875 1.7890625 -1.42041015625
-1.2578125 1.703125 -1.4215087890625
-1.9921875 -0.2578125 0.2635498046875
-1.9921875 -0.359375 -0.5196533203125
-1.1640625 1.859375 -1.4234619140625
-1.9765625 -0.3203125 0.0828857421875
-1.1328125 1.9453125 -1.424560546875
-1.9921875 -0.328125 0.8348388671875
-1.8671875 -0.3046875 -0.0352783203125
-1.7890625 -0.3671875 -0.3360595703125
-1.7421875 -0.5 -0.4893798828125
-1.6796875 -0.5078125 -0.0733642578125
-1.6015625 -0.6015625 -0.8421630859375
-0.7578125 1.890625 0.6893310546875
-1.4921875 -0.609375 -0.8011474609375
-0.6328125 1.875 0.1141357421875
-0.6328125 1.890625 0.4168701171875
-1.4765625 -0.625 -0.3858642578125
-0.6015625 1.8671875 0.2303466796875
-0.6328125 1.796875 0.4168701171875
-0.6328125 1.8125 0.5692138671875
-0.6015625 1.7421875 0.6912841796875
-0.5703125 1.7734375 0.7215576171875
-1.3515625 -0.65625 -0.1954345703125
-1.3359375 -0.734375 -1.0118408203125
-0.4453125 1.8515625 0.5711669921875
-1.2890625 -0.7578125 -0.2374267578125
-0.3515625 1.796875 0.7244873046875
-1.2109375 -0.7265625 0.1082763671875
-1.1015625 -0.8125 -0.7110595703125
-1.0859375 -0.8203125 0.0701904296875
-1.0703125 -0.75 1.0340576171875
-1.0390625 -0.703125 1.1903076171875
-0.9921875 -0.90625 -0.5596923828125
-0.8828125 -0.8515625 0.4178466796875
-0.8828125 -0.90625 0.2254638671875
-0.8828125 -0.8046875 0.8836669921875
-0.9140625 -0.96875 0.3836669921875
-0.8515625 -0.8671875 0.2615966796875
-0.8515625 -0.84375 0.5740966796875
-0.8828125 -0.8984375 1.0145263671875
-0.2421875 0.734375 0.6990966796875
-0.7890625 -0.890625 -0.0509033203125
-0.2109375 0.6796875 0.7322998046875
-0.8046875 -1.2265625 -1.36651611328125
-0.6953125 -0.953125 -0.3658447265625
-0.7421875 -1.1640625 -1.3687744140625
-0.7109375 -1.0390625 -0.0938720703125
-0.6953125 -1.0703125 -0.5250244140625
-0.6796875 -1.0859375 -1.37060546875
-0.6015625 -1.015625 -1.3726806640625
-0.6328125 -1.140625 -1.05419921875
-0.5390625 -0.9375 -1.374755859375
-0.4921875 -0.859375 -1.37548828125
-0.4921875 -1.1640625 -0.4195556640625
0.4609375 1.2421875 0.3826904296875
0.4921875 1.296875 0.2225341796875
0.4609375 1.1953125 0.8641357421875
-0.3515625 -1.2578125 -0.9090576171875
0.5078125 1.28125 0.7049560546875
-0.3203125 -1.28125 -0.2633056640625
0.5703125 1.15625 0.7059326171875
-0.2421875 -1.2578125 -0.2188720703125
0.5703125 0.8671875 0.0594482421875
-0.1328125 -1.3203125 -0.8648681640625
-0.1015625 -1.359375 0.0565185546875
0.0234375 -1.46875 -0.6011962890625
0.0234375 -1.34375 1.0692138671875
0.0859375 -1.4453125 -0.7667236328125
0.1328125 -1.4140625 0.7479248046875
0.1328125 -1.328125 1.2352294921875
0.1640625 -1.4453125 0.5467529296875
0.2734375 -1.4609375 -0.0655517578125
0.2421875 -1.625 -0.9415283203125
0.2578125 -1.5078125 0.2176513671875
0.2734375 -1.4765625 0.2606201171875
0.2265625 -1.578125 0.3826904296875
0.2265625 -1.515625 0.8778076171875
0.2734375 -1.453125 0.5877685546875
0.2421875 -1.53125 0.7137451171875
0.2734375 -1.421875 0.9129638671875
0.2109375 -1.8046875 -1.379638671875
0.3203125 -1.453125 0.8797607421875
0.9296875 0.046875 0.4256591796875
0.3359375 -1.75 -1.385009765625
1.2578125 0.859375 0.4276123046875
0.3359375 -1.53125 1.0457763671875
1.2578125 0.765625 0.3826904296875
1.2578125 0.7734375 0.5477294921875
1.2578125 0.7734375 0.5916748046875
1.0546875 0.109375 0.2625732421875
1.2890625 0.8671875 0.5916748046875
1.3046875 0.8515625 0.2635498046875
0.4140625 -1.671875 -1.386474609375
1.2734375 0.75 0.4276123046875
1.3046875 0.8515625 0.5477294921875
1.2890625 0.8046875 0.7147216796875
0.4765625 -1.6015625 -1.3885498046875
1.2890625 0.734375 0.7557373046875
1.3203125 0.828125 0.7557373046875
0.5390625 -1.515625 -1.389404296875
0.5078125 -1.59375 -0.3985595703125
1.3203125 0.6953125 0.7156982421875
0.4921875 -1.7109375 -0.5655517578125
0.6171875 -1.4375 -1.3916015625
1.3359375 0.640625 0.3826904296875
0.6640625 -1.359375 -1.3927001953125
1.3203125 0.5859375 0.7156982421875
0.6171875 -1.765625 -0.4566650390625
0.6796875 -1.7890625 -0.9036865234375
0.7578125 -1.7109375 0.0936279296875
0.9921875 -1.921875 -0.2447509765625
1.0078125 -1.984375 -0.2989501953125
1.7890625 -0.296875 0.2117919921875
1.1484375 -1.9296875 0.9364013671875
1.7265625 -0.5234375 0.7244873046875
1.1640625 -1.96875 1.1063232421875
1.8046875 -0.484375 0.6004638671875
1.8671875 -0.53125 0.3817138671875
1.2578125 -1.9375 1.2781982421875
1.9609375 -0.34375 0.2615966796875
1.4921875 -1.984375 -1.3487548828125
1.5703125 -1.90625 -1.3515625
