BUS
-1.9609375 -0.267578125 -0.18902587890625
-1.8984375 -0.197265625 0.13421630859375
-1.8828125 -0.166015625 0.97796630859375
-1.8203125 -0.212890625 -0.00933837890625
-1.7890625 -0.126953125 0.27874755859375
-1.8359375 -0.283203125 0.24749755859375
-1.8203125 -0.267578125 0.54046630859375
-1.7734375 -0.337890625 -0.92950439453125
-1.8671875 -0.556640625 -1.37225341796875
-1.7421875 -0.267578125 -0.30133056640625
-1.8046875 -0.501953125 -1.37445068359375
-1.7265625 -0.431640625 -1.37725830078125
-1.6796875 -0.361328125 -1.37774658203125
-1.6484375 -0.384765625 -0.63970947265625
-1.6015625 -0.306640625 -1.38165283203125
-1.6484375 -0.423828125 -0.45172119140625
-1.5859375 -0.455078125 -0.49566650390625
-1.5703125 -0.416015625 0.09710693359375
-1.6171875 -0.384765625 0.98577880859375
-1.5234375 -0.470703125 -0.74859619140625
-0.4921875 1.880859375 0.57855224609375
-0.3828125 1.818359375 0.43109130859375
-0.3671875 1.794921875 0.13616943359375
-0.3828125 1.857421875 0.84320068359375
-1.2578125 -0.587890625 -0.16558837890625
-0.3984375 1.763671875 0.69378662109375
-1.2578125 -0.611328125 -0.05718994140625
-0.2734375 1.818359375 0.69476318359375
-1.1171875 -0.736328125 -0.81793212890625
-0.9921875 -0.775390625 -0.36676025390625
-0.9921875 -0.626953125 1.17913818359375
-0.3984375 0.708984375 0.69769287109375
-0.3359375 0.787109375 0.58245849609375
-0.8359375 -0.892578125 -0.98638916015625
-0.8515625 -0.751953125 1.03460693359375
-0.8046875 -0.681640625 1.03460693359375
-0.7265625 -0.689453125 0.88421630859375
-0.7421875 -0.814453125 0.85491943359375
-0.7109375 -0.947265625 -0.22125244140625
-0.7109375 -0.884765625 0.39398193359375
-0.7109375 -0.884765625 0.54827880859375
-0.6796875 -0.876953125 0.12640380859375
-0.6640625 -0.845703125 0.58441162109375
-0.6484375 -0.869140625 0.27874755859375
-0.6640625 -0.947265625 0.23968505859375
-0.6328125 -0.830078125 0.88812255859375
0.0546875 0.794921875 0.73870849609375
-0.5703125 -0.908203125 -0.02593994140625
0.0703125 0.693359375 0.73968505859375
0.2734375 1.091796875 -0.17535400390625
-0.5078125 -1.017578125 -0.69244384765625
-0.4453125 -1.048828125 0.08245849609375
-0.3984375 -1.001953125 -0.33697509765625
-0.3671875 -1.142578125 -0.49420166015625
0.6015625 1.248046875 0.12933349609375
-0.2890625 -1.166015625 -0.54693603515625
0.6171875 1.068359375 -0.07574462890625
0.7265625 1.287109375 0.23773193359375
0.6796875 1.146484375 0.43890380859375
0.7109375 1.193359375 0.23773193359375
0.7265625 1.224609375 0.43890380859375
0.7421875 1.216796875 0.28363037109375
0.7421875 1.201171875 0.39398193359375
-0.1328125 -1.259765625 -0.07965087890625
-0.1328125 -1.244140625 0.12249755859375
0.0234375 -1.306640625 -0.19195556640625
0.0546875 -1.400390625 -0.71978759765625
0.0859375 -1.345703125 -0.82281494140625
0.0703125 -1.376953125 -0.40240478515625
0.0390625 -1.478515625 -1.35986328125
0.0078125 -1.564453125 -1.360107421875
0.1328125 -1.447265625 -1.04425048828125
0.1484375 -1.423828125 -1.36419677734375
0.1484375 -1.447265625 -0.88482666015625
0.2109375 -1.345703125 -1.36572265625
0.2890625 -1.283203125 -1.36907958984375
0.3359375 -1.197265625 -1.36932373046875
0.2265625 -1.314453125 1.22796630859375
0.2578125 -1.392578125 1.07171630859375
1.0078125 0.107421875 0.75921630859375
0.3828125 -1.580078125 -0.25103759765625
0.4140625 -1.541015625 0.39398193359375
0.4140625 -1.470703125 0.87835693359375
0.4453125 -1.501953125 0.27874755859375
0.4296875 -1.564453125 0.23284912109375
0.4453125 -1.478515625 0.59906005859375
1.1484375 0.107421875 0.23284912109375
0.4609375 -1.634765625 -0.57769775390625
1.1796875 0.037109375 0.44183349609375
1.4609375 0.771484375 0.60394287109375
1.4765625 0.732421875 0.39398193359375
1.5078125 0.794921875 0.23284912109375
1.5078125 0.826171875 0.55609130859375
1.4765625 0.732421875 0.55609130859375
0.5234375 -1.611328125 1.04241943359375
0.5703125 -1.517578125 1.04241943359375
1.4921875 0.732421875 0.76312255859375
1.5078125 0.771484375 0.88031005859375
1.5390625 0.763671875 0.71917724609375
1.5546875 0.716796875 0.44378662109375
1.5234375 0.669921875 0.71917724609375
0.7421875 -1.642578125 -0.04351806640625
1.6953125 0.763671875 0.76702880859375
0.9765625 -1.900390625 -0.53961181640625
1.0546875 -1.814453125 -0.37554931640625
1.1484375 -1.970703125 -0.87261962890625
1.9140625 -0.416015625 0.22796630859375
1.3515625 -1.970703125 -1.37847900390625
1.4921875 -1.822265625 -1.38214111328125
1.4609375 -1.908203125 -1.38226318359375
1.5703125 -1.744140625 -1.38397216796875
