BUS
-1.8125 -1.44049072265625 0.1038665771484375
-1.65625 -1.41998291015625 -0.5689849853515625
-1.3125 -1.46783447265625 -0.2125396728515625
-1.25 -1.45806884765625 -0.3502349853515625
-1.0625 -1.45318603515625 -0.1236724853515625
-0.71875 -1.42828369140625 -0.4439849853515625
-0.53125 -1.45123291015625 -0.6773834228515625
-0.40625 -1.55157470703125 0.1048431396484375
0.15625 -1.51959228515625 -0.5997467041015625
0.125 -1.43951416015625 1.2796478271484375
0.375 -1.57208251953125 -0.2213287353515625
0.40625 -1.61822509765625 -0.8404693603515625
0.40625 -1.58135986328125 -0.1314849853515625
0.5 -1.53985595703125 1.2015228271484375
0.59375 -1.58526611328125 -0.6959381103515625
0.9375 -1.57110595703125 -0.3746490478515625
1.6875 -1.73883056640625 0.8362884521484375
1.8125 -1.54547119140625 -0.4713287353515625
1.8125 -1.70147705078125 -0.3844146728515625
1.78125 -1.67999267578125 0.7483978271484375
1.8125 -1.68072509765625 0.2620697021484375
1.8125 -1.66119384765625 0.5081634521484375
1.78125 -1.65728759765625 1.2386322021484375
1.84375 -1.68389892578125 0.0169525146484375
1.8125 -1.54815673828125 1.3284759521484375
1.90625 -1.71295166015625 -0.1402740478515625
1.90625 -1.59063720703125 0.8401947021484375
2.0 -1.70220947265625 -0.2291412353515625
2.0 -1.72467041015625 0.5960540771484375
