BUS
-1.88671875 1.82421875 0.01080322265625
-1.93359375 1.76953125 0.35748291015625
-1.88671875 1.80078125 0.12603759765625
-1.88671875 1.77734375 0.02740478515625
-1.96484375 1.68359375 0.73345947265625
-1.85546875 1.80078125 0.24224853515625
-1.79296875 1.67578125 0.14361572265625
-1.33984375 1.98046875 0.36041259765625
-1.30859375 1.99609375 0.37994384765625
-1.32421875 1.96484375 0.62115478515625
-1.27734375 1.94921875 0.13970947265625
-1.26171875 1.94921875 0.59771728515625
-1.93359375 0.50390625 -1.43914794921875
-1.96484375 0.43359375 -1.44049072265625
-1.87109375 0.53515625 -1.44268798828125
-1.82421875 0.58984375 -1.44293212890625
-1.76171875 0.63671875 -1.44561767578125
-1.71484375 0.69921875 -1.44512939453125
-1.63671875 0.80859375 -1.44635009765625
-1.66796875 0.74609375 -1.44635009765625
-1.57421875 0.85546875 -1.44818115234375
-1.51171875 0.91015625 -1.44952392578125
-1.48046875 0.96484375 -1.45001220703125
-1.33984375 1.12890625 -1.45208740234375
-1.40234375 1.01171875 -1.45233154296875
-1.37109375 1.06640625 -1.45257568359375
-1.24609375 1.24609375 -1.45330810546875
-1.27734375 1.18359375 -1.45367431640625
-1.18359375 1.29296875 -1.45550537109375
-1.10546875 1.41015625 -1.45709228515625
-1.13671875 1.34765625 -1.45648193359375
-1.05859375 1.47265625 -1.45697021484375
-1.12109375 1.03515625 0.84967041015625
-1.13671875 0.96484375 0.87506103515625
-0.24609375 1.29296875 0.12506103515625
-0.27734375 1.23828125 0.37896728515625
-0.23046875 1.30078125 0.37896728515625
-0.23046875 1.31640625 0.50592041015625
-0.19921875 1.33203125 0.23931884765625
-0.23046875 1.25390625 0.11334228515625
-0.23046875 1.26953125 0.23931884765625
-0.21484375 1.28515625 0.25201416015625
-0.23046875 1.26953125 0.36529541015625
-0.23046875 1.28515625 0.49127197265625
-0.16796875 1.33984375 0.25201416015625
-0.16796875 1.30859375 0.11334228515625
-0.21484375 1.26171875 0.61724853515625
-0.19921875 1.25390625 0.63482666015625
-1.01171875 -0.17578125 0.86920166015625
-0.96484375 -0.13671875 0.76373291015625
-0.18359375 1.23828125 0.76373291015625
-0.18359375 1.25390625 0.86920166015625
-0.15234375 1.26953125 0.74420166015625
-0.10546875 1.30078125 0.49224853515625
-1.44921875 -1.20703125 -1.43719482421875
-0.46484375 0.55078125 0.87115478515625
-0.41796875 0.31640625 -0.27288818359375
-0.38671875 0.30078125 0.62115478515625
-0.29296875 0.32421875 -0.27532958984375
-0.40234375 0.21484375 0.63873291015625
-0.26171875 0.34765625 -0.27191162109375
-0.26171875 0.36328125 -0.01165771484375
-0.16796875 0.27734375 0.88287353515625
-0.12109375 0.27734375 0.75396728515625
0.08203125 0.23828125 0.75787353515625
0.09765625 0.18359375 0.62896728515625
0.11328125 0.08203125 0.62994384765625
0.12890625 0.07421875 0.64459228515625
0.69140625 0.58203125 0.24420166015625
0.80078125 0.63671875 0.51177978515625
0.80078125 0.60546875 0.50299072265625
0.83203125 0.57421875 0.23736572265625
0.86328125 0.57421875 0.10845947265625
0.84765625 0.54296875 0.10357666015625
0.83203125 0.50390625 0.10845947265625
0.84765625 0.55859375 0.37017822265625
0.84765625 0.52734375 0.37799072265625
0.87890625 0.56640625 0.24322509765625
0.86328125 0.55859375 0.64849853515625
0.75390625 0.26171875 0.10748291015625
0.86328125 0.47265625 0.64947509765625
0.22265625 -0.96484375 -0.03216552734375
0.31640625 -0.99609375 -0.03704833984375
0.33203125 -1.10546875 -0.03802490234375
1.11328125 -0.16015625 -0.03802490234375
1.11328125 -0.17578125 -0.03802490234375
1.31640625 0.15234375 0.37701416015625
1.48828125 0.08984375 0.37310791015625
1.19140625 -0.48046875 0.65728759765625
1.50390625 0.08203125 0.64947509765625
1.58203125 0.01953125 0.09674072265625
1.22265625 -0.58984375 0.51080322265625
1.34765625 -0.37890625 0.65826416015625
1.39453125 -0.31640625 0.65826416015625
1.31640625 -0.46484375 0.65826416015625
1.56640625 -0.03515625 0.65826416015625
1.62890625 -0.11328125 0.37701416015625
1.70703125 -0.09765625 0.09478759765625
1.25390625 -1.58984375 0.23345947265625
1.94140625 -1.26171875 0.23150634765625
1.89453125 -1.33203125 0.37603759765625
1.98828125 -1.23828125 0.80865478515625
1.95703125 -1.35546875 0.52056884765625
