BUS
1.103515625 0.2734375 1.037109375
0.525390625 0.7265625 0.86328125
-0.302734375 -0.84375 0.013671875
-1.435546875 0.09375 0.74609375
1.267578125 0.1015625 1.2578125
1.955078125 -0.5078125 0.1982421875
-0.427734375 1.5703125 1.13671875
1.830078125 -0.4609375 0.4189453125
-1.669921875 0.59375 -0.2109375
0.509765625 0.7578125 1.203125
-0.427734375 -1.7109375 0.3369140625
-0.490234375 1.625 1.2265625
-1.419921875 0.09375 0.822265625
0.291015625 0.890625 1.35546875
-0.162109375 -1.6484375 0.1162109375
-1.982421875 0.6796875 0.701171875
-1.201171875 -0.0078125 -0.23828125
-1.404296875 -0.8984375 0.5390625
-1.404296875 -0.8984375 0.5390625
-1.115234375 -0.671875 -0.0556640625
-1.412109375 -0.8515625 0.744140625
-1.349609375 -0.8125 -0.158203125
-0.076171875 -0.4375 0.1455078125
-0.341796875 1.4453125 0.0712890625
1.283203125 0.0703125 0.8359375
0.095703125 -0.015625 -0.162109375
1.759765625 -0.3203125 1.185546875
0.345703125 0.9296875 0.994140625
-1.794921875 0.4453125 0.8046875
1.830078125 -0.4609375 0.4189453125
-1.583984375 -0.7890625 -0.1533203125
-0.896484375 1.9765625 1.193359375
0.158203125 1.046875 0.88671875
-1.232421875 -0.828125 -0.0576171875
0.455078125 0.7578125 1.0625
1.056640625 0.21875 1.095703125
0.587890625 0.65625 0.3037109375
1.111328125 0.1015625 0.3056640625
1.361328125 0.0078125 0.732421875
-0.310546875 1.4921875 1.05078125
0.025390625 1.1640625 0.783203125
1.939453125 -0.5078125 -0.0244140625
-1.318359375 -0.6953125 -0.0810546875
1.830078125 -0.4765625 0.5302734375
-0.474609375 1.5546875 -0.01953125
1.798828125 -0.4140625 0.748046875
1.087890625 0.1875 0.6728515625
-0.208984375 1.3828125 1.15234375
1.962890625 -0.5546875 0.5791015625
-0.333984375 -0.8203125 -0.091796875
-1.380859375 -0.4296875 -0.1474609375
-0.115234375 1.2890625 0.6455078125
1.189453125 0.09375 0.095703125
-1.302734375 -0.09375 -0.2705078125
-0.654296875 1.71875 -0.1064453125
-0.091796875 -0.4296875 -0.064453125
1.931640625 -0.5859375 0.802734375
0.626953125 0.6875 0.806640625
-1.279296875 -0.859375 -0.0576171875
-0.419921875 -1.7421875 0.1337890625
1.197265625 0.0625 0.5693359375
0.767578125 0.53125 1.22265625
-1.044921875 -0.0859375 0.4306640625
-1.169921875 -0.703125 -0.08203125
-0.052734375 -0.40625 0.0400390625
0.626953125 0.6875 0.806640625
-1.896484375 0.6953125 0.986328125
-1.982421875 0.6796875 0.701171875
-1.646484375 -0.734375 -0.0498046875
-0.427734375 1.5703125 1.13671875
-1.318359375 -0.90625 0.2275390625
-0.365234375 -1.7890625 0.462890625
0.548828125 0.6875 0.76171875
1.806640625 -0.46875 0.6884765625
-0.427734375 -1.7109375 0.3369140625
-0.427734375 -1.7109375 0.3369140625
-1.560546875 -0.3203125 -0.1728515625
1.142578125 0.0703125 0.78125
-0.498046875 -1.390625 -0.099609375
1.384765625 -0.03125 0.2001953125
0.970703125 0.3203125 0.927734375
1.501953125 -0.1796875 0.3076171875
0.541015625 0.671875 0.60546875
-0.513671875 -0.984375 -0.17578125
-0.263671875 -0.8359375 -0.0703125
-1.318359375 -0.6953125 -0.0810546875
-1.630859375 -0.328125 -0.240234375
-1.388671875 -0.90625 0.6630859375
-1.208984375 -0.0859375 -0.171875
-0.115234375 1.2890625 0.6455078125
0.650390625 0.6640625 0.865234375
-1.099609375 -0.5859375 -0.18359375
1.947265625 -0.5 0.419921875
-0.458984375 -1.796875 0.2431640625
-0.076171875 1.234375 1.03515625
1.384765625 -0.03125 0.2001953125
-1.318359375 -0.8671875 0.8671875
-0.076171875 1.234375 1.03515625
-1.451171875 -0.9296875 0.3310546875
-0.279296875 1.4140625 1.310546875
0.150390625 0.15625 0.046875
1.986328125 -0.5390625 0.75390625
-1.052734375 -0.015625 0.1298828125
0.025390625 -1.546875 0.00390625
1.150390625 0.15625 0.88671875
0.509765625 0.7578125 1.203125
0.150390625 0.15625 0.046875
-0.310546875 1.4921875 1.05078125
1.228515625 0.1015625 0.623046875
-0.443359375 -1.71875 0.5732421875
1.244140625 0.03125 0.783203125
-0.029296875 0.2109375 -0.052734375
-0.404296875 -1.6640625 1.111328125
0.158203125 1.046875 0.88671875
-1.294921875 -0.953125 -0.05859375
-1.333984375 -0.140625 -0.240234375
-1.373046875 -0.9609375 0.1240234375
-1.263671875 -0.125 -0.171875
-0.310546875 1.46875 0.86328125
-1.794921875 0.4453125 0.734375
-0.412109375 -0.9375 -0.0927734375
-1.302734375 -0.5078125 -0.2822265625
-1.373046875 -0.921875 0.251953125
-1.880859375 -0.3359375 0.552734375
-0.302734375 -0.84375 0.013671875
-1.279296875 -0.015625 -0.26953125
-1.333984375 -0.90625 0.8515625
-1.794921875 0.4453125 0.8046875
-1.896484375 0.6953125 0.986328125
-0.263671875 -0.8359375 -0.0703125
-0.654296875 1.71875 -0.1064453125
-1.271484375 -0.9296875 0.64453125
-1.248046875 -0.8125 0.1240234375
-1.396484375 -0.90625 0.560546875
-1.169921875 -0.8046875 0.01953125
1.712890625 -0.3359375 0.19921875
-1.794921875 0.4453125 0.8046875
-1.755859375 0.46875 0.6142578125
-0.123046875 1.3359375 0.966796875
-0.458984375 -1.6953125 0.681640625
-0.013671875 1.171875 1.33203125
-1.177734375 -0.890625 0.0185546875
-1.412109375 -0.8203125 0.3544921875
-1.107421875 -0.6875 -0.0830078125
-1.162109375 -0.6640625 -0.1572265625
-1.521484375 -0.296875 -0.27294921875
-0.427734375 1.5703125 1.13671875
-1.373046875 -0.875 0.4560546875
1.322265625 0.0390625 0.51953125
-0.513671875 -1.09375 -0.1787109375
-1.396484375 -0.90625 0.560546875
-1.513671875 -0.171875 -0.169921875
-1.013671875 -0.03125 0.4306640625
-0.708984375 1.8125 1.208984375
-0.443359375 -1.8125 0.2265625
-1.568359375 -0.3046875 -0.240234375
-0.146484375 -0.84375 -0.177734375
-0.224609375 -1.6484375 0.00390625
-1.044921875 -0.0859375 0.4306640625
-0.474609375 1.5859375 0.857421875
1.978515625 -0.5234375 0.916015625
-1.115234375 -0.765625 0.1484375
-1.443359375 -0.921875 0.4345703125
-1.341796875 -0.1171875 -0.1708984375
-1.505859375 0.4375 -0.1572265625
-1.568359375 -0.3046875 -0.240234375
-0.412109375 -0.9375 -0.0927734375
-0.310546875 1.46875 0.86328125
-1.099609375 -0.5859375 -0.18359375
0.392578125 0.875 1.095703125
-0.419921875 -1.6796875 0.0244140625
-1.724609375 -0.671875 -0.1484375
-1.326171875 0.328125 0.7197265625
-1.412109375 -0.8515625 0.744140625
1.228515625 0.1015625 0.623046875
-1.271484375 -0.9296875 0.64453125
1.111328125 0.1015625 0.3056640625
0.017578125 1.2109375 0.6865234375
-0.693359375 1.8203125 1.298828125
0.095703125 -0.015625 -0.162109375
-0.474609375 -1.765625 0.3369140625
1.384765625 0.03125 1.052734375
-0.208984375 1.3828125 1.15234375
1.322265625 0.0390625 0.51953125
1.423828125 -0.0390625 0.94921875
-1.107421875 -0.6875 -0.0830078125
-0.474609375 1.5859375 0.857421875
-0.458984375 -1.796875 0.2431640625
-0.310546875 -0.8359375 0.228515625
-1.380859375 -0.4296875 -0.1474609375
-0.841796875 1.9375 1.10546875
1.798828125 -0.3828125 0.638671875
-0.294921875 1.4765625 1.333984375
-0.271484375 1.4296875 1.244140625
-0.091796875 -0.4296875 -0.064453125
1.830078125 -0.4765625 0.5302734375
-0.302734375 -1.65625 0.00390625
-0.873046875 -0.3125 0.947265625
-1.373046875 -0.9609375 0.1240234375
-0.091796875 1.2890625 0.875
