BUS
1.0244140625 -0.046875 0.62310791015625
1.2353515625 0.34375 1.20318603515625
0.2900390625 1.125 -0.32025146484375
0.1416015625 1.2734375 -0.49359130859375
1.1650390625 0.328125 -0.16107177734375
1.7822265625 -0.1953125 1.15240478515625
-0.1630859375 1.5703125 0.39459228515625
-0.4990234375 1.8515625 -0.71282958984375
1.0947265625 0.4609375 1.19146728515625
-0.2724609375 1.5859375 -0.90814208984375
0.9384765625 0.53125 -0.05853271484375
0.5322265625 0.8984375 0.20806884765625
0.8447265625 0.1015625 0.81256103515625
0.4697265625 0.9765625 0.02252197265625
0.0791015625 1.3671875 1.02154541015625
1.3525390625 -1.09375 0.23052978515625
1.8212890625 -0.2734375 0.43365478515625
1.0478515625 0.4296875 -0.07513427734375
-0.1240234375 1.484375 -0.65570068359375
-0.2958984375 1.734375 1.24029541015625
-0.3115234375 0.53125 0.57623291015625
-1.7177734375 -0.2265625 -0.35638427734375
1.0322265625 0.453125 -0.15814208984375
-0.1630859375 1.609375 0.90045166015625
-0.2724609375 -0.59375 0.02935791015625
1.9462890625 -0.40625 0.12896728515625
1.5556640625 -0.0546875 0.33209228515625
-1.7021484375 -0.2890625 1.05670166015625
1.7666015625 -0.234375 0.32916259765625
1.4541015625 0.0 -0.26849365234375
-0.5380859375 0.8515625 -0.06927490234375
-0.6396484375 1.9765625 -0.36712646484375
1.5087890625 -0.9921875 0.23150634765625
1.5244140625 -0.015625 0.83013916015625
-1.9833984375 -0.1640625 -0.26165771484375
-0.5224609375 1.875 -0.37200927734375
0.6572265625 0.8359375 0.22467041015625
-0.1005859375 1.46875 -0.56927490234375
1.4072265625 0.09375 -0.27923583984375
1.0400390625 0.4609375 1.38482666015625
1.8212890625 -0.2421875 0.94732666015625
0.3369140625 1.1640625 1.12310791015625
1.8134765625 -0.296875 0.53717041015625
0.4697265625 0.9765625 0.02252197265625
0.7353515625 0.7890625 0.59967041015625
1.3056640625 0.2109375 -0.16400146484375
-0.3115234375 1.6640625 0.47760009765625
1.9541015625 -0.421875 0.12408447265625
1.3681640625 0.15625 1.11724853515625
-1.7998046875 -0.2890625 -0.17181396484375
1.6025390625 -0.0234375 1.13677978515625
0.4697265625 0.9765625 0.02252197265625
0.1806640625 1.2578125 -0.13665771484375
-1.7998046875 -0.2890625 -0.17181396484375
-1.6787109375 -0.1171875 -0.42572021484375
0.7119140625 0.7578125 -0.14935302734375
1.7119140625 -0.765625 0.02447509765625
-1.3310546875 -0.625 1.07818603515625
0.2353515625 1.1796875 -0.04681396484375
1.7509765625 -0.2421875 -0.07318115234375
0.6259765625 0.921875 0.95709228515625
1.2275390625 0.234375 0.81646728515625
0.7119140625 -0.0234375 0.81256103515625
-1.6279296875 -0.46875 -0.07806396484375
1.8994140625 -0.359375 -0.07513427734375
-0.5224609375 0.84375 0.02154541015625
-0.2568359375 -0.6015625 0.12603759765625
1.1884765625 0.1484375 0.62115478515625
0.6416015625 0.8359375 0.03912353515625
0.0634765625 1.421875 1.09771728515625
0.5556640625 0.90625 0.22369384765625
0.4619140625 -0.03125 0.80865478515625
0.6337890625 0.8046875 -0.80072021484375
0.5478515625 0.859375 -0.70257568359375
-0.5458984375 1.9140625 -0.11907958984375
-0.3662109375 0.5234375 0.12994384765625
-0.1552734375 1.6484375 0.37408447265625
-1.6943359375 -0.2890625 -0.26458740234375
0.5400390625 0.921875 0.86334228515625
0.0009765625 1.4296875 0.91412353515625
-0.1630859375 1.5703125 0.39459228515625
1.9853515625 -0.4140625 0.44049072265625
-0.2568359375 1.6171875 -0.73187255859375
1.0244140625 -0.046875 0.62310791015625
-1.9833984375 -0.1640625 -0.26165771484375
1.9150390625 -0.359375 0.33209228515625
0.6650390625 0.8203125 0.13189697265625
-0.1708984375 1.609375 0.48052978515625
0.0322265625 1.359375 -0.31048583984375
-1.6044921875 -0.4140625 1.05865478515625
-0.3115234375 1.7109375 -0.12396240234375
-0.3662109375 1.7265625 -0.20892333984375
0.5009765625 -1.2421875 0.12017822265625
-0.4130859375 1.7578125 0.13385009765625
-0.3349609375 1.7265625 0.21881103515625
0.0322265625 1.34375 -0.57757568359375
1.4462890625 0.125 1.22467041015625
0.9306640625 0.5703125 0.69732666015625
-1.3740234375 -0.7421875 0.21978759765625
0.5400390625 0.9140625 0.59381103515625
0.5712890625 0.9140625 -0.16497802734375
-1.7841796875 -0.359375 -0.26556396484375
-0.2099609375 1.625 -0.12689208984375
0.1259765625 1.328125 0.92388916015625
-0.3427734375 1.7265625 -0.29486083984375
0.1494140625 1.234375 -0.58538818359375
-0.3271484375 1.6875 -0.81390380859375
1.5087890625 0.03125 1.12896728515625
-1.7998046875 -0.2890625 -0.17181396484375
0.5556640625 0.90625 0.58209228515625
1.8837890625 -0.34375 0.02740478515625
0.3837890625 0.6328125 0.13092041015625
-0.1630859375 1.609375 0.90045166015625
0.4306640625 0.9921875 -0.87786865234375
-0.6630859375 0.7421875 0.56451416015625
-1.7255859375 -0.140625 -0.42572021484375
0.4853515625 -1.1796875 0.22369384765625
0.3681640625 1.1328125 0.93951416015625
-0.5146484375 1.8828125 1.32037353515625
1.7275390625 -0.1953125 0.02935791015625
0.2275390625 1.25 1.29498291015625
1.3369140625 -1.140625 0.33795166015625
-1.8076171875 -0.328125 -0.05950927734375
-1.7958984375 -0.375 -0.24798583984375
0.0869140625 1.3046875 -0.40130615234375
0.3681640625 1.1328125 0.93951416015625
-0.3349609375 0.5234375 0.40631103515625
0.1728515625 1.2265625 -0.85589599609375
1.7822265625 -1.4609375 0.34478759765625
-0.2021484375 1.578125 -0.82415771484375
0.5244140625 0.9765625 1.32623291015625
-0.4599609375 1.8359375 -0.28997802734375
0.5478515625 0.8828125 0.04010009765625
-0.4677734375 1.796875 -0.63177490234375
1.7353515625 -1.5859375 0.34381103515625
1.9306640625 -1.2890625 0.34283447265625
-0.5146484375 1.8828125 1.32037353515625
-0.1708984375 1.609375 0.48052978515625
1.2275390625 0.234375 0.81646728515625
1.9228515625 -0.3515625 -0.18841552734375
-0.0927734375 1.5390625 0.39654541015625
0.3369140625 1.0703125 -0.41302490234375
0.8603515625 0.65625 -0.16986083984375
0.9462890625 0.4921875 -0.25189208984375
0.4150390625 -1.34375 0.01666259765625
-1.6982421875 -0.390625 -0.17279052734375
1.7119140625 -0.765625 0.02447509765625
1.6259765625 -0.0859375 0.73248291015625
0.0947265625 1.3671875 1.28131103515625
-1.9599609375 -0.1796875 -0.33392333984375
0.3369140625 1.0703125 -0.41302490234375
0.5869140625 0.84375 0.13189697265625
1.8447265625 -1.6484375 0.45709228515625
-1.9443359375 -0.015625 1.02740478515625
0.0947265625 0.359375 0.12994384765625
0.6337890625 0.8359375 0.21002197265625
1.8916015625 -0.390625 -0.28216552734375
0.6884765625 0.765625 -0.33587646484375
0.6337890625 0.8125 0.31939697265625
0.3291015625 0.0859375 0.80084228515625
0.5166015625 0.90625 -0.23724365234375
-0.0302734375 1.4140625 -0.74945068359375
-0.2021484375 1.578125 -0.82415771484375
0.4150390625 -1.34375 0.01666259765625
0.5244140625 0.9765625 0.95318603515625
1.2666015625 0.2265625 -0.35931396484375
0.3603515625 -1.3828125 0.01568603515625
-0.2021484375 1.65625 1.07427978515625
1.8369140625 -0.2734375 1.15240478515625
0.3994140625 1.0703125 -0.34564208984375
0.3603515625 1.046875 -0.77972412109375
0.2509765625 1.171875 -0.49993896484375
1.6025390625 -0.015625 1.23834228515625
0.3369140625 1.1484375 1.03326416015625
1.5869140625 -0.1171875 -0.27239990234375
0.5244140625 0.8828125 0.31842041015625
1.9853515625 -0.4140625 0.44049072265625
-1.6005859375 -0.3984375 1.06451416015625
1.9931640625 -0.4375 0.85357666015625
0.6259765625 0.8984375 1.14849853515625
0.3681640625 1.0625 -0.04876708984375
-0.0302734375 1.4140625 -0.74945068359375
-1.8818359375 -0.25 -0.33587646484375
-0.2333984375 1.578125 -0.64837646484375
0.2509765625 1.171875 -0.49993896484375
0.3369140625 1.0703125 -0.41302490234375
0.3603515625 1.046875 -0.77972412109375
1.9619140625 -0.34375 1.26959228515625
1.4462890625 0.125 1.22467041015625
1.5087890625 -0.03125 0.12994384765625
1.2353515625 0.2578125 -0.06341552734375
-0.5771484375 0.8046875 -0.06927490234375
1.5556640625 -0.0546875 0.43170166015625
-0.4833984375 1.7734375 0.13385009765625
0.8447265625 0.640625 -0.15325927734375
-0.4755859375 1.84375 -0.45989990234375
1.7900390625 -0.328125 -0.28021240234375
1.2275390625 0.234375 0.81646728515625
0.5556640625 0.90625 0.58209228515625
1.8525390625 -0.2578125 1.05279541015625
