BUS
-1.6875 -1.4256057739257812 -0.014404296875
-1.53125 -1.4368362426757812 -0.345458984375
-1.5 -1.3987503051757812 -0.241943359375
-1.28125 -1.3762893676757812 1.343994140625
-1.1875 -1.4724807739257812 1.238525390625
-1.09375 -1.3391799926757812 1.468994140625
-0.84375 -1.5195999145507812 -0.586669921875
-0.6875 -1.4763870239257812 -0.130615234375
-0.59375 -1.4656448364257812 0.099853515625
-0.5625 -1.4055862426757812 -0.714599609375
-0.15625 -1.5432815551757812 -0.490478515625
0.0 -1.5159378051757812 -0.259521484375
0.0625 -1.5545120239257812 -0.373291015625
0.09375 -1.4949417114257812 1.383056640625
0.3125 -1.4470901489257812 1.152587890625
0.3125 -1.6011428833007812 1.273681640625
0.6875 -1.5300979614257812 -0.743408203125
0.8125 -1.5996780395507812 -0.148193359375
0.8125 -1.5972366333007812 0.092041015625
1.3125 -1.6712112426757812 -0.516845703125
1.5625 -1.6436233520507812 -0.642333984375
1.6875 -1.6214065551757812 1.427978515625
1.75 -1.7017288208007812 0.330322265625
1.78125 -1.6746292114257812 -0.403564453125
1.75 -1.6362991333007812 0.941650390625
1.8125 -1.7097854614257812 -0.8935546875
1.84375 -1.6633987426757812 -0.770751953125
1.8125 -1.6436233520507812 0.452392578125
1.8125 -1.5593948364257812 0.574462890625
1.8125 -1.6170120239257812 0.697509765625
1.78125 -1.7258987426757812 1.308837890625
1.8125 -1.5730667114257812 1.187744140625
1.90625 -1.6399612426757812 -0.281982421875
1.90625 -1.7359085083007812 -0.160888671875
