BUS
-1.6875 0.22119140625 -1.12152099609375
-1.5625 -0.66162109375 -1.12176513671875
-1.5625 -0.24755859375 -0.38714599609375
-1.4375 -0.71044921875 -0.38714599609375
-1.4375 -0.19287109375 -1.12347412109375
-1.3125 -1.10595703125 -0.38763427734375
-1.3125 0.18017578125 -0.38861083984375
0.0625 -1.50732421875 1.09918212890625
0.0625 -1.06005859375 1.09918212890625
0.0625 -0.63427734375 1.09918212890625
0.0625 -0.18701171875 1.09722900390625
0.0625 0.26220703125 1.09722900390625
0.0625 0.73291015625 1.09722900390625
0.6875 -0.73974609375 1.14996337890625
0.6875 -0.31005859375 1.14996337890625
0.6875 0.14111328125 1.14996337890625
0.6875 0.61572265625 1.14996337890625
0.6875 1.06689453125 1.14996337890625
0.6875 1.49658203125 1.14996337890625
0.9375 -1.46923828125 -1.14923095703125
0.9375 -1.56689453125 -0.39935302734375
0.9375 -1.03466796875 0.35211181640625
0.9375 0.76220703125 -1.14996337890625
0.9375 0.68798828125 -0.40081787109375
0.9375 0.76806640625 0.35113525390625
1.0625 -1.48486328125 0.35211181640625
1.4375 1.10986328125 0.39605712890625
1.4375 1.56689453125 0.39605712890625
1.5625 -0.78662109375 -0.36126708984375
1.5625 -0.70849609375 0.39703369140625
1.5625 -0.30029296875 0.39703369140625
1.5625 0.15478515625 0.39703369140625
1.5625 0.60986328125 0.39703369140625
1.5625 1.48876953125 -0.36224365234375
1.6875 1.48876953125 -1.12506103515625
