BUS
-1.25 0.375 -1.33636474609375
-1.25 0.58984375 -1.336273193359375
-1.25 0.900390625 -0.54168701171875
-1.25 1.1513671875 -0.54168701171875
-1.1875 0.1242523193359375 -1.3380126953125
-1.1875 0.207763671875 -0.54217529296875
-1.1875 -0.0433349609375 -0.54217529296875
-1.1875 0.4345703125 -0.54168701171875
-1.1875 -0.2822265625 -0.54168701171875
-1.1875 0.685546875 -0.54168701171875
-1.1875 -0.521484375 -0.54217529296875
-1.1875 -0.74853515625 -0.54217529296875
-1.1875 0.199554443359375 -0.14227294921875
-1.1875 -0.039306640625 -0.14227294921875
-1.1875 0.4384765625 -0.14227294921875
-1.1875 -0.2783203125 -0.14227294921875
-1.1875 0.677734375 -0.14227294921875
-1.1875 -0.50537109375 -0.14324951171875
-1.1875 0.91650390625 -0.14324951171875
-1.1875 -0.74462890625 -0.14324951171875
-1.1875 -1.22705078125 -0.54217529296875
-1.1875 0.25311279296875 0.25518798828125
-1.1875 0.01416015625 0.25518798828125
-1.1875 0.504150390625 0.25518798828125
-1.1875 -0.98388671875 -0.14324951171875
-1.1875 -0.224853515625 0.25518798828125
-1.1875 -0.4638671875 0.25518798828125
-1.1875 -0.69091796875 0.25518798828125
-1.1875 -1.22314453125 -0.14324951171875
-1.1875 1.19677734375 0.25518798828125
-1.1875 -0.93017578125 0.25518798828125
-1.1875 0.25714111328125 0.65264892578125
-1.1875 0.01806640625 0.65264892578125
-1.1875 0.49609375 0.65264892578125
-1.1875 -1.16943359375 0.25518798828125
-1.1875 0.7353515625 0.65264892578125
-1.1875 -0.4482421875 0.65264892578125
-1.1875 0.96240234375 0.65264892578125
-1.1875 -0.68701171875 0.65264892578125
-1.1875 0.861328125 1.05303955078125
-1.1875 1.11279296875 1.05303955078125
-1.125 -0.208984375 0.65264892578125
-1.125 1.20263671875 0.65460205078125
-1.125 -0.92626953125 0.65264892578125
-1.125 -1.16650390625 0.65460205078125
-1.125 -0.0831298828125 1.05303955078125
-1.125 -0.78857421875 1.05303955078125
-1.125 -1.02783203125 1.05303955078125
-1.125 -1.26708984375 1.05303955078125
-1.125 0.15988922119140625 1.45147705078125
-1.125 -0.079345703125 1.45147705078125
-1.125 0.638916015625 1.45147705078125
-1.0625 -0.31884765625 1.45147705078125
-1.0625 -1.02587890625 1.45343017578125
-1.0 0.647705078125 1.05499267578125
-0.9375 -0.11572265625 -1.343902587890625
-0.875 -0.56396484375 1.05499267578125
-0.8125 -0.3564453125 -1.346221923828125
-0.8125 0.1685638427734375 1.05694580078125
-0.75 -0.324462890625 1.05694580078125
-0.6875 -0.207275390625 -0.61834716796875
-0.6875 0.51513671875 -0.61883544921875
-0.6875 0.25653076171875 -0.21649169921875
-0.6875 0.0157470703125 -0.21649169921875
-0.6875 0.497314453125 -0.21649169921875
-0.6875 -0.22509765625 -0.21649169921875
-0.6875 0.73779296875 -0.21649169921875
-0.6875 -0.4658203125 -0.21649169921875
-0.6875 -0.70654296875 -0.21649169921875
-0.6875 0.06011962890625 0.18389892578125
-0.6875 0.288818359375 0.18389892578125
-0.6875 1.21923828125 -0.21746826171875
-0.6875 -0.94775390625 -0.21649169921875
-0.6875 -0.192626953125 0.18487548828125
-0.6875 -0.43359375 0.18487548828125
-0.6875 -0.67431640625 0.18487548828125
-0.6875 -1.18896484375 -0.21551513671875
-0.6875 -0.91552734375 0.18487548828125
-0.6875 0.524169921875 0.58526611328125
-0.6875 -1.15576171875 0.18487548828125
-0.6875 0.74072265625 0.58526611328125
-0.6875 0.9814453125 0.58526611328125
-0.6875 -0.69189453125 0.58624267578125
-0.6875 -1.16162109375 0.58624267578125
-0.6875 0.397216796875 1.05694580078125
-0.625 0.7421875 -1.422576904296875
-0.625 -0.5986328125 -1.350860595703125
-0.6875 -1.14697265625 1.38897705078125
-0.625 0.26239013671875 -0.61883544921875
-0.625 0.0335693359375 -0.61883544921875
-0.625 -0.4482421875 -0.61834716796875
-0.625 -0.68896484375 -0.61834716796875
-0.625 -0.91845703125 -0.61834716796875
-0.625 -1.17138671875 -0.61785888671875
-0.625 0.27130126953125 0.58526611328125
-0.625 0.03045654296875 0.58526611328125
-0.625 -0.21044921875 0.58624267578125
-0.625 1.22314453125 0.58526611328125
-0.625 -0.93310546875 0.58624267578125
-0.625 0.074462890625 0.98858642578125
-0.625 -0.16650390625 0.98858642578125
-0.625 0.78515625 0.98858642578125
-0.625 1.0263671875 0.98858642578125
-0.625 0.53857421875 1.38897705078125
-0.5625 -0.8291015625 -1.353179931640625
-0.5625 -0.40771484375 0.98858642578125
-0.5625 -0.64892578125 0.98858642578125
-0.5625 -0.87841796875 0.99053955078125
-0.5625 -1.13134765625 0.98858642578125
-0.5625 -0.1845703125 1.39093017578125
-0.5625 -0.42578125 1.39093017578125
-0.5625 0.77978515625 1.38897705078125
-0.5 -1.07177734375 -1.3546600341796875
-0.4375 0.557373046875 0.99053955078125
-0.375 0.24847412109375 -1.426788330078125
-0.3125 0.3040771484375 0.99249267578125
-0.1875 0.0184326171875 -1.431182861328125
-0.1875 -0.236083984375 -1.4310302734375
-0.1875 0.05645751953125 -0.95697021484375
-0.1875 0.7841796875 -0.95745849609375
-0.1875 0.97607421875 -1.431793212890625
-0.125 1.01513671875 -0.95819091796875
-0.125 -1.20751953125 -1.43267822265625
0.0625 -0.96826171875 -1.4373779296875
0.125 0.299560546875 -0.96209716796875
0.1875 0.2314453125 -1.03363037109375
0.1875 -0.48193359375 -1.43994140625
0.1875 -0.90673828125 -0.96380615234375
0.25 -0.012451171875 -1.03558349609375
0.3125 0.7080078125 -1.03704833984375
0.3125 -0.6650390625 -0.96649169921875
0.375 -0.4208984375 -0.96673583984375
0.4375 0.48876953125 -1.03875732421875
0.5 1.26708984375 -0.96893310546875
0.5625 -0.25830078125 -1.04022216796875
0.6875 -0.5048828125 -1.04266357421875
0.8125 -0.7333984375 -1.45343017578125
0.8125 -0.99755859375 -1.04364013671875
0.8125 -1.23095703125 -1.04388427734375
0.875 -0.751953125 -1.04486083984375
1.0625 0.96044921875 -1.04925537109375
1.0625 1.20751953125 -1.04949951171875
1.25 -0.1806640625 -0.98260498046875
1.25 0.54931640625 -0.98211669921875
