BUS
-1.21875 -0.077392578125 0.030029296875
-1.21875 -0.77197265625 0.030029296875
-1.21875 0.60009765625 0.030029296875
-1.21875 -1.1015625 0.030029296875
-1.21875 1.169921875 1.188232421875
-1.15625 -0.4853515625 -0.549072265625
-1.15625 -0.8671875 -0.549072265625
-1.15625 0.52197265625 -0.549072265625
-1.15625 0.88671875 -0.549072265625
-1.15625 -0.442138671875 0.030029296875
-1.15625 -0.07110595703125 0.608154296875
-1.15625 -0.418701171875 0.608154296875
-1.15625 0.2763671875 0.608154296875
-1.15625 -0.76611328125 0.608154296875
-1.15625 0.6064453125 0.608154296875
-1.15625 0.953125 0.608154296875
-1.15625 0.12939453125 1.188232421875
-1.15625 0.8056640625 1.188232421875
-1.09375 -1.2158203125 -0.549072265625
-1.09375 -1.0966796875 0.608154296875
-1.09375 -0.217987060546875 1.188232421875
-1.09375 -0.5654296875 1.188232421875
-1.09375 -0.9130859375 1.188232421875
-1.09375 -1.2607421875 1.188232421875
-0.71875 -0.7333984375 0.557373046875
-0.65625 -0.04736328125 -1.1875
-0.65625 -0.3966064453125 -1.187744140625
-0.65625 0.301513671875 -1.187744140625
-0.65625 -0.7109375 -1.187255859375
-0.65625 0.65087890625 -1.188232421875
-0.65625 -1.09521484375 -1.1875
-0.65625 -0.423095703125 -0.604736328125
-0.65625 0.275390625 -0.604736328125
-0.65625 -0.7373046875 -0.603759765625
-0.65625 1.017578125 -1.188232421875
-0.65625 0.6416015625 -0.604736328125
-0.65625 -1.10400390625 -0.603759765625
-0.65625 -0.009765625 -0.023681640625
-0.65625 -0.35888671875 -0.022705078125
-0.65625 0.33935546875 -0.023681640625
-0.65625 -0.7255859375 -0.022705078125
-0.65625 0.6884765625 -0.023681640625
-0.65625 -1.07470703125 -0.022705078125
-0.65625 -0.03515625 0.557373046875
-0.65625 -0.38427734375 0.559326171875
-0.65625 0.31396484375 0.557373046875
-0.65625 0.6630859375 0.557373046875
-0.65625 -1.08251953125 0.559326171875
-0.65625 1.01171875 0.557373046875
-0.59375 -0.337646484375 1.141357421875
-0.59375 0.0118408203125 1.141357421875
-0.59375 -0.652099609375 1.143310546875
-0.59375 0.36083984375 1.141357421875
-0.59375 0.71044921875 1.141357421875
-0.59375 1.0771484375 1.141357421875
-0.53125 -1.03662109375 1.143310546875
0.96875 -0.515380859375 -1.153564453125
1.09375 0.19482421875 -1.155517578125
1.09375 -0.87060546875 -1.155029296875
1.09375 0.8876953125 -1.155517578125
1.09375 1.2607421875 -1.155517578125
1.15625 -0.16051483154296875 -1.156005859375
1.21875 0.533203125 -1.156494140625
