BUS
-1.890625 -1.11328125 1.012939453125
-1.671875 -1.32421875 -0.067138671875
-1.671875 -1.08203125 0.753173828125
-1.640625 -1.078125 0.223388671875
-1.609375 -1.23046875 -0.33251953125
-1.640625 -1.08984375 0.492431640625
-1.578125 -1.328125 -0.5962066650390625
-1.609375 -1.04296875 1.274658203125
-1.546875 -1.23828125 0.491455078125
-1.515625 -1.24609375 -0.039306640625
-1.484375 -1.078125 0.724853515625
-1.453125 -1.07421875 0.460205078125
-1.421875 -1.18359375 0.190185546875
-1.453125 -1.0546875 1.251220703125
-1.421875 -1.203125 0.988525390625
-1.359375 -1.22265625 0.459228515625
-1.359375 -1.21875 0.723876953125
-0.765625 -1.32421875 -0.5868301391601562
-0.484375 -1.2890625 -0.911376953125
-0.359375 -1.04296875 0.747314453125
-0.359375 -1.046875 1.014892578125
-0.328125 -1.05078125 0.202880859375
-0.640625 1.0390625 -0.3736572265625
-0.234375 -1.30078125 -0.64459228515625
-0.234375 -1.21484375 0.478759765625
-0.203125 -1.26953125 -0.103515625
-0.171875 -1.22265625 -0.067626953125
-0.234375 -1.0078125 1.284423828125
-0.109375 -1.1484375 0.165771484375
-0.078125 -1.19921875 0.442626953125
-0.015625 -1.15625 0.985595703125
0.046875 -0.99609375 1.258056640625
0.765625 -1.26953125 -0.637603759765625
0.828125 -1.2734375 -0.965576171875
0.921875 -1.01953125 0.742431640625
0.953125 -1.01953125 0.182861328125
1.078125 -1.1484375 0.143310546875
1.140625 -1.26171875 -0.1357421875
0.703125 1.4375 0.461181640625
1.109375 -1.0078125 1.017822265625
0.734375 1.46875 0.175537109375
1.140625 -0.96484375 1.295166015625
1.171875 -1.03125 0.705322265625
1.234375 -1.265625 -0.69708251953125
1.234375 -1.19140625 -0.097900390625
1.234375 -1.18359375 0.425048828125
1.046875 1.34375 0.422119140625
1.515625 -0.94140625 1.263916015625
1.734375 -1.10546875 -0.3892822265625
1.859375 -1.08984375 0.458251953125
1.921875 -1.05859375 0.983642578125
1.953125 -1.0546875 0.167236328125
1.953125 -1.05859375 1.018798828125
1.984375 -1.04296875 0.737548828125
