BUS
1.578125 -1.5625 -0.71875
1.546875 -1.578125 -0.89453125
1.484375 -1.609375 -0.9921875
1.421875 -1.671875 -0.615234375
1.234375 -1.5625 0.11328125
1.109375 -1.484375 -0.158203125
1.109375 -1.453125 -0.0546875
0.734375 -1.203125 -0.68359375
0.734375 -1.234375 -0.41796875
0.828125 -1.09375 -0.41796875
-0.234375 -0.625 -0.83203125
-0.296875 -0.78125 -0.08203125
-0.640625 -0.546875 0.23046875
-1.015625 -0.296875 0.0625
-1.328125 -0.0625 -0.595703125
-1.359375 -0.09375 -0.49609375
-1.421875 -0.03125 -0.310546875
-1.859375 0.0 -0.478515625
-1.984375 0.09375 0.01171875
-1.984375 0.546875 -1.162109375
