BUS
-1.984375 -0.67626953125 0.906494140625
-1.953125 -0.50244140625 0.271728515625
-1.890625 -0.52197265625 0.452392578125
-1.859375 -0.83837890625 0.816650390625
-1.859375 -0.53173828125 0.634033203125
-1.859375 -0.41650390625 0.634033203125
-1.828125 -0.55517578125 0.366455078125
-1.828125 -0.72705078125 0.816650390625
-1.796875 -0.61181640625 0.816650390625
-1.765625 -0.76806640625 0.907470703125
-1.671875 -1.50146484375 -1.381591796875
-1.484375 -1.27392578125 -1.395751953125
-1.421875 -1.15673828125 -1.402587890625
-1.390625 -1.37841796875 -1.402587890625
-1.546875 0.83544921875 -1.406494140625
-1.203125 -1.03173828125 -1.416259765625
0.359375 -1.05712890625 0.535400390625
0.359375 -0.93212890625 0.342041015625
0.296875 1.39404296875 0.734619140625
0.609375 -1.21337890625 0.228759765625
0.609375 -1.09619140625 0.228759765625
0.609375 -1.12548828125 0.424072265625
0.421875 1.39013671875 0.150146484375
0.546875 1.42529296875 0.343017578125
0.640625 1.40185546875 0.223876953125
0.640625 1.36669921875 0.421142578125
1.203125 0.56396484375 0.534423828125
1.578125 -1.31884765625 -1.405517578125
1.984375 1.42919921875 0.405517578125
