BUS
1.453125 -1.71875 -1.14306640625
0.375 -1.78125 -0.7919921875
0.328125 -1.78125 0.2518310546875
0.21875 -1.78125 -1.15869140625
-0.03125 -1.59375 -0.80224609375
-0.09375 -1.46875 -0.7021484375
-0.40625 -1.53125 -0.334716796875
-0.3125 -1.28125 -1.18310546875
-0.46875 -1.28125 -0.71044921875
-0.46875 -1.28125 -0.81640625
-0.34375 -1.21875 -0.2352294921875
-0.84375 -1.28125 -0.344970703125
-0.78125 -0.96875 -0.24609375
0.25 -0.46875 -1.20068359375
0.515625 -0.34375 -1.20068359375
-0.96875 -0.96875 -0.72607421875
-0.9375 -0.90625 -0.83154296875
-1.0 -0.90625 0.22802734375
-1.28125 -0.96875 -0.356201171875
-1.25 -0.65625 -0.256591796875
-1.375 -0.65625 -0.73876953125
-1.375 -0.65625 -0.84423828125
-1.78125 -0.65625 -0.367431640625
-1.6875 -0.34375 -0.267822265625
-1.84375 -0.40625 -0.75146484375
-1.84375 -0.34375 -0.857421875
-0.34375 0.53125 0.10504150390625
