BUS
1.125 -0.953125 -0.603515625
0.84375 -1.078125 -0.7021484375
0.6875 -0.921875 -0.3056640625
0.71875 -0.859375 -0.603515625
0.53125 -0.921875 -0.998046875
0.40625 -0.984375 -0.701171875
0.34375 -0.890625 -0.302734375
0.3125 -0.828125 -1.1005859375
0.3125 -0.765625 -0.603515625
0.09375 -0.828125 -1.0
-0.03125 -0.859375 -0.7001953125
-0.03125 -0.828125 -1.49853515625
-0.09375 -0.765625 -0.2998046875
-0.125 -0.765625 -1.1015625
-0.15625 -0.640625 -0.603515625
-0.34375 -0.734375 -1.001953125
-0.4375 -0.796875 -0.7001953125
-0.5 -0.671875 -1.5029296875
-0.53125 -0.640625 -1.103515625
-0.6875 -0.515625 -0.2958984375
-1.03125 -0.546875 -0.69921875
