BUS
1.9765625 1.625 1.287841796875
1.9140625 1.74609375 1.289794921875
1.8203125 1.85546875 1.289794921875
1.6640625 1.921875 0.250732421875
1.6953125 1.953125 1.291748046875
1.9140625 0.34765625 1.295654296875
1.9140625 0.06640625 0.461669921875
1.7890625 0.19140625 1.297607421875
1.7265625 0.015625 0.879638671875
1.7265625 0.0625 1.090576171875
1.5078125 -0.01953125 0.669677734375
1.4453125 -0.125 1.094482421875
1.4140625 -0.17578125 0.881591796875
1.3828125 -0.16796875 0.457763671875
1.3828125 -0.2890625 0.457763671875
1.3515625 -0.18359375 0.669677734375
1.3203125 -0.03125 1.307373046875
1.1953125 -0.34765625 0.882568359375
1.1328125 -0.31640625 1.098388671875
0.9765625 -0.3984375 0.669677734375
0.8515625 -0.5078125 1.100341796875
0.7578125 -0.2734375 1.317138671875
0.6015625 -0.734375 0.886474609375
0.5390625 -0.6171875 0.668701171875
0.5703125 -0.703125 1.104248046875
0.4765625 -0.765625 0.669677734375
0.4140625 -0.89453125 0.450927734375
0.2578125 -0.91015625 1.108154296875
0.1328125 -0.51953125 1.326904296875
0.1953125 -0.95703125 0.888427734375
0.1015625 -0.98828125 0.668701171875
-0.0546875 -1.10546875 1.112060546875
-0.2109375 -1.19140625 0.891357421875
-0.2734375 -1.20703125 0.668701171875
-0.3671875 -1.34765625 0.892333984375
-0.3671875 -1.30859375 1.115966796875
-0.3984375 -1.37109375 0.668701171875
-0.6484375 -0.83203125 1.342529296875
-0.6796875 -1.51953125 1.121826171875
-0.7109375 -1.57421875 0.894287109375
-1.0234375 -1.64453125 0.668701171875
-1.0234375 -1.74609375 1.125732421875
-1.1171875 -1.81640625 0.897216796875
-1.2109375 -1.82421875 0.668701171875
-1.2109375 -1.95703125 0.440185546875
-1.2421875 -1.98828125 0.898193359375
-1.3359375 -1.95703125 1.129638671875
