BUS
-2.0 -0.7353515625 -1.17156982421875
-1.375 -0.8349609375 -1.470947265625
-1.375 -0.6787109375 -1.4708251953125
-1.375 -0.6455078125 -1.455810546875
-1.4375 0.6201171875 -1.45703125
-1.375 -0.1669921875 -1.457763671875
-1.34375 -0.5185546875 -1.4725341796875
-1.34375 -0.4833984375 -1.4580078125
-1.40625 0.4658203125 -1.4576416015625
-1.34375 -0.3681640625 -1.4732666015625
-1.3125 -0.8017578125 -1.4573974609375
-1.28125 -1.1083984375 -1.458740234375
-1.34375 -0.0068359375 -1.4593505859375
-1.28125 -0.9580078125 -1.4588623046875
-1.3125 -0.3310546875 -1.4598388671875
-1.34375 0.1513671875 -1.4593505859375
-1.34375 0.3115234375 -1.4598388671875
-1.21875 -1.2666015625 -1.459716796875
-1.375 1.0576171875 -1.19891357421875
-1.375 1.2177734375 -1.19952392578125
-1.1875 -1.2822265625 -1.47607421875
-1.0625 0.8193359375 -1.473876953125
-0.875 -0.9658203125 -1.4886474609375
-1.0 1.4091796875 -1.496337890625
-0.96875 1.1474609375 -1.478515625
-0.9375 0.9873046875 -1.478759765625
-0.90625 1.0966796875 -1.4974365234375
-0.875 0.7802734375 -1.497802734375
-0.84375 0.6240234375 -1.49755859375
-0.875 1.2607421875 -1.5
-0.8125 0.9482421875 -1.5009765625
-0.46875 0.4951171875 -1.5115966796875
-0.375 0.3505859375 -1.5140380859375
-0.3125 0.1923828125 -1.51513671875
-0.125 0.0458984375 -1.522216796875
0.0 -0.1064453125 -1.5263671875
-0.125 1.5615234375 -1.513916015625
0.0625 1.4169921875 -1.5206298828125
0.71875 -1.0458984375 -1.549560546875
