BUS
1.9375 -1.125 -1.447265625
1.84375 -1.25 -0.78515625
1.90625 -1.125 -1.068359375
1.84375 -1.0625 -1.1640625
1.75 -1.21875 0.748046875
1.78125 -1.03125 -0.68359375
1.90625 -1.03125 1.126953125
1.5 -1.03125 -1.443359375
1.375 -1.125 -0.7734375
1.4375 -0.96875 -1.05859375
1.34375 -1.0 -1.5390625
1.34375 -0.96875 -1.154296875
1.28125 -1.0625 0.767578125
1.28125 -0.90625 -0.673828125
0.90625 -1.03125 -0.763671875
0.90625 -0.84375 -1.05078125
0.8125 -0.8125 -1.146484375
0.8125 -0.8125 -0.662109375
0.8125 -0.71875 -1.435546875
0.75 -0.78125 -1.533203125
0.84375 -0.71875 1.181640625
0.4375 -0.96875 0.802734375
0.375 -0.84375 -0.751953125
0.4375 -0.71875 -1.04296875
0.34375 -0.6875 -1.138671875
0.15625 -0.5625 -1.525390625
-0.125 -0.71875 -0.740234375
-0.03125 -0.5625 -0.630859375
-0.1875 -0.5625 -1.12890625
-0.21875 -0.71875 0.833984375
-0.3125 -0.5 -1.51953125
-0.40625 -0.5 -1.017578125
-0.21875 -0.40625 1.236328125
-0.5 -0.40625 -1.41015625
-0.65625 -0.59375 -0.728515625
-0.53125 -0.4375 -0.619140625
-0.71875 -0.40625 -1.12109375
-0.75 -0.5625 0.857421875
-0.8125 -0.34375 -1.513671875
-0.9375 -0.34375 -1.0078125
-0.75 -0.25 1.259765625
-1.0 -0.34375 -0.607421875
-1.125 -0.34375 -1.11328125
-1.1875 -0.4375 -0.716796875
-1.25 -0.4375 0.876953125
-0.6875 0.375 0.482421875
-1.375 -0.1875 -1.5078125
-1.4375 -0.21875 -0.998046875
-1.65625 -0.375 -0.70703125
-1.5625 -0.21875 -0.595703125
-1.8125 -0.28125 0.904296875
-1.8125 -0.09375 -1.1015625
-0.625 1.1875 0.099609375
-1.9375 -0.03125 -1.501953125
-1.5 0.46875 0.619140625
-1.84375 0.0625 1.318359375
-1.5 0.6875 0.111328125
