BUS
-1.25 1.75848388671875 -0.6011962890625
-1.125 1.64520263671875 -0.6888427734375
-1.0 1.38348388671875 -0.6036376953125
-1.0 1.68426513671875 1.3248291015625
-0.875 1.26629638671875 1.3267822265625
-0.8125 1.25457763671875 -0.6912841796875
-0.75 0.98895263671875 -0.6063232421875
-0.625 0.86004638671875 -0.693359375
-0.625 0.87176513671875 1.3267822265625
-0.4375 0.59246826171875 -0.6092529296875
-0.4375 0.49285888671875 1.3287353515625
-0.375 0.50262451171875 -0.6956787109375
-0.1875 0.09442138671875 1.3306884765625
0.0625 -0.30401611328125 1.3326416015625
0.4375 -0.72198486328125 1.3345947265625
0.6875 -1.12432861328125 1.3365478515625
0.75 -1.13018798828125 -0.0252685546875
0.875 -1.38995361328125 0.0650634765625
1.0 -1.53546142578125 -0.0267333984375
1.0 -1.50811767578125 1.3385009765625
1.125 -1.90948486328125 -0.7100830078125
1.1875 -1.83917236328125 0.0631103515625
1.1875 -1.91534423828125 1.3404541015625
1.25 -1.98272705078125 -0.0277099609375
