BUS
-1.625 -1.052734375 -1.32958984375
-1.5 -1.18359375 -1.476318359375
-1.4375 -1.146484375 -0.661376953125
-1.4375 -1.126953125 -1.068603515625
-1.4375 -0.830078125 1.380126953125
-1.375 -1.123046875 -0.255126953125
-1.1875 -1.16015625 -0.9282684326171875
-1.1875 -1.123046875 0.155517578125
-0.9375 -1.076171875 0.973876953125
-0.6875 -1.259765625 -1.356689453125
-0.5 -1.373046875 -0.943603515625
-0.4375 -1.234375 0.722900390625
-0.375 -1.357421875 -1.508544921875
-0.25 -1.017578125 1.393798828125
-0.125 -1.3359375 -0.6839599609375
0.125 -1.298828125 -1.1064453125
0.25 -1.26953125 -0.274169921875
0.3125 -1.205078125 1.143798828125
0.8125 -1.43359375 -1.3994140625
1.0625 -1.18359375 1.407470703125
1.125 -1.509765625 -0.7064208984375
1.5625 -1.48046875 -1.138671875
1.75 -1.4453125 -0.292236328125
