BUS
-1.9765625 1.07666015625 -0.60003662109375
-1.9609375 1.10791015625 -0.83441162109375
-1.9921875 1.08056640625 -0.07318115234375
-1.9609375 1.10986328125 -0.52532958984375
-1.9921875 1.10009765625 0.60552978515625
-1.9609375 1.11181640625 0.45123291015625
-1.8515625 1.10400390625 -0.21966552734375
-1.8515625 1.10009765625 -0.11614990234375
-1.9140625 1.07666015625 0.66314697265625
-1.9765625 1.06298828125 1.22271728515625
-1.8359375 1.07861328125 0.13482666015625
-1.7890625 1.06689453125 -0.50335693359375
-1.7890625 1.10009765625 0.02740478515625
-1.8515625 1.08642578125 0.87506103515625
-1.7890625 1.06298828125 0.55865478515625
-1.7421875 1.08642578125 0.34576416015625
-1.6796875 1.06494140625 -0.93646240234375
-1.6953125 1.07666015625 -0.32757568359375
-1.7734375 1.07275390625 0.92193603515625
-1.7578125 1.08837890625 0.81842041015625
-1.7578125 1.08056640625 1.02740478515625
-1.6328125 1.06494140625 -0.18939208984375
-1.7421875 1.08056640625 1.13092041015625
-1.7265625 1.04931640625 1.09185791015625
-1.5390625 1.08837890625 -0.73089599609375
-1.5234375 1.10791015625 -0.83978271484375
-1.5703125 1.07861328125 0.29888916015625
-1.5234375 1.09814453125 -0.40765380859375
-1.5703125 1.09423828125 0.40338134765625
-1.5703125 1.08837890625 0.71881103515625
-1.5390625 1.07861328125 0.51080322265625
-1.4765625 1.07275390625 -0.30120849609375
-1.4296875 1.10595703125 -0.86590576171875
-1.4140625 1.08447265625 -1.1737060546875
-1.4921875 1.10009765625 0.61627197265625
-1.3984375 1.07080078125 -0.08782958984375
-1.3515625 1.09814453125 -0.55072021484375
-1.3203125 1.06298828125 -0.63421630859375
-1.3046875 1.09814453125 -0.12689208984375
-1.2734375 1.09814453125 -0.23333740234375
-1.3359375 1.09033203125 0.88873291015625
-1.2265625 1.06298828125 -0.52923583984375
-1.3046875 1.06884765625 0.67291259765625
-1.2265625 1.08056640625 -0.20111083984375
-1.1953125 1.06689453125 0.12701416015625
-1.1796875 1.09228515625 0.01666259765625
-1.1796875 1.06494140625 0.23638916015625
-1.1796875 1.08251953125 0.45513916015625
-1.2109375 1.06494140625 0.94537353515625
-1.1484375 1.07666015625 0.34576416015625
-1.1015625 1.06494140625 -0.34613037109375
-1.0703125 1.05517578125 -0.97918701171875
-1.1484375 1.05126953125 0.56646728515625
-1.1640625 1.07275390625 1.05474853515625
-1.1640625 1.04736328125 1.11529541015625
-1.1640625 1.07275390625 1.16021728515625
-1.1171875 1.06689453125 0.83990478515625
-1.0546875 1.08837890625 0.40924072265625
-1.0390625 1.07666015625 0.30084228515625
-0.9296875 1.10791015625 -0.87713623046875
-0.9140625 1.07666015625 -0.76702880859375
-0.9140625 1.09423828125 -0.43255615234375
-0.9609375 1.07080078125 0.51959228515625
-0.8828125 1.06103515625 -0.32269287109375
-0.8515625 1.10205078125 -0.90081787109375
-0.9296875 1.07666015625 0.73638916015625
-0.8828125 1.09423828125 0.62896728515625
-0.8359375 1.09228515625 0.23443603515625
-0.7578125 1.09228515625 -0.57659912109375
-0.6953125 1.05517578125 -0.66741943359375
-0.7578125 1.07275390625 0.68170166015625
-0.6640625 1.09228515625 -0.24896240234375
-0.6640625 1.08251953125 -0.21771240234375
-0.7421875 1.09619140625 0.85162353515625
-0.6953125 1.09423828125 0.45806884765625
-0.7265625 1.08642578125 0.90631103515625
-0.6171875 1.05712890625 -0.55853271484375
-0.6328125 1.10009765625 -0.02923583984375
-0.6171875 1.06103515625 0.12017822265625
-0.6015625 1.09619140625 0.19244384765625
-0.5546875 1.06103515625 -1.01556396484375
-0.5390625 1.06494140625 -0.36322021484375
-0.5546875 1.09033203125 0.00592041015625
-0.6015625 1.05908203125 0.96881103515625
-0.5390625 1.07470703125 0.34576416015625
-0.5390625 1.03955078125 0.57330322265625
-0.5390625 1.06494140625 1.19146728515625
-0.5234375 1.06298828125 1.08209228515625
-0.5234375 1.03955078125 1.14068603515625
-0.4296875 1.08837890625 0.41510009765625
-0.4140625 1.07080078125 0.30377197265625
-0.3671875 1.05517578125 0.08013916015625
-0.3203125 1.10595703125 -0.91693115234375
-0.3671875 1.06689453125 0.52838134765625
-0.2734375 1.09033203125 -0.45892333984375
-0.3515625 1.07470703125 0.75201416015625
-0.2578125 1.07275390625 -0.80560302734375
-0.2265625 1.05712890625 -0.34564208984375
-0.2890625 1.08837890625 0.64166259765625
-0.1484375 1.09033203125 -0.60198974609375
-0.1953125 1.09619140625 0.92193603515625
-0.1171875 1.07470703125 0.22955322265625
-0.0703125 1.05126953125 -0.70013427734375
-0.0234375 1.08447265625 -0.26458740234375
0.0234375 1.07275390625 -0.23724365234375
0.0546875 1.05126953125 -0.58978271484375
-0.0234375 1.05517578125 0.69439697265625
0.0390625 1.09423828125 -0.03802490234375
0.0859375 1.06494140625 -0.38226318359375
0.0390625 1.08251953125 0.46197509765625
0.0859375 1.08837890625 -0.00579833984375
0.0859375 1.05517578125 0.11138916015625
0.1640625 1.07275390625 0.19146728515625
0.1015625 1.05126953125 0.99615478515625
0.1484375 1.03759765625 0.58013916015625
0.1015625 1.05712890625 1.10943603515625
0.1796875 1.06494140625 0.34478759765625
0.1328125 1.06298828125 0.88092041015625
0.2265625 1.06103515625 0.07623291015625
0.2890625 1.08251953125 -0.83758544921875
0.2890625 1.03564453125 -1.07537841796875
0.1640625 1.02783203125 1.16802978515625
0.1640625 1.05517578125 1.22662353515625
0.3046875 1.07666015625 0.42193603515625
0.3046875 1.06298828125 0.53912353515625
0.3671875 1.05126953125 0.30670166015625
0.4296875 1.08251953125 -0.48773193359375
0.4609375 1.08837890625 -0.97894287109375
0.3671875 1.06298828125 0.77154541015625
0.3671875 1.03173828125 0.81842041015625
0.4609375 1.05322265625 -0.36956787109375
0.4140625 1.07861328125 0.65728759765625
0.5078125 1.08251953125 0.22564697265625
0.6171875 1.04931640625 -0.73675537109375
0.6484375 1.07861328125 -0.28118896484375
0.6328125 1.05712890625 0.70611572265625
0.7109375 1.09033203125 -0.04681396484375
0.7265625 1.08447265625 0.19049072265625
0.7578125 1.08642578125 -0.01751708984375
0.7265625 1.08056640625 0.46490478515625
0.7734375 1.06494140625 -0.25970458984375
0.7890625 1.04345703125 -0.62396240234375
0.7890625 1.05126953125 0.10357666015625
0.8046875 1.02978515625 -0.13958740234375
0.7421875 1.04150390625 1.01959228515625
0.7734375 1.06103515625 0.94927978515625
0.8515625 1.05517578125 0.07135009765625
0.7890625 1.04931640625 1.14068603515625
0.8515625 1.03173828125 0.58892822265625
0.8828125 1.06103515625 0.34478759765625
0.8515625 1.05322265625 0.90435791015625
1.0078125 1.03173828125 -1.12554931640625
0.8984375 1.02392578125 1.19732666015625
0.9765625 1.07275390625 0.42877197265625
0.8984375 1.04345703125 1.26373291015625
1.0390625 1.03564453125 -0.17083740234375
1.0546875 1.04736328125 0.30963134765625
1.0546875 1.05908203125 0.79107666015625
1.0859375 1.04345703125 0.55181884765625
1.0703125 1.02978515625 0.83599853515625
1.2109375 1.07080078125 -0.51995849609375
1.2265625 1.08056640625 -1.01654052734375
1.2578125 1.07861328125 -0.66204833984375
1.2734375 1.07080078125 -1.02801513671875
1.2734375 1.04931640625 -0.89471435546875
1.2734375 1.03564453125 -0.39837646484375
1.2109375 1.06494140625 0.67388916015625
1.4140625 1.07080078125 -0.30072021484375
1.4296875 1.05322265625 -0.42376708984375
1.3984375 1.05908203125 0.22076416015625
1.3984375 1.04736328125 0.71881103515625
1.4765625 1.03173828125 -0.15521240234375
1.5234375 1.05712890625 -0.28216552734375
1.5234375 1.07470703125 -0.05853271484375
1.4921875 1.06884765625 0.46978759765625
1.5859375 1.03369140625 -0.66156005859375
1.5703125 1.03955078125 0.09381103515625
1.6015625 1.07080078125 -0.03216552734375
1.5390625 1.02783203125 1.05084228515625
1.5546875 1.05126953125 0.97271728515625
1.6484375 1.04345703125 -0.18353271484375
1.6484375 1.05908203125 0.18853759765625
1.6640625 1.05322265625 0.34478759765625
1.6015625 1.03759765625 1.17584228515625
1.6640625 1.01806640625 0.59771728515625
1.6484375 1.04345703125 0.92974853515625
1.7578125 1.03173828125 0.06451416015625
1.7109375 1.03564453125 0.84967041015625
1.6953125 1.01025390625 1.22857666015625
1.8359375 1.02001953125 -1.18316650390625
1.7734375 1.04345703125 0.56256103515625
1.7890625 1.06103515625 0.43658447265625
1.8203125 1.03955078125 0.31256103515625
1.8671875 1.05322265625 -0.41937255859375
1.8203125 1.05126953125 0.81256103515625
1.9921875 1.07080078125 -1.07073974609375
1.9140625 1.06689453125 0.68853759765625
