BUS
-0.91015625 1.2021484375 -0.181884765625
1.71875 1.2353515625 0.136474609375
0.796875 1.2099609375 -0.444580078125
-1.84375 1.1767578125 0.447021484375
1.5390625 1.2138671875 0.288818359375
-1.56640625 1.2275390625 0.192138671875
0.1015625 1.2060546875 0.213623046875
-0.76953125 1.2392578125 0.183349609375
1.0078125 1.2294921875 0.064208984375
0.09375 1.1943359375 0.017333984375
1.65625 1.2138671875 0.286865234375
-1.84765625 1.2275390625 0.135498046875
1.5859375 1.2548828125 0.546630859375
-1.51953125 1.2099609375 0.945068359375
-0.171875 1.1826171875 1.220458984375
-1.359375 1.2255859375 0.286865234375
-1.91796875 1.2353515625 -0.366455078125
1.578125 1.1943359375 0.732177734375
-1.39453125 1.2119140625 0.512451171875
-0.40234375 1.2216796875 0.556396484375
-1.34375 1.2333984375 -0.071533203125
0.1953125 1.2177734375 -0.195556640625
-1.75 1.1748046875 0.603271484375
0.0390625 1.2158203125 0.102294921875
1.1015625 1.2431640625 0.300537109375
-1.79296875 1.1923828125 0.263427734375
0.765625 1.2158203125 0.341552734375
-1.9921875 1.1845703125 0.149169921875
-1.90234375 1.2333984375 0.668701171875
-1.93359375 1.2177734375 -0.032470703125
0.796875 1.2099609375 -0.444580078125
-0.98046875 1.2255859375 0.599365234375
-0.17578125 1.2392578125 0.409912109375
-1.41015625 1.2275390625 0.319091796875
1.6328125 1.2529296875 0.254638671875
-0.84765625 1.1982421875 0.219482421875
-0.46484375 1.2158203125 0.386474609375
-0.6796875 1.2041015625 0.165771484375
1.796875 1.2099609375 0.285888671875
0.921875 1.2314453125 0.209716796875
-0.953125 1.1962890625 0.739013671875
-1.78125 1.1689453125 -0.107666015625
0.0625 1.2373046875 0.415771484375
-1.40234375 1.2197265625 0.026123046875
-1.39453125 1.2158203125 0.576904296875
-1.41796875 1.2001953125 0.157958984375
-1.734375 1.1884765625 0.138427734375
1.96875 1.2294921875 1.198974609375
1.3984375 1.2177734375 -0.193603515625
0.0 1.1767578125 0.792724609375
-1.89453125 1.2236328125 -1.1080322265625
-1.45703125 1.1943359375 0.093505859375
-1.12109375 1.2158203125 0.352294921875
-1.90625 1.2158203125 0.800537109375
-0.421875 1.2158203125 1.075927734375
-1.62109375 1.2197265625 0.471435546875
-1.37890625 1.2041015625 0.090576171875
0.1328125 1.2275390625 0.376708984375
-0.625 1.2158203125 0.460693359375
-0.71484375 1.1962890625 0.057373046875
-1.765625 1.2080078125 -0.437255859375
1.625 1.2216796875 -0.159423828125
0.0703125 1.2158203125 -0.704833984375
-1.53515625 1.2353515625 0.191162109375
-1.7109375 1.2060546875 0.386474609375
0.3359375 1.2001953125 0.513427734375
-1.76171875 1.1826171875 0.139404296875
-1.37890625 1.2236328125 0.383544921875
2.0 1.2236328125 -0.234619140625
-1.98828125 1.1962890625 0.208740234375
1.6875 1.2373046875 0.303466796875
1.7578125 1.2412109375 -0.443603515625
-1.76171875 1.2119140625 0.740966796875
0.1953125 1.2294921875 0.829833984375
-1.60546875 1.2001953125 -0.306396484375
-0.58984375 1.2216796875 0.933349609375
-1.0 1.2099609375 0.036865234375
-1.921875 1.1923828125 0.476318359375
1.0859375 1.2080078125 0.014404296875
-0.81640625 1.2275390625 0.466552734375
-0.671875 1.2294921875 0.363037109375
-0.4140625 1.2314453125 0.141357421875
-1.75 1.1845703125 -1.1016845703125
-0.1015625 1.1826171875 0.665771484375
1.6328125 1.2255859375 0.436279296875
0.0625 1.2177734375 -1.0068359375
1.375 1.2431640625 0.445068359375
-1.96875 1.1982421875 -0.164306640625
1.3125 1.2353515625 0.680419921875
-0.13671875 1.2041015625 0.489990234375
-1.34765625 1.2158203125 -0.077392578125
-1.95703125 1.1865234375 0.595458984375
-1.328125 1.1904296875 0.320068359375
0.59375 1.1806640625 0.823974609375
-0.796875 1.1826171875 1.148193359375
0.9453125 1.2275390625 0.157958984375
-0.12109375 1.2490234375 -0.572998046875
0.9375 1.2216796875 0.067138671875
-1.35546875 1.2216796875 0.855224609375
0.2421875 1.2119140625 -0.386962890625
-0.6328125 1.2353515625 0.692138671875
-1.71484375 1.1904296875 0.223388671875
0.7265625 1.1669921875 0.698974609375
-0.71484375 1.2451171875 0.254638671875
1.5390625 1.2236328125 0.239990234375
-0.91015625 1.2158203125 -0.83984375
-1.203125 1.1787109375 0.623779296875
0.1953125 1.2177734375 -0.195556640625
-1.109375 1.1884765625 0.730224609375
1.4375 1.2451171875 0.350341796875
1.0390625 1.1943359375 0.849365234375
1.765625 1.2197265625 0.638427734375
1.1484375 1.2470703125 0.439208984375
-1.0859375 1.2001953125 0.455810546875
0.3671875 1.2294921875 0.843505859375
-1.6171875 1.2060546875 0.691162109375
-0.62109375 1.2353515625 0.181396484375
-1.921875 1.2158203125 -0.668212890625
-0.24609375 1.1806640625 1.212646484375
-0.98046875 1.2080078125 1.009521484375
-1.09765625 1.1826171875 0.627685546875
-0.83984375 1.2041015625 0.315185546875
-1.76171875 1.2041015625 0.355224609375
0.484375 1.2119140625 0.516357421875
-1.7109375 1.2197265625 -1.15362548828125
-1.2734375 1.2060546875 0.152099609375
0.234375 1.2021484375 0.135498046875
1.2890625 1.2158203125 -0.185791015625
-1.56640625 1.2216796875 -0.185791015625
0.0 1.1767578125 0.792724609375
-1.76953125 1.1904296875 0.540771484375
1.3828125 1.2119140625 0.194091796875
-0.5390625 1.2216796875 0.476318359375
-0.55078125 1.2177734375 0.349365234375
-0.546875 1.2333984375 0.845458984375
1.1171875 1.2294921875 -0.268310546875
-0.20703125 1.2138671875 1.103271484375
0.4296875 1.2158203125 0.258544921875
1.484375 1.2314453125 0.302490234375
-0.93359375 1.2255859375 0.080810546875
0.34375 1.2138671875 1.169677734375
1.375 1.2236328125 0.923583984375
1.734375 1.2177734375 -0.065673828125
-0.8515625 1.2294921875 0.324951171875
-0.29296875 1.2275390625 0.522216796875
-0.75 1.2294921875 0.684326171875
-0.9609375 1.2236328125 0.358154296875
-1.9140625 1.2177734375 0.165771484375
0.4453125 1.2236328125 -0.216064453125
0.6875 1.2138671875 0.608154296875
-0.98828125 1.2236328125 0.565185546875
-1.15234375 1.2353515625 0.386474609375
-0.60546875 1.2197265625 -0.891357421875
-0.28125 1.2158203125 1.093505859375
-1.4296875 1.1826171875 0.451904296875
-1.56640625 1.1982421875 0.482177734375
-1.69140625 1.2138671875 0.499755859375
-1.51171875 1.2197265625 0.444091796875
-0.52734375 1.2060546875 -0.216064453125
0.5859375 1.2197265625 0.430419921875
-1.640625 1.1923828125 -0.302978515625
1.5390625 1.2236328125 0.239990234375
0.859375 1.2060546875 0.114990234375
0.21875 1.2138671875 0.344482421875
1.2421875 1.2314453125 0.207763671875
-1.58984375 1.2333984375 -0.057861328125
0.5234375 1.2353515625 0.125732421875
-1.93359375 1.2177734375 -0.032470703125
0.2734375 1.2529296875 -0.618896484375
-1.76171875 1.2041015625 0.355224609375
-0.86328125 1.2431640625 -0.486572265625
1.625 1.2138671875 -0.010009765625
-0.36328125 1.2197265625 0.001708984375
-1.96875 -0.4501953125 0.629638671875
-0.6875 1.2275390625 0.471435546875
-0.98046875 1.2236328125 0.151123046875
-0.08984375 1.2158203125 0.186279296875
-1.64453125 1.2158203125 0.595458984375
1.171875 1.2470703125 -0.210205078125
-1.60546875 1.1982421875 0.005615234375
0.8203125 1.2314453125 0.209716796875
-0.953125 1.2451171875 0.427490234375
-0.12109375 1.2490234375 -0.572998046875
-1.51171875 1.2021484375 -0.209228515625
-1.421875 1.2021484375 -0.071533203125
-0.29296875 1.2314453125 0.192138671875
0.8828125 1.2412109375 0.119873046875
-1.578125 1.2275390625 0.035888671875
-1.70703125 1.2216796875 0.530029296875
-1.23046875 1.2333984375 -0.077392578125
1.7109375 1.2548828125 -0.092041015625
-0.328125 1.2294921875 0.368896484375
-0.95703125 1.1982421875 0.104248046875
-1.4453125 1.2197265625 0.285888671875
-0.796875 1.2314453125 0.324951171875
0.28125 1.1943359375 0.806396484375
-1.45703125 1.1943359375 0.093505859375
-0.921875 1.2099609375 -0.038330078125
-1.9609375 1.2158203125 -0.661865234375
1.625 1.2138671875 0.734130859375
