BUS
-1.71875 1.755615234375 -1.240478515625
1.125 -1.281494140625 0.247100830078125
0.4375 -0.625244140625 -1.297821044921875
-1.5625 1.661865234375 -0.513153076171875
1.21875 -1.329345703125 0.068389892578125
1.5625 -1.686767578125 -1.012908935546875
-1.03125 1.169677734375 0.847686767578125
-0.34375 0.314208984375 -0.532684326171875
0.9375 -1.153564453125 -0.687957763671875
0.5 -0.685791015625 -0.854949951171875
1.5 -1.657470703125 -0.382781982421875
-1.0 1.161865234375 0.246124267578125
0.125 -0.269775390625 -1.2896575927734375
-0.75 0.702880859375 -0.827850341796875
0.59375 -0.734619140625 -0.547332763671875
-1.28125 1.275146484375 -0.652313232421875
1.21875 -1.329345703125 0.068389892578125
0.71875 -0.951416015625 -1.170989990234375
1.65625 -1.878173828125 -0.699676513671875
-0.625 0.581787109375 -1.2692146301269531
0.375 -0.381103515625 1.171905517578125
-0.875 1.001708984375 0.849639892578125
-1.3125 1.427490234375 0.980499267578125
-0.875 0.988037109375 1.150421142578125
-0.90625 0.966552734375 -0.356903076171875
-1.1875 1.282958984375 -0.218719482421875
-1.03125 1.169677734375 0.847686767578125
0.15625 -0.322509765625 -0.847869873046875
-0.34375 0.265380859375 -0.667449951171875
-1.15625 1.212646484375 -0.819305419921875
1.03125 -1.126220703125 -1.179901123046875
-0.75 0.816162109375 1.152374267578125
-0.4375 0.464599609375 -0.361785888671875
-0.21875 0.232177734375 0.992218017578125
1.28125 -1.529541015625 -1.3211669921875
-1.03125 1.157958984375 1.148468017578125
0.15625 -0.322509765625 -0.847869873046875
1.5 -1.390869140625 -0.877166748046875
0.84375 -0.957275390625 -0.997039794921875
-0.90625 0.872802734375 -0.824676513671875
-1.0625 1.134521484375 -0.355438232421875
0.125 -0.201416015625 -0.540008544921875
-1.40625 1.443115234375 -0.650360107421875
0.9375 -1.118408203125 0.381866455078125
-0.28125 0.300537109375 1.160186767578125
0.34375 -0.410400390625 -0.370086669921875
-0.9375 0.941162109375 -0.657684326171875
-0.34375 0.407958984375 0.990264892578125
-0.46875 0.419677734375 -0.665008544921875
0.0 -0.084228515625 -0.672332763671875
-0.6875 0.843505859375 0.851593017578125
0.3125 -0.402587890625 -1.159637451171875
-1.625 1.974365234375 -0.051727294921875
0.375 -0.381103515625 1.171905517578125
1.21875 -1.450439453125 -0.558074951171875
0.03125 -0.154541015625 -0.844451904296875
0.03125 -0.056884765625 -0.366668701171875
0.5 -0.611572265625 -0.237274169921875
1.5 -1.680908203125 -0.067352294921875
1.125 -1.300048828125 0.381866455078125
0.0 -0.084228515625 -0.672332763671875
-1.5625 1.611083984375 -0.648406982421875
0.15625 -0.260009765625 -0.674774169921875
0.90625 -0.947509765625 -0.064422607421875
0.0 -0.084228515625 -0.672332763671875
-1.21875 1.302490234375 -0.353485107421875
0.125 -0.244384765625 -1.154998779296875
1.375 -1.464111328125 1.189483642578125
0.125 -0.269775390625 -1.2896575927734375
0.46875 -0.599853515625 -1.164031982421875
-1.09375 1.122802734375 -0.955291748046875
-1.0625 1.052490234375 -0.821258544921875
1.1875 -1.485595703125 0.381866455078125
1.5625 -1.686767578125 -1.012908935546875
-1.5625 1.611083984375 -0.648406982421875
-1.5625 1.661865234375 -0.513153076171875
1.15625 -1.365478515625 1.007843017578125
1.9375 -1.339111328125 1.334014892578125
0.65625 -0.783447265625 -0.239227294921875
-1.5 1.556396484375 -0.812469482421875
0.5 -0.685791015625 -0.854949951171875
0.3125 -0.435791015625 -0.677215576171875
1.3125 -1.504150390625 -1.007293701171875
0.9375 -1.153564453125 -0.687957763671875
-1.09375 1.169677734375 -0.520477294921875
-0.625 0.624755859375 -1.134368896484375
-0.34375 0.279052734375 -1.142425537109375
0.90625 -0.998291015625 1.005889892578125
-1.46875 1.654052734375 1.142608642578125
0.65625 -0.767822265625 -0.373504638671875
-0.90625 0.945068359375 -0.222625732421875
1.0 -1.099853515625 1.181671142578125
-0.8125 0.839599609375 -0.524871826171875
0.3125 -0.402587890625 -1.159637451171875
-0.03125 -0.068603515625 -1.150848388671875
-0.875 0.960693359375 -0.960418701171875
-1.25 1.259521484375 -1.2525482177734375
0.8125 -0.970947265625 -0.686004638671875
0.78125 -0.972900390625 -0.240203857421875
-1.15625 1.212646484375 -0.819305419921875
-0.03125 0.060302734375 0.994171142578125
1.5 -1.390869140625 -0.877166748046875
0.375 -0.381103515625 1.171905517578125
0.65625 -0.783447265625 -0.239227294921875
-1.125 1.259521484375 0.982452392578125
0.03125 -0.154541015625 -0.844451904296875
-0.03125 0.060302734375 0.994171142578125
1.125 -1.300048828125 0.381866455078125
-1.46875 1.654052734375 1.142608642578125
0.34375 -0.443603515625 -0.235321044921875
-0.4375 0.431396484375 -0.227508544921875
-1.625 1.825927734375 1.138702392578125
0.5625 -0.558837890625 1.173858642578125
2.0 -0.763916015625 1.335968017578125
0.15625 -0.260009765625 -0.674774169921875
0.03125 -0.056884765625 -0.366668701171875
-1.46875 1.654052734375 1.142608642578125
-0.125 0.116943359375 -0.365203857421875
-0.125 0.116943359375 -0.365203857421875
0.1875 -0.267822265625 -0.233367919921875
1.5 -1.390869140625 -0.877166748046875
0.15625 -0.260009765625 -0.674774169921875
0.46875 -0.599853515625 -1.164031982421875
1.5625 -1.686767578125 -1.012908935546875
0.8125 -0.926025390625 0.247100830078125
-1.28125 1.275146484375 -0.652313232421875
-1.34375 1.450927734375 -0.217742919921875
1.4375 -1.546142578125 1.011749267578125
-1.4375 1.486083984375 0.246124267578125
0.625 -0.638916015625 1.001983642578125
0.875 -1.099853515625 0.869171142578125
0.90625 -0.974853515625 0.070343017578125
0.46875 -0.408447265625 -0.062469482421875
-1.5625 1.611083984375 -0.051727294921875
0.625 -0.638916015625 1.001983642578125
-0.46875 0.419677734375 -0.665008544921875
1.625 -1.919189453125 1.013702392578125
-1.03125 1.157958984375 1.148468017578125
1.4375 -1.546142578125 1.011749267578125
-0.125 0.083740234375 -0.230438232421875
-0.15625 0.064208984375 -1.2820892333984375
0.46875 -0.599853515625 -1.164031982421875
-1.0625 1.134521484375 -0.355438232421875
0.34375 -0.443603515625 -0.235321044921875
1.125 -1.281494140625 0.247100830078125
-0.96875 1.083740234375 0.984405517578125
-0.90625 0.796630859375 -1.127288818359375
-0.625 0.614990234375 -0.965301513671875
1.53125 -1.707275390625 0.067413330078125
0.125 -0.244384765625 -1.154998779296875
-0.09375 0.126708984375 1.164093017578125
-0.3125 0.271240234375 -0.972381591796875
-1.0625 1.052490234375 -0.821258544921875
1.09375 -1.129150390625 -0.065399169921875
0.90625 -0.974853515625 0.070343017578125
-1.78125 1.888427734375 -0.806365966796875
-0.125 0.029052734375 -0.841033935546875
1.5625 -1.648681640625 1.191436767578125
0.03125 -0.154541015625 -0.844451904296875
-0.4375 0.366943359375 -0.834442138671875
-1.8125 1.986083984375 1.136749267578125
0.8125 -0.982666015625 -1.30841064453125
0.59375 -0.734619140625 -0.547332763671875
1.375 -1.464111328125 1.189483642578125
2.0 -0.763916015625 1.335968017578125
-0.75 0.816162109375 1.152374267578125
-1.21875 1.302490234375 -0.353485107421875
0.90625 -0.998291015625 1.005889892578125
-0.28125 0.300537109375 1.160186767578125
-0.375 0.263427734375 -0.057586669921875
-1.125 1.130615234375 -1.121185302734375
-0.625 0.581787109375 -1.2692146301269531
1.0 -1.127197265625 -0.377410888671875
-0.03125 -0.068603515625 -1.150848388671875
-0.59375 0.634521484375 -0.359832763671875
0.34375 -0.508056640625 -0.851287841796875
1.6875 -1.886962890625 -0.249969482421875
2.0 -0.763916015625 1.335968017578125
-0.375 0.263427734375 -0.057586669921875
0.8125 -0.982666015625 -1.30841064453125
0.28125 -0.447509765625 -1.293792724609375
1.65625 -1.878173828125 -0.699676513671875
-0.5625 0.646240234375 1.156280517578125
-1.21875 1.302490234375 -0.353485107421875
-0.8125 0.771240234375 -0.659637451171875
1.34375 -1.492431640625 -1.188812255859375
-1.84375 1.993896484375 -0.508758544921875
-0.53125 0.577880859375 0.988311767578125
-0.90625 0.945068359375 -0.222625732421875
1.03125 -1.126220703125 -1.179901123046875
-1.6875 1.802490234375 -0.349090576171875
0.15625 -0.322509765625 -0.847869873046875
-1.5625 1.751708984375 0.978546142578125
1.3125 -1.504150390625 -1.007293701171875
0.875 -1.099853515625 0.869171142578125
-1.84375 1.806396484375 0.246124267578125
1.34375 -1.295166015625 -1.188568115234375
1.65625 -1.866455078125 -0.068328857421875
1.03125 -1.157470703125 0.069366455078125
1.28125 -1.442626953125 0.875030517578125
