BUS
-1.5078125 -1.1826171875 1.138916015625
-1.4140625 -1.2587890625 0.755126953125
-1.3828125 -1.1337890625 0.947509765625
-0.9140625 -1.2666015625 0.430908203125
-0.8828125 -1.2705078125 0.042724609375
-0.4453125 -1.2255859375 -0.237060546875
-0.3828125 -1.341796875 -0.239013671875
-0.1640625 -1.251953125 1.154541015625
-0.0390625 -1.23828125 -0.170166015625
0.1171875 -1.2099609375 1.220947265625
0.6484375 -1.279296875 0.140869140625
0.6484375 -1.326171875 0.345947265625
0.6484375 -1.2080078125 0.551025390625
0.6484375 -1.296875 0.755126953125
0.6484375 -1.1767578125 1.026611328125
0.8046875 -1.34375 -0.800048828125
0.7734375 -1.173828125 0.960205078125
1.0859375 -1.1806640625 0.212158203125
1.1171875 -1.1796875 0.622314453125
1.2109375 -1.322265625 0.006103515625
1.6796875 -1.3515625 -0.509033203125
