BUS
-1.40625 -1.25927734375 0.7626953125
-1.375 -1.23681640625 0.1826171875
-1.375 -1.14501953125 0.9560546875
-0.90625 -1.19384765625 0.232421875
-0.59375 -1.17919921875 1.20703125
-0.46875 -1.24169921875 -0.2294921875
-0.4375 -1.31689453125 -0.42919921875
-0.40625 -1.26904296875 -0.6292724609375
-0.4375 -1.16259765625 1.16015625
-0.40625 -1.15771484375 1.01171875
-0.03125 -1.31689453125 -0.374267578125
0.03125 -1.18017578125 -0.1767578125
0.15625 -1.31396484375 -0.7791748046875
0.65625 -1.29150390625 0.1474609375
0.65625 -1.22607421875 0.3525390625
0.65625 -1.22412109375 0.5576171875
0.75 -1.31689453125 0.7626953125
0.96875 -1.27978515625 0.00439453125
1.09375 -1.26220703125 0.4130859375
1.125 -1.25439453125 0.822265625
1.28125 -1.16748046875 0.9697265625
1.53125 -1.25830078125 -0.2138671875
1.8125 -1.32470703125 -0.7203369140625
