BUS
-2.0 -1.20654296875 -0.0277099609375
-1.9375 -1.19677734375 -0.7130126953125
-1.84375 -1.17041015625 0.1968994140625
-1.78125 -1.15966796875 0.6510009765625
-1.75 -1.17626953125 0.4234619140625
-0.90625 -1.08642578125 1.1265869140625
-0.65625 -1.32861328125 -0.9818115234375
-0.59375 -1.13623046875 0.9000244140625
-0.4375 -1.31201171875 -1.4644775390625
-0.4375 -1.17138671875 -1.4642333984375
-0.21875 -1.14794921875 -0.0677490234375
-0.15625 -1.22314453125 -0.3118896484375
0.0 -1.16845703125 1.1343994140625
0.0 -1.01611328125 1.1343994140625
0.21875 -1.11767578125 -0.2947998046875
0.40625 -1.31787109375 -0.5648193359375
0.875 -1.24951171875 0.1636962890625
0.875 -1.22412109375 0.4088134765625
0.9375 -1.06396484375 0.6539306640625
1.03125 -1.22119140625 -0.8272705078125
1.34375 -1.24560546875 -0.0599365234375
