BUS
-1.859375 -1.18603515625 -0.9987640380859375
-1.859375 -1.11083984375 0.8335113525390625
-1.234375 -1.21630859375 0.0864410400390625
-0.671875 -1.10009765625 1.0932769775390625
-0.140625 -1.22314453125 -0.1557464599609375
0.015625 -1.19580078125 -1.1266937255859375
-0.046875 -1.06298828125 1.2944488525390625
0.234375 -1.27197265625 -0.3295745849609375
0.359375 -1.26318359375 -0.8149261474609375
0.421875 -1.23583984375 0.1518707275390625
0.828125 -1.27490234375 -1.3975677490234375
0.859375 -1.21728515625 0.8256988525390625
0.890625 -1.15673828125 0.3296051025390625
1.015625 -1.27783203125 -0.6625823974609375
1.046875 -1.17041015625 1.0756988525390625
1.140625 -1.21435546875 -0.5849456787109375
1.359375 -1.18115234375 0.4028472900390625
1.359375 -1.21337890625 0.6518707275390625
1.453125 -1.20263671875 -0.0922698974609375
1.671875 -1.27880859375 0.0825347900390625
