VEHICULAR_TRAILER
-1.28125 -0.560791015625 -0.51214599609375
-1.21875 -0.267822265625 1.08984375
-1.15625 -0.896240234375 1.08984375
-1.15625 0.047607421875 1.0908203125
-0.84375 -0.199462890625 0.00439453125
-0.78125 0.371826171875 1.0908203125
-0.65625 -0.010986328125 0.5634765625
-0.65625 0.135498046875 1.05078125
-0.59375 -1.122802734375 0.00048828125
-0.59375 -0.315673828125 0.03369140625
-0.59375 -1.123291015625 1.048828125
-0.59375 -0.776611328125 1.048828125
-0.59375 0.017333984375 0.0341796875
-0.59375 0.136474609375 0.00244140625
-0.53125 -1.264404296875 0.03271484375
-0.53125 -0.916259765625 0.033203125
-0.53125 -1.163330078125 0.5224609375
-0.53125 -0.944091796875 0.5625
-0.53125 -0.847900390625 0.5234375
-0.53125 -1.191162109375 1.08984375
-0.53125 -0.293212890625 0.5625
-0.53125 -0.461181640625 1.0498046875
-0.53125 0.097412109375 0.5244140625
-0.53125 0.319091796875 0.03369140625
-0.53125 0.436279296875 0.00244140625
-0.53125 0.485107421875 1.0517578125
-0.53125 0.768310546875 1.0517578125
-0.46875 -0.806884765625 0.0
-0.46875 -1.260498046875 0.5615234375
-0.46875 -0.491455078125 0.0
-0.46875 -0.626220703125 0.5625
-0.46875 -0.217041015625 0.5244140625
-0.46875 -0.177001953125 1.05078125
-0.46875 0.754638671875 0.001953125
-0.40625 -0.629150390625 0.03173828125
-0.40625 -0.500244140625 0.5234375
-0.40625 0.311279296875 0.5625
-0.40625 0.416748046875 0.5244140625
-0.40625 0.655029296875 0.03271484375
-0.40625 0.643310546875 0.5625
-0.40625 0.946044921875 0.5625
-0.34375 0.717529296875 0.5244140625
-0.34375 1.090576171875 0.0009765625
-0.34375 1.033935546875 0.525390625
-0.34375 1.264404296875 0.5625
-0.34375 1.106201171875 1.052734375
-0.28125 0.977294921875 0.03125
1.28125 -0.397705078125 -1.0615234375
1.28125 -0.074462890625 -1.0615234375
1.28125 0.126708984375 -1.09033203125
1.28125 0.481201171875 -1.0908203125
