VEHICULAR_TRAILER
-1.34375 -0.453155517578125 -0.566162109375
-1.34375 -0.384307861328125 -0.6461181640625
-1.34375 -0.182159423828125 -0.566162109375
-1.34375 -0.101104736328125 -0.64599609375
-1.34375 0.075653076171875 -0.56591796875
-1.28125 -0.653350830078125 -0.6480712890625
-1.21875 -0.723175048828125 -0.56884765625
-1.21875 -0.610870361328125 1.15234375
-1.21875 -0.340362548828125 1.15234375
-1.15625 -0.056182861328125 1.15234375
-1.15625 0.201629638671875 1.154296875
-1.09375 0.472137451171875 1.154296875
-0.96875 0.746551513671875 1.15625
-0.65625 -0.065948486328125 -0.20556640625
-0.65625 -1.316864013671875 0.7880859375
-0.65625 0.002410888671875 0.333984375
-0.59375 -0.001495361328125 -0.123046875
-0.59375 -0.869659423828125 0.7021484375
-0.59375 -0.769561767578125 0.7890625
-0.59375 0.168426513671875 0.2509765625
-0.59375 -0.223175048828125 0.7890625
-0.59375 0.051239013671875 0.7890625
-0.59375 0.219207763671875 0.7041015625
-0.53125 -0.868682861328125 -0.20751953125
-0.53125 -1.192291259765625 0.248046875
-0.53125 -0.906036376953125 0.2490234375
-0.53125 -1.091094970703125 0.3330078125
-0.53125 -0.817413330078125 0.3330078125
-0.53125 -0.273956298828125 -0.12451171875
-0.53125 -0.542999267578125 0.3330078125
-0.53125 -1.142120361328125 0.7021484375
-0.53125 -0.269073486328125 0.3330078125
-0.53125 -1.042999267578125 0.7880859375
-0.53125 0.221160888671875 -0.2060546875
-0.53125 -0.597686767578125 0.703125
-0.53125 0.287567138671875 -0.12353515625
-0.53125 -0.495635986328125 0.7890625
-0.53125 0.480926513671875 -0.2060546875
-0.53125 -1.135284423828125 1.154296875
-0.53125 -0.051300048828125 0.703125
-0.53125 -0.876495361328125 1.154296875
-0.46875 -1.141143798828125 -0.208984375
-0.46875 -0.595245361328125 -0.2080078125
-0.46875 -0.547882080078125 -0.12451171875
-0.46875 -0.322784423828125 -0.20751953125
-0.46875 -0.633331298828125 0.2490234375
-0.46875 -0.323760986328125 0.703125
-0.46875 0.534637451171875 -0.1240234375
-0.46875 0.327606201171875 0.7900390625
-0.46875 0.601043701171875 0.7900390625
-0.46875 1.248504638671875 0.251953125
-0.46875 1.164520263671875 0.791015625
-0.40625 0.267059326171875 0.3330078125
-0.40625 0.756317138671875 -0.20654296875
-0.40625 0.541473388671875 0.3330078125
-0.40625 0.496551513671875 0.7041015625
-0.40625 0.830535888671875 0.333984375
-0.40625 0.769989013671875 0.705078125
-0.40625 0.879364013671875 0.7900390625
-0.34375 0.460418701171875 0.25
-0.34375 0.826629638671875 -0.12548828125
-0.34375 0.734832763671875 0.25
-0.34375 1.031707763671875 -0.20751953125
-0.34375 0.980926513671875 0.2509765625
-0.34375 1.092254638671875 0.333984375
-0.34375 1.029754638671875 0.705078125
-0.34375 1.316864013671875 0.7060546875
-0.28125 1.103973388671875 -0.1259765625
1.28125 -0.344268798828125 -1.0784912109375
1.28125 0.214324951171875 -1.15478515625
1.34375 -0.063018798828125 -1.15625
1.34375 0.494598388671875 -1.15576171875
