VEHICULAR_TRAILER
-1.2890625 -1.859375 -0.359375
-1.29296875 -1.796875 -1.2138671875
-1.26171875 -1.046875 -0.61767578125
-1.24609375 -0.734375 -1.2109375
-1.39453125 -0.671875 -0.92431640625
-1.375 -0.578125 -0.34716796875
-1.3203125 -0.140625 -0.42724609375
1.2734375 -0.359375 -1.5498046875
-1.29296875 0.046875 -1.3203125
1.453125 -0.359375 -1.55078125
1.6328125 -0.328125 -1.5546875
-1.32421875 0.203125 -0.6748046875
1.671875 -0.078125 1.33203125
1.6640625 0.046875 1.6279296875
1.3203125 0.171875 1.39453125
1.34375 0.171875 1.3310546875
1.6640625 0.171875 1.69140625
1.5390625 0.234375 1.3310546875
-1.44140625 0.765625 -0.998046875
-1.28125 0.765625 -1.2998046875
-1.4140625 0.953125 -0.409423828125
1.6015625 0.796875 1.390625
-1.37890625 1.296875 -0.484375
-1.36328125 1.765625 -0.7470703125
-1.5390625 1.953125 -1.6767578125
-1.515625 1.984375 -1.0615234375
