VEHICULAR_TRAILER
-1.2109375 -0.23046875 0.246337890625
-1.1640625 -0.10546875 1.297119140625
-1.1171875 -0.46484375 1.144775390625
-0.7109375 -0.75390625 -0.8087615966796875
-1.1953125 -0.12109375 0.515869140625
-1.2578125 0.69140625 0.043701171875
-0.1953125 -0.86328125 1.127197265625
-1.2109375 -0.68359375 -0.046142578125
-1.1328125 -0.83984375 0.548095703125
-0.6015625 -0.84765625 0.997314453125
-0.4296875 -0.83984375 0.998291015625
-0.0703125 -0.82421875 -0.070068359375
-1.1328125 0.76953125 1.130126953125
-1.0078125 -0.80078125 -0.838134765625
-0.5078125 -0.80078125 0.393798828125
-0.1171875 -0.83203125 0.542236328125
1.0234375 0.30078125 1.306884765625
-0.8984375 -0.77734375 0.098876953125
0.2734375 -0.83984375 0.972900390625
0.3359375 -0.83984375 0.192138671875
-0.6328125 -0.82421875 0.058837890625
-0.2421875 -0.80078125 -0.5672607421875
-1.1953125 0.75390625 0.349853515625
-1.1796875 -0.60546875 -0.384521484375
-1.2265625 -0.12109375 0.244384765625
0.1015625 -0.82421875 0.350830078125
-1.1953125 -0.57421875 0.669189453125
-0.7109375 -0.80078125 -0.69866943359375
-1.2109375 -0.35546875 -0.350830078125
-0.0703125 -0.76953125 -0.88739013671875
-0.2578125 -0.80859375 -0.719482421875
-0.6328125 -0.83984375 0.667236328125
-1.1171875 -0.52734375 1.122314453125
-1.1953125 -0.82421875 -0.8275146484375
-1.2109375 0.66015625 -0.268310546875
-1.2265625 -0.05859375 -0.7030029296875
-1.1953125 0.16015625 0.543212890625
-1.1796875 -0.52734375 0.844970703125
0.2109375 -0.87109375 0.817626953125
-0.2109375 -0.81640625 0.238525390625
0.3671875 -0.87109375 0.817626953125
-1.1796875 -0.77734375 0.103759765625
-0.5546875 -0.74609375 -0.8163604736328125
1.2578125 -0.84765625 1.012939453125
-0.1015625 -0.87109375 0.817626953125
-1.1328125 -0.69921875 1.141845703125
-1.1953125 0.19140625 -0.099365234375
-0.8984375 -0.78515625 -0.349853515625
-1.1796875 -0.51171875 -0.083740234375
-1.2109375 -0.19921875 0.695556640625
0.1796875 -0.83984375 0.195556640625
-1.1953125 0.12890625 0.665283203125
-1.1640625 -0.27734375 0.996337890625
-1.0078125 -0.87890625 0.818603515625
-0.3359375 -0.82421875 0.052001953125
-1.2265625 0.73828125 0.386962890625
-0.1484375 -0.78515625 -0.37451171875
0.4140625 -0.83203125 0.345947265625
-1.2578125 -0.27734375 -0.80224609375
-0.1640625 -0.82421875 0.665283203125
-1.2421875 0.11328125 0.392822265625
-1.1953125 -0.35546875 0.668212890625
-1.2421875 -0.35546875 0.397705078125
-1.2578125 -0.38671875 0.065185546875
-1.2109375 -0.16796875 -0.54736328125
-0.6953125 -0.80859375 0.695556640625
-1.1953125 -0.29296875 0.212646484375
-1.1796875 0.06640625 0.845947265625
-1.2109375 0.16015625 0.694580078125
-1.1953125 -0.35546875 0.668212890625
-0.1796875 -0.82421875 0.970947265625
-1.2109375 -0.19921875 0.545166015625
-0.0078125 -0.82421875 0.664306640625
-0.8203125 -0.82421875 0.247314453125
-0.6171875 -0.76953125 0.093017578125
-1.1953125 -0.49609375 -0.3876953125
-0.3671875 -0.83984375 0.357666015625
-1.1171875 -0.54296875 1.271728515625
-0.9609375 -0.87109375 1.121337890625
-1.2265625 -0.29296875 -0.69415283203125
-1.2421875 -0.12109375 0.394775390625
-1.1953125 -0.78515625 0.252197265625
-1.1953125 0.84765625 0.662353515625
-0.5078125 -0.83203125 0.969970703125
-0.8046875 -0.83984375 0.517822265625
0.4140625 -0.83203125 0.345947265625
-1.1328125 0.23828125 1.151611328125
-1.2265625 0.66015625 -0.7305908203125
-1.1953125 0.67578125 0.197021484375
-0.0703125 -0.76953125 -0.88739013671875
0.1640625 -0.83203125 -0.427978515625
-1.2109375 -0.41796875 0.695556640625
0.3671875 -0.87109375 0.817626953125
-1.2265625 0.59765625 0.081787109375
-1.1484375 0.83203125 1.156494140625
-1.2265625 0.73828125 0.386962890625
-1.2578125 -0.48046875 0.100830078125
-1.2265625 -0.46484375 0.365478515625
-1.1328125 -0.66796875 1.269775390625
-0.8984375 -0.77734375 0.098876953125
-1.2109375 -0.24609375 -0.354248046875
-0.4296875 -0.83984375 0.998291015625
-1.1953125 -0.12109375 0.515869140625
-1.1640625 -0.79296875 0.670166015625
-0.5859375 -0.83203125 -0.39990234375
-0.1640625 -0.82421875 0.665283203125
-1.2109375 -0.80859375 0.072021484375
-1.1328125 -0.75390625 0.818603515625
-0.2421875 -0.80859375 0.695556640625
-1.1640625 -0.07421875 0.817626953125
-0.3359375 -0.83984375 0.512939453125
-1.1796875 -0.63671875 0.844970703125
1.0546875 0.36328125 1.342041015625
-0.7890625 -0.83984375 0.968017578125
-1.1796875 -0.74609375 0.696533203125
-0.2890625 -0.83984375 1.151611328125
-0.6640625 -0.51171875 -1.0201416015625
-0.8671875 -0.84765625 0.845947265625
-1.2109375 -0.29296875 -0.5439453125
-1.1640625 -0.43359375 0.968017578125
-0.4296875 -0.83984375 0.998291015625
-0.4296875 -0.83984375 0.846923828125
-0.1640625 -0.82421875 0.665283203125
0.1328125 -0.82421875 0.971923828125
-1.2109375 -0.51171875 -0.236083984375
-1.1953125 -0.65234375 0.696533203125
-1.2265625 -0.01171875 0.243408203125
-1.1796875 0.61328125 0.663330078125
-1.1953125 -0.57421875 -0.048583984375
-1.2109375 0.28515625 0.694580078125
-1.1953125 -0.76953125 0.400634765625
-0.4140625 -0.83203125 0.544189453125
-1.1484375 0.78515625 0.816650390625
-1.1640625 -0.43359375 0.968017578125
-1.1640625 0.37890625 1.304931640625
0.3984375 -0.79296875 -0.594482421875
-1.2578125 -0.26171875 0.062744140625
-0.7734375 -0.82421875 0.062255859375
-0.3671875 -0.81640625 0.240478515625
-1.2109375 0.00390625 0.359619140625
-0.1796875 -0.82421875 0.510986328125
-1.1171875 -0.65234375 1.121337890625
-1.1640625 -0.27734375 0.996337890625
-1.2421875 -0.41796875 -0.84185791015625
-0.8984375 -0.78515625 -0.349853515625
-1.2265625 -0.35546875 0.247314453125
-1.1953125 -0.49609375 -0.3876953125
0.2109375 -0.87109375 0.817626953125
-1.1796875 0.25390625 0.969970703125
-0.9296875 -0.83203125 0.518798828125
-1.2265625 -0.01171875 0.243408203125
-1.0078125 -0.80859375 -0.68426513671875
-0.8515625 -0.80078125 -0.69183349609375
0.0703125 -0.81640625 -0.112060546875
-0.5234375 -0.82421875 0.359619140625
-1.1796875 0.01953125 0.968994140625
-0.0390625 -0.83203125 0.970947265625
-1.2265625 0.59765625 0.081787109375
-0.9765625 -0.81640625 0.696533203125
-1.1484375 -0.49609375 0.994384765625
-0.3828125 0.41015625 -1.077392578125
-1.0078125 -0.81640625 -0.234619140625
0.1328125 -0.82421875 0.508056640625
0.3671875 -0.87109375 0.817626953125
-1.1796875 0.61328125 0.663330078125
-1.1328125 -0.86328125 0.818603515625
-1.2578125 -0.76171875 -0.826751708984375
-1.2421875 -0.23046875 0.395751953125
-1.2265625 -0.57421875 0.367431640625
-1.2109375 0.73828125 0.233642578125
-0.7578125 -0.76953125 0.095947265625
0.4609375 -0.83984375 -0.439208984375
-1.1328125 -0.75390625 0.818603515625
-1.1796875 -0.41796875 0.844970703125
-0.8046875 -0.87109375 1.122314453125
-0.8515625 -0.80078125 -0.69183349609375
-0.4921875 -0.83203125 0.514892578125
-1.0234375 -0.83984375 0.994384765625
-1.2109375 -0.23046875 0.516845703125
-1.2109375 -0.74609375 -0.52783203125
-0.1328125 -0.84765625 0.201416015625
-0.3984375 -0.80078125 -0.254638671875
-0.3671875 -0.81640625 0.240478515625
-0.3828125 -0.83203125 -0.062744140625
-0.6015625 -0.84765625 0.997314453125
-0.8515625 -0.84765625 0.547119140625
-0.0703125 -0.76953125 -0.88739013671875
-0.8046875 -0.87109375 1.122314453125
-1.1328125 -0.58984375 1.142822265625
-1.1015625 -0.81640625 0.399658203125
-1.2109375 -0.54296875 0.695556640625
-1.2109375 0.66015625 -0.268310546875
-1.1796875 -0.08984375 0.968994140625
-0.2734375 -0.75390625 -0.82940673828125
-0.2109375 -0.82421875 -0.066650390625
-0.6640625 -0.80078125 0.395751953125
-1.2265625 -0.16796875 -0.69842529296875
-1.1953125 0.19140625 -0.099365234375
-0.2578125 -0.80859375 -0.719482421875
-1.2578125 -0.02734375 0.058349609375
