VEHICULAR_TRAILER
-0.6015625 -0.9140625 0.4873046875
-0.3359375 -0.8828125 -0.228515625
-1.6328125 0.515625 0.2177734375
-0.3828125 -0.8984375 -0.9020538330078125
-1.1171875 -0.9140625 -0.03125
0.6953125 -0.921875 0.7587890625
0.1640625 -0.8515625 0.078125
-0.2265625 -0.8984375 -0.09716796875
0.7734375 -0.9140625 0.296875
-0.8203125 -0.921875 0.751953125
-0.5546875 -0.90625 0.2236328125
-1.3671875 -0.8984375 -0.591552734375
-1.5234375 -0.9140625 0.583984375
-0.8046875 -0.90625 -0.0830078125
0.4921875 -0.90625 -0.0634765625
0.5703125 -0.9140625 1.1298828125
-1.2578125 -0.96875 1.2353515625
-0.1171875 -0.9453125 0.7138671875
-1.6328125 -0.234375 -0.874969482421875
-1.2890625 -0.90625 -0.85650634765625
-1.6640625 0.484375 0.083984375
-1.1796875 -0.9375 1.2685546875
-1.5859375 -0.265625 0.712890625
-0.3359375 -0.875 -0.5
0.1484375 -0.8671875 0.3505859375
-0.3828125 -0.8984375 0.5791015625
-1.1640625 -0.8515625 -0.6822509765625
-1.6015625 0.46875 0.75390625
-0.1015625 -0.8828125 -0.23583984375
-1.6640625 0.234375 -0.7088623046875
-1.5234375 -0.125 0.978515625
-0.1640625 -0.9296875 1.1201171875
0.3671875 -0.890625 0.212890625
-0.3984375 -0.9375 1.0185546875
-1.6484375 0.390625 0.353515625
-1.2109375 -0.9140625 0.84375
-1.6640625 -0.21875 0.0966796875
0.3984375 -0.875 -0.527099609375
-1.5546875 0.390625 1.2900390625
-1.6015625 0.25 -0.36328125
-0.7109375 -0.921875 0.48828125
-0.1015625 -0.8828125 -0.644775390625
-1.6484375 -0.34375 0.0546875
-0.4140625 -0.859375 0.087890625
0.5078125 -0.875 -0.25341796875
-0.3828125 -0.84375 -0.7142333984375
-1.6640625 -0.03125 -0.750244140625
-0.9140625 -0.8984375 0.6201171875
-1.2734375 -0.921875 0.19140625
-1.5546875 0.28125 1.2861328125
-1.6171875 -0.828125 -0.454833984375
0.2265625 -0.8984375 0.484375
-1.4921875 -0.9375 0.748046875
-1.5859375 0.078125 0.7119140625
-1.5390625 0.40625 1.0205078125
-0.5703125 -0.859375 -0.759521484375
-1.0078125 -0.9140625 0.318359375
-0.7890625 -0.9453125 0.7138671875
-0.2265625 -0.8984375 -0.09716796875
-0.8671875 0.75 -1.315673828125
0.0546875 -0.9375 1.0244140625
-1.2421875 -0.921875 0.3212890625
-1.2734375 -0.921875 0.19140625
-1.6171875 -0.703125 -0.1982421875
-0.7265625 -0.9140625 -0.3505859375
0.6953125 -0.8984375 0.5751953125
-0.6015625 -0.9296875 0.1806640625
-1.0546875 -0.921875 0.75
-1.5546875 -0.921875 -0.0224609375
-1.5859375 -0.8671875 -0.7135009765625
-1.6015625 -0.171875 0.8447265625
-1.5078125 -0.8984375 1.2314453125
-1.6015625 -0.015625 0.1796875
-1.6640625 -0.46875 0.0576171875
-1.6484375 -0.125 0.04931640625
-0.2734375 -0.921875 1.1181640625
0.2578125 -0.890625 0.2138671875
0.0390625 -0.859375 0.3515625
-1.5546875 0.390625 1.2900390625
-0.9140625 -0.890625 -0.2119140625
-1.6484375 -0.546875 0.361328125
-1.0859375 -0.90625 0.58203125
-1.6484375 -0.375 -0.7342529296875
-0.0234375 -0.8984375 -0.37451171875
-1.5390625 0.171875 1.017578125
-0.7890625 -0.9453125 0.7138671875
-1.0546875 -0.84375 -0.687255859375
-0.1015625 -0.8828125 -0.23583984375
-1.0078125 -0.90625 0.2294921875
-1.0234375 -0.859375 -0.7391357421875
0.2265625 -0.9140625 0.1669921875
-1.2890625 -0.921875 -0.33203125
-1.5234375 -0.828125 1.1025390625
-1.6484375 0.03125 0.3564453125
-0.5703125 -0.859375 -0.759521484375
-1.5546875 0.203125 1.1142578125
-0.4921875 0.65625 -1.3310546875
-1.5859375 -0.828125 0.234375
-1.6015625 0.40625 0.44140625
0.1484375 -0.8828125 -0.517578125
-0.8359375 -0.921875 0.8837890625
0.3984375 -0.90625 0.3017578125
-1.1484375 -0.953125 0.7138671875
-0.1171875 -0.9140625 -0.05126953125
-1.0078125 -0.90625 0.2294921875
-0.2890625 -0.90625 0.443359375
-1.1796875 -0.9296875 0.8798828125
-1.5390625 -0.640625 1.0068359375
0.5078125 -0.8515625 -0.8095703125
-1.1484375 -0.8984375 0.6201171875
-1.2890625 -0.9375 1.0068359375
0.2265625 -0.875 -0.93353271484375
-0.6640625 -0.9140625 0.8466796875
-0.2890625 -0.8984375 0.03955078125
-0.6328125 -0.9296875 1.1142578125
-1.1015625 -0.921875 0.8447265625
-1.6171875 0.40625 0.3076171875
0.3046875 -0.9296875 0.8935546875
-1.6328125 -0.5625 -0.02880859375
0.2578125 -0.8828125 -0.24609375
-1.6171875 -0.578125 -0.857574462890625
-1.5234375 -0.5625 1.2373046875
-0.6953125 -0.953125 0.7138671875
-0.5703125 -0.8828125 -0.624755859375
-1.6171875 -0.75 0.36328125
-1.6015625 -0.859375 -0.664306640625
-1.5546875 0.28125 1.2861328125
-0.8359375 -0.921875 0.8837890625
0.4140625 -0.90625 0.02490234375
-1.6171875 -0.015625 -0.21923828125
-1.5859375 -0.75 0.5830078125
-1.1640625 -0.9296875 0.75
-1.6484375 0.03125 0.3564453125
-1.6484375 -0.671875 0.103515625
-1.6171875 0.34375 -0.22998046875
1.6796875 -0.953125 -1.29296875
-1.6015625 -0.3125 0.5810546875
-1.6484375 0.390625 0.353515625
-0.8984375 -0.9140625 0.2275390625
-1.5703125 -0.046875 1.1474609375
-1.6015625 -0.0625 0.8447265625
0.5703125 -0.8984375 0.576171875
-0.1484375 -0.828125 -0.7242431640625
-0.2734375 -0.921875 1.1181640625
0.4453125 -0.890625 0.576171875
0.3984375 -0.953125 0.89453125
-0.3828125 -0.84375 -0.7142333984375
-1.6640625 0.3125 -0.7669677734375
-1.6015625 -0.65625 0.58203125
0.4296875 -0.921875 1.029296875
-1.1640625 -0.9296875 0.75
-0.9765625 -0.9140625 0.58203125
0.3515625 -0.921875 0.1650390625
-1.1171875 0.96875 -1.3154296875
-0.0546875 -0.84375 0.08154296875
-0.4765625 -0.890625 0.6201171875
-0.4140625 -0.859375 0.087890625
-1.6328125 0.203125 -0.4951171875
-1.6171875 -0.125 -0.2158203125
-1.6015625 -0.3125 0.5810546875
-1.6171875 -0.25 0.1845703125
-0.4609375 -0.90625 -0.09130859375
0.6484375 0.21875 1.3310546875
-1.1796875 -0.9296875 0.8798828125
-1.4609375 -0.9296875 -0.02392578125
-0.1015625 -0.8828125 -0.644775390625
-1.5703125 -0.890625 0.876953125
1.1953125 -0.34375 -1.29736328125
-0.5703125 -0.9453125 0.7138671875
-1.6015625 0.421875 0.8466796875
-1.6171875 -0.15625 0.619140625
-1.6015625 -0.328125 -0.3427734375
0.7265625 -0.9140625 -0.068359375
-1.6484375 -0.3125 0.359375
0.2578125 -0.8828125 -0.24609375
-1.6015625 0.390625 0.5771484375
-0.6953125 -0.8984375 0.6201171875
-1.3359375 -0.953125 0.9736328125
0.1953125 -0.8984375 0.029296875
-1.5703125 -0.21875 0.8828125
-1.6484375 -0.71875 -0.7181396484375
-1.6484375 -0.65625 0.3623046875
-0.1953125 -0.953125 0.9833984375
-1.1640625 -0.890625 -0.8631591796875
-1.6484375 0.265625 0.3544921875
-1.5859375 -0.46875 0.75
-0.5703125 -0.90625 -0.08837890625
-1.0703125 -0.9375 1.009765625
-1.3359375 -0.9296875 0.84375
-1.6015625 0.421875 -0.05078125
-1.0859375 -0.953125 1.2705078125
0.0859375 -0.8984375 0.8916015625
-1.6171875 -0.453125 -0.8641357421875
-1.6171875 -0.046875 0.4873046875
-1.6171875 -0.28125 0.48828125
-1.5859375 -0.703125 0.7490234375
0.2265625 -0.9140625 0.1669921875
-1.0546875 -0.90625 -0.33984375
-0.3046875 -0.9140625 0.8486328125
0.0703125 -0.9296875 1.1220703125
