VEHICULAR_TRAILER
-1.6171875 0.1796875 1.0123291015625
-1.2421875 -0.90625 0.4840087890625
-1.6328125 0.7734375 0.6109619140625
0.3671875 -0.9296875 0.8746337890625
-0.7109375 -0.9140625 0.8775634765625
-0.0234375 -0.90625 1.1470947265625
-0.0078125 -0.8828125 0.4810791015625
-1.6640625 -0.7109375 0.3580322265625
0.3046875 -0.890625 0.3433837890625
0.4140625 -0.8984375 0.7418212890625
-0.1796875 -0.875 -0.4468994140625
0.7421875 -0.9375 0.7476806640625
-0.3046875 -0.8828125 -0.0447998046875
-1.5546875 -0.1328125 1.1392822265625
-1.5859375 -0.5859375 0.7486572265625
-0.3359375 -0.8828125 -0.837738037109375
-1.5234375 -0.6484375 1.2603759765625
-1.6640625 -0.6953125 0.1060791015625
-0.6171875 -0.9140625 0.8677978515625
-1.4296875 -0.921875 0.2388916015625
-1.2265625 -0.890625 0.6099853515625
-1.3359375 -0.90625 0.4840087890625
0.5546875 -0.875 0.3394775390625
-0.3046875 -0.8828125 -0.0447998046875
-0.5546875 -0.890625 -0.3011474609375
-0.1171875 -0.8828125 -0.848968505859375
0.3046875 -0.890625 0.3433837890625
-1.2890625 -0.890625 1.1177978515625
-1.6015625 -0.2890625 0.6197509765625
-0.9140625 -0.8828125 0.6099853515625
-1.6015625 -0.3046875 -0.2874755859375
-1.6171875 0.3203125 0.8804931640625
-1.5859375 0.1015625 0.7486572265625
-1.3984375 -0.859375 -0.6593017578125
0.4921875 -0.8828125 -0.2010498046875
0.5234375 -0.90625 0.3404541015625
0.4765625 -0.8984375 -0.3353271484375
0.6015625 -0.8515625 -0.3348388671875
-0.7890625 -0.890625 0.2232666015625
-1.1015625 -0.890625 0.2271728515625
-1.3359375 -0.90625 0.4840087890625
-1.5703125 -0.6484375 1.1177978515625
-1.6640625 -0.7109375 0.3580322265625
-0.0859375 -0.9140625 1.0045166015625
-0.9453125 -0.9140625 0.9947509765625
-1.5703125 0.2421875 1.2642822265625
-1.6015625 0.3984375 -0.3114013671875
-0.9453125 -0.9375 1.0074462890625
-0.3828125 -0.90625 0.8785400390625
-1.6328125 0.2734375 0.4801025390625
-0.5390625 -0.875 -0.5653076171875
-0.8359375 -0.90625 0.3580322265625
-1.6171875 -0.6640625 -0.5296630859375
0.4765625 -0.8984375 -0.3353271484375
0.3359375 -0.859375 0.3404541015625
-0.2734375 -0.90625 0.4791259765625
-1.5390625 -0.0859375 1.2701416015625
-1.6015625 0.5078125 1.1373291015625
0.4296875 -0.8828125 0.4752197265625
0.0390625 -0.8359375 -0.716064453125
-0.3203125 -0.8359375 0.0860595703125
0.3046875 -0.890625 0.4761962890625
-1.2734375 -0.9140625 0.9908447265625
-1.6171875 -0.6328125 0.4927978515625
-1.6484375 0.2734375 0.6109619140625
-1.6171875 0.3203125 0.8804931640625
-1.5703125 0.0078125 1.2584228515625
-0.4609375 -0.9140625 1.1412353515625
0.0546875 -0.8515625 -0.4564208984375
-1.5703125 -0.90625 0.4947509765625
-1.6171875 0.0390625 -0.2982177734375
0.5546875 -0.8828125 0.2056884765625
-1.0390625 -0.9140625 0.8765869140625
-1.6328125 -0.7890625 -0.5242919921875
0.0859375 -0.8671875 0.6090087890625
0.7890625 -0.90625 0.8834228515625
0.1171875 -0.8515625 0.3433837890625
-1.6015625 -0.4140625 -0.2830810546875
-1.5546875 -0.6953125 1.1314697265625
-0.8203125 -0.9140625 0.7379150390625
-1.6015625 -0.4921875 0.7486572265625
-1.6640625 -0.7265625 -0.6500244140625
-1.5546875 -0.8984375 0.6109619140625
-1.6640625 -0.6015625 -0.6558837890625
0.6640625 -0.9375 1.0201416015625
-1.4765625 -0.9140625 0.8746337890625
0.6171875 -0.8203125 -0.7412109375
0.3203125 0.3046875 1.2994384765625
-1.6484375 0.3515625 0.2174072265625
-0.3828125 -0.8984375 0.4791259765625
-1.6171875 -0.5078125 0.8765869140625
-1.5234375 -0.6484375 1.2603759765625
0.6328125 -0.90625 0.4742431640625
-0.4296875 -0.859375 -0.3035888671875
-0.4453125 -0.8828125 -0.0413818359375
-1.6640625 -0.7265625 -0.6500244140625
-1.4453125 -0.8984375 0.6207275390625
-1.6484375 -0.2421875 -0.2869873046875
-0.9453125 -0.9375 1.0074462890625
-1.2578125 -0.8359375 -0.66259765625
0.0703125 -0.9375 1.0152587890625
-1.6484375 -0.3671875 -0.2835693359375
0.4296875 0.2421875 1.3072509765625
-0.3046875 -0.875 -0.4425048828125
-1.6015625 -0.0234375 0.7486572265625
-1.4921875 -0.953125 1.2564697265625
-1.3984375 -0.9453125 0.7476806640625
-1.5703125 0.7265625 0.7486572265625
-1.6484375 0.5859375 -0.3128662109375
-1.1484375 -0.90625 0.8765869140625
-0.6640625 -0.8984375 -0.2972412109375
-0.3671875 -0.875 0.6090087890625
-1.1640625 -0.9140625 0.3629150390625
-1.6015625 0.6796875 0.6158447265625
-1.5703125 0.4609375 1.1470947265625
0.8359375 -0.921875 1.0142822265625
0.8359375 -0.921875 1.0142822265625
0.1796875 -0.9140625 0.7476806640625
-1.5859375 -0.7734375 1.1158447265625
0.6796875 -0.890625 0.6119384765625
0.4921875 -0.875 -0.6082763671875
-1.6171875 0.3046875 0.8717041015625
-1.4921875 -0.953125 1.2564697265625
-0.1796875 -0.875 -0.4468994140625
-1.6015625 -0.3984375 0.7379150390625
-1.6171875 0.5546875 0.4830322265625
-0.5234375 -0.8828125 -0.0394287109375
-1.3203125 -0.8828125 0.3560791015625
0.0546875 -0.8671875 -0.1883544921875
-0.8984375 0.6171875 -1.1607666015625
-1.6015625 -0.5390625 -0.2786865234375
-1.0390625 -0.9140625 0.8765869140625
0.1015625 -0.8828125 -0.0535888671875
0.3203125 -0.8671875 0.6090087890625
-1.5546875 -0.3515625 1.1373291015625
-1.6484375 -0.5859375 -0.2767333984375
-0.3828125 -0.8984375 0.4791259765625
-1.5859375 -0.859375 0.2398681640625
-1.6328125 0.2734375 0.4801025390625
-1.2890625 -0.859375 0.1031494140625
-0.9921875 -0.875 0.3531494140625
-0.2734375 -0.90625 0.4791259765625
-0.5859375 -0.890625 0.4859619140625
-1.1328125 -0.921875 1.1334228515625
-1.6484375 0.1796875 0.3551025390625
-0.8203125 0.2109375 -1.139892578125
-1.6484375 0.0234375 0.4820556640625
-0.8515625 -0.9375 0.7476806640625
-1.6171875 0.1484375 -0.0399169921875
0.6796875 -0.8828125 0.2037353515625
-1.6484375 0.2421875 0.2193603515625
-1.6015625 -0.1484375 0.8785400390625
-1.5703125 -0.8515625 -0.6484375
-1.6328125 -0.1953125 0.6109619140625
0.5546875 -0.8984375 -0.0628662109375
-0.8984375 -0.890625 0.6187744140625
-0.6640625 -0.90625 0.2261962890625
-1.6484375 -0.5234375 0.3638916015625
-0.7109375 -0.7265625 -1.2108154296875
-1.5703125 -0.1171875 0.9986572265625
-0.7421875 -0.9375 0.7476806640625
0.1171875 -0.8671875 0.2105712890625
-1.6640625 -0.5703125 -0.6607666015625
-1.6796875 0.0703125 -0.68505859375
-1.6015625 0.6796875 0.6158447265625
-1.6328125 0.1484375 -0.8277587890625
-1.5859375 -0.7109375 0.7486572265625
-1.6328125 -0.7890625 -0.5242919921875
-1.5859375 -0.2109375 1.1256103515625
-1.5546875 0.6015625 1.0162353515625
-1.6015625 -0.2890625 0.6197509765625
-0.5703125 -0.8984375 0.6168212890625
-1.5703125 -0.8046875 1.2408447265625
-1.5859375 -0.90625 0.3677978515625
-1.0703125 -0.921875 1.2486572265625
-1.0390625 -0.9140625 0.4830322265625
-1.6171875 -0.5703125 0.2359619140625
-0.7578125 -0.875 -0.5560302734375
-0.1484375 -0.8984375 0.4830322265625
-1.5390625 0.2578125 1.2760009765625
-0.8515625 -0.8671875 -0.4222412109375
-1.5703125 0.6171875 1.0074462890625
-1.6171875 0.3984375 -0.0452880859375
-0.1484375 -0.8984375 0.4830322265625
-1.5703125 0.7109375 1.0172119140625
-1.6171875 0.4296875 0.4840087890625
-0.1484375 -0.921875 1.1451416015625
0.5859375 -0.84375 0.0699462890625
-0.6015625 -0.9375 1.0093994140625
-1.6171875 0.1640625 -0.3026123046875
-0.0234375 -0.859375 0.6090087890625
-0.2734375 -0.90625 0.7398681640625
-1.5703125 0.3671875 1.0045166015625
-1.6015625 0.6640625 0.4781494140625
-1.6015625 -0.7421875 0.7369384765625
-0.8984375 -0.8984375 0.2252197265625
0.4609375 -0.8828125 -0.8784561157226562
-0.4453125 -0.8828125 -0.0413818359375
-1.5703125 -0.9140625 1.2388916015625
-1.6015625 -0.1953125 -0.2908935546875
