VEHICULAR_TRAILER
-1.55859375 -0.01953125 1.0858154296875
-1.59765625 0.04296875 -0.2208251953125
0.87890625 -1.10546875 1.0838623046875
0.25390625 -1.06640625 -0.1070556640625
0.76953125 -1.08203125 0.5487060546875
-0.57421875 -1.07421875 -0.0606689453125
-0.77734375 -1.07421875 0.4285888671875
-1.30859375 -1.08984375 0.8074951171875
-1.58203125 -0.23828125 0.8280029296875
-0.48046875 -1.06640625 0.1912841796875
-1.02734375 -1.10546875 0.4490966796875
-1.52734375 -0.33203125 1.0662841796875
-1.58984375 -0.73828125 0.5574951171875
-0.51171875 -1.07421875 -0.0875244140625
-1.58203125 -0.80078125 0.8231201171875
-1.59765625 0.10546875 0.4471435546875
0.26953125 -1.07421875 -0.0787353515625
0.26953125 -1.05078125 0.5731201171875
-1.61328125 -0.06640625 -0.86151123046875
-1.51953125 -1.07421875 0.5750732421875
-0.91796875 -1.02734375 -0.715576171875
-0.99609375 -1.08203125 0.4305419921875
-0.19921875 -1.08203125 0.7010498046875
-1.10546875 -1.08984375 0.0531005859375
-0.32421875 -1.03515625 -0.3228759765625
-1.54296875 -0.95703125 1.0682373046875
-1.62890625 0.16796875 0.3182373046875
0.59765625 -1.06640625 0.1776123046875
-1.58203125 0.23046875 0.4237060546875
-1.57421875 -0.28515625 -0.3394775390625
-1.53515625 -0.80078125 1.3104248046875
-1.66015625 -0.83203125 -0.693603515625
-0.46484375 -1.08984375 0.8104248046875
0.78515625 -1.08984375 0.9696044921875
-1.58984375 0.37109375 0.8338623046875
-1.26171875 -1.11328125 1.1951904296875
-0.21484375 -1.05859375 -0.87579345703125
-1.65234375 -0.08203125 0.0672607421875
-1.01171875 -1.08984375 0.3035888671875
-1.35546875 -1.06640625 -0.5687255859375
-1.63671875 -0.89453125 0.0809326171875
0.17578125 -1.05078125 0.1834716796875
0.26953125 -1.07421875 -0.0787353515625
-0.57421875 -1.11328125 0.9393310546875
-0.43359375 -1.07421875 -0.3482666015625
0.16015625 -1.03515625 -0.7635498046875
-0.73046875 -1.08984375 0.1727294921875
0.83203125 -1.06640625 -0.1212158203125
-1.30078125 -1.08203125 0.4324951171875
-1.58203125 -0.19140625 -0.0855712890625
-1.58203125 -0.69140625 0.8240966796875
-0.60546875 -1.05078125 -0.2149658203125
-0.13671875 -1.08203125 0.5526123046875
-1.52734375 -1.02734375 1.0565185546875
0.16015625 -1.06640625 0.4432373046875
0.80078125 -1.09765625 0.1473388671875
-1.57421875 -0.81640625 0.6990966796875
-1.58203125 0.21484375 -0.0689697265625
-1.54296875 -0.83203125 1.0721435546875
-1.33984375 -1.09765625 0.8221435546875
-0.41796875 -1.08203125 0.1678466796875
-1.52734375 -1.10546875 0.4520263671875
-1.57421875 -0.28515625 -0.3394775390625
-1.64453125 -0.20703125 0.0692138671875
-0.40234375 -1.12109375 0.6824951171875
-0.71484375 -1.11328125 0.6824951171875
-1.60546875 0.02734375 -0.6080322265625
-0.88671875 -1.08203125 0.0487060546875
-1.55859375 -1.04296875 -0.2877197265625
-1.58203125 0.33984375 0.8123779296875
-0.29296875 -1.08203125 0.4451904296875
-1.26171875 -1.07421875 1.0701904296875
-1.44140625 -1.06640625 -0.4405517578125
-0.62109375 -1.08984375 0.4471435546875
-0.30859375 -1.06640625 -0.6109619140625
-0.51171875 -1.05078125 -0.2174072265625
-0.69921875 0.26171875 -1.18994140625
-0.52734375 -1.08984375 0.8280029296875
-1.56640625 0.58984375 1.3397216796875
0.51953125 -1.02734375 0.0467529296875
-1.41796875 -1.08984375 0.0594482421875
-0.18359375 -1.13671875 1.1990966796875
0.69140625 -1.07421875 -0.3853759765625
-1.26171875 -1.10546875 0.1815185546875
0.11328125 -1.05859375 0.8123779296875
-0.55859375 -1.07421875 1.0819091796875
-1.58984375 -0.72265625 0.4324951171875
0.31640625 -1.10546875 0.9637451171875
-0.63671875 -1.07421875 -0.3414306640625
-1.50390625 -0.98828125 1.1815185546875
-0.91796875 0.51171875 -1.2840576171875
-1.34765625 -1.08984375 0.9461669921875
0.30078125 -1.07421875 1.0936279296875
-0.94921875 -1.09765625 0.8250732421875
-0.60546875 -1.04296875 -0.728759765625
-1.23046875 -1.05078125 -0.4488525390625
-0.29296875 -1.13671875 1.1990966796875
-0.91796875 -1.08203125 0.4490966796875
-1.55859375 -0.47265625 0.6824951171875
-1.56640625 -0.92578125 0.6824951171875
0.56640625 -1.08203125 0.8358154296875
-1.50390625 -0.53515625 1.1893310546875
-1.47265625 -1.10546875 0.1854248046875
0.14453125 -1.05859375 -0.1046142578125
-0.33984375 -1.11328125 1.2108154296875
-0.90234375 -1.07421875 -0.0543212890625
-1.23046875 -1.02734375 -0.6717529296875
0.31640625 -1.06640625 0.8133544921875
-0.79296875 -1.08984375 0.0467529296875
-0.46484375 -1.05859375 0.3192138671875
-1.58984375 -0.76953125 -0.5726318359375
-1.62109375 -0.08203125 -0.6019287109375
0.67578125 -1.09765625 0.4403076171875
-1.58984375 0.37109375 0.8338623046875
0.03515625 -1.07421875 0.4442138671875
-0.24609375 -1.07421875 1.0858154296875
-1.59765625 -0.33203125 -0.4644775390625
0.33203125 -1.05859375 0.5506591796875
0.30078125 -1.09765625 0.9461669921875
0.33203125 -1.05859375 0.4188232421875
0.42578125 -1.06640625 1.0955810546875
-0.79296875 -1.05859375 0.3221435546875
-0.79296875 -1.08203125 -0.0557861328125
-1.51953125 -0.91015625 1.0584716796875
-1.49609375 -1.08984375 1.1815185546875
-1.58203125 -0.42578125 -0.0792236328125
-1.51953125 -0.91015625 1.0584716796875
-0.60546875 -1.13671875 1.1932373046875
-0.69921875 0.91796875 -1.3204345703125
-1.53515625 -0.34765625 1.3201904296875
-1.59765625 -0.89453125 -0.4417724609375
0.80078125 -1.07421875 -0.3887939453125
-0.08984375 0.62109375 -1.3355712890625
-1.58203125 -0.19140625 -0.0855712890625
-1.58984375 -0.14453125 0.4266357421875
-1.12109375 -1.09765625 0.4500732421875
-1.63671875 -0.76953125 0.0565185546875
-1.13671875 -1.07421875 -0.0723876953125
-1.41796875 -1.08984375 0.0594482421875
-0.76171875 -1.07421875 1.0780029296875
0.73828125 -1.08984375 1.1014404296875
-1.56640625 0.01171875 0.7030029296875
-1.58203125 0.16796875 -0.0953369140625
-1.54296875 0.37109375 1.3358154296875
0.72265625 -1.07421875 -0.0885009765625
-1.60546875 0.33984375 0.2908935546875
-1.54296875 -1.00390625 0.6981201171875
-0.60546875 -1.11328125 0.6824951171875
-1.58203125 -0.42578125 -0.0792236328125
-1.55078125 -0.48828125 1.0780029296875
-1.60546875 -0.14453125 0.5750732421875
-1.04296875 -1.09765625 0.9490966796875
-0.98046875 -1.08203125 0.5565185546875
-1.51171875 -0.42578125 0.9383544921875
-0.26171875 -1.05078125 0.3172607421875
-0.77734375 -1.10546875 1.0643310546875
-0.43359375 -1.02734375 -0.3199462890625
-1.58984375 -0.97265625 -0.813720703125
-1.60546875 0.08984375 0.2947998046875
0.56640625 -1.08203125 0.8358154296875
-1.60546875 -0.91015625 -0.1915283203125
-0.66796875 -1.07421875 0.4276123046875
-1.58984375 0.52734375 -0.1051025390625
-0.54296875 -1.02734375 0.0653076171875
-0.49609375 -1.02734375 -0.7344970703125
-0.71484375 -1.03515625 -0.724853515625
-0.68359375 -1.06640625 -0.0587158203125
-1.52734375 -0.45703125 1.0643310546875
-1.39453125 -1.10546875 1.0574951171875
-1.54296875 0.05859375 1.2166748046875
-0.88671875 -1.08203125 0.0487060546875
-1.15234375 -1.05859375 -0.5772705078125
-0.44921875 -1.02734375 0.0633544921875
-1.47265625 -1.06640625 -0.8145751953125
-1.60546875 -0.25390625 0.5750732421875
-1.35546875 -1.06640625 -0.5687255859375
-1.65234375 0.15234375 0.0623779296875
-0.91796875 -1.05078125 -0.2056884765625
-1.55859375 -0.14453125 1.0838623046875
0.48828125 -1.07421875 -0.0836181640625
-0.44921875 -1.02734375 0.0633544921875
-1.58203125 -0.19140625 -0.0855712890625
-0.66796875 -1.08203125 0.5555419921875
-0.13671875 -1.08203125 0.8114013671875
0.72265625 -1.07421875 -0.0885009765625
-1.60546875 -0.64453125 -0.2984619140625
-0.60546875 -1.05078125 -0.4710693359375
-1.58984375 -0.55078125 -0.4561767578125
-1.49609375 -0.86328125 1.1834716796875
0.08203125 -1.02734375 0.0540771484375
-1.51953125 -1.09765625 0.0614013671875
-0.13671875 -1.07421875 0.4227294921875
-1.61328125 0.04296875 -0.86767578125
-0.16796875 -1.10546875 0.6824951171875
0.06640625 -1.07421875 0.2899169921875
-0.74609375 -0.84765625 -1.1192626953125
-1.53515625 0.37109375 1.0760498046875
-1.64453125 -0.33203125 0.0467529296875
-1.58984375 0.46484375 -0.0743408203125
-0.23046875 -1.02734375 0.0594482421875
