VEHICULAR_TRAILER
0.7109375 -0.84375 1.028076171875
0.2265625 -0.828125 0.420654296875
-1.6796875 0.109375 -0.65087890625
-1.625 0.015625 0.184326171875
0.6328125 -0.8359375 1.026123046875
-0.1875 -0.796875 -0.290283203125
-1.65625 -0.359375 -0.62646484375
-1.6171875 0.5625 -0.312744140625
-1.6328125 0.28125 -0.420166015625
-0.0625 -0.8359375 0.658935546875
-1.65625 0.734375 -0.306396484375
-0.0546875 -0.8203125 0.779052734375
0.2578125 -0.453125 -1.06695556640625
-1.6484375 -0.46875 -0.620361328125
0.4453125 -0.8125 -0.563232421875
-0.9296875 -0.828125 0.309326171875
1.6015625 0.078125 -1.172607421875
-0.8671875 -0.8515625 0.656982421875
0.671875 -0.84375 0.289794921875
0.75 -0.8125 -0.451416015625
-0.421875 -0.8359375 0.423583984375
-1.640625 0.15625 -0.5341796875
0.1015625 -0.7890625 -0.658447265625
-0.203125 -0.890625 1.137451171875
-0.9140625 -0.84375 1.004638671875
-1.6484375 0.671875 -0.55908203125
-1.5703125 -0.703125 0.775146484375
-0.203125 -0.7890625 0.066162109375
-1.625 -0.53125 0.428466796875
-1.6328125 -0.109375 -0.167236328125
0.1953125 -0.828125 0.295654296875
0.453125 -0.8359375 1.023193359375
-0.75 -0.8515625 1.006591796875
0.203125 -0.828125 0.053466796875
-1.6171875 0.609375 0.779052734375
-0.25 -0.8515625 1.256591796875
-0.125 -0.84375 0.179443359375
0.2265625 -0.828125 0.420654296875
-1.6015625 -0.609375 0.659912109375
-1.640625 0.171875 -0.77490234375
-1.6640625 0.5 -0.67236328125
-1.578125 0.0 0.897216796875
0.328125 -0.8359375 -0.061767578125
0.796875 -0.8359375 0.173583984375
-1.671875 0.453125 0.301513671875
0.328125 -0.8125 0.537841796875
-0.546875 -0.796875 -0.281005859375
-0.7578125 -0.828125 0.192138671875
0.6328125 -0.8046875 -0.817626953125
-1.640625 0.484375 -0.298095703125
-0.0234375 -0.84375 1.016357421875
-1.625 0.03125 -0.052490234375
0.15625 -0.8125 -0.7952880859375
-0.25 -0.8359375 0.539794921875
-0.296875 -0.828125 -0.055908203125
-0.7109375 -0.78125 -0.62890625
0.0859375 -0.8671875 1.137451171875
0.765625 -0.8359375 0.288818359375
0.0390625 -0.8359375 0.421630859375
-1.0625 -0.8515625 0.887451171875
-0.9140625 -0.84375 1.004638671875
0.6171875 -0.8125 0.296630859375
-0.609375 -0.8515625 1.248779296875
-1.5859375 0.234375 0.897216796875
-0.7109375 -0.78125 -0.62890625
-1.59375 0.40625 1.019287109375
0.1328125 -0.828125 0.779052734375
-1.640625 0.375 0.421630859375
-1.59375 -0.71875 0.430419921875
-1.625 -0.703125 -0.377685546875
0.453125 -0.8359375 1.023193359375
-1.6015625 -0.7890625 -0.029052734375
0.734375 -0.7890625 0.051513671875
-1.6015625 -0.296875 -0.278564453125
-1.5390625 -0.8203125 -0.375244140625
-1.59375 -0.640625 -0.96258544921875
-1.671875 0.28125 0.060302734375
-1.6328125 0.453125 0.538818359375
-1.6015625 -0.375 0.659912109375
-1.6328125 -0.0625 0.541748046875
0.6484375 -0.828125 -0.077880859375
-1.6328125 -0.171875 0.424560546875
0.796875 -0.8359375 -0.071533203125
0.6484375 -0.8046875 -0.571044921875
0.125 -0.828125 0.420654296875
-1.5859375 0.625 1.266357421875
-1.6484375 0.484375 0.181396484375
-1.640625 0.515625 -0.188720703125
-0.109375 -0.8046875 -0.422119140625
0.40625 -0.828125 0.415771484375
-0.2578125 -0.84375 0.778076171875
-1.640625 -0.671875 0.083740234375
-1.5703125 0.125 0.896240234375
0.7421875 -0.8671875 1.149169921875
-1.6484375 0.1875 0.300537109375
-1.0390625 -0.8359375 0.541748046875
-1.6484375 0.828125 0.536865234375
-0.2578125 -0.8359375 0.420654296875
0.0390625 -0.8359375 0.421630859375
-0.1796875 -0.78125 -0.648193359375
-0.90625 -0.7890625 0.076904296875
-1.640625 0.140625 -0.414306640625
0.65625 -0.8125 -0.202392578125
-1.625 0.078125 0.540771484375
0.8203125 -0.84375 1.028076171875
-0.0234375 -0.8125 0.182373046875
-1.6015625 -0.65625 -0.264892578125
0.46875 -0.796875 -0.442138671875
0.34375 -0.8359375 -0.314697265625
-0.7109375 -0.78125 -0.62890625
-1.59375 0.609375 1.143310546875
-0.78125 -0.828125 0.541748046875
-1.625 0.34375 0.418701171875
-1.640625 0.515625 0.420654296875
0.4921875 0.296875 1.295654296875
-1.625 0.203125 0.420654296875
0.0546875 -0.8046875 0.540771484375
0.2734375 0.5 1.295654296875
0.71875 -0.8125 0.295654296875
-1.578125 -0.375 1.242919921875
-1.6640625 -0.453125 0.078857421875
-0.5390625 -0.8515625 0.892333984375
0.3828125 -0.84375 0.902099609375
0.109375 -0.8203125 0.055419921875
-1.6171875 -0.109375 -0.044189453125
0.265625 -0.8046875 -0.191650390625
-1.6484375 -0.0625 0.304443359375
-0.34375 -0.84375 0.423583984375
-0.3984375 -0.8125 0.305419921875
-1.625 -0.578125 -0.383056640625
-1.5390625 -0.0625 1.133544921875
0.796875 -0.8515625 1.029052734375
-1.625 0.03125 0.777099609375
-1.65625 -0.609375 -0.61328125
-1.59375 0.40625 1.019287109375
-1.6171875 0.28125 0.659912109375
-1.671875 0.671875 0.050537109375
0.0703125 -0.8359375 0.176513671875
0.7578125 -0.7890625 -0.700439453125
-1.640625 -0.15625 -0.275634765625
-1.640625 -0.65625 0.313232421875
0.71875 -0.8203125 0.173583984375
-1.609375 -0.203125 -0.046142578125
-1.640625 0.515625 0.420654296875
0.3515625 -0.8359375 1.022216796875
-1.6171875 0.546875 0.660888671875
0.3828125 -0.84375 0.902099609375
-0.6015625 -0.8203125 0.540771484375
-0.125 -0.8203125 -0.301025390625
-1.6328125 -0.234375 -0.163330078125
-0.2421875 -0.84375 1.018310546875
-1.6484375 0.1875 0.300537109375
0.75 -0.875 0.658935546875
-1.6796875 -0.359375 0.075927734375
0.0078125 -0.8515625 0.658935546875
0.0546875 -0.8203125 -0.79052734375
-1.625 -0.421875 0.427490234375
-1.640625 0.140625 0.540771484375
-0.171875 -0.84375 0.778076171875
0.4140625 -0.84375 1.025146484375
-0.296875 -0.8125 0.186279296875
0.1484375 -0.828125 -0.058837890625
-1.5546875 -0.8359375 -0.028564453125
0.171875 -0.890625 1.141357421875
0.421875 0.3125 1.293701171875
-1.671875 -0.140625 -0.637939453125
0.2578125 -0.828125 -0.068603515625
-1.6484375 -0.546875 0.312255859375
-0.6171875 -0.8515625 0.775146484375
-0.203125 -0.7890625 0.066162109375
-0.359375 -0.84375 0.421630859375
-1.6640625 -0.0625 -0.63037109375
0.609375 -0.8203125 0.536865234375
0.4140625 -0.8203125 0.539794921875
0.546875 -0.828125 -0.075439453125
0.4453125 -0.796875 0.056396484375
0.7734375 -0.8515625 0.781005859375
0.1640625 -0.84375 1.019287109375
-1.484375 -0.859375 -0.260498046875
-1.6484375 0.671875 -0.55908203125
-1.625 -0.46875 -0.155517578125
-0.9453125 -0.828125 0.425537109375
0.6171875 -0.8203125 0.175537109375
-1.6640625 -0.453125 0.078857421875
0.515625 -0.8359375 -0.065673828125
0.5390625 -0.8203125 -0.566162109375
-1.6640625 -0.25 -0.63232421875
-1.625 0.34375 0.418701171875
-1.6171875 0.34375 0.778076171875
-1.671875 -0.140625 -0.637939453125
-1.5625 -0.484375 1.009521484375
0.40625 -0.828125 0.415771484375
0.0546875 -0.828125 -0.056884765625
-1.6015625 0.0 0.658935546875
0.171875 -0.8046875 -0.431884765625
-0.328125 -0.8203125 0.540771484375
-0.3515625 -0.8515625 0.776123046875
-1.59375 0.40625 1.019287109375
0.7734375 -0.875 0.906005859375
0.0859375 -0.8125 -0.186767578125
