VEHICULAR_TRAILER
-0.79296875 -0.7578125 -0.4212646484375
-0.79296875 -0.1640625 0.3072509765625
0.59765625 -0.7265625 -1.01470947265625
-0.77734375 0.4453125 -0.1444091796875
-0.72265625 -0.0546875 1.2769775390625
-0.77734375 0.5078125 0.5191650390625
-0.77734375 0.1328125 -0.2537841796875
-0.15234375 -0.84375 0.9468994140625
0.08203125 -0.8515625 1.2711181640625
-0.81640625 -0.6796875 -0.8358154296875
-0.77734375 0.4140625 -0.0438232421875
-0.26171875 -0.8046875 0.2095947265625
-0.73046875 -0.7265625 0.6295166015625
-0.31640625 -0.8046875 -0.0067138671875
-0.80859375 -0.1484375 0.1929931640625
0.00390625 -0.828125 0.5211181640625
-0.76953125 -0.7265625 -0.0018310546875
-0.25390625 -0.8125 -0.1146240234375
-0.00390625 -0.8359375 0.2008056640625
-0.49609375 -0.828125 0.6295166015625
-0.76171875 -0.2265625 0.8424072265625
-0.55078125 -0.8359375 0.3170166015625
-0.77734375 -0.5546875 0.5250244140625
-0.68359375 -0.78125 1.1558837890625
-0.65234375 -0.7265625 -0.958709716796875
-0.79296875 -0.1796875 -0.4542236328125
-0.45703125 -0.7734375 -0.7498779296875
-0.53515625 -0.7734375 -0.7467041015625
-0.80859375 -0.5390625 -0.846954345703125
-0.72265625 0.2265625 1.2847900390625
-0.79296875 -0.6015625 -0.4300537109375
-0.54296875 -0.828125 -0.0018310546875
-0.81640625 0.0234375 -0.8885269165039062
-0.80859375 0.2890625 0.1812744140625
-0.76171875 -0.6796875 0.3160400390625
-0.71484375 -0.84375 0.8394775390625
-0.73828125 -0.7265625 0.9439697265625
-0.74609375 -0.6640625 -0.1107177734375
0.08203125 -0.8515625 1.2711181640625
-0.42578125 -0.8359375 0.6295166015625
-0.73828125 -0.3203125 0.7340087890625
-0.76171875 0.5859375 0.2857666015625
-0.81640625 0.0703125 -0.4552001953125
-0.76953125 -0.5859375 -0.0072021484375
-0.55859375 -0.8515625 0.1090087890625
-0.76171875 -0.5390625 -0.3289794921875
-0.68359375 -0.6484375 1.1578369140625
0.84765625 -0.7109375 -1.0281982421875
-0.01953125 -0.8203125 -0.0120849609375
-0.80859375 0.2265625 -0.4781494140625
-0.71484375 0.2734375 1.0650634765625
-0.37109375 -0.859375 1.1539306640625
-0.76171875 0.3671875 0.8443603515625
-0.73046875 -0.8359375 0.4205322265625
-0.83984375 0.1953125 -1.2989501953125
-0.27734375 -0.828125 0.6285400390625
-0.63671875 -0.84375 1.2593994140625
-0.44140625 -0.78125 -0.8419189453125
-0.11328125 -0.796875 0.2076416015625
-0.78515625 -0.3984375 0.4136962890625
-0.75390625 -0.6796875 0.1011962890625
0.01953125 -0.8359375 0.1011962890625
-0.48046875 -0.8203125 0.4205322265625
-0.78515625 -0.3984375 0.4136962890625
-0.74609375 -0.1796875 0.7340087890625
-0.80078125 0.2578125 0.4097900390625
-0.62890625 -0.828125 -0.5272216796875
-0.77734375 0.0078125 -0.3577880859375
-0.25390625 -0.8125 -0.1146240234375
-0.15234375 -0.78125 -0.852996826171875
-0.12109375 -0.8359375 0.1031494140625
-0.76953125 0.6484375 0.6207275390625
-0.76171875 -0.6640625 -0.5330810546875
-0.00390625 -0.8359375 0.2008056640625
-0.76953125 0.4921875 0.6217041015625
-0.77734375 0.4453125 -0.6038818359375
0.55078125 -0.8125 0.6275634765625
-0.77734375 0.3359375 0.5201416015625
0.19140625 -0.8359375 0.3062744140625
-0.71484375 -0.8359375 0.6295166015625
-0.33203125 -0.828125 -0.1121826171875
-0.74609375 0.7578125 0.9664306640625
-0.83203125 0.4921875 -0.829345703125
-0.72265625 0.0234375 1.1715087890625
-0.65234375 -0.859375 1.1539306640625
-0.62890625 -0.828125 -0.5272216796875
-0.76953125 -0.2421875 0.6265869140625
-0.71484375 -0.0234375 1.2789306640625
-0.48046875 -0.828125 0.1080322265625
-0.78515625 0.4921875 0.6295166015625
-0.82421875 -0.0859375 -0.7862548828125
-0.10546875 -0.78125 -0.97821044921875
-0.77734375 -0.6796875 0.6295166015625
-0.37109375 -0.875 1.1578369140625
-0.76171875 -0.5390625 -0.3289794921875
-0.50390625 -0.7109375 -0.9671630859375
-0.49609375 -0.8515625 1.0504150390625
0.59765625 -0.7265625 -1.01470947265625
-0.76953125 -0.7265625 -0.0018310546875
-0.76171875 -0.5234375 -0.5423583984375
-0.72265625 -0.3046875 1.2711181640625
0.30078125 -0.8359375 0.8433837890625
-0.30078125 -0.84375 0.4176025390625
-0.69140625 -0.5234375 0.9468994140625
-0.50390625 -0.84375 0.8404541015625
-0.79296875 -0.3359375 0.0904541015625
-0.76953125 -0.5234375 0.9468994140625
-0.69921875 -0.6953125 1.0504150390625
-0.76953125 -0.5859375 -0.0072021484375
-0.81640625 0.2109375 -0.4630126953125
-0.62109375 -0.8203125 -0.3182373046875
-0.43359375 -0.8359375 0.5230712890625
-0.72265625 0.3203125 1.1793212890625
-0.20703125 -0.84375 0.1041259765625
-0.78515625 -0.4140625 0.9478759765625
-0.77734375 -0.0234375 -0.1268310546875
-0.83203125 0.1953125 -0.8070068359375
-0.44921875 -0.859375 0.7349853515625
-0.72265625 -0.1796875 1.2750244140625
-0.69140625 -0.84375 0.3160400390625
-0.73046875 -0.8359375 0.4205322265625
-0.57421875 -0.8515625 0.7340087890625
-0.82421875 0.0546875 -0.79779052734375
-0.75390625 -0.8046875 0.1099853515625
-0.78515625 -0.2578125 0.6295166015625
0.14453125 -0.84375 0.1988525390625
-0.17578125 -0.8125 -0.0091552734375
-0.69140625 0.3515625 1.1773681640625
-0.65234375 -0.859375 0.5269775390625
-0.41796875 -0.8515625 1.0513916015625
0.01953125 -0.84375 1.0552978515625
-0.79296875 0.1015625 -0.0316162109375
-0.75390625 -0.796875 0.2144775390625
-0.80078125 -0.4921875 0.0953369140625
-0.72265625 -0.4140625 1.1597900390625
-0.78515625 -0.0078125 0.3052978515625
-0.32421875 -0.84375 1.0504150390625
-0.69921875 -0.8203125 0.9439697265625
-0.47265625 -0.828125 0.1011962890625
-0.64453125 -0.828125 0.6295166015625
-0.77734375 0.4453125 -0.3812255859375
-0.80859375 -0.3515625 0.4166259765625
-0.73828125 0.8515625 1.3004150390625
-0.47265625 -0.8203125 0.3160400390625
-0.20703125 -0.84375 1.2652587890625
0.15234375 -0.8515625 0.9488525390625
-0.33203125 -0.8046875 0.2105712890625
-0.73828125 0.3515625 1.0699462890625
-0.71484375 0.3515625 0.9605712890625
-0.64453125 -0.828125 0.6304931640625
-0.77734375 0.4453125 -0.6038818359375
-0.74609375 0.7578125 0.9664306640625
-0.76953125 0.1796875 0.6236572265625
-0.78515625 0.1328125 0.3023681640625
-0.37890625 -0.84375 0.4185791015625
-0.01171875 -0.8828125 1.1617431640625
0.01171875 -0.84375 1.2691650390625
-0.80078125 -0.1796875 0.0943603515625
-0.72265625 0.3828125 1.2906494140625
-0.76953125 -0.3828125 0.6275634765625
-0.33984375 -0.8203125 0.4195556640625
-0.73828125 -0.796875 0.1041259765625
-0.78515625 0.7109375 -0.0550537109375
-0.59765625 0.0859375 -1.2994384765625
-0.77734375 0.2734375 -0.2611083984375
-0.76953125 -0.6953125 -0.3211669921875
-0.74609375 -0.7578125 0.6295166015625
-0.73828125 -0.7265625 0.9439697265625
-0.77734375 -0.0234375 -0.1268310546875
0.44140625 -0.859375 0.7359619140625
-0.81640625 0.6640625 -0.4869384765625
-0.59765625 0.0859375 -1.2994384765625
-0.10546875 -0.84375 0.3101806640625
-0.76171875 0.5234375 0.8502197265625
-0.83984375 0.1953125 -1.2989501953125
-0.00390625 -0.8359375 0.2008056640625
-0.81640625 -0.1171875 -0.8773956298828125
-0.80078125 -0.796875 -0.8282470703125
-0.80078125 0.8828125 -0.4031982421875
-0.29296875 -0.8359375 0.2047119140625
-0.69921875 -0.8203125 -0.5257568359375
0.35546875 -0.8671875 0.7359619140625
-0.63671875 -0.84375 1.2593994140625
-0.69140625 -0.8125 0.2135009765625
-0.00390625 -0.8359375 0.2008056640625
-0.18359375 -0.796875 0.2086181640625
-0.80859375 -0.6328125 0.2105712890625
-0.74609375 0.4140625 0.7340087890625
-0.10546875 -0.828125 0.0953369140625
-0.75390625 0.3203125 0.0684814453125
-0.76953125 0.0546875 0.8433837890625
-0.64453125 -0.828125 0.6295166015625
-0.77734375 0.1484375 -0.3651123046875
-0.35546875 -0.8515625 1.2633056640625
-0.78515625 0.6015625 -0.6134033203125
-0.76953125 0.1484375 0.0748291015625
-0.77734375 0.0078125 -0.3577880859375
0.67578125 -0.7421875 -1.01727294921875
0.51171875 -0.859375 0.7359619140625
-0.61328125 -0.84375 0.3150634765625
