VEHICULAR_TRAILER
-0.1171875 -0.68359375 0.9829025268554688
0.02734375 -0.60546875 -0.9524002075195312
-1.0703125 -0.68359375 0.48583221435546875
-0.55078125 -0.63671875 -0.39502716064453125
0.546875 -0.70703125 0.7866134643554688
-0.8046875 -0.63671875 -0.6303787231445312
-0.1640625 -0.62109375 -0.6469802856445312
0.7109375 -0.64453125 0.28759002685546875
-0.1640625 -0.62109375 -0.6469802856445312
-1.12890625 -0.66796875 0.48583221435546875
-0.57421875 -0.66796875 0.5483322143554688
-0.18359375 -0.65234375 -0.20166778564453125
0.390625 -0.68359375 0.9496994018554688
0.8515625 -0.66796875 0.6528244018554688
0.0703125 -0.67578125 0.9477462768554688
0.5078125 -0.65234375 0.48680877685546875
0.8203125 0.55859375 1.1411056518554688
-1.21484375 -0.62890625 -1.0654373168945312
1.203125 -0.71484375 0.7914962768554688
-0.55078125 -0.63671875 -0.39502716064453125
0.390625 -0.68359375 0.9496994018554688
0.02734375 -0.62890625 -0.6513748168945312
0.5390625 -0.64453125 0.6889572143554688
-0.20703125 -0.67578125 0.15184783935546875
-0.49609375 -0.63671875 -0.10010528564453125
-0.734375 -0.64453125 -0.23731231689453125
-0.1171875 -0.68359375 0.9829025268554688
-0.8671875 -0.64453125 0.09716033935546875
-1.03125 -0.67578125 -0.03467559814453125
0.6484375 -0.64453125 0.08544158935546875
0.265625 -0.68359375 0.8832931518554688
0.9765625 -0.68359375 0.44774627685546875
1.21875 -0.63671875 -0.5781326293945312
-0.99609375 -0.66015625 0.09813690185546875
0.09765625 -0.64453125 -0.14893341064453125
-1.05078125 -0.62890625 -0.6250076293945312
-0.86328125 -0.66015625 0.06005096435546875
1.109375 -0.67578125 -0.06201934814453125
-0.96875 -0.67578125 -0.03565216064453125
-1.234375 -0.25390625 -0.6962966918945312
-1.04296875 -0.62890625 -0.6787185668945312
1.0859375 -0.62109375 -0.6806716918945312
0.4609375 -0.62890625 0.08641815185546875
-1.01953125 -0.68359375 0.6489181518554688
-0.765625 -0.66796875 0.29344940185546875
0.71875 -0.68359375 0.7524337768554688
0.1484375 -0.63671875 -0.5507888793945312
1.1171875 -0.67578125 0.34618377685546875
-0.57421875 -0.66796875 0.5483322143554688
-1.171875 -0.64453125 0.09911346435546875
1.1875 -0.67578125 0.34618377685546875
-0.04296875 -0.62890625 -0.5463943481445312
-0.39453125 -0.66796875 0.15282440185546875
-0.58203125 -0.66796875 0.25634002685546875
-0.0390625 -0.62890625 -0.6494216918945312
-0.36328125 -0.65234375 -0.14112091064453125
1.203125 -0.63671875 -0.7854080200195312
0.6484375 -0.62890625 0.28759002685546875
0.07421875 -0.67578125 0.9848556518554688
0.609375 -0.65234375 -0.36084747314453125
0.7734375 -0.71484375 0.7524337768554688
-1.125 -0.66015625 0.39012908935546875
0.015625 -0.63671875 -0.7497634887695312
0.546875 -0.70703125 0.7866134643554688
0.6484375 -0.62890625 0.28759002685546875
0.921875 -0.67578125 0.9555587768554688
0.640625 -0.65234375 0.38719940185546875
-1.12890625 -0.66796875 0.19872283935546875
1.1875 -0.67578125 0.34618377685546875
0.8515625 -0.65234375 0.5483322143554688
0.34375 -0.62890625 -0.41114044189453125
0.1328125 -0.69140625 0.8832931518554688
0.2890625 -0.63671875 -0.25489044189453125
1.1640625 -0.69140625 0.44774627685546875
0.6484375 -0.64453125 0.08544158935546875
0.984375 -0.68359375 0.6538009643554688
0.984375 -0.66015625 0.34716033935546875
-0.890625 -0.67578125 0.19774627685546875
0.0234375 -0.64453125 -0.34912872314453125
-1.06640625 -0.63671875 -1.1130752563476562
-0.30859375 -0.62890625 -0.10303497314453125
0.2265625 -0.63671875 -0.45264434814453125
1.1484375 -0.62890625 -0.6823806762695312
0.15625 -0.63671875 0.9868087768554688
0.15625 -0.63671875 0.9868087768554688
0.9765625 0.58984375 1.0375900268554688
0.71875 -0.68359375 0.9536056518554688
-0.20703125 -0.67578125 0.15184783935546875
-1.25 -0.48828125 0.09716033935546875
-1.078125 -0.67578125 0.5854415893554688
0.15625 -0.63671875 0.9868087768554688
-0.33203125 -0.66796875 0.25438690185546875
-0.953125 -0.68359375 0.19774627685546875
0.671875 -0.62890625 -0.41748809814453125
0.5390625 -0.64453125 0.6889572143554688
0.15625 -0.63671875 0.9868087768554688
-0.9296875 -0.63671875 -0.6274490356445312
0.625 -0.66015625 0.5893478393554688
-0.1015625 -0.66015625 0.05223846435546875
-0.86328125 -0.66015625 0.06005096435546875
1.109375 -0.67578125 -0.06201934814453125
0.8828125 -0.63671875 -0.46778106689453125
-0.9921875 -0.63671875 -0.7231521606445312
-0.796875 -0.66015625 0.05907440185546875
0.21875 -0.65234375 -0.14990997314453125
0.01171875 -0.67578125 0.9829025268554688
0.2265625 -0.63671875 -0.25391387939453125
-0.9296875 -0.63671875 -0.6274490356445312
-0.96875 -0.67578125 -0.03565216064453125
0.5390625 -0.62890625 -0.41504669189453125
0.09375 -0.62890625 -0.5498123168945312
1.0859375 -0.62109375 -0.6806716918945312
0.421875 -0.63671875 -0.45752716064453125
-1.1171875 -0.66796875 0.09911346435546875
-1.14453125 -0.68359375 0.5854415893554688
1.078125 -0.63671875 -0.5742263793945312
0.2109375 -0.66796875 0.6870040893554688
-0.2734375 -0.66796875 -0.04346466064453125
-0.20703125 -0.67578125 -0.04444122314453125
1.2421875 -0.66796875 0.13915252685546875
0.1484375 -0.64453125 -0.35157012939453125
0.296875 -0.68359375 0.7856369018554688
-0.93359375 -0.65234375 0.09716033935546875
-0.18359375 -0.65234375 -0.20166778564453125
0.546875 -0.65234375 -0.35938262939453125
0.5234375 -0.67578125 0.9516525268554688
-1.0546875 -0.66015625 0.09813690185546875
-0.140625 -0.67578125 -0.04541778564453125
-0.03125 -0.61328125 -0.44824981689453125
-1.015625 -0.68359375 0.5854415893554688
0.5390625 -0.63671875 -0.7649002075195312
0.5859375 -0.68359375 0.9516525268554688
0.78125 0.62109375 1.1430587768554688
0.78125 0.62109375 1.1430587768554688
-0.37109375 -0.65234375 -0.00440216064453125
-0.94140625 -0.67578125 0.39012908935546875
-0.80078125 -0.65234375 -0.00049591064453125
-0.046875 -0.62890625 -0.7482986450195312
-1.125 -0.62109375 -1.1122512817382812
0.5390625 -0.63671875 -0.7649002075195312
-0.515625 -0.66015625 0.25536346435546875
0.1484375 -0.63671875 -0.40723419189453125
-0.5625 -0.66015625 -0.19629669189453125
-0.8984375 -0.66796875 0.15673065185546875
0.4453125 -0.69921875 0.8500900268554688
0.4765625 -0.63671875 0.6889572143554688
-0.421875 -0.66796875 0.05614471435546875
-0.2265625 -0.64453125 -0.24561309814453125
-0.55859375 -0.63671875 -0.7341384887695312
-1.0546875 -0.67578125 -0.18946075439453125
0.0703125 -0.69140625 0.8813400268554688
-0.83203125 -0.66015625 -0.03760528564453125
-1.01171875 -0.67578125 0.48583221435546875
-0.75 -0.64453125 -0.7290115356445312
-0.88671875 -0.66015625 0.29344940185546875
-0.76953125 -0.66015625 0.25731658935546875
-0.48046875 -0.63671875 -0.39600372314453125
1.03125 -0.70703125 0.8539962768554688
-0.9453125 -0.66015625 0.29344940185546875
0.5390625 -0.63671875 -0.7649002075195312
0.921875 -0.65234375 0.5483322143554688
-0.765625 -0.68359375 0.19676971435546875
0.578125 -0.62890625 0.28759002685546875
1.03125 -0.68359375 0.44774627685546875
0.296875 -0.65234375 0.5883712768554688
1.1875 -0.67578125 0.34618377685546875
-1.234375 -0.20703125 -1.1469650268554688
-0.55078125 -0.66015625 -0.13819122314453125
-0.98828125 -0.63671875 -0.6264724731445312
-0.92578125 -0.65234375 0.00145721435546875
-0.1171875 -0.68359375 0.9829025268554688
-0.96875 -0.67578125 -0.03565216064453125
0.5703125 -0.65234375 0.48680877685546875
0.08984375 -0.61328125 -0.9538650512695312
-0.71875 -0.67578125 -0.03858184814453125
-0.61328125 -0.67578125 0.05809783935546875
-0.8125 -0.66015625 -0.09619903564453125
0.59375 -0.66796875 0.7524337768554688
1.1796875 -0.66796875 -0.06397247314453125
0.2890625 -0.63671875 -0.25489044189453125
-1.23828125 -0.60546875 -1.1106033325195312
-0.1640625 -0.66015625 0.05321502685546875
-0.65234375 -0.67578125 0.15575408935546875
0.2265625 -0.63671875 -0.45264434814453125
0.4453125 -0.69921875 0.8500900268554688
0.75 0.71484375 1.1469650268554688
0.71875 -0.68359375 0.7524337768554688
-0.83984375 -0.66796875 0.15673065185546875
0.6015625 -0.64453125 -0.7663650512695312
0.3984375 -0.68359375 0.8852462768554688
1.046875 -0.66796875 0.5483322143554688
-0.1171875 -0.68359375 0.9829025268554688
0.1328125 -0.67578125 0.9477462768554688
0.5390625 -0.63671875 -0.7649002075195312
0.09375 -0.62890625 -0.5498123168945312
0.03125 -0.64453125 -0.25000762939453125
-0.359375 -0.62890625 -0.39844512939453125
0.08984375 -0.61328125 -0.9538650512695312
1.21875 -0.62890625 -0.6840896606445312
1.078125 -0.63671875 -0.5742263793945312
