VEHICULAR_TRAILER
-0.71875 -0.74609375 -0.07568359375
0.49609375 -0.73046875 0.11083984375
-0.98828125 -0.75390625 0.01708984375
0.7109375 -0.72265625 -0.36767578125
-0.515625 -0.71484375 -0.544921875
1.0390625 -0.73046875 -0.17431640625
-0.19140625 -0.76953125 0.58056640625
-0.80078125 -0.71484375 -0.82373046875
-0.58984375 -0.74609375 0.20361328125
-0.48046875 -0.74609375 0.39111328125
-1.248046875 0.76953125 -0.40673828125
0.05859375 -0.76171875 0.67431640625
-0.54296875 -0.74609375 0.01611328125
-0.1015625 -0.73046875 -0.17236328125
1.02734375 -0.74609375 0.20654296875
-0.93359375 -0.75390625 0.39013671875
0.38671875 -0.72265625 0.20556640625
-0.5703125 -0.71484375 -0.54443359375
0.68359375 -0.71484375 -0.08056640625
0.1796875 -0.72265625 -0.552734375
-0.54296875 -0.74609375 0.01611328125
-0.05859375 -0.70703125 -0.74072265625
-0.25390625 -0.76171875 0.01708984375
0.765625 -0.73046875 -0.55810546875
-0.16796875 -0.74609375 0.48583984375
1.02734375 -0.74609375 0.20654296875
1.01171875 -0.72265625 -0.46484375
-0.546875 -0.77734375 0.57666015625
0.66796875 -0.73046875 0.11181640625
0.609375 -0.73046875 0.39599609375
0.62890625 -0.73046875 0.10986328125
0.9140625 -0.74609375 -0.36376953125
1.16015625 -0.74609375 0.30126953125
0.45703125 -0.72265625 -0.17236328125
0.5546875 -0.73828125 0.30029296875
0.3828125 -0.74609375 0.20458984375
-0.37109375 -0.73046875 0.01611328125
-0.53125 -0.74609375 0.48486328125
1.16015625 -0.76171875 0.39599609375
-0.23046875 -0.72265625 -0.17041015625
-0.203125 -0.76953125 0.57861328125
-0.1953125 -0.76171875 0.20458984375
0.16015625 -0.76171875 0.48779296875
0.2109375 -0.74609375 -0.07861328125
-0.37890625 -0.76171875 0.57666015625
1.21875 -0.76953125 0.49267578125
0.12109375 -0.72265625 -0.36279296875
-0.0546875 -0.75390625 0.48583984375
-1.017578125 -0.74609375 0.48193359375
-0.41796875 -0.74609375 0.29833984375
-0.22265625 -0.74609375 0.48486328125
1.1484375 -0.76171875 -0.27392578125
0.71875 -0.76171875 0.58447265625
0.11328125 -0.71484375 -0.7421875
-0.51171875 -0.75390625 0.48388671875
0.4765625 -0.72265625 -0.4599609375
0.5 -0.73046875 0.01708984375
-1.048828125 -0.74609375 0.10986328125
-0.48046875 -0.75390625 0.29638671875
0.7734375 -0.73828125 -0.17626953125
-0.75 -0.73046875 -0.07666015625
0.8828125 -0.72265625 -0.36865234375
0.74609375 -0.75390625 0.39501953125
-1.263671875 0.08203125 -0.48046875
-0.203125 -0.76953125 0.57861328125
0.62890625 -0.73046875 0.10986328125
-1.166015625 -0.75390625 0.20361328125
0.796875 -0.73828125 -0.27197265625
0.29296875 -0.70703125 -0.55029296875
0.65234375 -0.72265625 -0.46142578125
0.50390625 -0.73046875 0.20556640625
1.0078125 -0.77734375 0.58642578125
-1.2578125 -0.58984375 0.10986328125
0.39453125 -0.71484375 -0.26708984375
0.11328125 -0.76171875 0.67431640625
-1.23828125 -0.60546875 -0.35986328125
-0.39453125 -0.73828125 -0.17138671875
-0.046875 -0.72265625 -0.17236328125
-0.0546875 -0.71484375 -0.83447265625
0.9921875 -0.74609375 0.49169921875
0.1796875 -0.72265625 -0.36376953125
-0.6015625 -0.76171875 0.20458984375
0.30859375 -0.72265625 -0.17431640625
0.796875 -0.73046875 -0.07861328125
-0.203125 -0.76953125 0.57861328125
1.09765625 -0.77734375 0.58837890625
0.28125 -0.76953125 0.67822265625
0.29296875 -0.70703125 -0.55029296875
0.8046875 -0.73828125 -0.17333984375
-0.853515625 -0.76953125 0.66845703125
0.34375 -0.72265625 -0.17236328125
0.96484375 0.45703125 0.92822265625
-1.00390625 -0.74609375 -0.26220703125
0.15625 -0.73828125 0.10986328125
0.6171875 -0.74609375 0.20458984375
0.50390625 -0.73046875 0.20556640625
-0.796875 -0.75390625 0.48291015625
-0.30859375 -0.73046875 0.11083984375
0.29296875 -0.70703125 -0.55029296875
0.16796875 -0.72265625 -0.17138671875
0.20703125 -0.75390625 0.01708984375
-0.83203125 -0.74609375 0.01708984375
1.1796875 -0.73828125 -0.5625
0.9765625 -0.76953125 0.58642578125
-0.41796875 -0.74609375 -0.07666015625
-0.33984375 -0.76171875 0.48486328125
0.45703125 -0.75390625 0.67822265625
-0.99609375 -0.76171875 0.57470703125
0.56640625 -0.72265625 -0.07861328125
0.8984375 -0.73828125 0.39697265625
0.79296875 -0.73046875 0.01416015625
-1.267578125 0.70703125 0.60986328125
-0.578125 -0.73046875 -0.17041015625
-0.943359375 -0.74609375 0.01708984375
-0.4296875 -0.76171875 0.29638671875
-1.244140625 -0.57421875 -0.35888671875
-1.267578125 0.70703125 0.60986328125
-0.171875 -0.76171875 0.67236328125
0.15625 -0.73828125 -0.07763671875
0.10546875 -0.76171875 0.48681640625
-0.140625 -0.74609375 -0.26611328125
0.765625 -0.71484375 -0.654296875
0.53125 -0.71484375 -0.65185546875
-0.48046875 -0.75390625 0.29638671875
-1.1015625 -0.76953125 0.48291015625
-0.45703125 -0.71484375 -0.54541015625
-0.2578125 -0.76953125 0.57861328125
-0.7109375 -0.75390625 0.29736328125
-0.21875 -0.70703125 -0.45458984375
0.43359375 -0.73046875 0.39501953125
0.56640625 -0.72265625 -0.07861328125
1.0078125 -0.77734375 0.58642578125
-0.625 -0.76953125 0.66845703125
0.3125 -0.74609375 0.39404296875
-0.3203125 -0.74609375 -0.26513671875
0.796875 -0.73046875 -0.07861328125
0.8046875 -0.73828125 -0.17333984375
1.1640625 -0.74609375 0.10888671875
1.15234375 -0.73828125 -0.36474609375
0.86328125 -0.73828125 -0.17333984375
0.8828125 -0.73046875 -0.55908203125
1.046875 0.39453125 0.92041015625
-0.1328125 -0.74609375 0.10986328125
1.21484375 -0.73828125 -0.36572265625
-0.59375 -0.74609375 0.01708984375
-0.1015625 -0.71484375 -0.45556640625
-1.255859375 0.34765625 0.60205078125
0.80859375 -0.76171875 0.68017578125
0.30859375 -0.72265625 -0.17431640625
0.96484375 0.45703125 0.92822265625
-0.765625 -0.74609375 0.10986328125
0.9765625 -0.73828125 0.01318359375
-1.048828125 -0.74609375 0.10986328125
-0.29296875 -0.76171875 0.76611328125
1.06640625 -0.72265625 -0.65771484375
0.45703125 -0.72265625 -0.17236328125
1.21875 -0.74609375 0.30126953125
0.96484375 -0.73828125 0.20654296875
0.0390625 -0.73828125 0.10986328125
-1.076171875 -0.75390625 0.48193359375
-1.080078125 -0.73046875 -0.16943359375
-0.7734375 -0.75390625 0.20361328125
0.55859375 -0.72265625 0.01416015625
-0.01171875 -0.71484375 -0.26513671875
0.5 -0.71484375 0.01416015625
-1.205078125 -0.60546875 0.20361328125
0.9140625 -0.73046875 -0.07861328125
-0.25 -0.73828125 0.10986328125
-1.158203125 -0.73828125 0.01708984375
0.68359375 -0.71484375 -0.08056640625
1.20703125 -0.76953125 0.20556640625
-1.20703125 -0.72265625 0.01708984375
1.16015625 -0.76171875 0.39599609375
0.90234375 -0.75390625 0.01708984375
0.796875 -0.73828125 -0.27197265625
-0.919921875 -0.73046875 -0.16943359375
-0.48828125 -0.73046875 0.01611328125
-0.37109375 -0.73828125 0.39111328125
-0.1953125 -0.76171875 0.20458984375
-0.66015625 -0.75390625 0.39013671875
-0.29296875 -0.70703125 -0.73828125
0.21875 -0.73828125 0.10986328125
1.08984375 -0.77734375 0.20556640625
-1.076171875 -0.75390625 0.48193359375
0.14453125 -0.75390625 0.29833984375
0.796875 -0.74609375 0.20458984375
0.62890625 -0.72265625 0.30029296875
-0.125 -0.73046875 -0.35791015625
0.3984375 -0.72265625 0.29931640625
-0.873046875 -0.73828125 0.20263671875
-0.52734375 -0.73828125 -0.35693359375
-0.59375 -0.76953125 0.57861328125
1.08984375 -0.73828125 -0.36474609375
-0.4765625 -0.74609375 0.20361328125
1.1640625 -0.71484375 -0.55712890625
-0.11328125 -0.76171875 0.67236328125
0.6171875 -0.74609375 -0.27099609375
-0.65625 -0.76171875 0.20458984375
0.71484375 0.61328125 0.92431640625
-0.0859375 -0.73828125 0.11083984375
