VEHICULAR_TRAILER
0.09228515625 -1.1015625 1.139892578125
0.61181640625 -1.078125 -0.073486328125
-1.49658203125 -1.1015625 0.499267578125
0.18994140625 -1.0546875 -0.341552734375
0.07275390625 -1.0546875 -0.341064453125
0.66650390625 -1.0859375 0.111572265625
-0.98974609375 -1.0859375 0.485595703125
-1.26123046875 -1.09375 0.855712890625
1.33056640625 -0.2109375 -1.1593017578125
-0.82177734375 -1.0703125 0.312744140625
-0.65185546875 -1.0859375 0.396728515625
-1.02099609375 -1.0703125 0.115478515625
-1.08154296875 -1.109375 1.143798828125
0.27587890625 -1.0703125 0.022216796875
0.81884765625 -1.125 1.048095703125
-0.30029296875 -1.046875 -0.443115234375
-0.14208984375 -1.0390625 -0.714111328125
0.50830078125 -0.9140625 -1.07037353515625
-1.56689453125 -1.078125 0.026611328125
-1.07373046875 -1.0703125 -0.067626953125
0.62353515625 -1.078125 0.300048828125
0.49072265625 -1.0703125 -0.262451171875
0.72509765625 -1.0625 -0.355712890625
0.68212890625 -1.09375 0.681884765625
0.42626953125 -1.1171875 1.046142578125
0.47900390625 -1.1015625 0.858642578125
-1.04248046875 -1.0859375 0.406494140625
0.61962890625 0.0546875 1.290283203125
0.35986328125 -1.0703125 0.394775390625
-0.92333984375 -1.0546875 -0.057373046875
-0.93115234375 -1.09375 0.396728515625
-0.69091796875 -1.109375 1.143798828125
-1.50048828125 -1.109375 0.775634765625
0.34423828125 -1.078125 0.496337890625
0.42626953125 -1.0390625 -0.71923828125
-1.29052734375 -1.0703125 0.026611328125
-0.34521484375 -1.046875 -0.164306640625
-0.31982421875 -1.09375 0.404541015625
-0.12646484375 -1.046875 -0.350341796875
-0.79638671875 -1.078125 0.115478515625
-0.77685546875 -1.09375 0.498291015625
-1.08544921875 -1.0625 -0.255126953125
0.18603515625 -1.0625 0.310791015625
-1.31591796875 -1.078125 0.579345703125
0.55517578125 -1.109375 0.867431640625
-1.37744140625 -1.0859375 0.406494140625
-1.07373046875 -1.0546875 -0.161865234375
-0.46435546875 -1.1015625 1.137939453125
0.27587890625 -1.0703125 0.022216796875
-1.14013671875 -1.0546875 -0.255615234375
-0.43896484375 -1.09375 0.497314453125
-0.79443359375 -1.0703125 -0.068115234375
0.68603515625 0.1015625 1.292236328125
-0.08154296875 -1.1171875 1.145751953125
-1.37255859375 -1.09375 0.855712890625
-1.54833984375 -1.0625 0.221923828125
-1.22607421875 -1.0859375 0.867431640625
-1.11083984375 -1.078125 0.591064453125
-0.98974609375 -1.0859375 0.485595703125
0.69970703125 -1.046875 -0.346435546875
-0.57177734375 -1.0546875 -0.163330078125
0.38134765625 0.1015625 1.290283203125
0.08251953125 -1.1171875 1.145751953125
-0.23974609375 -1.0234375 -0.633544921875
0.07275390625 -1.0546875 -0.341064453125
-0.50537109375 -1.0859375 0.867431640625
-1.43701171875 -1.1015625 0.210205078125
0.13720703125 -1.0859375 0.674072265625
0.53564453125 -1.046875 -0.72021484375
-1.15771484375 -1.09375 0.406494140625
-0.76904296875 -1.0859375 0.128173828125
-0.92138671875 -1.1015625 1.042236328125
1.45556640625 -0.1953125 -1.1627197265625
-0.09716796875 -1.046875 0.682861328125
-1.58544921875 -1.109375 1.143798828125
-0.15185546875 -1.0703125 0.208251953125
0.13916015625 -1.046875 -0.716064453125
-0.58740234375 -1.109375 1.042236328125
-1.20458984375 -1.0703125 0.313720703125
-1.37841796875 -1.0859375 0.129150390625
-0.92138671875 -1.1015625 1.042236328125
-0.13818359375 -1.109375 1.145751953125
0.47509765625 -1.0625 -0.063232421875
0.02001953125 -1.078125 0.485595703125
0.48876953125 -1.1171875 1.139892578125
-0.97216796875 -1.0546875 -0.255615234375
-1.37744140625 -1.09375 0.396728515625
0.40087890625 -1.0859375 0.496337890625
0.18994140625 -1.0625 -0.061767578125
-0.70068359375 -1.078125 0.579345703125
-1.43701171875 -1.1015625 0.210205078125
0.70556640625 -1.109375 1.048095703125
-0.56005859375 -1.1015625 1.052001953125
0.48291015625 -1.1171875 1.046142578125
-0.75732421875 -1.046875 -0.057861328125
-1.38037109375 -1.078125 0.683837890625
-0.80419921875 -1.09375 0.960205078125
-0.57177734375 -1.0546875 -0.163330078125
0.63916015625 -1.09375 0.485595703125
-1.57666015625 -1.0859375 0.116455078125
0.57861328125 -1.078125 0.402587890625
-0.30810546875 -1.0859375 0.579345703125
-1.15771484375 -1.078125 0.485595703125
0.09423828125 -1.0625 -0.445068359375
-0.85302734375 -1.0546875 -0.346435546875
-0.43115234375 -1.0859375 0.404541015625
-1.19873046875 -1.1015625 1.042236328125
0.02978515625 -1.078125 0.857666015625
0.76416015625 -1.109375 1.048095703125
-0.21044921875 -1.0703125 0.126220703125
-0.97412109375 -1.0859375 0.765869140625
-0.52490234375 -1.0546875 -0.441650390625
-1.43701171875 -1.046875 0.220947265625
-1.21044921875 -1.09375 0.396728515625
0.33837890625 -1.0859375 0.589111328125
-0.20263671875 -1.0546875 -0.339599609375
-0.82177734375 -1.078125 0.128173828125
0.19775390625 -1.09375 0.960205078125
-0.65185546875 -1.1015625 0.673095703125
-0.32568359375 -1.078125 0.681884765625
-1.26123046875 -1.09375 0.855712890625
-0.47802734375 -1.0859375 0.856689453125
0.60791015625 -1.046875 -0.64013671875
0.09814453125 -1.0625 -0.350830078125
0.00048828125 -1.0703125 0.589111328125
-0.65966796875 -1.0625 0.219970703125
-0.34716796875 -1.0625 -0.070068359375
-0.25927734375 -1.0546875 -0.339111328125
0.74462890625 -1.078125 0.215087890625
0.50048828125 -1.1171875 1.053955078125
-0.36865234375 -1.0546875 -0.059326171875
0.64306640625 -1.0625 -0.064208984375
-0.68896484375 -1.109375 1.135986328125
-1.24951171875 -1.1015625 1.143798828125
0.00634765625 -1.0703125 0.496337890625
-0.99169921875 -1.0859375 0.128173828125
0.76416015625 -1.09375 0.961181640625
0.60986328125 -1.0625 -0.354736328125
0.19775390625 -1.0703125 0.579345703125
0.20751953125 -1.0625 -0.260498046875
-0.87646484375 -1.1015625 0.210205078125
-0.46826171875 -1.0859375 0.950439453125
-0.44677734375 -1.0859375 0.867431640625
0.31494140625 -1.0703125 0.579345703125
-1.54833984375 -1.0625 0.221923828125
-0.57177734375 -1.0625 -0.347412109375
0.65673828125 -1.0625 -0.449951171875
0.70947265625 -1.0234375 -0.723876953125
0.22509765625 -1.0703125 0.022705078125
-0.07763671875 -1.1171875 1.137939453125
0.48291015625 -1.0390625 -0.719970703125
0.30126953125 -1.078125 0.394775390625
-0.19287109375 -1.03125 -0.7138671875
-0.57763671875 -1.109375 1.135986328125
-0.90771484375 -1.0625 -0.345947265625
0.10595703125 -1.078125 0.867431640625
-1.54931640625 -1.109375 0.210205078125
-0.00537109375 -1.1171875 1.052001953125
-0.52880859375 -1.0234375 -0.712646484375
-0.40380859375 -1.0625 0.114501953125
-1.24365234375 -1.0703125 0.116455078125
-0.97216796875 -1.0546875 -0.255615234375
-0.08544921875 -1.0859375 0.766845703125
-1.25341796875 -1.1015625 1.042236328125
-1.47412109375 -1.09375 0.948486328125
-0.32958984375 -1.1015625 0.774658203125
-1.01708984375 -1.0625 -0.161865234375
-0.95263671875 -1.078125 0.302978515625
-0.70458984375 -1.0546875 -0.058349609375
-1.68505859375 -1.046875 -0.068115234375
-1.25341796875 -1.1015625 1.042236328125
0.24462890625 -1.078125 0.394775390625
-0.62060546875 -1.078125 0.302978515625
-1.54833984375 -1.0859375 0.683837890625
-0.53857421875 -1.046875 -0.338134765625
0.19775390625 -1.09375 0.960205078125
-0.34716796875 -1.0625 -0.070068359375
0.52978515625 -1.0625 -0.063720703125
-1.65771484375 -1.0703125 0.221923828125
-1.09521484375 -1.078125 0.313720703125
-0.15185546875 -1.0703125 0.125244140625
0.08251953125 -1.1171875 1.145751953125
0.54150390625 -1.046875 -0.828369140625
-0.67529296875 -1.078125 0.025634765625
-0.80419921875 -1.0859375 0.949462890625
0.44970703125 -1.0859375 0.589111328125
-0.70654296875 -1.109375 0.673095703125
-1.41552734375 -1.09375 1.145751953125
0.22509765625 -1.0703125 0.022705078125
-1.20068359375 -1.0546875 -0.056884765625
0.30322265625 -1.0625 0.309814453125
-0.54248046875 -1.09375 0.405517578125
-0.85302734375 -1.0703125 0.115478515625
-0.75341796875 -1.1015625 1.143798828125
-0.61474609375 -1.0859375 0.867431640625
0.64306640625 -1.109375 0.960205078125
-1.00146484375 -1.1015625 1.052001953125
-1.50537109375 -1.1015625 0.867431640625
-0.93310546875 -1.0859375 0.128173828125
-0.14599609375 -1.0546875 -0.339599609375
