VEHICULAR_TRAILER
-1.240478515625 -1.19140625 0.239013671875
-0.718017578125 -1.19140625 0.997802734375
0.667724609375 -1.20703125 1.072021484375
-1.631103515625 -1.17578125 0.814208984375
-0.915283203125 -1.21484375 1.089599609375
-0.449462890625 -1.13671875 -0.298095703125
0.398193359375 -1.19140625 0.998779296875
-1.068603515625 -1.18359375 0.700927734375
0.509521484375 -1.16015625 -0.416259765625
-0.402587890625 -1.17578125 0.721435546875
-0.955322265625 -1.18359375 0.445068359375
-0.170166015625 -1.20703125 1.070068359375
-0.692626953125 -1.19140625 1.089599609375
-0.494384765625 -1.20703125 1.183349609375
0.704833984375 -1.19140625 0.816162109375
-0.011962890625 -1.16796875 0.422607421875
0.784912109375 -1.21484375 0.999755859375
-1.012939453125 -1.19140625 0.700927734375
-0.388916015625 -1.13671875 -0.599853515625
-0.439697265625 -1.12109375 -0.6708984375
0.741943359375 -1.16015625 0.141357421875
-1.520751953125 -1.16796875 0.628662109375
-1.567626953125 -1.19140625 0.700927734375
0.073974609375 -1.17578125 0.052001953125
-1.156494140625 -1.19921875 1.183349609375
-0.224853515625 -1.16015625 -0.225830078125
0.357177734375 -1.17578125 0.329833984375
-0.720947265625 -1.12890625 -0.598876953125
0.616943359375 -1.19921875 0.999755859375
-1.631103515625 -1.17578125 0.516357421875
-1.557861328125 -1.17578125 1.070068359375
-1.605712890625 -1.17578125 0.146240234375
-1.448486328125 -1.14453125 -0.224853515625
-1.160400390625 -1.19140625 0.996826171875
-0.582275390625 -1.19921875 1.089599609375
-0.892822265625 -1.14453125 -0.018798828125
-0.791259765625 -1.15234375 0.258544921875
-1.067626953125 -1.15234375 0.258544921875
-1.047119140625 -1.18359375 0.997802734375
0.478271484375 -1.19921875 0.815185546875
-1.635986328125 -1.19140625 0.239013671875
0.349365234375 -1.16796875 0.143310546875
-0.631103515625 -1.19140625 0.814208984375
-1.184814453125 -1.19140625 0.239013671875
0.070068359375 -1.16015625 0.144287109375
-1.062744140625 -1.15234375 -0.224365234375
-0.275634765625 -1.18359375 0.978271484375
-1.102783203125 -1.19140625 1.183349609375
0.015380859375 -1.16015625 0.144287109375
-0.494384765625 -0.80859375 -1.04931640625
-0.338134765625 -1.16015625 0.352294921875
-1.174072265625 -1.17578125 0.165771484375
0.804443359375 -1.19140625 0.906982421875
-0.402587890625 -1.15234375 0.258544921875
-0.506103515625 -1.17578125 0.885498046875
0.091552734375 -1.19140625 0.815185546875
-0.678955078125 -1.19140625 0.700927734375
0.675537109375 -1.16015625 -0.231201171875
-0.938720703125 -1.16015625 -0.317626953125
-0.508056640625 -1.16796875 0.608154296875
-1.132080078125 -1.19921875 1.089599609375
0.376708984375 -1.16796875 0.722412109375
-0.545166015625 -1.16015625 0.145263671875
-0.115478515625 -1.14453125 -0.787109375
-0.615478515625 -1.17578125 0.792724609375
-0.459228515625 -1.19921875 0.700927734375
0.284912109375 -1.20703125 1.163818359375
-0.070556640625 -1.15234375 0.258544921875
0.275146484375 -1.16015625 0.351318359375
-0.796142578125 -1.19140625 0.535888671875
-0.728759765625 -1.12890625 -0.298095703125
-0.045166015625 -1.14453125 -0.134521484375
-0.293212890625 -1.16796875 0.721435546875
0.097412109375 -1.15234375 0.258544921875
-1.448486328125 -1.12109375 -0.599365234375
0.218505859375 -1.15234375 0.351318359375
0.031005859375 -1.16015625 0.628662109375
-0.078369140625 -1.18359375 0.815185546875
0.741943359375 -1.16015625 0.141357421875
-1.130126953125 -1.19140625 0.535888671875
-0.004150390625 -1.14453125 -0.298583984375
0.714599609375 -1.19140625 0.421630859375
0.605224609375 -1.17578125 0.351318359375
-1.622314453125 -1.17578125 0.885498046875
0.284912109375 -1.12890625 -0.673095703125
-0.386962890625 -1.15234375 -0.225830078125
0.263427734375 -1.16796875 0.722412109375
0.609130859375 -1.19921875 0.608154296875
-0.938720703125 -1.15234375 -0.132080078125
-1.664306640625 -1.15234375 -0.317626953125
-1.491455078125 -1.16796875 -0.038818359375
-1.388916015625 -1.16015625 -0.409912109375
-0.275634765625 -1.18359375 0.978271484375
-1.014892578125 -1.15234375 0.258544921875
-0.738525390625 -1.17578125 0.721435546875
-1.152587890625 -1.17578125 0.054443359375
0.322021484375 -1.16796875 0.515380859375
-0.158447265625 -1.16015625 -0.319580078125
-0.539306640625 -1.16796875 0.053466796875
-0.494384765625 -0.80859375 -1.04931640625
-0.459228515625 -1.16796875 0.515380859375
0.333740234375 -1.22265625 0.978271484375
-0.882080078125 -1.19921875 0.996826171875
-0.324462890625 -1.16796875 -0.040283203125
0.157958984375 -1.15234375 0.515380859375
-0.832275390625 -1.12109375 -0.670654296875
-1.184814453125 -1.17578125 0.516357421875
-0.633056640625 -1.16796875 0.515380859375
-0.951416015625 -1.20703125 1.070068359375
-1.286376953125 -1.16796875 0.608154296875
0.435302734375 -1.19140625 0.445068359375
-0.345947265625 -1.16796875 0.165771484375
-1.413330078125 -1.21484375 1.089599609375
-0.011962890625 -1.16796875 0.445068359375
-1.058837890625 -1.12890625 -0.298095703125
-0.650634765625 -1.17578125 0.053955078125
0.558349609375 0.06640625 1.232177734375
-1.006103515625 -1.13671875 -0.297607421875
-0.135009765625 -1.15234375 0.628662109375
-1.343017578125 -1.16015625 0.608154296875
-0.545166015625 -1.14453125 -0.133056640625
0.616943359375 -1.19921875 0.999755859375
0.349365234375 -1.16796875 -0.042236328125
-0.119384765625 -1.16796875 0.608154296875
-0.631103515625 -1.19140625 0.814208984375
0.054443359375 -1.16796875 0.792724609375
0.468505859375 -1.16796875 0.050048828125
0.200927734375 -1.19921875 0.815185546875
-0.168212890625 -1.13671875 -0.019287109375
-1.615478515625 -1.15234375 -0.224853515625
-0.484619140625 -1.15234375 0.330810546875
-0.345947265625 -1.19140625 0.700927734375
-0.945556640625 -1.19140625 0.977294921875
-1.550048828125 -1.16796875 0.146240234375
0.095458984375 -1.16796875 0.722412109375
-1.380126953125 -1.16796875 -0.038818359375
-0.482666015625 -1.17578125 0.053466796875
0.544677734375 -1.18359375 0.445068359375
-1.123291015625 -1.19140625 0.721435546875
0.052490234375 -1.14453125 -0.788330078125
-0.420166015625 -1.18359375 0.905029296875
-1.558837890625 -1.14453125 -0.298583984375
-1.181884765625 -1.19140625 0.814208984375
-0.950439453125 -1.19140625 0.792724609375
-1.333251953125 -1.15234375 -0.410400390625
-1.510009765625 -1.16796875 0.608154296875
-0.019775390625 -1.17578125 0.535888671875
0.443115234375 -1.16015625 -0.299560546875
0.163818359375 -1.16796875 0.608154296875
0.198974609375 -1.16796875 0.628662109375
-1.509033203125 -1.17578125 0.165771484375
-0.459228515625 -1.16796875 0.721435546875
-0.015869140625 -1.16015625 0.722412109375
-0.293212890625 -1.16796875 0.721435546875
-0.607666015625 -1.19921875 1.161865234375
-0.759033203125 -1.16796875 0.330810546875
0.171630859375 -1.20703125 1.163818359375
0.566162109375 -1.20703125 1.163818359375
-1.635986328125 -1.19140625 0.239013671875
0.732177734375 -1.16015625 -0.418701171875
0.364990234375 -1.19921875 0.815185546875
-1.006103515625 -1.19140625 0.792724609375
-0.562744140625 -1.12890625 -0.786376953125
0.331787109375 -1.14453125 -0.299560546875
-0.347900390625 -1.18359375 0.445068359375
-0.956298828125 -1.17578125 0.721435546875
0.126708984375 -1.15234375 0.143310546875
-0.381103515625 -1.16796875 -0.039794921875
-0.010009765625 -1.16015625 0.165771484375
0.275146484375 -1.21484375 0.978271484375
0.722412109375 -1.19921875 0.793701171875
-0.664306640625 -1.18359375 0.977294921875
-1.067626953125 -1.15234375 0.258544921875
-0.785400390625 -1.16796875 0.608154296875
-0.174072265625 -1.18359375 0.885498046875
0.659912109375 -1.19921875 0.700927734375
-0.517822265625 -1.18359375 0.239013671875
-0.776611328125 -1.12890625 -0.67041015625
0.218505859375 -1.15234375 0.351318359375
0.501708984375 -1.18359375 0.793701171875
0.605224609375 -0.02734375 1.325927734375
-1.481689453125 -1.17578125 0.331787109375
-1.569580078125 -1.17578125 0.721435546875
-1.575439453125 -1.17578125 0.516357421875
-1.114501953125 -1.16796875 0.351318359375
0.171630859375 -1.15234375 -0.414794921875
-1.664306640625 -1.15234375 -0.317626953125
-0.724853515625 -1.14453125 -0.018798828125
-1.616455078125 -1.17578125 0.351318359375
-0.513916015625 -1.18359375 0.423583984375
0.425537109375 -1.19921875 0.815185546875
-1.433837890625 -1.19921875 0.996826171875
-0.021728515625 -1.18359375 0.815185546875
-0.187744140625 -1.19140625 0.535888671875
0.222412109375 -1.16015625 -0.019287109375
-1.510009765625 -1.16796875 0.608154296875
0.585693359375 -1.19921875 0.906005859375
-1.574462890625 -1.19140625 0.239990234375
-1.175048828125 -1.16796875 0.608154296875
0.054443359375 -1.16015625 0.886474609375
