VEHICULAR_TRAILER
0.50390625 -1.17578125 -0.04833984375
0.42236328125 -1.17578125 0.50732421875
-1.55908203125 -1.13671875 -0.906005859375
-0.19647216796875 -1.15234375 -0.486328125
0.5498046875 -1.17578125 0.04541015625
0.5400390625 -1.16796875 -0.32568359375
-1.58935546875 -1.17578125 0.03955078125
0.33056640625 -1.21484375 1.06005859375
-0.68603515625 -1.15234375 -0.1455078125
0.2041015625 -1.15234375 -0.20849609375
-1.47021484375 -1.17578125 -0.05517578125
-0.1392059326171875 -1.18359375 0.32177734375
-1.30322265625 -1.21484375 1.06787109375
-1.15576171875 -1.18359375 0.41455078125
-1.65576171875 -1.19140625 0.69482421875
-1.65283203125 -1.16015625 -0.24462890625
-1.56494140625 -1.19140625 0.45263671875
-1.47900390625 -1.15234375 -0.24365234375
1.59619140625 1.11328125 -0.31494140625
0.63525390625 -1.20703125 0.34912109375
-1.0458984375 -1.19921875 0.63427734375
-0.85986328125 -1.20703125 0.69287109375
0.173095703125 -1.16796875 0.22900390625
-1.60302734375 -1.19140625 0.78955078125
1.59619140625 1.16015625 -0.25146484375
0.60546875 -1.16796875 -0.419921875
-0.43212890625 -1.19140625 0.72607421875
0.54052734375 -1.20703125 0.69091796875
0.314697265625 -1.16796875 0.16259765625
0.75390625 -1.19140625 0.41455078125
-0.478515625 -1.17578125 0.53857421875
-1.32470703125 -1.20703125 0.32080078125
-0.74169921875 -1.16015625 -0.23828125
0.470703125 -1.17578125 0.07080078125
-0.68603515625 -1.15234375 -0.1455078125
-1.27392578125 -1.16015625 -0.01806640625
-1.54052734375 -1.16015625 -0.43310546875
-0.97412109375 -1.19921875 0.69287109375
-1.03564453125 -1.16796875 0.16748046875
-1.27490234375 -1.19921875 0.35791015625
-1.31884765625 -1.14453125 -0.7138671875
1.45458984375 1.06640625 0.00537109375
1.43603515625 1.09765625 0.06982421875
-1.66552734375 -1.14453125 -0.718017578125
0.64892578125 -0.01171875 1.22998046875
-0.58740234375 -1.14453125 -0.8931884765625
-0.24847412109375 -1.12890625 -0.704833984375
0.208984375 -1.19140625 0.87744140625
0.3193359375 -1.19140625 0.69091796875
-1.44287109375 -1.16015625 0.16845703125
-0.75927734375 -1.18359375 0.41455078125
-1.25244140625 -1.20703125 0.69384765625
-1.47509765625 -1.21484375 1.06787109375
-1.19287109375 -1.19921875 1.10693359375
-1.24072265625 -1.21484375 1.06787109375
0.1640625 -1.17578125 -0.1416015625
-1.35595703125 -1.19921875 0.82568359375
-1.47509765625 -1.21484375 1.06787109375
-0.307373046875 -1.16796875 -0.01904296875
0.243896484375 -1.20703125 0.90380859375
0.4482421875 -1.17578125 -0.048828125
-1.02490234375 -1.16796875 -0.23974609375
1.63037109375 1.19140625 0.27783203125
0.31591796875 -1.17578125 0.50732421875
-0.99853515625 -1.19140625 0.73095703125
0.5322265625 -0.02734375 1.32958984375
-1.44970703125 -1.19140625 0.35888671875
-0.3489990234375 -1.15234375 -0.23681640625
-1.43212890625 -1.18359375 0.50830078125
-0.59326171875 -1.16015625 0.07373046875
-1.48095703125 -1.15234375 -0.14990234375
0.544921875 -1.20703125 0.87646484375
0.190185546875 -1.19140625 0.13720703125
0.48095703125 -1.17578125 0.16259765625
0.88916015625 0.25390625 -1.0160064697265625
0.583984375 -1.19140625 0.41552734375
0.72412109375 -1.22265625 0.98974609375
0.66552734375 -1.20703125 0.80908203125
-0.54248046875 -1.19921875 0.72705078125
-0.237548828125 -1.23046875 0.97021484375
-0.20770263671875 -1.18359375 0.44482421875
-1.07568359375 -1.16796875 0.04150390625
-0.28485107421875 -1.21484375 1.09521484375
-0.478515625 -1.17578125 0.53857421875
0.5693359375 0.83203125 -1.3291015625
0.68994140625 -1.22265625 0.71728515625
0.0380859375 -1.16796875 0.69189453125
-1.09814453125 -1.19140625 0.60107421875
-0.3759765625 -1.19140625 0.72607421875
0.4765625 -1.18359375 -0.02001953125
-1.38427734375 -1.18359375 0.41455078125
-1.10205078125 -1.20703125 0.63427734375
1.58544921875 1.11328125 -0.1005859375
-0.98828125 -1.19140625 0.54150390625
-0.8642578125 -1.19921875 0.60009765625
0.328125 -1.22265625 1.08935546875
-0.636962890625 -1.16796875 0.16650390625
-1.21826171875 -1.19921875 0.35791015625
0.0782470703125 -1.19140625 0.13720703125
0.26318359375 -1.16796875 -0.326171875
0.6572265625 -1.17578125 1.08935546875
0.42822265625 -1.16796875 -0.32568359375
-0.0203857421875 -1.14453125 -0.8619384765625
-1.041015625 -1.19921875 0.60107421875
1.52294921875 1.06640625 0.10888671875
-0.457763671875 -1.22265625 0.97021484375
-1.52294921875 -1.19140625 0.22705078125
0.168701171875 -1.19140625 0.81298828125
0.42822265625 -1.16796875 -0.32568359375
-1.38427734375 -1.18359375 0.41455078125
-0.97412109375 -1.19921875 0.69287109375
-0.4066162109375 -1.19921875 0.69189453125
-1.15283203125 -1.17578125 0.50830078125
0.20263671875 -1.17578125 0.16357421875
0.0380859375 -1.16796875 0.69189453125
-0.425537109375 -1.16796875 0.07373046875
0.0562744140625 -1.21484375 0.99560546875
-0.9658203125 -1.16015625 -0.146484375
-1.54833984375 -1.22265625 0.60107421875
0.87158203125 0.25390625 -0.98052978515625
-1.57373046875 -1.19140625 0.73583984375
0.73828125 -1.19140625 0.71728515625
0.02294921875 -1.17578125 0.41552734375
0.0810546875 -1.17578125 0.35205078125
0.104736328125 -1.16796875 -0.42138671875
-1.01513671875 -1.20703125 0.82275390625
0.14208984375 -1.19140625 0.32177734375
-0.11920166015625 -1.18359375 0.81591796875
-0.1468963623046875 -1.15234375 0.07275390625
0.6123046875 -1.20703125 0.80908203125
-1.49267578125 -1.20703125 0.60107421875
1.71142578125 1.23828125 -0.682373046875
0.65478515625 -1.20703125 0.96826171875
-1.23486328125 -1.17578125 0.22705078125
0.257568359375 -1.13671875 -0.8626708984375
-1.49267578125 -1.18359375 0.26220703125
-0.88916015625 -0.98046875 -1.14605712890625
-1.29931640625 -1.17578125 -0.05419921875
0.59033203125 0.01953125 1.32958984375
-1.57958984375 -1.19140625 0.22607421875
-0.67333984375 -1.17578125 0.22802734375
-1.53466796875 -1.16015625 -0.24365234375
-0.97021484375 -1.19140625 0.88037109375
-1.54638671875 -1.19140625 0.50830078125
-0.46728515625 -1.14453125 -0.705322265625
-1.24365234375 -1.20703125 1.00927734375
-1.27099609375 -1.17578125 0.41455078125
-0.585693359375 -1.18359375 0.53857421875
-0.822265625 -1.20703125 0.91357421875
-0.86767578125 -1.17578125 0.25927734375
-1.36083984375 -1.16796875 0.03955078125
-0.2860107421875 -1.20703125 1.06201171875
0.5205078125 -1.19140625 0.71923828125
0.59033203125 -1.19140625 0.50732421875
1.46533203125 1.09765625 0.10888671875
1.65869140625 0.09765625 -0.97100830078125
-0.52587890625 -1.15234375 -0.51806640625
1.40478515625 1.03515625 -0.310546875
0.56298828125 -1.18359375 0.22998046875
0.53076171875 -1.19921875 0.32177734375
0.017333984375 -1.17578125 0.44384765625
0.61865234375 -1.18359375 0.22998046875
-1.15478515625 -1.19140625 0.54248046875
0.59033203125 -1.19140625 0.50732421875
-0.3489990234375 -1.15234375 -0.23681640625
0.134521484375 -1.16796875 0.44287109375
0.46435546875 -1.19140625 0.44091796875
-0.58984375 -1.18359375 0.32080078125
1.59130859375 1.08203125 -0.565673828125
-1.19287109375 -1.19921875 1.10693359375
0.258056640625 -1.16015625 -0.20849609375
-1.09375 -1.15234375 -0.52294921875
-0.24554443359375 -1.19921875 0.78564453125
-1.66748046875 -1.16796875 0.16943359375
0.65380859375 -1.15234375 -0.32666015625
-0.195892333984375 -1.17578125 0.53662109375
0.27294921875 -1.16796875 -0.1416015625
-0.8515625 -1.16796875 0.04150390625
-1.58349609375 -1.21484375 1.06982421875
0.46826171875 -1.22265625 0.90185546875
-0.17494964599609375 -1.18359375 0.04443359375
-0.78759765625 -1.16796875 -0.05224609375
0.258544921875 -1.13671875 -0.701171875
0.1015625 -1.16796875 -0.234375
-1.27099609375 -1.19921875 0.13427734375
-0.86279296875 -1.19921875 0.78759765625
-0.2476806640625 -1.15234375 -0.48681640625
-1.15380859375 -1.19921875 0.60107421875
0.02294921875 -1.17578125 0.41552734375
0.085693359375 -1.18359375 0.32177734375
1.46337890625 1.01953125 -0.24462890625
-0.52685546875 -1.16015625 -0.20751953125
1.31787109375 -0.35546875 -1.2001953125
1.62939453125 1.16015625 0.38623046875
0.025634765625 -1.16796875 0.53466796875
1.59814453125 1.09765625 -1.0566253662109375
0.123779296875 -1.17578125 0.72216796875
0.27734375 -1.21484375 0.99365234375
-0.3702392578125 -1.19140625 0.44580078125
1.59130859375 1.08203125 -0.565673828125
