VEHICULAR_TRAILER
0.28375244140625 -1.03125 0.431640625
-1.42425537109375 -0.9765625 -0.83837890625
0.18218994140625 -1.03125 0.6552734375
-1.12542724609375 -1.015625 0.234375
-0.16351318359375 -1.046875 0.748046875
0.58355712890625 -1.0546875 0.7470703125
0.72027587890625 -1.078125 1.08984375
-0.61566162109375 -1.0703125 1.03515625
0.30718994140625 -1.015625 -0.28466796875
0.69488525390625 -1.0703125 0.716796875
0.22222900390625 -1.03125 0.4306640625
0.02886962890625 -1.0859375 1.091796875
-1.36761474609375 -0.9921875 -0.447265625
-1.03558349609375 -1.015625 -0.0146484375
0.53765869140625 -1.0234375 -0.18798828125
-0.70159912109375 -1.0078125 -0.1455078125
-0.58441162109375 -1.0078125 -0.43212890625
-1.02972412109375 -1.015625 0.177734375
-0.11175537109375 -0.984375 -0.5751953125
-0.39105224609375 -1.0 -0.2939453125
-0.34613037109375 -1.0078125 0.240234375
-0.15863037109375 -1.0078125 -0.47900390625
-1.00238037109375 -1.0234375 0.041015625
-0.04437255859375 -1.03125 0.8427734375
-0.70159912109375 -0.9921875 -0.4345703125
-1.40863037109375 -1.0625 0.5595703125
-0.58441162109375 -1.0078125 -0.43212890625
-0.88714599609375 -1.0625 1.001953125
-1.49066162109375 -1.0390625 0.423828125
-0.29534912109375 -0.984375 -0.960205078125
-1.13128662109375 -1.0390625 0.619140625
-0.53167724609375 -1.015625 0.0458984375
0.02301025390625 -1.0078125 -0.09814453125
-0.08831787109375 -1.0078125 0.18359375
-1.42425537109375 -0.9765625 -0.83837890625
-1.30316162109375 -1.0078125 -0.4453125
0.75933837890625 0.296875 0.1298828125
0.11968994140625 -1.015625 0.2431640625
0.71636962890625 -1.0 0.1875
0.45465087890625 -1.046875 0.431640625
-0.93597412109375 -1.046875 0.33203125
-1.61761474609375 -1.0390625 0.5205078125
-1.17230224609375 -1.03125 0.4638671875
0.24761962890625 -1.0078125 -0.00390625
-0.16644287109375 -1.0 -0.38623046875
-0.53558349609375 -1.0625 1.0
-0.87347412109375 -1.046875 0.46484375
0.51910400390625 -1.0625 0.09375
-0.39886474609375 -1.0546875 0.7490234375
-0.08831787109375 -1.078125 1.03125
-0.86956787109375 -0.8125 -1.225830078125
-0.40863037109375 -1.0078125 0.2392578125
-0.71722412109375 -1.046875 0.80859375
-0.97308349609375 -0.875 -1.223388671875
-1.05511474609375 -1.046875 0.3310546875
-0.89300537109375 -1.0390625 0.5224609375
-1.37152099609375 -1.03125 0.423828125
-1.32464599609375 -1.078125 1.0390625
0.24859619140625 -1.015625 -0.47314453125
-1.06292724609375 -0.984375 -0.9776611328125
-0.04437255859375 -1.03125 0.8427734375
-1.30316162109375 -1.0078125 -0.4453125
0.10894775390625 -1.03125 0.716796875
-0.65472412109375 -1.0078125 0.1416015625
-0.34222412109375 -1.0 -0.14111328125
0.48687744140625 -1.015625 -0.09375
0.30718994140625 -1.015625 -0.1904296875
-0.23480224609375 -1.0390625 0.37109375
-0.41058349609375 -1.0078125 0.046875
0.29254150390625 -1.03125 0.748046875
0.31597900390625 -1.0703125 1.091796875
-1.30706787109375 -1.0703125 1.00390625
-0.70159912109375 -1.0390625 0.275390625
-0.00140380859375 -1.015625 0.466796875
-0.88714599609375 -0.984375 -0.973388671875
0.33453369140625 0.140625 1.265625
-1.05511474609375 -1.046875 0.3310546875
-0.23284912109375 -1.0390625 0.2783203125
0.80718994140625 -0.234375 1.123046875
0.31597900390625 -1.0703125 1.091796875
-0.00042724609375 -1.0390625 0.560546875
-0.64495849609375 -1.0234375 0.333984375
-0.52581787109375 -1.0078125 0.23828125
0.17926025390625 -1.0234375 0.748046875
-0.97308349609375 -0.875 -1.223388671875
-0.56878662109375 -1.0625 0.939453125
0.29254150390625 -1.03125 0.748046875
-0.80706787109375 -1.0 -0.29931640625
-0.05120849609375 -1.015625 -0.13720703125
0.51519775390625 -1.0703125 0.99609375
-0.70941162109375 -1.0390625 0.4267578125
0.79156494140625 0.515625 0.2294921875
0.40875244140625 -1.03125 0.3408203125
0.14410400390625 -1.015625 -0.0966796875
0.35211181640625 0.234375 1.2421875
-1.08831787109375 -1.015625 -0.10986328125
-1.37738037109375 0.109375 1.248046875
-1.30316162109375 -1.0078125 -0.4453125
-0.11859130859375 -1.0234375 0.2783203125
0.70953369140625 -1.0703125 0.8408203125
-0.87542724609375 -0.9921875 -0.39697265625
-1.49652099609375 -1.0625 1.005859375
0.30718994140625 -1.015625 -0.28466796875
-1.33441162109375 -1.0546875 0.8466796875
-1.51800537109375 -1.0546875 0.9072265625
-0.26214599609375 -1.078125 1.03125
-0.28948974609375 -1.0390625 0.27734375
-0.25433349609375 -1.0390625 0.80859375
0.69293212890625 -1.0546875 0.5615234375
-0.70159912109375 -1.0390625 0.333984375
0.23980712890625 -1.03125 0.6552734375
-0.99456787109375 -1.046875 0.5595703125
-0.47113037109375 -1.0234375 0.6201171875
-0.58245849609375 -0.9921875 -0.39208984375
0.18902587890625 -1.0078125 -0.47412109375
-0.57855224609375 -1.0390625 0.7490234375
0.51031494140625 0.203125 1.265625
-0.32269287109375 -1.0078125 -0.1015625
-0.86370849609375 -1.0078125 -0.490234375
-1.55120849609375 -1.0625 1.005859375
-0.58636474609375 -1.0390625 0.0859375
-1.02972412109375 -1.015625 0.177734375
-0.21527099609375 -1.015625 -0.19580078125
-0.14886474609375 -1.0078125 -0.10009765625
0.17437744140625 -1.03125 0.466796875
0.59625244140625 -1.0234375 -0.0009765625
0.22515869140625 -1.046875 0.716796875
0.81890869140625 0.546875 0.97265625
-0.86370849609375 -1.0078125 -0.490234375
-0.79925537109375 -1.0625 0.904296875
0.37457275390625 -1.0703125 1.091796875
-1.31878662109375 0.109375 1.248046875
-0.58245849609375 -0.9921875 -0.39208984375
-0.94183349609375 -0.9765625 -0.782958984375
0.65289306640625 -1.078125 1.029296875
-0.98089599609375 -1.0546875 0.9052734375
-0.22894287109375 -1.0 -0.576171875
-1.29339599609375 -1.0 -0.40283203125
-0.80511474609375 -1.0546875 0.939453125
-0.33050537109375 -1.015625 -0.0087890625
0.51324462890625 -1.03125 0.373046875
-0.76605224609375 -0.9765625 -0.971435546875
0.31695556640625 -1.015625 0.185546875
-1.16058349609375 -1.0625 0.6552734375
0.00640869140625 -1.0390625 0.6552734375
-0.63909912109375 -1.03125 0.7490234375
-1.56097412109375 -1.0390625 0.173828125
0.47515869140625 -1.0078125 -0.283203125
-1.48675537109375 -1.0546875 0.7158203125
0.64898681640625 -1.015625 -0.28125
0.63043212890625 -1.0546875 0.2822265625
0.23687744140625 -1.0 -0.380859375
0.11480712890625 -0.984375 -0.76220703125
-1.46917724609375 -1.0546875 0.5595703125
0.79547119140625 -1.0390625 0.5283203125
-1.48480224609375 -0.984375 -0.98919677734375
-1.45159912109375 -1.0234375 -0.11376953125
-1.47698974609375 -1.0546875 0.078125
-1.18011474609375 -1.046875 0.3671875
-1.60394287109375 -1.046875 0.328125
0.08648681640625 -1.078125 1.091796875
-0.62738037109375 -1.0078125 -0.486328125
-0.95355224609375 -1.0390625 0.5224609375
0.23980712890625 -1.03125 0.6552734375
-0.98089599609375 -1.0546875 0.9052734375
0.04742431640625 -1.03125 0.4306640625
-1.23870849609375 -1.03125 0.3671875
-1.23675537109375 -1.046875 0.2724609375
-1.43792724609375 -1.0390625 0.810546875
-1.03558349609375 -1.015625 -0.0146484375
-1.53363037109375 -1.0234375 -0.1572265625
-0.93402099609375 -1.046875 0.2744140625
-0.53167724609375 -1.015625 0.0458984375
-0.59808349609375 -1.046875 0.5234375
0.51422119140625 -1.046875 0.2822265625
0.82086181640625 -0.15625 1.02734375
-0.50628662109375 -1.015625 -0.48388671875
-0.17425537109375 -0.984375 -0.576171875
0.74957275390625 -1.0546875 0.6220703125
-0.28558349609375 -1.0390625 0.3359375
-1.23675537109375 -1.0546875 0.0810546875
0.24859619140625 -1.015625 -0.47314453125
-0.22894287109375 -1.0546875 0.560546875
-0.34027099609375 -1.0078125 -0.3876953125
-1.22503662109375 -1.0078125 -0.49658203125
-1.53948974609375 0.078125 -1.338134765625
-0.30316162109375 -1.0078125 0.14453125
0.41851806640625 0.21875 1.2421875
0.69488525390625 -1.03125 0.4677734375
0.75738525390625 -1.0625 0.6552734375
-0.62347412109375 -1.0546875 0.904296875
-0.46136474609375 -0.9921875 -0.580078125
-1.24261474609375 -1.03125 0.330078125
-0.69964599609375 -1.046875 0.560546875
-0.27386474609375 -1.0625 0.9375
0.40191650390625 -1.0390625 0.28125
-0.27581787109375 -1.0625 0.6552734375
0.45660400390625 -1.0703125 0.99609375
0.36871337890625 -1.0703125 1.029296875
-0.29534912109375 -0.984375 -0.960205078125
