VEHICULAR_TRAILER
-0.593505859375 -1.140625 0.00146484375
-0.921630859375 -1.1484375 0.3076171875
-1.505615234375 -1.1484375 -0.0107421875
-0.734130859375 -1.1640625 0.767578125
-0.269287109375 -1.171875 0.505859375
0.431884765625 -1.1796875 1.078125
-0.564208984375 -1.1640625 0.1923828125
-0.886474609375 -1.15625 0.888671875
-0.269287109375 -1.1875 1.080078125
-0.806396484375 -1.1328125 0.30859375
-1.452880859375 -1.140625 -0.1083984375
-1.607177734375 -1.140625 0.10546875
0.015869140625 -1.1640625 0.888671875
-1.300537109375 -1.1796875 0.7919921875
0.273681640625 -1.15625 0.4140625
0.615478515625 -1.1015625 -0.651123046875
0.377197265625 -1.140625 0.224609375
-1.087646484375 -1.1328125 -0.39306640625
0.150634765625 -1.1328125 0.3173828125
-1.157958984375 -1.1640625 0.5732421875
0.722900390625 -0.7421875 1.158203125
-0.843505859375 -1.171875 0.9853515625
0.101806640625 -1.1796875 1.05078125
-1.644287109375 -1.125 -0.2109375
0.322509765625 -1.1484375 0.390625
-0.206787109375 -1.1484375 0.576171875
-0.636474609375 -1.140625 0.50390625
0.570556640625 -1.140625 -0.05712890625
0.464111328125 -1.1796875 0.982421875
0.631103515625 -1.1875 1.048828125
0.031494140625 -1.15625 0.388671875
0.454345703125 -1.140625 -0.365234375
0.021728515625 -1.140625 0.5078125
-0.736083984375 -1.1328125 -0.2919921875
-0.509521484375 -1.1640625 0.5048828125
0.738525390625 0.4296875 0.880859375
0.496337890625 -1.1640625 0.4833984375
-0.786865234375 -1.125 -0.1962890625
0.207275390625 -1.15625 0.6728515625
-1.042724609375 -1.1640625 0.3818359375
0.749267578125 0.2265625 0.509765625
-1.232177734375 -1.1640625 0.40234375
0.704345703125 -0.6953125 0.7724609375
0.084228515625 -1.1328125 0.2216796875
0.717041015625 0.0859375 0.408203125
-0.323974609375 -1.15625 0.38671875
-0.843505859375 -1.1640625 0.9580078125
0.732666015625 -1.1796875 0.794921875
0.273681640625 -1.15625 0.4140625
-1.614990234375 -1.1640625 0.7919921875
-1.714599609375 -1.1640625 0.5712890625
-1.284912109375 -1.125 -0.30224609375
0.355712890625 -1.1484375 0.0126953125
0.510986328125 -1.1796875 0.7685546875
-0.234130859375 -1.1484375 0.291015625
0.681884765625 -1.1484375 0.322265625
-0.847412109375 -1.125 -0.099609375
0.708251953125 0.0234375 0.0693359375
-0.138427734375 -1.1484375 0.7685546875
0.681884765625 -1.1328125 -0.27001953125
-0.396240234375 -1.1796875 1.080078125
-1.169677734375 -1.1640625 0.4033203125
-1.552490234375 -1.15625 0.498046875
0.443603515625 -1.1171875 -0.4619140625
0.723876953125 0.3515625 0.265625
-1.273193359375 -0.0234375 1.224609375
0.023681640625 -1.140625 0.6982421875
0.746337890625 -1.1953125 1.048828125
0.199462890625 -1.1796875 1.078125
0.693603515625 -0.5078125 -0.00830078125
-0.386474609375 -1.15625 0.4794921875
0.295166015625 0.1015625 1.22265625
-1.023193359375 -1.1328125 0.08984375
0.627197265625 -1.1796875 0.7685546875
0.602783203125 0.1015625 1.322265625
-1.017333984375 -1.1328125 -0.00439453125
1.417236328125 -0.3046875 -1.1409912109375
-0.150146484375 -1.1484375 0.1962890625
0.690673828125 -0.5390625 -0.20458984375
-1.548583984375 -1.15625 0.6943359375
-0.925537109375 -1.109375 -0.48876953125
0.706298828125 -0.0859375 0.57421875
-0.556396484375 -1.1484375 0.5751953125
-0.445068359375 -1.1796875 0.79296875
-1.628662109375 -1.1640625 0.8896484375
0.379150390625 -1.171875 0.509765625
-0.663818359375 -1.1640625 0.9580078125
0.460205078125 -1.140625 0.10546875
0.717041015625 0.2890625 1.189453125
-0.968505859375 -1.171875 0.767578125
-0.322021484375 -1.171875 0.671875
-0.511474609375 -1.15625 0.1923828125
0.228759765625 -1.140625 0.103515625
0.587158203125 0.1953125 1.224609375
0.205322265625 -1.1328125 0.22265625
0.708251953125 0.0234375 0.0693359375
0.318603515625 -1.1640625 0.5087890625
-0.482177734375 -1.171875 0.984375
-1.531005859375 -1.1171875 -0.3076171875
-0.796630859375 -1.15625 0.861328125
-1.087646484375 -1.1796875 0.767578125
-1.347412109375 -1.1640625 0.3798828125
0.749267578125 -0.3515625 0.1142578125
-1.648193359375 -1.1796875 1.18359375
-0.704833984375 -1.15625 0.888671875
0.326416015625 -1.15625 0.578125
-0.322021484375 -1.171875 0.671875
-0.904052734375 -1.171875 0.9853515625
-0.374755859375 -1.1640625 0.576171875
-1.433349609375 -1.1484375 0.6943359375
-1.197021484375 -1.140625 0.283203125
-0.341552734375 -1.15625 0.6015625
-1.126708984375 -1.1484375 0.59765625
-0.603271484375 -1.171875 0.9580078125
0.492431640625 -1.1796875 1.078125
-1.478271484375 -1.140625 0.302734375
0.336181640625 -1.109375 -0.730224609375
0.452392578125 -1.171875 0.4150390625
-0.999755859375 -1.15625 0.5986328125
-1.614990234375 -1.15625 0.595703125
0.732666015625 0.3671875 0.302734375
-1.267333984375 0.3828125 1.240234375
-0.814208984375 -1.1875 1.08203125
-0.554443359375 -1.1640625 0.861328125
-0.038818359375 -1.1328125 0.5068359375
-1.540771484375 -1.140625 0.4736328125
0.551025390625 -1.1875 1.078125
-1.562255859375 -1.15625 -0.01123046875
-1.614990234375 -1.15625 0.595703125
-0.863037109375 -1.1015625 -0.6826171875
1.468017578125 -0.2578125 -1.144287109375
-1.597412109375 -1.15625 0.3779296875
0.736572265625 -1.1875 0.673828125
-0.484130859375 -1.1875 1.052734375
0.025634765625 -1.1328125 0.2216796875
-0.454833984375 -1.1484375 0.6962890625
0.773681640625 -0.3984375 1.068359375
-0.177490234375 -1.1875 1.1484375
0.616455078125 -1.125 -0.27099609375
-0.607177734375 -1.1328125 -0.095703125
-1.140380859375 -1.140625 -0.005859375
0.706298828125 0.5390625 -0.4287109375
0.749267578125 -0.3515625 0.1142578125
0.732666015625 0.4453125 0.3671875
-1.527099609375 -1.1640625 0.572265625
0.682861328125 -1.1640625 0.4169921875
-0.097412109375 -1.125 0.48046875
-1.206787109375 -1.171875 0.9599609375
0.295166015625 0.1015625 1.22265625
-0.995849609375 -1.15625 0.6953125
-1.300537109375 -1.140625 0.20703125
0.682861328125 -1.1640625 0.4169921875
0.570556640625 -1.140625 -0.05712890625
0.343994140625 -1.140625 -0.36669921875
-1.105224609375 -1.1640625 0.4755859375
-0.755615234375 -1.1640625 0.599609375
-0.738037109375 -1.1171875 -0.484130859375
-0.907958984375 -1.125 -0.19775390625
0.693603515625 -1.1484375 0.1083984375
0.402587890625 -1.140625 0.10546875
0.338134765625 -1.171875 0.7685546875
0.730712890625 -1.15625 0.7001953125
0.572509765625 -1.109375 -0.724365234375
0.454345703125 -1.140625 -0.365234375
-1.292724609375 -1.1640625 0.474609375
-0.907958984375 -1.125 -0.19775390625
0.674072265625 -1.15625 0.2275390625
-0.409912109375 -1.203125 1.1484375
-0.782958984375 -1.140625 0.0927734375
0.628173828125 -1.1015625 -0.72412109375
0.217041015625 -1.140625 -0.27587890625
0.343994140625 -1.140625 -0.0830078125
-1.320068359375 -1.1875 1.154296875
0.407470703125 -1.1875 0.982421875
0.162353515625 -1.1171875 -0.7337646484375
-0.517333984375 -1.15625 0.6005859375
0.015869140625 -1.1640625 0.888671875
-0.195068359375 -1.125 -0.06884765625
0.514892578125 -1.1328125 -0.36474609375
0.706298828125 -0.3515625 -0.3134765625
-0.298583984375 -1.1953125 0.9560546875
-0.079833984375 -1.125 -0.06689453125
-0.323974609375 -1.15625 0.38671875
0.093994140625 -1.1484375 0.4130859375
-0.931396484375 -1.1484375 0.501953125
-1.156005859375 -1.171875 0.8623046875
0.402587890625 -1.140625 0.10546875
0.715087890625 -0.4296875 -0.0810546875
0.629150390625 -1.1640625 0.955078125
0.687744140625 0.1953125 -0.03564453125
-0.341552734375 -1.15625 0.888671875
-1.663818359375 -1.1484375 0.3779296875
-1.538818359375 -1.1484375 0.3017578125
0.115478515625 -1.1875 1.146484375
0.273681640625 -1.15625 0.4140625
-1.044677734375 -1.125 -0.08203125
0.090087890625 -1.1328125 0.1259765625
0.719970703125 -1.171875 0.888671875
0.217041015625 -1.15625 0.7685546875
0.587158203125 -1.1484375 0.296875
