VEHICULAR_TRAILER
-0.2890625 -0.75390625 -0.1787109375
-0.5859375 -0.76953125 0.1328125
-0.59375 -0.82421875 0.7431640625
0.953125 0.44140625 -0.11181640625
-0.6875 -0.76953125 -0.412109375
-0.53125 -0.77734375 -0.511962890625
-1.32421875 -0.78515625 -0.5361328125
0.26171875 -0.78515625 0.658203125
0.953125 -0.48046875 -0.47705078125
0.9765625 0.62890625 0.314453125
0.26171875 -0.78515625 0.658203125
-0.3984375 -0.80859375 0.3271484375
1.28125 0.39453125 -1.067626953125
0.9609375 -0.18359375 -0.49169921875
-0.796875 -0.76171875 -0.50830078125
0.98046875 0.26953125 -0.19287109375
-0.7265625 -0.77734375 0.1318359375
0.9921875 0.84765625 -0.23681640625
0.0234375 -0.80859375 0.5361328125
-0.17578125 -0.77734375 -0.18994140625
-1.171875 -0.77734375 -0.31884765625
1.05859375 0.67578125 1.1025390625
0.1875 -0.77734375 0.658203125
1.046875 0.33203125 1.0654296875
0.81640625 0.34765625 1.2041015625
0.1875 -0.77734375 0.5546875
-1.01953125 -0.76171875 0.0205078125
0.47265625 -0.77734375 0.14453125
0.75390625 -0.77734375 0.2490234375
-0.7890625 -0.77734375 0.2373046875
-0.01953125 -0.79296875 -0.08251953125
1.03515625 -0.04296875 0.029296875
-0.44921875 -0.82421875 0.7431640625
0.9296875 -0.78515625 0.236328125
-0.03515625 -0.77734375 -0.29052734375
0.91015625 -0.76953125 -0.16845703125
0.90234375 0.34765625 -0.8607177734375
-1.03515625 -0.77734375 -0.3154296875
0.4140625 -0.79296875 0.349609375
-0.671875 -0.81640625 0.5341796875
0.2265625 -0.80078125 0.5361328125
-0.8671875 -0.81640625 0.7685546875
-0.5625 -0.80859375 0.3447265625
-0.328125 -0.80859375 0.328125
0.9296875 0.39453125 1.3115234375
0.984375 0.12890625 0.533203125
1.0078125 0.76953125 0.7490234375
0.12890625 -0.76953125 0.244140625
-0.3828125 -0.78515625 -0.507080078125
0.69921875 -0.80078125 0.3359375
1.0234375 -0.78515625 0.2509765625
0.0859375 -0.76953125 -0.3916015625
0.0625 -0.80859375 0.5546875
0.15625 -0.78515625 0.84375
1.34765625 -0.27734375 -1.0062904357910156
-1.203125 -0.76171875 -0.640869140625
-0.65625 -0.76953125 0.23828125
-0.86328125 -0.80078125 0.3427734375
-0.16015625 -0.78515625 -0.08544921875
-0.765625 -0.76171875 -0.6259765625
-0.4453125 -0.79296875 0.8701171875
0.765625 -0.80859375 0.4365234375
1.04296875 0.00390625 1.0576171875
1.0546875 0.36328125 1.0927734375
-0.41015625 -0.79296875 0.4296875
0.9765625 -0.02734375 0.5341796875
-0.9375 -0.76171875 -0.19091796875
0.85546875 -0.83203125 0.740234375
-0.45703125 -0.82421875 0.638671875
-0.171875 -0.80859375 0.845703125
0.328125 -0.77734375 0.658203125
0.95703125 -0.12109375 -0.4052734375
0.3125 -0.78515625 0.0244140625
-0.36328125 -0.79296875 0.66015625
-1.390625 -0.83203125 0.74609375
0.54296875 -0.80078125 0.5546875
0.9765625 -0.51171875 0.537109375
0.22265625 -0.76953125 -0.593505859375
-0.2109375 -0.82421875 0.7646484375
0.54296875 -0.80078125 0.5546875
-0.8984375 -0.81640625 0.1123046875
0.44921875 -0.81640625 0.7412109375
-1.09375 -0.76171875 -0.516845703125
0.98046875 0.26953125 -0.19287109375
-0.1328125 -0.80078125 0.34765625
1.00390625 -0.84765625 1.1416015625
0.8984375 0.86328125 -0.90032958984375
0.296875 -0.79296875 0.8427734375
0.81640625 0.33203125 1.3095703125
-1.03515625 -0.77734375 -0.3154296875
0.18359375 -0.78515625 0.228515625
0.93359375 0.80078125 -0.564697265625
-0.3828125 -0.78515625 -0.507080078125
-0.00390625 -0.77734375 0.2431640625
0.77734375 -0.76953125 -0.1708984375
1.04296875 0.58203125 0.6650390625
0.9609375 -0.55859375 -0.07421875
-0.1640625 -0.81640625 0.9482421875
-0.60546875 -0.80859375 0.638671875
0.9921875 0.53515625 0.33984375
-0.98828125 -0.66796875 -0.949371337890625
0.81640625 0.33203125 1.3095703125
0.9609375 0.08203125 -0.09814453125
0.64453125 -0.82421875 0.5380859375
1.0234375 0.67578125 1.3193359375
-1.02734375 -0.78515625 0.875
-0.22265625 -0.78515625 0.66015625
-0.23828125 -0.82421875 0.7431640625
0.43359375 -0.80859375 0.333984375
-0.296875 -0.83203125 0.94921875
0.98828125 -0.52734375 -0.1640625
-1.3828125 -0.80078125 0.6630859375
-0.52734375 -0.76953125 -0.1982421875
0.98046875 -0.46484375 -0.18017578125
-0.24609375 -0.81640625 0.53515625
-1.24609375 -0.80078125 0.5546875
-0.75 -0.82421875 1.1904296875
0.33984375 -0.85546875 1.1494140625
1.0 0.28515625 1.1728515625
-0.10546875 -0.81640625 0.5361328125
-0.28515625 -0.82421875 1.0771484375
-0.00390625 -0.77734375 0.2431640625
-1.25390625 -0.82421875 0.638671875
-1.16796875 -0.79296875 0.0009765625
0.85546875 -0.83203125 0.740234375
1.0234375 0.14453125 0.2373046875
0.953125 0.26953125 -0.10498046875
-1.328125 -0.82421875 0.638671875
1.00390625 -0.74609375 0.3525390625
0.6796875 -0.79296875 0.6572265625
-1.2421875 -0.79296875 -0.0009765625
-1.1640625 -0.80078125 0.7705078125
-1.30859375 -0.80078125 0.447265625
0.6796875 -0.80078125 0.4521484375
-0.18359375 -0.81640625 0.638671875
-1.02734375 -0.77734375 0.0029296875
0.9453125 -0.54296875 -0.27978515625
0.96875 -0.15234375 -0.612060546875
0.98828125 -0.07421875 0.4296875
-0.97265625 -0.81640625 0.111328125
1.03515625 -0.54296875 0.76171875
-0.65234375 -0.78515625 -0.0947265625
-1.0390625 -0.82421875 0.1103515625
0.921875 -0.83203125 0.740234375
0.96484375 0.70703125 -0.66796875
-0.28515625 -0.79296875 0.3466796875
1.01171875 0.45703125 0.556640625
1.03515625 -0.54296875 0.76171875
-0.76171875 -0.76171875 -0.83740234375
0.95703125 0.17578125 -0.938751220703125
0.890625 -0.80859375 0.453125
-0.76171875 -0.76171875 -0.83740234375
-1.1171875 -0.82421875 1.1962890625
-1.1796875 -0.80859375 0.5322265625
1.05078125 0.69140625 0.8837890625
-1.015625 -0.78515625 -0.10205078125
-0.21875 -0.76171875 -0.4921875
0.4453125 -0.78515625 -0.17724609375
-0.015625 -0.79296875 0.2265625
-1.234375 -0.81640625 1.0908203125
-0.4296875 -0.82421875 1.0791015625
0.12109375 -0.76171875 0.140625
-0.3828125 -0.78515625 0.013671875
0.96875 -0.81640625 0.3525390625
0.6953125 -0.81640625 0.1328125
-1.1953125 -0.81640625 0.9833984375
-0.58203125 -0.76171875 0.0263671875
0.765625 -0.80859375 0.3515625
-0.109375 -0.82421875 0.638671875
0.84765625 -0.77734375 -0.16943359375
0.9296875 -0.82421875 0.9599609375
0.03515625 -0.78515625 -0.4951171875
-0.75 -0.82421875 1.1904296875
-0.60546875 -0.80859375 0.638671875
0.19140625 -0.76953125 0.451171875
0.99609375 -0.32421875 0.2265625
-1.16796875 -0.78515625 0.447265625
-0.765625 -0.76171875 -0.6259765625
1.03125 0.80078125 0.0068359375
0.01953125 -0.76953125 -0.39306640625
1.0234375 -0.78515625 0.2509765625
1.0 0.28515625 0.9580078125
-0.7890625 -0.79296875 0.6611328125
-1.41015625 -0.76953125 -0.32568359375
-0.49609375 -0.80078125 0.345703125
0.0390625 -0.82421875 1.0498046875
0.01171875 -0.76171875 -0.80859375
0.98046875 0.59765625 -0.205078125
-0.3359375 -0.49609375 -1.312255859375
-0.890625 -0.77734375 -0.3115234375
0.828125 -0.77734375 0.25
-0.1953125 -0.76171875 -0.607177734375
-1.23046875 -0.79296875 0.3408203125
-0.5078125 -0.76953125 0.2392578125
-0.88671875 -0.71484375 -0.94195556640625
0.16796875 -0.80078125 0.7421875
-0.734375 -0.73046875 -0.934814453125
0.97265625 -0.76171875 0.0341796875
-0.37109375 -0.79296875 -0.0888671875
0.25390625 -0.79296875 -0.07763671875
