VEHICULAR_TRAILER
0.623046875 0.12890625 -0.671630859375
-0.654296875 -1.08984375 -0.639404296875
0.654296875 -1.12109375 0.443359375
0.669921875 -1.02734375 0.443359375
0.630859375 -0.90234375 -0.61083984375
0.693359375 -0.77734375 0.650390625
-1.193359375 -1.08984375 -0.10546875
0.755859375 -0.29296875 0.96484375
0.744140625 0.34765625 0.533203125
-0.810546875 -1.09765625 0.421875
-0.291015625 -1.12890625 0.8505859375
-0.451171875 -1.06640625 -0.740234375
0.638671875 -0.35546875 -0.642822265625
-0.583984375 -1.12109375 0.546875
-0.048828125 -1.12109375 0.955078125
-0.810546875 -1.12109375 0.765625
-0.423828125 -1.08984375 -0.09228515625
-0.576171875 -1.09765625 0.3134765625
-0.224609375 -1.08984375 -0.94384765625
-1.279296875 -1.11328125 0.7529296875
-0.240234375 -1.16796875 1.076171875
0.072265625 -1.08203125 -0.50732421875
-0.935546875 -1.13671875 0.966796875
-1.224609375 -1.06640625 -0.767822265625
-1.279296875 -1.06640625 -0.1318359375
-0.525390625 -1.07421875 -0.74267578125
0.693359375 0.41015625 0.880859375
0.755859375 -0.57421875 0.958984375
0.681640625 -0.26171875 -0.013671875
0.658203125 -0.40234375 -0.52783203125
-1.427734375 -1.12109375 0.974609375
-1.646484375 -1.09765625 -0.22802734375
0.654296875 -1.08203125 -0.388671875
-1.044921875 -1.13671875 0.005859375
-0.748046875 -1.12890625 0.8564453125
0.294921875 -1.12109375 0.8447265625
-0.357421875 -1.13671875 0.44140625
0.181640625 -1.12890625 0.951171875
-1.123046875 -1.06640625 -0.12939453125
0.677734375 -0.62109375 0.4404296875
-1.365234375 -1.07421875 -0.663330078125
-0.708984375 -1.09765625 0.2041015625
-1.115234375 -1.12109375 0.767578125
0.763671875 0.06640625 1.083984375
0.025390625 1.00390625 -1.320556640625
0.619140625 -1.06640625 -0.3125
-0.583984375 -1.08984375 -0.4189453125
0.712890625 -0.87109375 0.10546875
0.751953125 -0.71484375 0.7421875
0.677734375 -0.62109375 0.4404296875
-0.064453125 -1.08203125 -0.30126953125
0.658203125 -0.79296875 -0.193359375
-1.451171875 0.94140625 -1.2799072265625
-0.662109375 -1.14453125 1.072265625
-0.048828125 -1.12109375 0.955078125
-1.091796875 -1.09765625 0.1123046875
-0.724609375 -1.08984375 0.3134765625
-1.193359375 -1.08203125 -0.6572265625
-1.099609375 -1.12890625 0.970703125
-0.048828125 -1.06640625 -0.1123046875
-0.357421875 -1.08984375 -0.3076171875
0.693359375 -1.08984375 0.1083984375
0.029296875 -1.11328125 0.955078125
-0.982421875 -0.88671875 -1.13043212890625
0.513671875 -1.13671875 1.052734375
0.611328125 -0.51171875 1.177734375
0.302734375 -1.08984375 -0.080078125
0.388671875 -1.08203125 0.0
0.650390625 -0.24609375 -0.5361328125
0.673828125 -0.69921875 -0.3017578125
0.724609375 -0.73046875 -1.0715103149414062
0.486328125 -1.05859375 -0.9190673828125
-0.865234375 -1.12109375 0.6396484375
0.728515625 -0.76171875 -0.10888671875
0.318359375 -1.09765625 0.126953125
0.576171875 -1.12890625 0.5458984375
-0.958984375 -1.10546875 0.421875
-0.810546875 -1.08203125 -0.64453125
-1.412109375 -1.13671875 0.65625
0.626953125 -1.14453125 0.9453125
-0.060546875 -1.07421875 0.5283203125
0.287109375 -1.11328125 0.2314453125
-0.841796875 -1.16796875 1.0859375
0.544921875 -1.12109375 0.6328125
0.474609375 -1.13671875 0.947265625
-0.224609375 -1.11328125 0.2275390625
-0.416015625 -1.08984375 0.529296875
0.490234375 -1.06640625 -0.709228515625
-0.361328125 -1.13671875 0.8515625
0.263671875 -0.68359375 1.177734375
-1.263671875 -1.10546875 0.3115234375
0.755859375 -0.91796875 1.0546875
-0.435546875 -1.08203125 -0.41552734375
-0.357421875 -1.08984375 -0.3076171875
-0.048828125 -1.07421875 0.1015625
-0.669921875 -1.13671875 0.85546875
0.107421875 -1.08203125 -0.109375
0.755859375 -0.63671875 1.0625
0.716796875 -0.97265625 0.7568359375
0.708984375 -0.69921875 0.5458984375
-0.525390625 -1.07421875 -0.74267578125
0.408203125 -1.16796875 1.06640625
-0.599609375 -1.10546875 0.3349609375
0.080078125 -1.13671875 1.05859375
0.775390625 -0.68359375 -1.0728073120117188
0.720703125 0.26953125 -0.13671875
-1.560546875 -1.13671875 0.8798828125
0.712890625 -1.06640625 1.064453125
-0.724609375 -1.05859375 -0.34130859375
0.658203125 -0.69921875 -0.727294921875
-1.380859375 -1.16796875 1.09375
0.755859375 -0.21484375 1.076171875
0.400390625 -1.08984375 0.1064453125
-1.263671875 -1.06640625 -0.353515625
0.205078125 -1.07421875 -0.92822265625
0.076171875 -1.12109375 0.546875
-0.599609375 -1.06640625 -0.745361328125
-0.412109375 -1.12890625 0.8681640625
0.693359375 0.41015625 0.880859375
0.732421875 -1.14453125 1.048828125
0.212890625 -1.08203125 -0.71728515625
-1.115234375 -1.13671875 0.5478515625
-0.337890625 -1.07421875 0.0986328125
-0.166015625 0.91015625 -1.320556640625
0.353515625 -1.11328125 0.2314453125
-0.865234375 -1.09765625 -0.21142578125
0.740234375 -0.08984375 0.640625
0.099609375 -1.07421875 -0.0029296875
0.548828125 -1.14453125 0.947265625
0.697265625 -1.17578125 1.0625
-0.888671875 -1.12109375 0.4404296875
-1.248046875 -1.14453125 0.8759765625
0.447265625 -1.12890625 0.443359375
-1.568359375 -1.14453125 0.6572265625
-0.998046875 1.17578125 -1.278076171875
0.716796875 0.36328125 0.76953125
-0.119140625 -1.08984375 0.2080078125
-1.037109375 -1.08203125 -0.43115234375
0.619140625 -1.12890625 0.4228515625
-1.341796875 -1.12109375 0.6416015625
0.697265625 0.00390625 0.107421875
0.642578125 0.36328125 -0.5693359375
0.205078125 -1.07421875 -0.92822265625
0.021484375 -1.08203125 0.5283203125
-1.037109375 -1.12890625 0.7666015625
0.716796875 0.42578125 0.083984375
-1.599609375 -1.08203125 -0.025390625
-1.068359375 -1.16015625 1.08984375
0.646484375 -1.12109375 0.5458984375
0.076171875 -1.11328125 0.4423828125
-0.302734375 -1.07421875 -0.51806640625
0.408203125 -1.12890625 0.6328125
0.763671875 -0.44921875 0.9609375
-0.267578125 -1.06640625 -0.3310546875
-0.220703125 -1.11328125 0.76171875
-1.224609375 -1.16796875 1.091796875
0.177734375 -1.09765625 0.31640625
0.099609375 -1.08984375 0.31640625
-1.021484375 -1.13671875 0.982421875
0.646484375 -0.05859375 -0.43798828125
0.716796875 -0.73046875 0.103515625
0.279296875 -1.11328125 0.3388671875
-0.865234375 -1.14453125 0.654296875
-0.732421875 -1.07421875 -0.013671875
-0.345703125 -1.13671875 0.65234375
-0.888671875 -1.10546875 0.7490234375
0.474609375 -1.12890625 0.6328125
0.677734375 -0.68359375 -0.0048828125
-1.669921875 -1.08984375 -0.0263671875
-1.451171875 0.94140625 -1.2799072265625
0.712890625 -1.04296875 0.4228515625
0.677734375 0.22265625 -0.359375
0.162109375 -1.08984375 -0.39990234375
-0.919921875 -1.04296875 -0.975830078125
-0.330078125 -1.12890625 0.958984375
0.400390625 -1.07421875 -0.634033203125
0.685546875 0.47265625 -0.0302734375
-0.794921875 0.59765625 -1.3216552734375
0.216796875 -1.11328125 0.546875
-0.197265625 -1.09765625 0.421875
0.662109375 -0.52734375 -0.20361328125
0.263671875 -1.13671875 0.951171875
0.244140625 -1.09765625 0.3173828125
0.830078125 -0.63671875 -1.0734481811523438
-0.486328125 -1.12109375 0.6376953125
0.072265625 -1.09765625 0.759765625
-0.361328125 -1.13671875 0.8515625
0.681640625 -0.85546875 -0.294921875
-0.412109375 -1.12890625 0.8681640625
-0.990234375 0.42578125 -1.223876953125
0.662109375 -0.66796875 -0.1982421875
-0.423828125 -1.12890625 0.44140625
-1.326171875 -1.14453125 0.876953125
-0.501953125 -1.08984375 -0.09375
-0.373046875 -1.12890625 0.0146484375
0.037109375 -1.11328125 0.634765625
-0.076171875 -1.07421875 -0.51171875
0.701171875 0.09765625 0.8759765625
-1.513671875 -1.05859375 -0.359375
-1.341796875 -1.09765625 0.19921875
