VEHICULAR_TRAILER
-0.345703125 -1.0859375 0.3719482421875
-1.228515625 -1.046875 0.0281982421875
-1.525390625 -1.0234375 -0.6644287109375
0.505859375 -1.0390625 -0.4898681640625
-0.994140625 -1.046875 -0.1939697265625
0.759765625 -0.4296875 1.0780029296875
-1.150390625 -1.078125 1.2108154296875
-0.705078125 -1.0078125 -0.8621826171875
-0.470703125 -1.0078125 -0.1495361328125
0.716796875 0.2890625 0.7098388671875
-0.712890625 -1.015625 -0.3780517578125
-1.150390625 -1.09375 0.9334716796875
0.451171875 -1.09375 0.9139404296875
-1.150390625 -1.078125 1.2108154296875
-1.009765625 -1.0703125 0.1444091796875
-0.212890625 -1.046875 0.2996826171875
0.419921875 0.1484375 1.2811279296875
0.365234375 0.0859375 1.3299560546875
0.169921875 -1.03125 0.5203857421875
0.701171875 -0.1953125 1.1971435546875
-0.369140625 -1.0859375 0.9686279296875
0.693359375 -1.1015625 0.8026123046875
0.076171875 -1.0859375 1.0721435546875
-1.470703125 -1.0390625 0.5291748046875
-0.197265625 -1.0625 0.7010498046875
-1.197265625 -1.078125 0.9842529296875
0.693359375 0.0546875 0.1834716796875
0.693359375 -0.3359375 1.0369873046875
0.740234375 -0.2109375 0.7469482421875
-1.095703125 -1.0703125 0.2557373046875
0.490234375 -1.03125 0.0828857421875
-0.447265625 -1.0859375 0.9705810546875
0.662109375 -0.1640625 0.3699951171875
-1.197265625 -1.015625 -0.8814697265625
0.115234375 -1.0703125 0.3729248046875
-0.462890625 -1.0234375 0.0760498046875
-0.009765625 -1.0625 0.8514404296875
0.669921875 -0.6015625 0.1531982421875
0.732421875 -0.953125 0.6268310546875
-1.205078125 -1.046875 0.5281982421875
0.646484375 -0.8984375 -0.3839111328125
-0.634765625 -1.0078125 -0.3765869140625
0.255859375 -1.0625 0.6297607421875
-1.025390625 -1.0859375 0.9822998046875
-0.376953125 -1.046875 0.1883544921875
0.732421875 -0.1484375 0.9295654296875
0.732421875 -0.3046875 0.2977294921875
-1.205078125 -0.9921875 1.2772216796875
0.755859375 -0.2265625 0.9705810546875
0.349609375 -1.0859375 0.9549560546875
-0.150390625 -1.03125 0.5223388671875
0.685546875 0.0859375 1.0467529296875
0.263671875 -1.078125 -0.0606689453125
-0.673828125 -1.0390625 -0.1881103515625
-0.462890625 -1.0546875 0.5233154296875
0.669921875 -0.3203125 0.5936279296875
-0.314453125 -1.046875 0.7449951171875
0.255859375 -1.0625 0.6297607421875
-1.259765625 -1.0234375 -0.4278564453125
0.693359375 -0.3515625 0.1864013671875
-0.814453125 -1.09375 0.9295654296875
-0.861328125 -1.03125 -0.6417236328125
-0.033203125 -1.046875 -0.1754150390625
0.333984375 -1.03125 -0.6036376953125
-1.673828125 -1.078125 0.9412841796875
-0.556640625 -1.0078125 -0.1505126953125
-0.345703125 -1.046875 -0.1812744140625
-0.673828125 -1.046875 -0.7467041015625
0.654296875 -0.5546875 0.3719482421875
1.529296875 -0.1796875 -1.1378631591796875
-0.486328125 -1.078125 1.1951904296875
0.443359375 -1.109375 0.5897216796875
-0.892578125 -1.1015625 0.8172607421875
-1.595703125 -1.078125 0.2528076171875
-1.056640625 -1.09375 0.8192138671875
-1.119140625 -1.0703125 0.4129638671875
-0.275390625 -1.0859375 0.1522216796875
0.662109375 -0.7109375 -0.0635986328125
-0.900390625 -1.0546875 -0.3043212890625
-1.376953125 -1.109375 1.2772216796875
-1.470703125 -1.0234375 0.0682373046875
0.759765625 -0.4296875 1.0780029296875
-0.447265625 -1.0859375 0.9705810546875
0.701171875 -1.09375 1.0584716796875
-0.587890625 -1.0859375 0.4822998046875
-1.673828125 -1.046875 -0.7840576171875
-1.369140625 -1.125 1.0506591796875
0.693359375 0.0234375 0.4822998046875
-0.705078125 -1.0078125 -0.8621826171875
-0.798828125 -1.015625 -0.3800048828125
0.708984375 0.1328125 0.4100341796875
0.177734375 -1.0546875 0.3006591796875
-0.962890625 -1.0625 0.4129638671875
0.310546875 -1.078125 0.8475341796875
-1.205078125 -1.046875 0.5281982421875
-0.298828125 -1.0234375 0.0770263671875
0.412109375 -1.0703125 0.2655029296875
0.693359375 -0.6015625 1.0311279296875
-1.158203125 -1.0859375 0.7078857421875
-1.126953125 -1.0390625 0.2987060546875
-1.017578125 -1.0234375 -0.5338134765625
-0.791015625 -1.03125 0.0731201171875
-1.205078125 -1.046875 0.5281982421875
0.732421875 -0.8046875 0.9158935546875
-0.650390625 -1.078125 0.8612060546875
-0.111328125 -1.0390625 -0.3970947265625
-0.470703125 -1.03125 -0.0362548828125
0.669921875 -0.8515625 0.1571044921875
-1.447265625 -1.1171875 1.2791748046875
-0.548828125 -1.0546875 0.7479248046875
-0.736328125 -1.046875 -0.3004150390625
0.123046875 -1.046875 -0.1724853515625
0.294921875 -1.046875 0.0477294921875
-0.587890625 -1.0703125 0.7039794921875
0.435546875 -1.0859375 0.3739013671875
1.439453125 -0.1484375 -1.1431427001953125
0.701171875 -0.1015625 0.7059326171875
-0.908203125 -1.078125 1.0936279296875
0.740234375 0.1015625 0.5242919921875
0.294921875 -0.9609375 -1.04620361328125
0.521484375 -1.0625 -0.2720947265625
-1.173828125 -1.078125 0.4822998046875
-0.423828125 -1.046875 -0.1827392578125
0.193359375 -1.0625 0.6990966796875
0.193359375 -1.0859375 -0.0616455078125
-0.673828125 -1.0390625 -0.1881103515625
-0.720703125 -1.0390625 0.5252685546875
-1.048828125 -1.0625 0.7537841796875
-0.009765625 -1.0625 0.8514404296875
-0.384765625 -1.0546875 0.7459716796875
0.669921875 0.0859375 -0.0450439453125
1.658203125 -0.1484375 -1.1358489990234375
-0.978515625 -1.09375 0.8182373046875
-1.541015625 -1.03125 0.0672607421875
0.560546875 -1.0546875 0.7352294921875
-1.626953125 -1.046875 0.0672607421875
0.685546875 -0.7265625 0.8084716796875
0.716796875 0.2890625 -0.1641845703125
0.701171875 -1.09375 1.0584716796875
0.333984375 -1.0390625 0.3006591796875
0.701171875 -0.8671875 1.0233154296875
-0.189453125 -1.0390625 -0.5093994140625
0.693359375 -0.3515625 0.1864013671875
-0.306640625 -1.1171875 1.0330810546875
0.404296875 -1.0234375 0.0819091796875
-0.126953125 -1.0546875 0.7010498046875
0.505859375 -1.078125 0.3739013671875
-1.087890625 -1.0390625 -0.7620849609375
-0.673828125 -1.0390625 -0.1881103515625
-0.955078125 -1.078125 0.9803466796875
-0.033203125 -1.0390625 -0.5050048828125
-0.548828125 -1.0546875 0.7479248046875
-0.056640625 -1.03125 -0.6158447265625
0.701171875 -0.1171875 0.4822998046875
-0.900390625 -1.0546875 -0.3043212890625
0.654296875 -0.5546875 0.3719482421875
0.568359375 -1.0546875 0.4090576171875
-1.126953125 -1.0390625 0.2987060546875
0.123046875 -1.046875 -0.4996337890625
-1.119140625 -1.0703125 0.6414794921875
-0.853515625 -0.921875 -1.0999755859375
-1.126953125 -0.890625 -1.1983642578125
-1.236328125 -1.0859375 1.0994873046875
0.451171875 -1.09375 0.9139404296875
0.529296875 -1.109375 0.9119873046875
0.021484375 -1.046875 0.1903076171875
0.693359375 0.2109375 1.0506591796875
-1.619140625 -0.9140625 -0.9046630859375
-0.345703125 -1.046875 -0.7349853515625
-0.212890625 -1.0546875 0.1893310546875
-0.306640625 -1.015625 -0.1466064453125
0.115234375 -1.0703125 0.3729248046875
-1.541015625 -1.03125 0.0672607421875
-0.416015625 -1.1015625 0.5926513671875
-1.400390625 -1.09375 0.9373779296875
0.724609375 -1.0 0.8436279296875
0.107421875 -1.0546875 0.7000732421875
-1.197265625 -1.015625 -0.8814697265625
-0.892578125 -0.8671875 -1.1887969970703125
0.162109375 -1.0390625 0.7401123046875
-1.650390625 -1.0078125 -0.7476806640625
-0.439453125 -1.078125 -0.0714111328125
-0.587890625 -1.0703125 0.7039794921875
0.693359375 -1.1171875 1.0174560546875
-0.009765625 -1.0625 -0.2838134765625
0.044921875 -1.0390625 -0.1744384765625
-0.642578125 -1.0 -0.1514892578125
0.498046875 -1.0859375 0.1590576171875
0.044921875 -1.0390625 -0.1744384765625
-0.384765625 -1.015625 -0.3712158203125
0.365234375 -1.0390625 0.0487060546875
0.248046875 -1.0546875 0.4100341796875
-0.400390625 -1.1015625 1.0819091796875
-0.072265625 -1.03125 0.5213623046875
-1.658203125 -1.046875 -0.2076416015625
0.451171875 -1.0859375 0.8055419921875
-0.962890625 -1.0234375 0.0721435546875
-0.955078125 -1.078125 0.9803466796875
0.255859375 -1.0625 0.6297607421875
-1.126953125 -0.890625 -1.1983642578125
