VEHICULAR_TRAILER
0.6875 -0.375 0.5946044921875
-0.09375 -1.1328125 -0.0880126953125
-0.28125 -1.1328125 0.0203857421875
0.609375 -1.140625 0.9930419921875
-0.1328125 -1.1484375 0.1385498046875
0.359375 -1.1015625 0.0877685546875
0.203125 -1.140625 0.4822998046875
-1.5 -1.1796875 1.0145263671875
-0.2265625 -1.1328125 0.7733154296875
-1.1484375 -1.171875 0.5906982421875
0.6328125 -1.1484375 0.4315185546875
0.3359375 -1.1796875 1.0457763671875
0.5390625 -1.109375 0.3172607421875
-1.1171875 -1.1328125 0.5389404296875
-1.0859375 -1.15625 0.4725341796875
0.671875 -0.546875 -0.0889892578125
0.71875 -0.8125 0.7098388671875
0.671875 -0.953125 -0.4781494140625
-1.5390625 -1.171875 0.1131591796875
-0.8515625 -1.1328125 0.7762451171875
-0.3046875 -1.1640625 1.2352294921875
-0.9375 -1.125 0.7762451171875
0.1953125 -1.1015625 0.0848388671875
0.640625 -0.65625 -0.5433349609375
0.4140625 -1.1796875 0.8221435546875
1.3515625 -0.28125 -1.11083984375
0.703125 -1.0 0.2039794921875
-0.4453125 -1.171875 0.5936279296875
0.640625 -0.78125 -0.5362548828125
0.703125 -0.5 -0.1500244140625
0.1953125 -1.1015625 0.0848388671875
-0.046875 -1.1640625 1.2313232421875
0.65625 -0.171875 -0.4527587890625
0.6171875 -1.1484375 0.3758544921875
0.4375 -0.90625 1.2293701171875
0.71875 -0.421875 0.4266357421875
-1.5 -1.1484375 -0.1226806640625
-0.359375 -1.125 0.2498779296875
0.0859375 -1.1484375 -0.0831298828125
0.609375 -0.5 -0.899139404296875
0.546875 -1.140625 0.4305419921875
-0.296875 -1.15625 0.3660888671875
0.1875 -1.1171875 0.5418701171875
0.046875 -1.1171875 -0.1993408203125
0.671875 -1.0 0.1483154296875
0.640625 -0.53125 -0.5496826171875
-0.6875 -1.1796875 1.0555419921875
-0.0703125 -1.109375 0.5408935546875
-1.6171875 -1.15625 1.1864013671875
0.765625 -0.140625 1.0086669921875
0.6640625 -0.3125 -0.6763916015625
0.65625 -0.78125 -0.3096923828125
0.6953125 -0.28125 0.3641357421875
-0.4609375 -1.1640625 0.7088623046875
0.7578125 -0.609375 0.5418701171875
-0.2265625 -1.1328125 0.7733154296875
0.78125 -0.28125 1.2391357421875
-1.4140625 -1.1875 0.8280029296875
0.671875 -1.0546875 0.0374755859375
-0.1171875 -1.15625 0.5946044921875
0.46875 -1.171875 0.1492919921875
-1.03125 -1.125 0.5399169921875
0.7265625 -0.9375 0.7098388671875
0.609375 -1.140625 0.9930419921875
-0.03125 -1.15625 0.8240966796875
0.71875 -0.171875 0.9403076171875
-0.3828125 -1.0 1.2879638671875
-0.328125 -0.9609375 1.2879638671875
-0.3984375 -1.140625 0.6571044921875
0.734375 -0.703125 0.6561279296875
0.1875 -1.1171875 0.5418701171875
-0.8359375 -1.1640625 1.2469482421875
0.7578125 -0.359375 0.5408935546875
0.703125 -0.390625 0.8260498046875
-1.2265625 -1.1328125 1.0155029296875
0.6171875 -1.1328125 0.7684326171875
0.0234375 -1.1328125 0.8875732421875
-0.4921875 -1.1484375 0.6571044921875
0.625 -1.171875 0.1522216796875
-0.2265625 -1.140625 0.4793701171875
0.1875 -1.1171875 0.5418701171875
0.6171875 -1.1484375 0.3758544921875
0.6875 -0.765625 0.1434326171875
-0.140625 -1.109375 -0.4974365234375
0.46875 -1.171875 0.1492919921875
0.6953125 -0.390625 -1.13427734375
0.1953125 -1.1015625 0.3143310546875
-1.171875 -1.125 -0.2340087890625
0.4609375 -1.15625 0.3739013671875
0.65625 -0.890625 -0.0777587890625
-0.3984375 -0.265625 1.3055419921875
-1.484375 -1.15625 1.2606201171875
-1.4140625 -1.1328125 1.0174560546875
-1.5234375 -1.1328125 -0.2442626953125
0.2890625 -1.15625 0.1463623046875
0.6171875 -1.1484375 0.3758544921875
-1.3359375 -1.1796875 0.5897216796875
0.7734375 -0.28125 1.0057373046875
-1.4375 -1.1328125 -0.3609619140625
0.6171875 -1.1484375 0.3758544921875
0.734375 -0.546875 0.3123779296875
0.78125 -0.28125 1.2391357421875
-0.265625 -1.171875 1.1668701171875
-0.1015625 -1.1328125 0.0238037109375
0.640625 -1.15625 0.9305419921875
-0.21875 -1.1484375 0.8885498046875
0.7578125 -0.234375 0.7742919921875
0.6640625 -0.453125 -0.6680908203125
0.1953125 -1.1015625 0.0848388671875
0.7421875 -0.4375 0.3114013671875
-0.484375 -1.1328125 0.3641357421875
-1.6328125 -1.15625 0.7088623046875
0.6953125 -0.125 0.8270263671875
0.359375 -1.015625 1.2274169921875
0.6640625 -0.03125 -0.1065673828125
-0.71875 -1.15625 0.9393310546875
0.6796875 -0.234375 0.5936279296875
0.7421875 -0.6875 0.3143310546875
1.671875 0.140625 -0.89794921875
-0.953125 -1.1796875 1.1297607421875
0.7421875 -0.53125 1.1180419921875
0.6953125 -0.109375 -0.1627197265625
0.609375 -1.078125 -0.9280166625976562
-1.53125 -1.1640625 0.7088623046875
-1.3828125 -1.1640625 1.2567138671875
0.5390625 -1.125 0.2039794921875
0.765625 -0.140625 1.0086669921875
0.6171875 -1.1328125 0.7684326171875
0.6640625 -0.3125 -0.975189208984375
-0.3046875 -1.1640625 1.2352294921875
-0.6953125 -1.15625 1.2899169921875
0.2421875 -1.171875 1.1590576171875
-0.4140625 -1.1328125 1.0047607421875
0.75 -0.71875 1.1629638671875
-1.671875 -1.1171875 0.0545654296875
0.6875 -0.125 0.3621826171875
-1.4921875 -1.109375 0.0574951171875
-1.0390625 -1.1328125 1.0125732421875
-0.4921875 -1.125 0.5408935546875
-0.140625 -1.1171875 0.4276123046875
0.734375 -0.09375 0.6580810546875
0.578125 -1.1875 0.8211669921875
0.0234375 -1.109375 0.1981201171875
0.609375 -0.5 -0.899139404296875
0.6640625 -0.828125 -0.6468505859375
-0.46875 -1.1484375 0.4774169921875
-0.625 -1.1640625 0.9393310546875
-0.78125 -1.1796875 0.8260498046875
-0.0390625 -1.1171875 -0.3165283203125
0.546875 -1.1640625 0.1502685546875
-0.5859375 -1.109375 0.3074951171875
-0.1484375 -1.1171875 0.1961669921875
0.6171875 -1.1484375 0.3758544921875
-1.421875 -1.1796875 0.5897216796875
-0.2890625 -1.1640625 0.7088623046875
-0.6640625 -1.1328125 0.5399169921875
-0.265625 -1.1796875 0.8240966796875
-0.796875 -1.1640625 0.9403076171875
0.7734375 -0.78125 0.9969482421875
0.3828125 -1.1640625 0.1473388671875
-0.7890625 -1.15625 1.1278076171875
0.75 -0.9375 0.0897216796875
0.6796875 -0.578125 0.0242919921875
0.65625 -0.78125 -0.3096923828125
-0.5703125 -1.1640625 1.2410888671875
-1.4140625 -1.1328125 1.0174560546875
0.7578125 -0.96875 0.7694091796875
-1.1171875 -1.1328125 0.5389404296875
0.6640625 -0.671875 -0.0850830078125
-0.7578125 -1.1484375 0.6580810546875
-1.1640625 -1.1640625 0.4725341796875
-1.0859375 -1.15625 0.4725341796875
0.125 -1.15625 1.2274169921875
-0.7578125 -1.125 0.5399169921875
0.6875 -0.125 0.3621826171875
-1.453125 -1.1640625 0.1151123046875
0.7109375 -0.21875 0.2479248046875
0.1328125 -1.1484375 0.5955810546875
-1.40625 -1.171875 1.0135498046875
-1.296875 -1.15625 1.2567138671875
-1.6015625 -1.1640625 1.1414794921875
-1.6171875 -1.171875 0.5291748046875
0.734375 -0.09375 0.6580810546875
0.703125 -1.078125 0.2635498046875
0.296875 -1.15625 0.8846435546875
0.359375 -1.1015625 0.0877685546875
-0.4921875 -1.125 0.7742919921875
0.28125 -1.1328125 0.6561279296875
-0.3828125 -1.171875 1.2371826171875
0.203125 -1.1640625 0.1444091796875
0.6953125 -1.0078125 0.8221435546875
-1.3828125 -1.1640625 1.2567138671875
-0.140625 -1.140625 0.3680419921875
-1.53125 -1.171875 0.3524169921875
0.296875 -1.1328125 0.4295654296875
-1.21875 -1.125 0.7781982421875
-0.4921875 -1.125 0.7742919921875
-0.1484375 -1.125 0.8885498046875
-0.7421875 -1.171875 1.2449951171875
-0.3046875 -1.1640625 1.2352294921875
