VEHICULAR_TRAILER
-0.88671875 -0.80078125 0.8033447265625
0.62890625 -0.77734375 0.1065673828125
-0.63671875 -0.76171875 0.0865478515625
-1.32421875 -0.85546875 0.9146728515625
-0.40234375 -0.78515625 0.0518798828125
0.73046875 -0.07421875 0.3238525390625
0.37109375 -0.80078125 0.5660400390625
0.19921875 -0.79296875 0.4478759765625
-0.62890625 -0.83203125 1.1588134765625
-0.70703125 -0.83203125 0.4390869140625
0.65234375 0.78515625 -0.5467529296875
0.62890625 -0.44921875 -0.2440185546875
-0.88671875 -0.80859375 0.9234619140625
-1.03515625 -0.85546875 0.9136962890625
0.66796875 -0.38671875 -0.1307373046875
-1.02734375 -0.84765625 1.1519775390625
-0.62890625 -0.79296875 1.0416259765625
0.21484375 -0.79296875 0.3336181640625
0.71484375 -0.44921875 0.6793212890625
0.66015625 -0.41796875 0.6783447265625
0.37109375 -0.80859375 0.6812744140625
-1.64453125 -0.80859375 -0.3450927734375
0.69140625 -0.49609375 -0.1331787109375
0.08984375 -0.66015625 1.2584228515625
0.66796875 -0.66796875 0.5660400390625
0.73828125 -0.35546875 0.5631103515625
0.66015625 -0.52734375 0.6793212890625
-1.33203125 -0.84765625 0.1920166015625
0.64453125 -0.57421875 -0.0091552734375
-0.39453125 -0.86328125 0.9107666015625
0.73046875 -0.30859375 0.3277587890625
0.30078125 -0.80859375 -0.0096435546875
0.65234375 -0.71484375 0.1104736328125
-0.22265625 -0.81640625 0.0953369140625
0.69921875 -0.70703125 0.7935791015625
0.55859375 -0.84765625 1.0220947265625
0.60546875 -0.78515625 -0.3441162109375
0.12109375 -0.83984375 0.9088134765625
0.69140625 -0.15234375 0.2086181640625
0.19140625 -0.80078125 0.9127197265625
0.45703125 -0.76171875 -0.4752197265625
-0.16796875 -0.76171875 0.3287353515625
0.63671875 -0.33984375 -0.2489013671875
0.68359375 -0.26171875 0.2105712890625
0.41015625 -0.85546875 1.1363525390625
0.59765625 -0.18359375 -0.8428916931152344
0.47265625 -0.80859375 0.3375244140625
0.19921875 -0.79296875 0.2164306640625
0.10546875 -0.78515625 0.2154541015625
-0.80859375 -0.76953125 -0.5172119140625
0.10546875 -0.81640625 0.6793212890625
0.64453125 -0.35546875 -0.3631591796875
0.67578125 -0.49609375 0.2154541015625
0.70703125 -0.30859375 0.4439697265625
0.47265625 -0.80859375 0.4488525390625
-0.60546875 -0.79296875 -0.1502685546875
-1.13671875 -0.80078125 0.3150634765625
0.69140625 -0.40234375 0.3326416015625
0.27734375 -0.74609375 -0.949951171875
0.62890625 -0.77734375 0.1065673828125
0.68359375 -0.18359375 0.9097900390625
0.72265625 -0.77734375 0.3355712890625
0.55859375 -0.80859375 -0.0032958984375
-1.50390625 -0.82421875 -0.0540771484375
0.62890625 -0.77734375 0.1065673828125
0.73046875 -0.75390625 1.1383056640625
0.46484375 -0.37109375 1.2584228515625
0.20703125 -0.80078125 0.1041259765625
0.66796875 -0.73828125 -0.1170654296875
-0.51953125 -0.79296875 -0.3831787109375
0.44140625 -0.79296875 -0.3492431640625
-0.57421875 -0.80078125 0.0494384765625
0.48828125 0.36328125 1.2799072265625
-0.42578125 -0.80859375 0.6832275390625
0.69921875 0.86328125 -0.1815185546875
-1.48046875 -0.79296875 1.0533447265625
0.72265625 -0.15234375 1.1480712890625
0.68359375 0.09765625 0.2027587890625
0.50390625 -0.27734375 1.2662353515625
-0.31640625 -0.81640625 0.4449462890625
0.27734375 -0.78515625 0.5660400390625
-0.83203125 -0.82421875 1.1627197265625
-1.59765625 -0.85546875 1.1588134765625
0.26953125 -0.79296875 -0.8175048828125
0.74609375 -0.15234375 1.0308837890625
0.70703125 -0.79296875 0.6802978515625
-0.26171875 -0.08984375 1.2857666015625
-1.08984375 -0.80859375 1.0474853515625
0.70703125 0.17578125 0.4390869140625
0.55859375 -0.84765625 1.0220947265625
0.01171875 -0.76953125 -0.4893798828125
-1.08203125 -0.81640625 0.6842041015625
0.55078125 -0.81640625 0.9097900390625
0.68359375 -0.77734375 1.1343994140625
-0.88671875 -0.80078125 0.8033447265625
-0.61328125 -0.82421875 0.4400634765625
-1.37890625 -0.78515625 -0.4613037109375
0.01171875 -0.79296875 1.0328369140625
0.55078125 -0.80859375 0.1114501953125
0.58203125 -0.16796875 1.2603759765625
0.67578125 -0.30859375 0.6783447265625
-0.60546875 -0.82421875 1.2779541015625
0.73046875 0.03515625 0.0865478515625
-0.41015625 -0.80859375 0.4449462890625
0.60546875 -0.66796875 -0.8101806640625
0.69140625 -0.27734375 0.3297119140625
0.66796875 -0.05859375 0.5601806640625
0.12109375 -0.80078125 0.1021728515625
1.37109375 0.01953125 -1.0535888671875
-1.23828125 -0.81640625 0.0367431640625
0.58984375 -0.52734375 -0.8196563720703125
0.73046875 -0.04296875 1.1500244140625
0.70703125 -0.37109375 0.7935791015625
0.63671875 -0.80859375 0.1129150390625
-0.80078125 -0.76171875 -0.1571044921875
-0.77734375 -0.80859375 -0.5118408203125
0.66015625 -0.18359375 0.2115478515625
-0.78515625 -0.80078125 0.4429931640625
-0.80078125 -0.80078125 1.0435791015625
0.44140625 -0.80078125 -0.80877685546875
-0.47265625 -0.83984375 1.0093994140625
-1.34765625 -0.83984375 0.4322509765625
0.72265625 0.81640625 0.0660400390625
-0.29296875 -0.85546875 1.1441650390625
0.62109375 -0.55859375 -0.4713134765625
-0.17578125 -0.83203125 1.1519775390625
-0.26171875 -0.76171875 0.0928955078125
-0.33984375 -0.76953125 0.3267822265625
-0.95703125 -0.80859375 -0.2791748046875
-0.23046875 -0.84765625 0.9097900390625
0.69921875 -0.41796875 0.4459228515625
-0.76953125 -0.80078125 0.0455322265625
0.72265625 -0.10546875 0.6783447265625
-0.87890625 -0.82421875 1.2838134765625
0.19140625 -0.80859375 1.0308837890625
0.67578125 -0.70703125 -0.9342041015625
-1.47265625 -0.79296875 -0.4642333984375
-0.60546875 -0.83203125 0.7945556640625
-0.94921875 -0.83984375 1.2701416015625
-0.33984375 -0.80078125 0.6822509765625
-0.40234375 -0.84765625 0.6773681640625
-1.09765625 -0.76953125 0.0797119140625
-0.78515625 -0.80859375 0.9224853515625
0.72265625 -0.63671875 1.1402587890625
0.69140625 -0.49609375 -0.1331787109375
-0.58203125 -0.83984375 1.0299072265625
0.10546875 -0.81640625 0.6793212890625
-1.55078125 -0.82421875 1.2974853515625
-1.66015625 -0.81640625 1.3013916015625
0.20703125 -0.78515625 -0.4825439453125
0.65234375 -0.33984375 -0.0169677734375
-0.97265625 -0.82421875 1.2857666015625
-0.06640625 -0.78515625 0.4459228515625
0.44140625 -0.80078125 -0.80877685546875
-0.91796875 -0.86328125 1.1510009765625
0.66796875 -0.78515625 0.5670166015625
-1.52734375 -0.82421875 0.0308837890625
-0.87890625 -0.83984375 0.2008056640625
0.73828125 -0.24609375 0.9117431640625
-1.46484375 -0.80078125 0.8072509765625
-1.27734375 -0.77734375 0.3189697265625
-0.77734375 -0.80078125 0.0831298828125
0.47265625 -0.77734375 -0.1282958984375
-1.18359375 -0.80859375 0.6851806640625
-0.23046875 -0.71484375 1.2720947265625
0.75390625 -0.51171875 1.0269775390625
0.46484375 -0.79296875 0.7955322265625
-1.16015625 -0.83984375 0.1949462890625
-0.32421875 -0.83203125 1.0279541015625
-1.26953125 -0.77734375 -0.5333251953125
-0.54296875 -0.82421875 1.1588134765625
0.67578125 0.06640625 0.9107666015625
-0.62890625 -0.77734375 -0.62548828125
-0.80078125 -0.76171875 -0.1571044921875
0.67578125 0.06640625 0.9107666015625
-0.60546875 -0.83984375 0.2056884765625
0.66796875 -0.66796875 0.4508056640625
-0.94921875 -0.80859375 0.0421142578125
0.70703125 -0.05859375 0.4410400390625
0.71484375 0.03515625 0.6783447265625
-0.51171875 -0.80859375 0.9195556640625
-0.41015625 -0.80078125 0.0909423828125
0.21484375 -0.79296875 0.3336181640625
0.44921875 -0.74609375 -0.94195556640625
0.47265625 -0.77734375 -0.1282958984375
0.19140625 -0.78515625 -0.1282958984375
-0.26953125 0.05078125 1.2896728515625
0.73046875 -0.10546875 0.9127197265625
0.38671875 -0.80859375 0.1080322265625
0.63671875 0.01953125 -0.3817138671875
-0.57421875 -0.86328125 0.9117431640625
-0.25390625 0.14453125 1.2896728515625
0.00390625 -0.79296875 0.6812744140625
-1.63671875 -0.83984375 0.4293212890625
0.00390625 -0.76171875 0.7984619140625
0.72265625 -0.33984375 0.6783447265625
0.66015625 0.78515625 -0.1790771484375
0.72265625 -0.33984375 0.6783447265625
-0.24609375 -0.79296875 0.7994384765625
-0.66015625 -0.83203125 1.0113525390625
