VEHICULAR_TRAILER
0.15625 -1.17578125 1.2642822265625
0.640625 0.37109375 0.1109619140625
-1.328125 -1.19140625 1.2584228515625
-0.0859375 -1.10546875 0.5240478515625
0.234375 -1.14453125 1.0162353515625
-1.296875 -1.16796875 1.2974853515625
0.6875 -0.73828125 0.9908447265625
0.625 -0.78515625 -0.7181396484375
-0.0078125 -1.13671875 0.2564697265625
0.703125 -1.11328125 1.2271728515625
0.234375 -1.14453125 1.0162353515625
0.6484375 -0.72265625 0.5025634765625
-0.6953125 -1.12890625 0.5230712890625
0.0546875 0.02734375 -1.3021240234375
0.578125 -1.06640625 -0.948883056640625
-0.0234375 -0.62890625 -1.2877197265625
0.65625 -1.07421875 0.3853759765625
0.6796875 -0.84765625 0.1539306640625
0.625 -1.13671875 0.6451416015625
-0.2734375 -1.13671875 0.6490478515625
-0.1875 -1.12890625 0.6480712890625
-0.8828125 0.63671875 -1.2498779296875
0.6484375 -0.47265625 0.5006103515625
-0.5859375 -1.13671875 1.0289306640625
-0.8515625 -1.02734375 -1.0286865234375
-0.078125 -1.10546875 -0.5977783203125
-0.8125 -1.08984375 -0.6246337890625
0.6328125 0.13671875 0.4947509765625
-0.9453125 -1.19921875 0.6383056640625
-1.1953125 -1.19140625 0.1187744140625
-0.671875 -1.16796875 0.1256103515625
-0.984375 -1.13671875 -0.3970947265625
0.5625 -1.18359375 0.7476806640625
0.1640625 -1.17578125 0.1373291015625
0.703125 -0.66015625 0.7476806640625
-0.0390625 -1.11328125 -0.2376708984375
-0.03125 -1.13671875 -0.3680419921875
0.09375 -1.18359375 1.2369384765625
0.625 -0.75390625 -0.1077880859375
0.359375 -1.14453125 -0.5894775390625
-0.015625 -0.00390625 -1.3035888671875
0.71875 -1.01953125 0.7662353515625
-0.4375 -1.17578125 0.3746337890625
0.03125 -1.20703125 1.1138916015625
0.296875 -1.14453125 0.2613525390625
-0.3203125 -1.18359375 0.1275634765625
-0.078125 -1.10546875 -0.5977783203125
-0.8359375 -1.17578125 0.7476806640625
0.21875 -1.10546875 0.2769775390625
0.7421875 -0.84765625 1.2564697265625
0.609375 -1.09765625 -0.5740966796875
0.625 -0.75390625 -0.4908447265625
-1.5546875 -1.10546875 0.2623291015625
-0.109375 -1.14453125 -0.1151123046875
0.015625 -1.08984375 -0.5950927734375
0.703125 -0.67578125 0.6441650390625
0.1875 -1.14453125 0.0123291015625
-1.046875 -1.19140625 1.0250244140625
-0.3125 -1.19140625 0.6373291015625
0.5078125 -1.10546875 0.2789306640625
-1.3359375 -1.14453125 1.0406494140625
-0.4765625 -1.14453125 0.6490478515625
0.4375 -1.12890625 0.4010009765625
0.65625 -0.92578125 -0.5804443359375
0.609375 -0.98046875 -0.5872802734375
-1.4375 -1.14453125 0.2340087890625
-1.3671875 -1.19921875 1.2916259765625
0.2578125 -1.16796875 0.3824462890625
0.6484375 0.16796875 0.2427978515625
-1.1484375 -1.14453125 -0.654296875
-1.4140625 -1.19140625 0.1158447265625
0.6953125 -0.55078125 0.7476806640625
-0.34375 -1.17578125 0.5093994140625
0.6640625 -0.81640625 1.1119384765625
-0.6640625 -1.12890625 -0.3875732421875
0.6640625 -0.44140625 0.2535400390625
-0.9609375 -1.11328125 -0.2664794921875
-1.5 -1.15234375 0.2457275390625
-0.6171875 -1.14453125 -0.3802490234375
-0.3359375 -1.16796875 0.3756103515625
0.609375 -1.10546875 0.2799072265625
0.71875 0.15234375 0.5142822265625
-0.1875 -1.12890625 0.6480712890625
-1.640625 -1.19921875 0.1119384765625
0.21875 -1.11328125 0.7701416015625
-0.3359375 -1.17578125 1.2760009765625
0.7421875 -0.59765625 1.2623291015625
-1.21875 -1.19921875 1.2564697265625
-0.4765625 -1.14453125 0.6490478515625
0.4453125 -1.16796875 0.3843994140625
0.640625 -0.51953125 0.0010986328125
-0.296875 -1.14453125 0.2515869140625
-0.515625 -1.19140625 1.0172119140625
-0.8515625 -1.12109375 -0.2625732421875
0.6640625 0.46484375 0.1265869140625
-0.765625 0.87109375 -1.2589111328125
0.671875 -0.94921875 -0.2117919921875
0.640625 -0.66015625 0.0118408203125
0.7109375 -0.87890625 0.2769775390625
0.625 0.15234375 0.8736572265625
0.75 -0.72265625 1.2584228515625
0.15625 -1.17578125 1.2642822265625
0.0234375 -1.09765625 -0.2215576171875
0.6484375 -1.17578125 0.7476806640625
-0.421875 -1.17578125 0.7476806640625
-0.3203125 -1.18359375 0.1275634765625
-0.5546875 -1.18359375 0.1275634765625
0.65625 -0.67578125 -0.2322998046875
0.6953125 -1.00390625 0.6451416015625
0.53125 -1.13671875 0.5240478515625
-0.34375 -1.13671875 -0.3773193359375
-0.015625 -1.18359375 0.8697509765625
-0.3671875 -1.14453125 0.6490478515625
-1.21875 -1.12890625 0.7808837890625
-1.1953125 -1.19140625 0.1187744140625
-0.453125 -1.17578125 0.1285400390625
0.671875 -0.56640625 0.2564697265625
-1.0390625 -1.14453125 -0.6497802734375
0.640625 -0.83203125 0.1383056640625
0.125 -1.12109375 0.5240478515625
1.6015625 -0.22265625 -1.0750732421875
0.6484375 -0.59765625 0.5015869140625
0.5078125 -1.18359375 1.0035400390625
-0.3515625 -1.14453125 0.3980712890625
-1.109375 -1.12109375 0.1383056640625
0.7109375 -0.41015625 0.2691650390625
0.6171875 -0.98046875 -0.4652099609375
-1.4453125 -1.10546875 0.2633056640625
-0.6328125 -1.14453125 -0.6314697265625
-0.765625 -1.16015625 1.2857666015625
0.71875 0.27734375 0.7681884765625
-0.296875 -1.08203125 0.0216064453125
0.0703125 -1.16015625 0.6246337890625
0.703125 -1.05859375 1.1314697265625
0.71875 0.40234375 0.5133056640625
0.015625 -1.12109375 0.6480712890625
0.4140625 -1.17578125 1.1353759765625
0.640625 -0.70703125 0.6246337890625
-0.9453125 -1.19921875 0.6383056640625
-0.765625 0.87109375 -1.2589111328125
-0.5859375 -0.92578125 -1.2979736328125
0.5390625 -1.16015625 0.8892822265625
0.6953125 -0.76953125 0.6441650390625
-0.984375 -1.13671875 -0.3970947265625
-0.78125 -1.13671875 0.3961181640625
-1.546875 -1.12890625 0.7838134765625
-1.2421875 -1.19140625 0.7476806640625
-0.0859375 -1.11328125 0.1500244140625
0.6875 -0.62890625 0.3961181640625
-0.8671875 -1.19140625 0.1236572265625
0.21875 -1.10546875 0.2769775390625
-0.875 -1.11328125 -0.7708740234375
-0.7890625 -1.11328125 0.2691650390625
-0.8984375 -1.12109375 0.1402587890625
0.1484375 -1.12890625 -0.4884033203125
-0.5234375 -1.17578125 0.7476806640625
-0.2578125 -1.12890625 -0.5025634765625
-0.59375 -1.09765625 0.2701416015625
0.5625 -1.18359375 0.7476806640625
0.6640625 -0.67578125 0.2584228515625
0.625 -0.87890625 -0.4693603515625
-0.6953125 -1.14453125 1.0299072265625
0.65625 -1.05859375 0.8677978515625
0.5859375 -0.95703125 -0.955078125
0.15625 -1.16015625 0.7476806640625
-1.578125 -1.18359375 0.3609619140625
0.03125 -1.10546875 -0.7283935546875
0.1171875 0.05859375 -1.3009033203125
-1.2109375 -1.05078125 -1.063232421875
-0.3984375 -1.14453125 0.2506103515625
-1.015625 -1.16796875 1.1627197265625
0.359375 -1.14453125 -0.5894775390625
0.4140625 -1.19921875 1.1099853515625
-0.8515625 -1.02734375 -1.0286865234375
-1.1875 -1.16796875 1.2955322265625
-0.6484375 -1.11328125 -0.2562255859375
-1.3984375 -1.14453125 0.2467041015625
0.7109375 -0.53515625 1.2388916015625
1.6875 -0.22265625 -1.071533203125
-0.734375 -1.18359375 0.1197509765625
0.34375 -1.15234375 0.8922119140625
-0.8984375 -1.12109375 0.1402587890625
0.15625 -1.17578125 1.2642822265625
0.7265625 0.38671875 0.7691650390625
0.6484375 -0.47265625 0.5006103515625
-0.703125 -1.15234375 -0.1312255859375
0.4453125 -1.16796875 0.3843994140625
0.71875 -0.91015625 0.7662353515625
-0.234375 -1.15234375 0.6236572265625
-0.8046875 -1.16796875 1.1588134765625
0.640625 -1.14453125 0.4019775390625
0.6484375 -1.12109375 0.0245361328125
-0.109375 -1.12890625 0.2545166015625
0.6328125 0.16796875 -0.2640380859375
-1.203125 -1.14453125 0.3941650390625
-1.5625 -1.13671875 -0.5479736328125
0.421875 -1.12109375 0.1568603515625
-0.859375 -1.08203125 -1.3028564453125
-0.1640625 -1.11328125 -0.737060546875
-0.8046875 -0.95703125 -1.0306396484375
