VEHICULAR_TRAILER
0.6328125 -0.56640625 0.537841796875
-1.5859375 -1.07421875 1.050537109375
-1.125 -1.01953125 -0.024169921875
-1.3125 -1.07421875 0.371826171875
0.265625 -1.04296875 -0.374755859375
0.2890625 -1.10546875 0.921630859375
0.5390625 -1.00390625 -0.620849609375
-0.8671875 0.49609375 -1.30224609375
-1.5859375 -1.07421875 1.050537109375
-0.3671875 -1.07421875 -0.531494140625
-0.6328125 -1.07421875 -0.150146484375
0.3046875 -1.08984375 0.762451171875
0.640625 -0.67578125 0.382568359375
0.640625 -0.45703125 0.380615234375
0.71875 -0.69140625 1.036865234375
-0.7578125 -1.06640625 0.645263671875
-0.8828125 -1.01171875 -0.6849365234375
-1.6484375 -1.12109375 0.919677734375
-1.234375 -1.10546875 1.178466796875
0.34375 -1.01171875 -0.8907470703125
0.6171875 0.13671875 0.004150390625
-0.875 -0.88671875 -1.2265625
-1.1015625 -1.07421875 0.909912109375
0.5859375 0.37109375 -0.685302734375
0.5234375 -1.08203125 1.158935546875
-0.0703125 -1.04296875 -0.388916015625
0.5390625 -1.12109375 1.048583984375
-0.9375 -1.12109375 0.920654296875
0.5546875 -1.00390625 -0.748779296875
-1.2265625 -1.05859375 0.777099609375
0.1015625 -1.00390625 0.005615234375
-1.5546875 -1.07421875 -0.8668975830078125
-1.21875 -1.03515625 0.239990234375
-0.25 -1.06640625 -0.129150390625
-0.2265625 -1.05859375 -0.65478515625
-0.78125 -0.87109375 -1.2216796875
0.609375 0.27734375 0.404052734375
-0.734375 0.60546875 -1.300048828125
0.65625 0.48046875 0.940185546875
0.6328125 -0.51953125 -0.76959228515625
0.578125 0.13671875 -0.6748046875
-0.0234375 -1.03515625 -0.261962890625
-0.9375 -1.07421875 -0.292724609375
0.625 0.51171875 0.535888671875
-1.328125 -1.07421875 0.643310546875
0.6171875 -0.48828125 -0.131103515625
0.625 -0.94921875 -0.102294921875
-0.9140625 0.46484375 1.344482421875
-0.328125 -1.10546875 1.168701171875
-0.109375 -1.01171875 0.258544921875
0.640625 -1.01953125 0.270263671875
0.703125 0.51171875 0.921630859375
-0.09375 -1.01171875 -0.260009765625
0.5390625 -1.06640625 1.031982421875
0.6484375 -0.58203125 0.381591796875
0.6640625 0.07421875 0.655029296875
-1.4296875 -1.07421875 -0.8600616455078125
0.65625 -1.01953125 -0.235595703125
-1.34375 -1.05859375 0.509521484375
0.6015625 0.18359375 0.109130859375
-0.921875 0.65234375 -1.32666015625
-1.6953125 -1.10546875 0.358154296875
0.6953125 -0.48828125 1.168701171875
0.6171875 0.08984375 -0.279541015625
-0.9921875 -1.06640625 0.644287109375
0.640625 -0.64453125 -0.762939453125
-0.7109375 -1.12109375 1.184326171875
-1.1171875 -1.05859375 -0.69580078125
-1.6953125 -1.05078125 -0.460205078125
0.6484375 -0.41015625 -0.260986328125
0.609375 -0.93359375 -0.490478515625
-1.5546875 -1.07421875 -0.8668975830078125
0.21875 -1.04296875 0.777099609375
0.046875 -1.04296875 -0.384033203125
-1.578125 -0.28515625 1.338623046875
0.4375 -1.12890625 1.048583984375
1.0546875 -0.42578125 -1.009521484375
0.6875 0.43359375 0.257568359375
-0.671875 -1.09765625 0.370849609375
0.390625 -0.37890625 1.280029296875
0.71875 0.51171875 0.525146484375
0.609375 -0.81640625 -0.121826171875
-0.2734375 -1.10546875 0.000244140625
0.6171875 0.55859375 -0.827301025390625
0.65625 -0.59765625 0.928466796875
0.625 -0.84765625 -0.104248046875
0.46875 -1.05859375 0.394287109375
0.40625 -1.04296875 -0.247802734375
0.625 -1.05859375 -0.099365234375
0.4921875 -1.09765625 0.409912109375
-0.7109375 -1.06640625 0.117919921875
0.4453125 -1.04296875 0.141357421875
-0.3515625 -0.83984375 1.281982421875
-0.9609375 -0.94921875 -1.2412109375
-0.1953125 -1.11328125 0.891357421875
0.5859375 -1.01953125 -0.242919921875
-1.21875 -1.05078125 0.510498046875
0.6796875 -0.83984375 0.396240234375
-1.34375 -1.02734375 0.238037109375
-0.4140625 -0.89453125 1.281982421875
-1.03125 0.43359375 -1.30810546875
-0.046875 -1.05859375 -0.6456298828125
-1.1640625 -1.13671875 0.780029296875
-1.2265625 -1.04296875 0.106689453125
0.6484375 0.30859375 0.239013671875
-0.046875 -1.08984375 0.921630859375
-1.6953125 -1.08203125 1.050537109375
0.703125 -0.73828125 0.015869140625
-0.1328125 -1.06640625 -0.125244140625
-1.1875 -0.09765625 1.336669921875
0.6171875 0.19921875 -0.128662109375
0.109375 -1.05078125 0.649169921875
0.5859375 0.48046875 -0.54248046875
0.6328125 0.38671875 0.369873046875
-1.65625 -1.12890625 1.190185546875
-1.1015625 -1.07421875 0.909912109375
-0.09375 -1.00390625 -0.6494140625
-1.078125 -1.08203125 -0.162841796875
0.703125 -0.87890625 0.526123046875
-0.5859375 -1.12109375 0.521240234375
-0.09375 -1.01171875 -0.260009765625
-0.9765625 -1.04296875 -0.428466796875
0.6015625 0.48046875 -0.159912109375
0.6328125 -0.80078125 0.537841796875
0.625 -0.84765625 -0.104248046875
0.4375 -1.00390625 -0.625732421875
-0.7890625 0.74609375 -1.32275390625
-1.1015625 0.04296875 1.338623046875
0.6640625 -0.69140625 -0.243896484375
0.234375 -1.05078125 0.391357421875
0.3828125 -1.05078125 -0.62451171875
0.2265625 -1.02734375 0.264404296875
-1.5234375 -1.08203125 0.096435546875
-1.6953125 -1.06640625 -0.72265625
-0.5625 -1.08984375 1.170654296875
0.625 -0.61328125 -0.109619140625
0.7109375 0.26171875 0.918701171875
0.6171875 0.49609375 -0.002685546875
0.65625 -1.01953125 -0.235595703125
-1.3359375 -1.04296875 0.104736328125
0.15625 -1.02734375 -0.76715087890625
0.4296875 -1.09765625 1.158935546875
0.4453125 -1.12890625 0.888427734375
0.6015625 0.13671875 -0.149658203125
-0.0234375 -1.06640625 -0.121826171875
0.328125 -1.05859375 1.033935546875
0.6484375 -1.00390625 -0.6162109375
0.65625 0.37109375 -0.272705078125
-1.125 -1.01953125 -0.024169921875
0.109375 -1.04296875 0.521240234375
-0.8515625 -1.10546875 -0.017333984375
0.1484375 -1.08203125 0.659912109375
-1.6484375 -1.13671875 0.896240234375
-1.5859375 -1.01171875 -0.7174072265625
0.7265625 -0.45703125 0.909912109375
0.125 -1.05859375 0.905029296875
-0.859375 -1.09765625 0.650146484375
0.328125 -1.05859375 1.033935546875
-1.140625 -0.01953125 1.336669921875
0.5859375 -1.09765625 0.663818359375
-1.109375 -0.92578125 -0.98199462890625
-1.2109375 -1.05078125 -0.706298828125
-0.28125 -1.01953125 -0.78887939453125
0.6640625 0.07421875 0.655029296875
0.703125 0.40234375 0.788818359375
0.6484375 0.13671875 -0.266357421875
0.6328125 0.27734375 -0.6676025390625
0.625 -0.50390625 -0.112060546875
0.625 0.51171875 0.535888671875
-1.46875 -1.01171875 -0.032958984375
-1.2890625 -1.13671875 0.779052734375
0.71875 -0.45703125 1.040771484375
-0.8828125 -1.06640625 1.043701171875
0.625 -0.61328125 -0.109619140625
-0.1015625 -1.06640625 1.037841796875
-0.0546875 -1.09765625 0.006591796875
1.5703125 0.13671875 -1.017578125
-0.4765625 -1.07421875 -0.136962890625
-0.0859375 -1.08203125 -0.134033203125
-0.7265625 -0.80078125 -1.22216796875
0.34375 -1.01953125 -0.629150390625
-1.1796875 -1.12109375 1.186279296875
-1.6171875 0.12109375 -1.344482421875
0.609375 0.57421875 -0.67822265625
-1.03125 -1.13671875 1.052490234375
-0.9375 -1.07421875 -0.292724609375
0.6015625 -0.70703125 -0.634033203125
0.6328125 0.43359375 -0.291259765625
-0.8828125 -1.04296875 0.513427734375
0.640625 -1.05859375 1.031982421875
0.34375 -1.12890625 0.889404296875
1.6953125 0.23046875 -1.01708984375
-1.453125 -1.07421875 0.642333984375
0.6640625 0.23046875 0.763427734375
-1.3203125 0.24609375 -1.3154296875
-0.0703125 -1.04296875 -0.388916015625
0.71875 -0.80078125 0.906005859375
0.625 -0.91015625 0.024169921875
0.640625 -1.05859375 0.262451171875
-1.65625 -1.12890625 1.190185546875
