VEHICULAR_TRAILER
0.49609375 -0.7734375 -0.7357177734375
-1.18359375 -0.8203125 -0.78057861328125
0.64453125 0.6796875 -0.7913818359375
0.50390625 -0.8359375 1.2135009765625
-0.18359375 -0.8828125 1.1431884765625
-0.54296875 -0.765625 -0.1102294921875
-1.08984375 -0.828125 0.2847900390625
0.71484375 0.8046875 0.5650634765625
0.26953125 -0.8046875 0.4342041015625
0.66796875 -0.71875 0.3560791015625
0.48046875 -0.8203125 -0.5665283203125
-0.06640625 -0.8125 0.8258056640625
-1.53515625 -0.875 0.3209228515625
0.74609375 -0.6328125 0.8238525390625
-1.01171875 -0.8828125 0.8795166015625
-0.46484375 -0.8125 -0.4759521484375
0.89453125 0.6015625 -0.863739013671875
0.69921875 -0.84375 0.8785400390625
0.66015625 -0.8203125 0.3570556640625
0.67578125 0.7109375 0.8677978515625
-1.04296875 -0.875 -0.0838623046875
-1.34765625 -0.8515625 1.2447509765625
-0.66796875 -0.8671875 0.8785400390625
0.63671875 -0.6484375 -0.696044921875
0.63671875 0.5703125 0.3443603515625
0.71484375 -0.8046875 0.6939697265625
-1.48828125 -0.796875 0.0045166015625
-1.58203125 -0.828125 0.2779541015625
-0.53515625 -0.8359375 -0.2039794921875
-0.11328125 -0.796875 -0.4615478515625
-1.39453125 -0.890625 1.1549072265625
0.62890625 0.6953125 -0.2078857421875
0.70703125 -0.796875 0.3062744140625
-1.39453125 -0.8359375 0.0430908203125
0.67578125 -0.3671875 1.0123291015625
0.74609375 -0.6171875 0.6949462890625
-1.14453125 -0.8359375 -0.2244873046875
0.14453125 -0.5078125 -1.2659912109375
-1.14453125 -0.8828125 0.4644775390625
0.74609375 -0.71875 0.4381103515625
-0.86328125 -0.8984375 1.0142822265625
0.59765625 0.2109375 -0.6004638671875
0.04296875 -0.8046875 0.8258056640625
0.72265625 -0.8203125 0.4381103515625
0.69921875 0.3515625 0.2965087890625
-1.02734375 -0.8359375 0.0518798828125
0.16796875 -0.78125 -0.3563232421875
0.29296875 -0.8515625 1.2154541015625
-0.52734375 -0.8125 0.6939697265625
-0.20703125 -0.8671875 0.4761962890625
0.59765625 0.2265625 -0.7264404296875
0.73046875 -0.2734375 0.5660400390625
-1.10546875 -0.8125 0.0123291015625
-1.47265625 -0.8359375 0.8316650390625
0.62890625 0.7578125 -0.2069091796875
0.28515625 -0.8515625 0.3472900390625
0.59765625 -0.7734375 -0.731201171875
0.76171875 -0.4296875 1.2174072265625
0.45703125 -0.796875 -0.698486328125
0.62890625 0.7578125 -0.2069091796875
0.64453125 -0.6015625 -0.1673583984375
-0.90234375 -0.8359375 0.0552978515625
0.48828125 -0.8203125 0.9547119140625
-1.40234375 -0.8828125 0.4615478515625
-0.51953125 -0.8046875 0.0250244140625
0.89453125 0.6015625 -0.863739013671875
-0.37109375 -0.828125 -0.718994140625
-0.39453125 -0.78125 -0.3753662109375
0.65234375 -0.3671875 0.4840087890625
-0.65234375 -0.78125 0.1558837890625
0.72265625 -0.71875 1.2486572265625
0.72265625 0.7734375 0.7349853515625
-1.01953125 -0.890625 1.1510009765625
-1.51953125 -0.84375 0.0396728515625
-0.30078125 -0.8125 0.9615478515625
-0.90234375 -0.765625 -0.1190185546875
-1.53515625 -0.875 0.3209228515625
0.66796875 0.5078125 0.0264892578125
-0.75390625 -0.828125 0.8287353515625
-1.14453125 -0.8828125 0.8795166015625
0.66015625 -0.4921875 0.3541259765625
-0.62109375 -0.8203125 0.2896728515625
-0.41796875 -0.890625 0.4732666015625
0.66796875 0.8203125 0.3287353515625
0.66015625 -0.4921875 -0.7401123046875
0.59765625 0.2109375 -0.6004638671875
0.72265625 -0.8359375 1.2467041015625
0.01171875 -0.8046875 -0.4564208984375
-0.73046875 -0.8515625 1.2330322265625
0.69140625 0.3046875 0.8873291015625
0.56640625 -0.890625 0.8629150390625
0.60546875 0.8203125 -0.7550048828125
0.27734375 -0.78125 -0.3524169921875
0.65234375 -0.4921875 -0.0433349609375
0.63671875 0.8046875 -0.2113037109375
0.66015625 -0.5078125 -0.2977294921875
-0.31640625 -0.875 0.4752197265625
0.64453125 -0.2890625 -0.827880859375
0.23046875 -0.84375 -0.1717529296875
-1.47265625 -0.828125 0.5572509765625
-0.10546875 -0.7109375 -1.2708740234375
0.64453125 -0.5234375 -0.1732177734375
0.49609375 -0.8125 0.4361572265625
0.69921875 -0.4921875 0.7359619140625
-1.40234375 -0.84375 -0.3763427734375
-0.06640625 -0.8125 0.8258056640625
-1.14453125 -0.8828125 0.8795166015625
-1.29296875 -0.875 0.3258056640625
0.72265625 -0.7109375 0.5660400390625
0.27734375 -0.8046875 0.0416259765625
-1.04296875 -0.8671875 0.3297119140625
0.23828125 -0.8125 -0.4466552734375
0.02734375 -0.609375 -1.2674560546875
-0.66796875 -0.8515625 -0.1971435546875
0.69140625 -0.3984375 0.8814697265625
0.66015625 -0.8203125 0.4859619140625
0.26171875 -0.875 -0.0462646484375
0.73046875 0.8203125 -0.1131591796875
0.48046875 -0.7734375 -0.0848388671875
0.67578125 -0.4140625 0.2183837890625
-1.39453125 -0.8984375 0.7369384765625
0.68359375 0.3359375 0.7349853515625
-0.77734375 -0.875 0.8785400390625
0.73046875 0.4609375 -0.1053466796875
0.51171875 -0.84375 0.8238525390625
0.67578125 -0.3671875 1.0123291015625
-1.37109375 -0.7890625 0.1431884765625
0.73046875 0.5546875 0.6998291015625
-0.18359375 -0.8203125 0.5621337890625
-0.77734375 -0.875 0.8785400390625
0.50390625 -0.828125 -0.1702880859375
0.70703125 0.5703125 0.5650634765625
0.73046875 -0.2421875 0.1715087890625
-0.41015625 -0.8046875 0.4283447265625
0.61328125 -0.734375 -0.5635986328125
-1.66015625 -0.8828125 0.3189697265625
-0.89453125 -0.8359375 -0.2161865234375
-0.93359375 -0.8671875 0.6031494140625
0.66796875 -0.7265625 -0.730224609375
0.62890625 0.4140625 -0.1976318359375
-0.71484375 -0.8671875 0.3355712890625
-1.26171875 -0.765625 -0.1282958984375
-0.39453125 -0.78125 -0.3753662109375
-0.62109375 -0.8515625 1.2310791015625
0.49609375 -0.8125 0.4361572265625
-0.93359375 -0.8671875 0.6031494140625
0.50390625 -0.796875 0.0460205078125
0.74609375 -0.3984375 0.8258056640625
0.66015625 -0.5703125 0.3482666015625
-1.18359375 -0.875 0.6011962890625
-0.31640625 -0.859375 1.0933837890625
0.05078125 -0.8359375 -0.1849365234375
-0.66015625 -0.828125 0.0611572265625
-1.51953125 -0.8984375 0.7359619140625
-0.23046875 -0.8046875 -0.4661865234375
0.66015625 -0.609375 -0.7353515625
0.62109375 -0.625 -0.5677490234375
-0.13671875 -0.828125 -0.7086181640625
0.67578125 0.2109375 1.0201416015625
-1.51953125 -0.8828125 0.4605712890625
0.66015625 -0.2890625 -0.3050537109375
-1.32421875 -0.8046875 -0.5125732421875
-0.63671875 -0.828125 0.5601806640625
-0.27734375 -0.828125 0.8267822265625
0.73046875 -0.2734375 0.5660400390625
-0.58203125 -0.8046875 -0.4810791015625
0.61328125 -0.703125 -0.680908203125
0.69921875 0.4765625 0.2955322265625
-0.77734375 -0.8359375 -0.6236572265625
0.59765625 -0.8671875 0.4859619140625
-0.69921875 -0.8359375 -0.7337646484375
1.66015625 0.4453125 -0.692626953125
0.76171875 -0.4296875 0.9576416015625
-1.09765625 -0.84375 0.8297119140625
0.73828125 -0.4453125 1.0875244140625
-1.48828125 -0.8984375 1.0172119140625
0.67578125 0.4140625 0.2027587890625
0.69921875 -0.6640625 0.0474853515625
0.66015625 -0.5703125 0.3482666015625
-0.16015625 -0.8515625 0.3424072265625
-0.13671875 -0.828125 -0.7086181640625
0.49609375 -0.8125 0.4361572265625
0.73828125 0.4296875 0.4322509765625
-0.11328125 -0.796875 -0.4615478515625
0.67578125 -0.8203125 1.0074462890625
-1.26953125 -0.84375 -0.2288818359375
-0.27734375 -0.8125 0.4293212890625
-0.20703125 -0.8359375 -1.2708740234375
0.70703125 0.3515625 0.1636962890625
-1.45703125 -0.828125 0.2799072265625
0.40234375 -0.84375 1.2154541015625
0.13671875 -0.8671875 -0.0501708984375
0.73828125 0.7734375 1.2720947265625
-0.97265625 -0.859375 1.2369384765625
0.69921875 0.1953125 0.7349853515625
-0.72265625 -0.4765625 -1.0498046875
-0.11328125 -0.796875 -0.4615478515625
0.65234375 0.1171875 1.0191650390625
0.69921875 0.2421875 0.1646728515625
-0.20703125 -0.8671875 0.4761962890625
