VEHICULAR_TRAILER
-1.13671875 -1.18359375 1.01971435546875
-1.04296875 -1.16015625 0.28533935546875
-0.44921875 -1.13671875 1.03338623046875
-1.62109375 -1.16015625 0.44158935546875
-0.08984375 -1.16015625 0.56463623046875
0.65234375 -0.12109375 0.41131591796875
-1.46484375 -1.12890625 0.92010498046875
-0.80859375 -1.13671875 0.42987060546875
0.61328125 0.09765625 0.29998779296875
0.65234375 -0.92578125 0.41033935546875
-0.52734375 -1.13671875 0.42694091796875
-0.98046875 -1.05859375 0.32928466796875
1.07421875 -0.51171875 -1.20416259765625
0.61328125 0.20703125 -0.16290283203125
-1.07421875 -1.09765625 -0.15020751953125
-1.15234375 -1.16796875 0.72283935546875
-0.44921875 -1.12109375 1.17010498046875
0.66796875 -1.04296875 0.40936279296875
-1.38671875 -1.08203125 0.18475341796875
0.71484375 -0.19921875 0.87713623046875
0.59765625 -0.04296875 -0.73077392578125
-0.33984375 -1.05859375 -0.71954345703125
0.60546875 0.14453125 -0.30841064453125
0.64453125 -0.76171875 -0.79278564453125
-0.30859375 -1.12890625 0.74237060546875
0.09765625 -1.10546875 0.87518310546875
0.61328125 -0.01171875 0.29998779296875
0.63671875 -0.65234375 -0.79571533203125
0.64453125 -0.76171875 -0.79278564453125
0.06640625 -1.13671875 1.01776123046875
0.63671875 -0.23046875 0.17401123046875
-0.87109375 -1.05859375 -0.73175048828125
-0.46484375 -1.05859375 0.32342529296875
0.55859375 -0.15234375 -0.81866455078125
0.60546875 -1.05078125 -0.24884033203125
0.05078125 -1.14453125 0.98260498046875
-0.87109375 -1.03515625 -0.24688720703125
0.71484375 -0.76171875 0.58416748046875
-0.99609375 -1.03515625 -0.24786376953125
-1.07421875 -0.10546875 -1.21148681640625
0.58203125 0.09765625 -0.45294189453125
-1.38671875 -1.08203125 0.62127685546875
-0.26171875 -1.08984375 -0.14727783203125
-1.07421875 -1.09765625 -0.58624267578125
-0.63671875 -0.69921875 -1.03253173828125
0.62109375 0.64453125 -0.75225830078125
0.73828125 -1.05078125 0.99822998046875
0.55078125 -0.81640625 -0.99224853515625
-0.93359375 -1.14453125 0.13592529296875
-1.24609375 -1.13671875 -0.00177001953125
0.60546875 -0.85546875 -0.70587158203125
-0.19921875 -1.04296875 0.32147216796875
0.28515625 -1.01953125 -0.79473876953125
-1.07421875 -1.10546875 -0.44708251953125
-0.58984375 -1.05859375 -0.38946533203125
-0.60546875 -1.16015625 0.71112060546875
0.69140625 -0.80078125 1.10955810546875
0.67578125 0.33203125 -0.82891845703125
0.63671875 -0.68359375 -0.38067626953125
0.55859375 0.11328125 -0.88214111328125
0.58203125 -0.93359375 -0.56182861328125
-0.83984375 -1.12109375 -0.00177001953125
0.70703125 0.55078125 0.32049560546875
0.71484375 -0.84765625 0.31268310546875
0.72265625 0.51953125 0.60174560546875
-1.43359375 -1.17578125 1.02947998046875
0.66015625 -0.80078125 0.68377685546875
-0.29296875 -1.13671875 -0.29180908203125
-1.52734375 -1.14453125 -0.00079345703125
-1.33984375 -1.12109375 0.91619873046875
-1.63671875 -1.15234375 0.13983154296875
-0.01171875 -1.12890625 0.13201904296875
-0.66796875 -1.09765625 -0.44219970703125
-0.29296875 -1.12890625 -0.00177001953125
0.66015625 -0.77734375 0.82635498046875
-0.90234375 -0.01171875 -1.20953369140625
-0.08984375 -1.02734375 -0.24200439453125
0.62109375 -0.77734375 0.26873779296875
-1.07421875 -0.91015625 -1.03839111328125
0.60546875 0.39453125 0.11834716796875
-0.69921875 -1.08984375 0.47186279296875
-0.98046875 -1.08984375 0.61346435546875
0.42578125 -1.14453125 0.68768310546875
-0.90234375 -1.16796875 0.28436279296875
0.72265625 -0.87890625 0.58416748046875
0.68359375 -0.80859375 -0.51837158203125
0.66015625 0.09765625 0.17498779296875
0.62109375 0.64453125 -0.75225830078125
0.12890625 -1.09765625 -0.43145751953125
-1.01171875 -1.06640625 -0.73419189453125
0.63671875 -0.23046875 0.17401123046875
0.59765625 -0.15234375 -0.44708251953125
-0.79296875 -1.10546875 -0.58087158203125
0.20703125 -1.12890625 1.01385498046875
0.68359375 0.59765625 -0.25274658203125
-0.18359375 -1.06640625 -0.09942626953125
-1.43359375 -1.19140625 0.58807373046875
0.90234375 -0.57421875 -0.99151611328125
0.66796875 0.34765625 -0.53985595703125
-1.08984375 -1.08203125 -0.10137939453125
0.22265625 -1.12109375 -0.00274658203125
0.77734375 0.53515625 1.17401123046875
0.62890625 -1.11328125 0.26971435546875
-0.63671875 -1.16015625 0.28143310546875
-1.33984375 -1.09765625 -0.15118408203125
0.68359375 -0.24609375 0.97674560546875
-0.83984375 -1.08203125 0.60955810546875
-0.44921875 -1.08203125 0.60174560546875
-0.23046875 -1.14453125 0.99041748046875
-0.07421875 -1.05078125 0.31951904296875
0.57421875 -1.12109375 0.72283935546875
0.71484375 -0.07421875 0.59393310546875
0.39453125 -1.08984375 -0.14434814453125
0.58203125 0.26953125 -0.31036376953125
-1.12109375 -1.12109375 1.19354248046875
-1.24609375 -1.13671875 -0.00177001953125
0.71484375 -0.76171875 0.58416748046875
-1.21484375 -1.14453125 0.43572998046875
1.58984375 0.17578125 -0.71856689453125
0.65234375 -0.19921875 0.83416748046875
0.69140625 -1.00390625 0.72088623046875
1.37109375 -0.21484375 -0.99249267578125
0.34765625 -1.17578125 0.83026123046875
-0.23046875 -1.14453125 0.99041748046875
-0.83984375 -1.19140625 0.86151123046875
0.68359375 -1.11328125 0.99822998046875
0.59765625 -0.04296875 -0.73077392578125
0.60546875 -0.71484375 -0.25274658203125
-0.27734375 -1.13671875 0.42303466796875
-0.58984375 -1.12109375 1.17401123046875
-0.82421875 -1.08984375 0.47283935546875
0.60546875 -0.21484375 -0.01251220703125
-0.57421875 -1.18359375 0.85565185546875
0.69921875 -0.94921875 0.31170654296875
0.06640625 -1.05859375 0.03533935546875
0.61328125 0.22265625 0.30096435546875
0.58203125 0.26953125 -0.31036376953125
0.58984375 -0.82421875 -0.56475830078125
0.55859375 0.08203125 -0.82501220703125
0.63671875 -0.32421875 0.68963623046875
0.62109375 -0.30859375 0.55487060546875
1.68359375 0.17578125 -1.20953369140625
0.56640625 -1.05859375 0.03436279296875
0.58203125 -0.13671875 -0.58331298828125
1.66796875 -1.16796875 -1.15728759765625
0.74609375 0.44140625 1.17205810546875
0.37890625 -1.12890625 0.13006591796875
0.58203125 -0.13671875 -0.58331298828125
0.25390625 -1.12890625 0.13104248046875
0.66015625 -0.91015625 0.68377685546875
0.66015625 0.47265625 0.41131591796875
-0.99609375 0.23828125 -1.30853271484375
0.66015625 -0.10546875 -0.24591064453125
0.60546875 -1.16796875 0.82244873046875
-0.94921875 -0.94921875 -1.26373291015625
0.58984375 -0.24609375 -0.25860595703125
0.61328125 -0.15234375 -0.15802001953125
-0.27734375 -1.13671875 0.42303466796875
0.64453125 -0.13671875 0.85760498046875
-1.12109375 -0.93359375 -1.27069091796875
-0.18359375 -1.06640625 -0.09942626953125
0.68359375 -0.94921875 0.17303466796875
1.42578125 -0.16796875 -1.26715087890625
-1.23046875 -1.15234375 -0.29962158203125
-1.07421875 -1.10546875 -0.44708251953125
0.73046875 0.14453125 0.88494873046875
-0.74609375 -1.01953125 -0.82012939453125
0.06640625 -1.05859375 0.03533935546875
0.66015625 -0.10546875 -0.24591064453125
-0.85546875 -1.06640625 0.32733154296875
-1.18359375 -1.16796875 0.28631591796875
0.66015625 -0.10546875 -0.24591064453125
0.60546875 0.05078125 0.26678466796875
-0.77734375 -1.15234375 0.28338623046875
1.55859375 0.14453125 -0.79766845703125
0.62109375 -0.94140625 0.29510498046875
-0.44921875 -1.13671875 1.03338623046875
0.30078125 -1.16796875 0.55682373046875
0.69140625 0.34765625 0.98651123046875
0.66796875 -0.12109375 -0.53106689453125
0.62890625 -0.88671875 0.26873779296875
-0.19921875 -1.06640625 0.59783935546875
-0.66796875 -1.12109375 0.89666748046875
-0.43359375 -1.08203125 -0.86651611328125
-1.07421875 -1.10546875 -0.44708251953125
-0.98046875 -1.05078125 -0.39434814453125
-0.93359375 -1.09765625 -0.44512939453125
1.58984375 0.14453125 -1.21124267578125
-0.46484375 -1.03515625 -0.24395751953125
0.47265625 -0.86328125 -0.99298095703125
-0.55859375 -1.09765625 0.46893310546875
0.55859375 -1.11328125 1.13299560546875
0.44140625 -1.04296875 -0.37774658203125
0.69921875 -0.94921875 0.31170654296875
0.65234375 0.23828125 0.41131591796875
0.66796875 -1.01171875 1.10565185546875
0.22265625 -1.12109375 -0.00274658203125
0.11328125 -1.12109375 0.41717529296875
-1.08984375 -1.15234375 -0.29766845703125
-0.80859375 -1.13671875 0.42987060546875
