VEHICULAR_TRAILER
-0.30859375 -0.984375 -0.116546630859375
0.36328125 -1.0078125 0.455718994140625
0.06640625 -0.953125 0.032867431640625
-1.01171875 -0.96875 0.026031494140625
0.19140625 -1.03125 -0.114593505859375
-1.68359375 -1.0390625 0.917633056640625
-1.55859375 -1.0078125 -0.750335693359375
-1.62109375 -1.0546875 0.165679931640625
-0.15234375 -0.65625 -0.997894287109375
0.69140625 0.359375 1.046539306640625
0.67578125 -0.125 -0.116546630859375
0.61328125 0.453125 -0.566741943359375
-0.05859375 -0.9765625 0.605133056640625
0.73828125 -0.65625 0.741851806640625
0.72265625 0.671875 0.023101806640625
0.75390625 -0.09375 0.882476806640625
0.67578125 0.578125 -0.125335693359375
0.73828125 -0.984375 0.310211181640625
0.64453125 0.078125 -0.122406005859375
0.66015625 -0.9140625 0.035797119140625
-0.80859375 -1.0546875 1.198883056640625
0.05078125 -0.9375 -0.971038818359375
0.59765625 -0.9453125 -0.956146240234375
0.73828125 -0.875 0.596343994140625
-0.04296875 -1.0 0.458648681640625
-0.98046875 -1.0625 1.052398681640625
-0.85546875 -1.0 0.314117431640625
-1.01171875 -1.109375 1.054351806640625
0.70703125 0.4375 0.025054931640625
0.61328125 0.546875 -0.625823974609375
0.45703125 -1.0703125 0.749664306640625
1.66796875 0.203125 -1.143463134765625
0.66015625 -0.7890625 0.604156494140625
0.73828125 0.515625 0.607086181640625
-0.77734375 -0.9375 -0.272308349609375
-0.85546875 -1.015625 0.900054931640625
-0.07421875 -0.9453125 -0.261077880859375
1.03515625 0.25 -0.977630615234375
-1.05859375 -1.0859375 0.765289306640625
-1.65234375 -1.03125 -0.597991943359375
0.64453125 -0.9609375 -0.108734130859375
0.75390625 -1.0078125 0.868804931640625
0.67578125 -1.046875 0.325836181640625
-0.01171875 -1.0 -0.696136474609375
0.75390625 -0.9140625 1.155914306640625
0.72265625 -0.046875 0.029937744140625
-0.23046875 -1.0546875 0.459625244140625
0.70703125 0.546875 0.761383056640625
-0.73046875 -0.75 -1.320587158203125
0.73828125 -0.9375 1.013336181640625
0.64453125 -0.09375 0.608062744140625
-0.10546875 -1.0625 0.458648681640625
0.36328125 -1.0078125 0.876617431640625
-0.07421875 -0.9453125 -0.261077880859375
-0.21484375 -0.9375 -0.263519287109375
0.03515625 -1.0625 0.458648681640625
0.70703125 0.328125 0.026031494140625
0.69140625 0.0 1.040679931640625
-1.65234375 -1.03125 -0.597991943359375
0.73828125 -0.71875 1.017242431640625
-1.21484375 -1.0859375 0.015289306640625
0.34765625 -0.96875 0.034820556640625
-0.35546875 -0.9296875 -0.986663818359375
0.72265625 -1.03125 1.011383056640625
0.67578125 -0.9140625 0.892242431640625
-1.41796875 -1.0078125 0.620758056640625
0.66015625 -0.234375 0.459625244140625
-0.68359375 -1.0234375 0.761383056640625
0.26953125 -0.9921875 -0.394378662109375
-0.33984375 -1.03125 -0.260101318359375
0.62890625 -1.0078125 0.870758056640625
-0.37109375 -1.0078125 0.174468994140625
0.70703125 0.671875 -0.275726318359375
0.62890625 -0.046875 -0.701995849609375
-1.12109375 -1.015625 0.466461181640625
-0.79296875 -0.9375 -1.316558837890625
-0.13671875 -1.0 -0.404632568359375
-0.69921875 -1.0625 1.046539306640625
0.23828125 -1.0 0.456695556640625
-1.63671875 -1.0546875 -0.144866943359375
0.64453125 -0.9609375 -0.108734130859375
-1.63671875 -1.0546875 -0.286468505859375
0.72265625 0.078125 -0.265472412109375
-1.29296875 -0.9765625 -0.127288818359375
0.70703125 -0.046875 0.176422119140625
1.68359375 0.328125 -0.587738037109375
-1.07421875 -1.0390625 -0.135101318359375
0.75390625 0.625 0.309234619140625
0.70703125 -0.0625 0.456695556640625
-0.18359375 -0.984375 0.313140869140625
-1.01171875 -0.984375 -0.124359130859375
0.19140625 -0.953125 -0.535003662109375
-0.96484375 -0.9140625 -1.326812744140625
-1.52734375 -1.046875 1.220367431640625
-0.49609375 -1.0703125 0.459625244140625
0.75390625 -1.0078125 0.868804931640625
-1.04296875 -0.9453125 -0.565277099609375
-0.33984375 -1.03125 -0.260101318359375
0.67578125 -0.9140625 0.892242431640625
0.44140625 -1.0234375 -0.535003662109375
0.58203125 -0.9453125 -0.526214599609375
-0.02734375 -1.1015625 1.034820556640625
-0.08984375 -1.0703125 0.028961181640625
0.64453125 -0.171875 -0.402191162109375
1.12890625 0.28125 -0.975677490234375
0.64453125 -0.765625 -0.960784912109375
-0.52734375 -1.0234375 -0.563323974609375
0.64453125 0.28125 -0.411956787109375
-0.55859375 -1.0 0.177398681640625
-1.63671875 -1.0546875 -0.144866943359375
0.62890625 0.65625 -0.627777099609375
0.73828125 0.28125 0.605133056640625
-0.23046875 -1.0703125 0.755523681640625
-1.65234375 -1.03125 -0.597991943359375
0.72265625 -0.171875 0.310211181640625
-0.26171875 -1.0078125 -0.841888427734375
0.22265625 -0.984375 -0.110687255859375
-0.77734375 -1.03125 -0.268890380859375
0.66015625 0.21875 -0.120452880859375
1.09765625 0.21875 -1.2707672119140625
-0.77734375 -1.03125 0.171539306640625
-0.99609375 -1.0 0.615875244140625
0.72265625 -0.625 -0.254241943359375
-0.05859375 -0.9765625 0.605133056640625
0.42578125 -1.0625 0.325836181640625
0.73828125 0.03125 0.749664306640625
0.67578125 0.171875 0.175445556640625
-0.82421875 -1.0078125 -0.864105224609375
-1.35546875 -1.0859375 0.013336181640625
-0.48046875 -0.9453125 -0.990814208984375
0.47265625 -0.96875 0.035797119140625
-1.41796875 -1.0 -0.745452880859375
0.72265625 0.171875 0.604156494140625
-0.10546875 -1.015625 -0.551116943359375
0.48828125 -0.9921875 0.598297119140625
-0.74609375 -1.09375 0.610992431640625
-0.35546875 -0.9296875 -0.986663818359375
0.66015625 -0.234375 0.459625244140625
-0.77734375 -1.03125 0.171539306640625
-0.58984375 -0.984375 0.314117431640625
0.22265625 -0.984375 0.602203369140625
0.59765625 -0.9765625 -0.106781005859375
-0.71484375 -0.9921875 0.612945556640625
-0.02734375 -1.0 0.751617431640625
0.31640625 -0.9375 -0.532562255859375
0.61328125 -0.7265625 -0.817474365234375
-1.33984375 -1.046875 -0.280609130859375
-0.58984375 -0.640625 -1.318023681640625
0.64453125 0.015625 0.027008056640625
-1.54296875 -1.03125 0.469390869140625
-0.82421875 -1.03125 0.763336181640625
0.66015625 -0.9140625 0.035797119140625
-0.33984375 -0.9453125 -0.265472412109375
0.64453125 -0.8515625 -0.242523193359375
0.67578125 0.484375 -0.557952880859375
0.70703125 0.296875 0.457672119140625
0.41015625 -0.9921875 -0.682464599609375
-0.05859375 -0.9453125 -0.541351318359375
0.72265625 -0.1875 0.602203369140625
0.11328125 -1.0 0.179351806640625
0.73828125 0.515625 0.755523681640625
0.61328125 -0.84375 -0.679534912109375
-0.54296875 -1.0078125 -0.852874755859375
-0.57421875 -1.015625 0.462554931640625
0.22265625 -0.984375 0.312164306640625
-1.07421875 -1.0859375 0.017242431640625
0.72265625 0.40625 0.310211181640625
-0.80859375 -1.0703125 0.020172119140625
0.69140625 -0.71875 0.325836181640625
0.41015625 -0.9921875 -0.682464599609375
0.45703125 -0.953125 -0.528656005859375
0.59765625 -1.078125 0.747711181640625
0.26953125 -0.9921875 -0.687347412109375
0.73828125 0.375 0.890289306640625
-1.35546875 -1.0859375 0.013336181640625
0.66015625 -0.875 -0.387542724609375
-0.33984375 -1.03125 -0.123382568359375
-0.55859375 -1.0234375 0.759429931640625
0.67578125 -0.109375 -0.543792724609375
0.72265625 0.40625 0.310211181640625
0.61328125 -0.9453125 -0.532073974609375
0.64453125 0.46875 0.532867431640625
-1.18359375 -0.9375 -0.279144287109375
-1.43359375 -0.984375 -0.129241943359375
0.70703125 0.53125 0.458648681640625
0.69140625 0.234375 1.044586181640625
0.64453125 0.015625 0.609039306640625
0.34765625 -0.9765625 -0.109710693359375
0.53515625 -0.984375 -0.388031005859375
0.69140625 0.234375 1.044586181640625
0.61328125 -0.9453125 -0.532073974609375
-0.87109375 -1.109375 0.913726806640625
0.66015625 -0.890625 0.603179931640625
0.66015625 0.421875 0.173492431640625
-0.55859375 -1.0234375 0.759429931640625
0.30078125 -1.015625 -0.539398193359375
0.12890625 -1.0 -0.691741943359375
-0.04296875 -1.09375 0.902008056640625
-0.08984375 -1.03125 -0.119476318359375
0.69140625 -0.71875 0.325836181640625
