VEHICULAR_TRAILER
0.640625 0.41796875 -1.0589599609375
0.71875 0.41796875 0.481201171875
0.578125 -0.94921875 -1.00634765625
-1.25 -0.99609375 0.782958984375
-0.609375 -0.98046875 0.162841796875
0.5625 -0.94140625 0.034912109375
0.671875 0.32421875 0.676513671875
0.6875 -0.06640625 0.364990234375
1.6875 0.23046875 -0.97235107421875
0.578125 -1.02734375 0.370849609375
0.625 -1.04296875 -0.37548828125
-0.296875 -0.98828125 0.167724609375
0.703125 -0.72265625 -0.111572265625
0.265625 -1.01953125 1.084716796875
0.03125 -1.05078125 0.513427734375
0.109375 -0.94921875 0.335693359375
0.34375 -1.04296875 0.676513671875
0.703125 0.41796875 0.981201171875
0.734375 -0.06640625 0.335693359375
0.640625 -1.05078125 0.677490234375
-0.484375 -0.93359375 0.013427734375
0.671875 0.60546875 -0.137451171875
0.5 -1.05859375 0.222412109375
0.6875 -0.28515625 0.366943359375
-1.078125 -0.98828125 0.156005859375
0.734375 0.16796875 0.631591796875
0.71875 -0.99609375 0.777099609375
-0.5625 -1.01953125 -0.572265625
-1.09375 -0.98828125 0.475341796875
0.4375 -1.03515625 0.369873046875
-1.421875 -0.99609375 0.783935546875
0.71875 0.08984375 -0.276123046875
-0.5625 -1.01953125 -0.572265625
1.671875 0.24609375 -1.0006103515625
-0.4375 -1.06640625 -0.4140625
0.71875 -1.00390625 1.225341796875
-0.453125 -1.03515625 0.052978515625
0.203125 -1.00390625 -0.242431640625
-0.921875 -0.97265625 -0.147216796875
-0.625 -0.05078125 -1.2421875
1.0625 0.16796875 -1.0025634765625
0.640625 -0.14453125 -0.096923828125
0.359375 -1.01171875 -0.53466796875
0.734375 0.15234375 0.781005859375
-1.109375 -1.05078125 -0.128662109375
-0.0625 -0.94140625 0.630615234375
-1.296875 -0.97265625 0.950927734375
0.640625 -0.36328125 0.067626953125
0.609375 0.30859375 -0.5634765625
-1.25 -0.99609375 0.782958984375
0.171875 -1.02734375 0.675537109375
0.6875 -0.28515625 0.366943359375
0.265625 -0.97265625 0.484130859375
-1.53125 -1.02734375 -0.6123046875
0.65625 -1.04296875 0.823974609375
0.71875 -0.83984375 -0.254638671875
0.0 0.68359375 -1.238525390625
-0.90625 -0.99609375 -0.278076171875
0.71875 -0.99609375 0.971435546875
0.671875 -0.80859375 -0.110595703125
0.71875 0.32421875 -0.281005859375
0.640625 -0.34765625 0.217529296875
0.734375 -0.16015625 -0.8562397956848145
0.203125 -1.00390625 -0.242431640625
0.578125 -1.03515625 -0.081787109375
-0.015625 -0.99609375 1.237060546875
0.5625 -0.25390625 -1.01171875
-0.90625 -0.99609375 -0.278076171875
0.625 -1.04296875 -0.37548828125
-1.203125 -1.05859375 0.670654296875
0.640625 0.57421875 -0.110595703125
-1.546875 -1.00390625 -0.299560546875
-0.765625 -0.98828125 0.160888671875
-1.546875 -1.05859375 0.982177734375
-0.328125 -0.97265625 0.330810546875
0.625 0.35546875 0.056396484375
0.75 -0.76953125 0.340576171875
0.734375 -0.87890625 0.631591796875
0.671875 0.32421875 0.676513671875
0.578125 -0.98828125 0.935302734375
0.640625 0.08984375 -0.101318359375
0.71875 0.21484375 -0.278076171875
0.359375 -1.01171875 -0.53466796875
0.6875 -1.07421875 1.117919921875
0.6875 0.18359375 0.363037109375
0.71875 0.19921875 0.021240234375
-1.546875 -1.02734375 -1.255615234375
-0.921875 -1.05078125 -0.4326171875
0.671875 -0.94140625 0.824951171875
0.59375 -0.98046875 -0.684814453125
0.609375 0.30859375 -0.5634765625
-0.234375 -1.02734375 -0.7216796875
0.265625 -1.10546875 1.121826171875
-0.015625 -0.99609375 1.237060546875
1.6875 0.23046875 -0.97235107421875
0.671875 0.13671875 -0.58984375
-0.953125 -0.97265625 0.628662109375
0.71875 -0.99609375 0.971435546875
-0.203125 -1.02734375 1.090576171875
0.65625 -0.88671875 -1.0050048828125
-0.046875 -0.91796875 -0.275146484375
0.78125 0.10546875 1.240966796875
0.296875 -1.00390625 1.233154296875
0.421875 -0.94140625 -1.0150146484375
0.65625 0.04296875 -0.251220703125
0.71875 0.41796875 0.481201171875
-0.3125 -1.03515625 -0.107177734375
-0.15625 -1.01953125 0.975341796875
-0.1875 -1.10546875 1.125732421875
-1.046875 -1.02734375 -0.75982666015625
0.734375 0.35546875 1.094482421875
0.71875 0.44921875 0.017333984375
-1.21875 -1.01953125 -0.76812744140625
1.671875 0.24609375 -1.0006103515625
0.625 -0.36328125 -0.39306640625
0.71875 -0.87890625 0.972412109375
0.453125 -1.04296875 0.073974609375
-0.65625 -1.02734375 1.096435546875
0.671875 -0.79296875 -0.232177734375
-0.3125 -1.00390625 1.242919921875
-0.46875 -0.97265625 0.164794921875
0.671875 0.01171875 -0.125732421875
-1.0625 -1.01171875 -0.282958984375
-0.40625 -1.01953125 -0.565673828125
0.34375 -1.04296875 0.676513671875
-0.265625 -1.00390625 -0.257568359375
0.15625 0.91796875 -1.238525390625
0.640625 -0.84765625 -0.3798828125
-0.34375 -0.95703125 0.629638671875
0.421875 -0.96484375 -0.113525390625
-0.796875 -0.93359375 -0.6148681640625
0.734375 0.29296875 0.332763671875
0.296875 -0.94921875 -0.572509765625
-0.296875 -0.98828125 0.167724609375
-0.453125 -1.00390625 1.244873046875
0.671875 0.46484375 1.134521484375
-0.140625 -1.03515625 0.060302734375
0.65625 0.63671875 -0.60546875
0.1875 -1.05859375 0.515380859375
0.671875 0.21484375 0.676513671875
0.421875 -0.98828125 0.778076171875
0.625 -0.17578125 -0.54833984375
0.75 -0.78515625 0.778076171875
0.609375 0.30859375 -0.7274169921875
-1.28125 -1.02734375 1.103271484375
0.625 0.35546875 -0.411865234375
0.75 0.49609375 0.945068359375
-1.25 -0.99609375 1.258544921875
0.671875 0.46484375 1.134521484375
0.734375 0.16796875 0.631591796875
0.75 -0.67578125 0.778076171875
0.734375 -0.87109375 0.341552734375
-1.53125 -1.07421875 0.185302734375
0.75 0.49609375 0.945068359375
0.671875 0.38671875 -0.59765625
-1.328125 -1.08203125 0.824951171875
0.71875 -0.87890625 0.972412109375
0.421875 -0.98046875 0.485107421875
-0.46875 -0.97265625 0.164794921875
-0.9375 -1.00390625 1.252685546875
-0.1875 -0.93359375 0.019775390625
0.40625 -0.94140625 0.031982421875
-1.09375 -0.96484375 -0.151123046875
-1.40625 -0.89453125 -1.25244140625
0.65625 -0.01953125 0.514404296875
0.6875 -0.85546875 1.119873046875
0.671875 0.57421875 0.512451171875
0.703125 -0.72265625 -0.111572265625
-0.1875 -0.98046875 0.780029296875
-1.5625 -1.05859375 0.028076171875
-0.609375 -1.00390625 1.246826171875
1.5625 0.21484375 -0.97723388671875
0.15625 0.91796875 -1.238525390625
0.15625 -0.98828125 -0.855351448059082
0.765625 0.48046875 1.246826171875
0.671875 -0.79296875 -0.232177734375
-0.09375 -1.01953125 -0.7154541015625
0.75 0.63671875 0.631591796875
-1.265625 -0.92578125 -0.634033203125
-0.875 -1.06640625 0.197998046875
0.0 0.68359375 -1.238525390625
0.640625 -0.37890625 -0.092529296875
0.625 0.16796875 -0.8746490478515625
0.171875 -1.02734375 0.675537109375
-0.609375 -1.03515625 0.049560546875
0.71875 0.29296875 0.980224609375
0.640625 -0.93359375 0.224365234375
0.640625 -0.96484375 -0.081298828125
-0.96875 -0.97265625 0.947998046875
0.71875 0.08984375 0.022705078125
-0.890625 -1.05078125 0.671630859375
-0.890625 -1.05078125 0.671630859375
0.75 0.62109375 0.782958984375
-1.59375 -1.04296875 0.341552734375
0.75 0.04296875 0.334716796875
-1.421875 -0.96484375 0.627685546875
0.75 -0.94140625 1.079833984375
-0.421875 -1.05078125 0.976318359375
-1.359375 -1.03515625 -0.77410888671875
0.734375 -0.87109375 0.341552734375
