VEHICULAR_TRAILER
-0.34375 -0.92578125 -0.663818359375
0.8125 -0.16015625 0.377197265625
-0.046875 -0.96484375 -0.2978515625
-1.046875 -0.88671875 -1.053955078125
0.734375 0.35546875 0.920166015625
-1.21875 -0.86328125 -0.5345458984375
-0.203125 -0.86328125 0.199462890625
-0.546875 -0.98828125 0.217041015625
0.75 -0.01953125 0.921142578125
-0.96875 -0.76171875 -1.063232421875
-0.375 -0.88671875 0.023193359375
0.828125 -0.08203125 0.893798828125
0.34375 -0.96484375 -0.28515625
0.6875 -0.94140625 -0.791046142578125
-0.375 -0.66015625 1.282470703125
0.8125 0.30859375 0.721923828125
1.453125 -0.25390625 -1.292236328125
-0.375 -0.91015625 0.724853515625
0.8125 0.58984375 -0.149169921875
0.734375 0.33984375 0.219482421875
0.578125 -0.91015625 1.063720703125
0.0625 -0.92578125 -0.64666748046875
0.75 -0.30078125 0.922119140625
0.828125 -0.08203125 0.893798828125
0.1875 -0.88671875 0.724853515625
0.796875 0.71484375 0.368408203125
-0.796875 -0.89453125 0.548095703125
-1.390625 -0.92578125 -0.708099365234375
0.796875 0.08984375 0.374267578125
-0.734375 -0.77734375 -1.052001953125
0.734375 -0.85546875 0.214111328125
-1.421875 -0.87109375 0.180908203125
0.828125 -0.31640625 0.553955078125
0.703125 -0.45703125 -0.28564453125
1.53125 -0.19140625 -1.289794921875
0.65625 0.18359375 -0.83050537109375
-1.359375 -0.99609375 0.748291015625
0.765625 -0.12890625 -0.4833984375
0.71875 0.23046875 0.397705078125
-0.171875 -0.89453125 0.027587890625
-1.21875 -1.03515625 1.290283203125
-0.859375 -1.00390625 1.108642578125
-1.171875 -0.99609375 0.206298828125
0.328125 -0.94921875 0.058837890625
-0.734375 -0.98828125 0.213623046875
-0.375 -0.91015625 0.724853515625
-1.328125 0.18359375 1.272705078125
0.734375 -0.16015625 0.402587890625
0.828125 0.68359375 0.720947265625
0.15625 -0.96484375 -0.29150390625
0.734375 0.41796875 0.043701171875
-0.046875 -1.00390625 1.101806640625
-0.171875 -0.89453125 0.027587890625
0.71875 0.54296875 -0.310302734375
0.40625 -0.89453125 0.039306640625
0.515625 0.27734375 1.274658203125
-1.296875 -0.99609375 1.111572265625
-0.484375 -0.94140625 0.040771484375
0.34375 -0.83984375 -0.133544921875
1.53125 -0.19140625 -1.289794921875
-1.4375 -0.51953125 1.268798828125
0.03125 -0.89453125 0.031982421875
0.671875 0.30859375 -0.83441162109375
0.828125 0.68359375 0.720947265625
-1.21875 -1.03515625 1.290283203125
-0.21875 -0.87890625 0.552001953125
0.75 -0.39453125 0.038818359375
-0.84375 -0.99609375 1.286376953125
-1.109375 -1.01171875 0.389892578125
-0.6875 -0.59765625 -1.044921875
1.28125 -0.23828125 -0.957275390625
0.546875 -1.01953125 0.924072265625
0.8125 0.46484375 0.198486328125
0.78125 0.18359375 0.747314453125
-0.59375 -0.91015625 1.074462890625
0.1875 -0.88671875 0.724853515625
0.59375 -0.87890625 0.555908203125
-1.5625 -0.94921875 1.083251953125
-0.359375 -0.90234375 0.371337890625
-0.734375 -0.77734375 -1.052001953125
0.734375 0.62109375 0.569580078125
0.65625 0.57421875 -0.84393310546875
-1.59375 -0.91015625 0.544189453125
0.84375 -0.56640625 -0.9681396484375
-0.546875 -0.92578125 -0.67230224609375
0.765625 -0.12890625 -0.4833984375
0.5625 -1.01953125 0.581298828125
0.78125 0.05859375 0.747314453125
0.8125 -0.16015625 0.206787109375
0.765625 0.49609375 0.025146484375
0.734375 -1.00390625 0.582275390625
-0.59375 -0.86328125 -0.5125732421875
1.15625 -0.41015625 -0.9578857421875
-0.65625 -1.01171875 0.572509765625
-0.546875 -0.98828125 0.217041015625
-0.171875 -0.89453125 0.373291015625
-0.6875 -1.01171875 -0.140380859375
-0.78125 -0.91015625 1.076416015625
-0.21875 -0.87890625 0.552001953125
0.734375 0.35546875 0.396728515625
-0.015625 -0.89453125 0.724853515625
0.84375 -0.20703125 0.552978515625
-0.234375 -0.97265625 -0.3037109375
0.75 -0.17578125 0.227294921875
0.6875 0.04296875 -0.4755859375
0.734375 0.54296875 0.041748046875
0.734375 -1.00390625 0.923095703125
-0.578125 -0.89453125 0.019287109375
0.859375 -0.20703125 0.892822265625
-1.203125 -0.87109375 0.184326171875
-0.6875 -0.59765625 -1.044921875
0.71875 -0.51953125 0.922119140625
0.609375 -0.87890625 -0.981201171875
0.671875 -0.98046875 0.752197265625
0.84375 0.55859375 0.549072265625
-1.0 -0.91796875 1.078369140625
0.6875 -0.45703125 -0.4619140625
0.15625 -0.96484375 -0.29150390625
-1.0 -0.91796875 1.078369140625
0.953125 0.35546875 -0.99658203125
0.390625 -0.88671875 -0.9796142578125
-1.078125 -0.97265625 -0.33056640625
1.359375 -0.17578125 -0.9560546875
1.359375 -0.31640625 -1.294189453125
0.734375 -0.89453125 0.411376953125
0.84375 0.16796875 0.893798828125
-1.578125 -0.91015625 0.178955078125
0.734375 -0.34765625 -0.9935302734375
-1.109375 -1.01953125 -0.151123046875
1.28125 -0.23828125 -0.957275390625
0.546875 -0.99609375 1.097900390625
0.796875 0.21484375 0.201904296875
-1.453125 -0.62890625 1.268798828125
-0.375 -0.91015625 0.724853515625
-1.40625 -0.91015625 0.723876953125
-1.484375 -0.98828125 -0.5284423828125
0.5625 -0.85546875 0.211181640625
0.6875 -0.50390625 0.405517578125
0.71875 -0.11328125 -0.64385986328125
-0.8125 -0.86328125 0.190185546875
0.703125 -0.45703125 -0.28564453125
-0.6875 -0.85546875 -1.218017578125
-1.234375 -0.85546875 -0.173095703125
-1.109375 -1.01953125 -0.151123046875
0.703125 0.51171875 1.246337890625
0.828125 -0.08203125 0.893798828125
0.8125 -0.08203125 0.722900390625
-0.8125 -0.88671875 0.899658203125
-0.546875 0.44921875 -1.261962890625
0.734375 -0.98828125 1.095947265625
0.734375 0.08984375 0.921142578125
0.34375 -1.01171875 0.580322265625
-0.96875 -0.76171875 -1.063232421875
-0.65625 -0.97265625 -0.497802734375
0.84375 -0.56640625 -0.9681396484375
0.75 -0.17578125 0.227294921875
-0.4375 -1.02734375 0.926025390625
-0.234375 -1.02734375 0.926025390625
-0.96875 -0.92578125 -0.690216064453125
-0.25 -1.01171875 0.575439453125
0.8125 -0.78515625 0.214111328125
0.828125 -0.31640625 0.553955078125
0.71875 0.15234375 -0.6524658203125
-1.21875 -0.88671875 0.901611328125
0.734375 0.33984375 0.219482421875
-0.453125 -1.01953125 0.574462890625
0.6875 -0.33203125 -0.8115234375
-0.703125 -0.94921875 0.036376953125
0.25 -0.92578125 -0.63836669921875
0.015625 -0.91015625 1.068603515625
0.8125 -0.03515625 0.204833984375
0.65625 0.44921875 -0.8397216796875
0.8125 0.33984375 0.200439453125
0.703125 0.43359375 -0.307861328125
0.796875 0.21484375 0.201904296875
-0.375 -0.88671875 0.023193359375
0.84375 -0.56640625 -0.9681396484375
0.734375 0.08984375 0.921142578125
-1.28125 -0.98046875 -0.5206298828125
0.734375 -0.83984375 -0.9764404296875
-1.453125 -0.62890625 1.268798828125
0.828125 -0.33203125 0.892822265625
0.609375 -0.89453125 0.043701171875
0.921875 0.51171875 -1.014892578125
0.78125 0.05859375 0.747314453125
0.828125 0.68359375 0.548095703125
-0.328125 0.71484375 -1.260498046875
0.359375 -0.86328125 0.894775390625
-1.28125 -0.97265625 -0.33740234375
-0.046875 -0.97265625 -0.474853515625
0.765625 -0.14453125 0.035400390625
0.765625 -0.88671875 0.556884765625
-0.734375 -0.94921875 1.284423828125
0.765625 0.62109375 0.022705078125
0.375 -0.85546875 0.208251953125
0.84375 0.77734375 0.720947265625
0.8125 -0.16015625 -0.134033203125
-0.8125 -0.88671875 0.899658203125
-1.3125 -0.95703125 0.022705078125
0.625 -0.91015625 0.382080078125
