VEHICULAR_TRAILER
0.6953125 0.703125 1.01953125
-1.1171875 -0.859375 0.9013671875
0.6015625 -0.46875 -0.07568359375
0.7109375 0.796875 0.53515625
-0.4140625 -0.953125 0.646484375
-0.8984375 -0.90625 -0.86572265625
0.7734375 -0.296875 0.71875
-1.3984375 -0.8125 1.091796875
0.4609375 -0.953125 0.10888671875
0.6015625 -0.21875 -0.262939453125
-0.1640625 -0.9765625 1.201171875
-0.6640625 -0.84375 0.5302734375
-0.7109375 -0.8125 0.7138671875
-0.1640625 -0.921875 -0.275390625
0.6953125 -0.109375 0.5380859375
-1.1328125 -0.390625 -1.2734375
-0.0078125 -0.953125 0.09814453125
-1.2578125 -0.0625 -1.29150390625
0.6484375 0.5 0.8349609375
0.7109375 0.75 0.90234375
-0.5546875 0.984375 -1.28662109375
0.6484375 -0.1875 0.46875
0.4765625 -0.90625 -0.61785888671875
1.3203125 -0.046875 -0.96484375
0.7265625 0.40625 -0.0126953125
0.7421875 -0.015625 0.71875
-0.7109375 -0.7890625 0.3427734375
-1.1953125 -0.765625 -0.04248046875
0.6328125 0.234375 0.650390625
0.6328125 0.765625 0.6484375
0.6171875 -0.8203125 0.7177734375
0.6484375 0.5 0.8349609375
-0.8828125 -0.953125 0.078125
0.5859375 0.3125 -0.643310546875
0.7109375 0.53125 0.3525390625
-0.0078125 -0.953125 0.09814453125
-1.0546875 -0.984375 1.2080078125
-0.6015625 -0.921875 -0.66400146484375
-0.4609375 -0.8046875 -0.392822265625
-1.5390625 -0.984375 0.8291015625
-0.8671875 -0.90625 -0.675079345703125
0.6484375 -0.4375 0.1064453125
0.7265625 0.40625 -0.0126953125
0.3984375 -0.875 -0.4404296875
-0.7421875 -0.765625 -0.03173828125
0.7265625 0.609375 1.26953125
0.5078125 -0.96875 1.1962890625
0.6484375 0.28125 0.2822265625
-0.2578125 -0.8125 0.71484375
-0.7421875 -0.765625 -0.03173828125
0.7109375 0.28125 0.3544921875
0.4609375 -0.953125 0.10888671875
-0.6640625 -0.8046875 -0.9586181640625
0.7109375 0.53125 0.3525390625
0.6484375 0.625 0.8349609375
-0.2421875 -0.7890625 -0.38623046875
-0.8828125 -0.953125 0.642578125
-0.4765625 -0.9296875 1.0185546875
-0.9609375 -0.7734375 -0.037109375
-0.4609375 -0.9375 0.087890625
-0.4765625 -0.875 -0.473388671875
0.6953125 0.140625 0.537109375
0.4609375 -0.953125 0.10888671875
0.7109375 -0.265625 0.8994140625
0.2734375 -0.96875 1.015625
0.3828125 -0.828125 1.0791015625
-0.8046875 -0.578125 -1.059814453125
0.7265625 0.765625 1.0859375
0.6171875 0.34375 -0.929443359375
0.1796875 -0.84375 0.8994140625
-0.2265625 -0.8671875 0.27734375
0.2734375 -0.90625 -0.6265869140625
0.7421875 0.765625 0.71875
0.6484375 0.0625 0.4677734375
-0.8671875 -0.8984375 0.2666015625
0.4609375 -0.953125 0.10888671875
-0.8671875 -0.8359375 0.154296875
-1.1171875 -0.8359375 0.14990234375
-1.4140625 -0.9296875 1.0205078125
0.6953125 0.171875 1.0185546875
0.5859375 -0.46875 0.2880859375
0.3984375 -0.875 -0.4404296875
-1.1796875 -0.9296875 0.4501953125
0.6640625 0.296875 0.1708984375
0.6953125 0.171875 1.0185546875
-0.2578125 -0.8125 0.71484375
0.9453125 -0.453125 -0.9713134765625
0.6953125 0.671875 0.3515625
-1.0703125 -0.9765625 0.8310546875
0.1640625 -0.796875 0.3544921875
-1.1015625 0.125 -1.2890625
0.6640625 -0.375 0.2890625
0.5859375 -0.234375 -0.81268310546875
0.6484375 0.28125 0.2822265625
0.6796875 -0.46875 1.0166015625
0.6328125 0.21875 0.09814453125
-0.4765625 -0.875 -0.473388671875
0.5859375 -0.53125 0.1064453125
0.6171875 -0.25 -0.4453125
0.6015625 0.046875 -0.26806640625
-0.2265625 -0.8671875 0.27734375
-1.3359375 -0.921875 -0.695281982421875
0.6328125 -0.4375 0.470703125
0.7265625 0.125 0.71875
0.5546875 -0.46875 -0.443115234375
0.7265625 -0.140625 0.71875
-1.3359375 -0.890625 0.2578125
0.7265625 0.40625 -0.0126953125
-0.9453125 -0.8671875 -0.4913330078125
0.6953125 -0.25 0.5390625
0.6484375 -0.8671875 0.29296875
-1.3203125 -0.84375 0.14599609375
0.6171875 0.140625 -0.4541015625
0.6171875 0.3125 -0.08740234375
0.7265625 -0.109375 -0.005859375
-0.7109375 -0.8125 0.7138671875
0.7109375 0.75 0.90234375
0.6015625 -0.21875 -0.262939453125
-1.1796875 -0.8046875 1.0908203125
0.6484375 0.5625 0.16845703125
-0.0390625 -0.8671875 -0.456787109375
-0.6015625 -0.984375 1.205078125
0.5859375 -0.8515625 -0.43359375
0.6640625 0.3125 -0.376953125
0.6171875 -0.921875 1.015625
0.5703125 -0.453125 -0.62445068359375
0.6171875 -0.03125 -0.9183349609375
0.6328125 0.484375 0.6494140625
0.7265625 0.125 0.71875
0.6328125 0.234375 0.650390625
0.6484375 0.5625 0.16845703125
0.5859375 -0.8125 1.078125
-1.3984375 -0.8125 1.091796875
0.6953125 -0.25 0.5390625
-0.2265625 -0.8203125 0.16552734375
-0.8046875 -0.578125 -1.059814453125
-1.3359375 -0.9765625 0.06787109375
-0.4765625 -0.9296875 1.0185546875
-0.8046875 -0.578125 -1.059814453125
0.7265625 0.125 0.71875
0.6640625 -0.21875 0.17626953125
0.6953125 -0.546875 -0.9814453125
0.6484375 -0.3125 -0.365478515625
-1.1953125 -0.765625 -0.04248046875
0.5703125 0.421875 -0.8314208984375
0.5703125 -0.7734375 -0.00146484375
0.6640625 -0.0625 -0.36962890625
0.1796875 -0.8671875 -0.448486328125
0.6171875 0.484375 -0.9332275390625
0.6484375 -0.1875 0.46875
0.6015625 -0.46875 -0.07568359375
-0.7109375 -0.9375 0.4560546875
0.5703125 0.453125 -0.64715576171875
1.3359375 -0.078125 -1.143310546875
0.4140625 -0.890625 -0.8023681640625
-1.3515625 -0.859375 0.9013671875
0.6328125 -0.1875 0.10302734375
0.6484375 -0.3125 -0.365478515625
-1.5546875 -0.9765625 1.2119140625
-0.0703125 -0.7890625 0.7158203125
-1.5390625 -0.9375 -0.32080078125
0.6171875 -0.09375 -0.0810546875
0.6484375 -0.25 0.287109375
0.6171875 -0.359375 -0.0771484375
0.6484375 0.21875 1.2021484375
0.6953125 0.703125 1.01953125
0.5703125 0.3125 -0.82818603515625
0.6171875 0.359375 0.6494140625
0.6328125 -0.296875 0.65234375
0.5703125 -0.453125 -0.62445068359375
-0.7578125 -0.734375 -1.24169921875
-0.7109375 -0.9375 0.4560546875
0.2109375 -0.8359375 0.173828125
0.3515625 -0.7734375 -0.00634765625
0.6328125 0.359375 0.8349609375
0.6484375 -0.9296875 1.1953125
0.7109375 0.125 0.900390625
0.5859375 -0.46875 -0.25927734375
-1.0546875 -0.984375 1.2080078125
0.6640625 0.0 0.28515625
0.6171875 0.359375 0.6494140625
0.6171875 0.40625 -0.4599609375
0.6171875 0.40625 -0.4599609375
0.7265625 0.609375 1.26953125
0.6640625 0.03125 0.173828125
-0.8828125 -0.953125 0.642578125
-0.2734375 -0.8125 1.083984375
-1.1796875 -0.9296875 1.01953125
0.5703125 0.421875 -0.8314208984375
-1.3671875 -0.796875 -0.42333984375
0.6015625 -0.46875 -0.07568359375
1.4609375 -0.03125 -1.137939453125
0.7109375 0.28125 -0.01123046875
0.1640625 -0.796875 0.3544921875
-1.5546875 0.4375 1.294921875
0.6484375 -0.109375 0.2861328125
0.5703125 -0.359375 -0.8095703125
0.6484375 -0.0625 0.4677734375
-0.8515625 -0.9140625 -0.109375
-0.0859375 -0.765625 -0.0166015625
