VEHICULAR_TRAILER
0.625 -0.18359375 0.3616943359375
0.734375 0.86328125 1.1058349609375
0.34375 -0.86328125 -0.0299072265625
-1.65625 -0.83203125 1.1214599609375
0.625 -0.07421875 0.7523193359375
-1.328125 -0.91796875 0.3460693359375
0.625 0.19140625 0.7532958984375
-0.5625 -0.90234375 0.3529052734375
0.625 -0.18359375 0.3616943359375
0.4375 -0.83984375 -0.6104736328125
-0.5 -0.69140625 -0.4766845703125
0.671875 -0.23046875 0.5570068359375
0.578125 -0.23046875 -0.6151123046875
0.59375 0.61328125 1.3011474609375
-1.25 -0.94140625 1.1585693359375
0.703125 -0.30859375 0.7083740234375
0.65625 0.58203125 0.5579833984375
-0.46875 -0.73828125 0.7103271484375
0.640625 -0.04296875 1.1448974609375
0.703125 0.50390625 0.3226318359375
-1.328125 -0.87109375 -0.8765869140625
-0.328125 -0.89453125 0.3548583984375
0.46875 -0.90234375 0.9447021484375
-1.4375 -0.76953125 0.1048583984375
0.6875 0.62890625 0.5169677734375
0.515625 -0.75390625 0.8997802734375
0.75 0.31640625 1.0999755859375
-0.984375 -0.93359375 1.1546630859375
-1.125 -0.90234375 -0.4620361328125
0.5625 0.30078125 -0.8231201171875
-1.21875 -0.76953125 0.9144287109375
0.75 -0.19921875 0.7083740234375
-0.203125 -0.73828125 0.1195068359375
-1.328125 -0.87109375 -0.8765869140625
0.734375 0.45703125 1.1019287109375
0.609375 0.28515625 -0.2296142578125
-0.734375 -0.73046875 0.3148193359375
1.109375 -0.02734375 -1.1826171875
0.609375 -0.38671875 -0.2227783203125
0.203125 -0.90234375 0.7493896484375
0.6875 0.26953125 -0.4571533203125
0.625 0.61328125 0.7552490234375
-0.34375 -0.81640625 -0.2413330078125
0.5625 -0.51171875 -0.8074951171875
0.640625 -0.37109375 -0.83740234375
0.625 0.08203125 0.9505615234375
0.703125 -0.04296875 0.3226318359375
0.046875 -0.70703125 -0.8529052734375
0.625 0.61328125 0.7552490234375
-0.46875 -0.92578125 1.1488037109375
0.59375 0.08203125 0.1654052734375
0.671875 0.48828125 0.5169677734375
0.46875 0.42578125 1.3011474609375
-0.96875 -0.74609375 0.3128662109375
0.671875 -0.26171875 -0.4503173828125
0.640625 -0.26171875 -0.2579345703125
-0.484375 -0.73046875 0.3157958984375
-1.078125 -0.89453125 0.9544677734375
0.453125 -0.91015625 0.7493896484375
-0.734375 -0.37109375 -1.0633544921875
0.65625 0.72265625 0.5579833984375
-1.65625 -0.91796875 -0.4776611328125
0.171875 -0.87890625 0.1634521484375
-0.671875 -0.85546875 0.5511474609375
0.671875 -0.23046875 0.5570068359375
0.46875 -0.90234375 0.9447021484375
-0.421875 -0.76171875 0.1175537109375
0.65625 -0.02734375 -1.204345703125
0.34375 -0.79296875 0.9007568359375
0.75 -0.19921875 0.7083740234375
0.609375 -0.19921875 0.7513427734375
-0.390625 -0.87109375 0.1556396484375
0.609375 0.31640625 -0.850830078125
-0.921875 -0.74609375 -0.2872314453125
-1.171875 -0.78515625 0.5120849609375
0.640625 -0.37109375 -0.4493408203125
-0.890625 -0.55859375 -1.06658935546875
-0.34375 -0.81640625 -0.2413330078125
0.703125 0.09765625 0.3226318359375
0.515625 -0.75390625 0.8997802734375
0.46875 0.42578125 1.3011474609375
0.171875 -0.89453125 -0.4239501953125
0.15625 -0.82421875 0.9017333984375
-1.078125 -0.89453125 0.9544677734375
0.671875 -0.15234375 0.1273193359375
0.71875 0.89453125 0.7132568359375
0.609375 -0.38671875 -0.2227783203125
-1.390625 -0.91015625 -0.4698486328125
0.6875 -0.16796875 0.5159912109375
-0.59375 -0.90234375 -0.4464111328125
-1.328125 -0.92578125 0.7513427734375
0.609375 -0.44921875 0.3626708984375
-0.421875 -0.87109375 -0.0445556640625
-1.484375 -0.70703125 -0.9112548828125
0.703125 0.50390625 0.3226318359375
0.65625 0.51953125 0.1243896484375
0.6875 0.22265625 0.5159912109375
0.453125 -0.89453125 0.3616943359375
-1.25 -0.94140625 1.1585693359375
-0.390625 -0.87109375 0.1556396484375
-1.171875 -0.76171875 -0.2930908203125
0.640625 -0.12109375 -0.2593994140625
-0.265625 -0.67578125 -0.4703369140625
0.640625 -0.12109375 -0.2593994140625
-0.078125 -0.88671875 0.7493896484375
0.640625 -0.26171875 -0.2579345703125
0.28125 -0.76171875 1.0960693359375
0.28125 -0.91796875 1.1409912109375
0.59375 -0.58984375 -0.4156494140625
-1.015625 0.62890625 -1.3031005859375
-1.171875 -0.78515625 0.5120849609375
0.015625 -0.72265625 0.3197021484375
0.71875 -0.05859375 0.7093505859375
-0.40625 -0.77734375 0.5130615234375
-1.671875 -0.78515625 0.1019287109375
0.171875 -0.87890625 0.1634521484375
0.625 -0.23046875 -0.84033203125
0.71875 0.48828125 0.7113037109375
0.640625 0.00390625 -0.2603759765625
-1.0625 -0.92578125 0.7513427734375
-0.484375 -0.70703125 -0.0811767578125
-0.890625 -0.55859375 -1.06658935546875
-0.09375 -0.85546875 0.9486083984375
0.703125 0.64453125 0.3216552734375
-0.234375 -0.72265625 0.7093505859375
0.5625 0.30078125 -0.8231201171875
-1.53125 -0.68359375 -0.5052490234375
0.625 0.06640625 0.7523193359375
-1.65625 -0.90234375 0.1380615234375
0.65625 -0.49609375 0.5570068359375
0.65625 -0.27734375 0.1282958984375
1.609375 0.34765625 -1.1669921875
0.59375 -0.18359375 -0.4205322265625
-0.203125 -0.73828125 0.1195068359375
0.59375 0.08203125 0.1654052734375
0.34375 -0.79296875 0.9007568359375
0.046875 -0.76171875 1.0999755859375
0.59375 0.76953125 0.1614990234375
-0.71875 -0.70703125 -0.882080078125
-0.890625 -0.55859375 -1.06658935546875
-0.078125 -0.90234375 -0.4307861328125
1.59375 0.36328125 -0.784423828125
0.671875 0.36328125 0.5169677734375
0.546875 0.16015625 -0.8209228515625
0.625 -0.38671875 -0.2569580078125
0.578125 0.37890625 0.3607177734375
-0.46875 -0.73828125 0.7103271484375
0.640625 0.34765625 0.9515380859375
0.40625 -0.82421875 -0.8082275390625
0.59375 -0.58984375 0.7503662109375
-1.171875 -0.78515625 0.5120849609375
-1.078125 -0.89453125 0.9544677734375
0.46875 -0.90234375 0.9447021484375
0.5625 -0.10546875 -0.8155517578125
-1.015625 0.62890625 -1.3031005859375
0.515625 -0.70703125 -0.0640869140625
1.640625 0.47265625 -0.784423828125
0.53125 -0.73828125 0.7064208984375
0.734375 0.05078125 0.9036865234375
1.640625 0.50390625 -0.81689453125
0.75 -0.19921875 0.7083740234375
-0.078125 -0.90234375 -0.4307861328125
-1.125 -0.90234375 -0.4620361328125
0.609375 -0.35546875 -0.0284423828125
-0.25 -0.70703125 0.3177490234375
0.65625 0.58203125 0.5579833984375
-1.28125 -0.69140625 -0.4984130859375
-0.96875 -0.74609375 0.3128662109375
0.625 0.61328125 0.7552490234375
0.671875 -0.04296875 0.5159912109375
0.71875 0.72265625 0.9085693359375
0.53125 -0.73828125 0.7064208984375
-0.40625 -0.77734375 0.5130615234375
0.625 0.44140625 -0.8529052734375
-1.53125 -0.68359375 -0.5052490234375
0.703125 0.50390625 0.3226318359375
-1.28125 -0.69140625 -0.4984130859375
0.578125 -0.23046875 -0.6151123046875
-0.359375 -0.89453125 -0.4395751953125
0.5625 0.30078125 -0.8231201171875
0.671875 0.23828125 0.1253662109375
0.65625 -0.37109375 0.5570068359375
0.609375 0.48828125 0.7542724609375
-0.09375 -0.85546875 0.9486083984375
0.25 -0.72265625 0.3206787109375
0.53125 -0.91796875 1.1370849609375
-0.234375 -0.69921875 -0.0767822265625
0.296875 -0.76171875 0.5140380859375
0.734375 0.05078125 0.9036865234375
-1.46875 -0.76953125 0.5111083984375
0.5625 0.50390625 1.3011474609375
0.34375 -0.76171875 0.1263427734375
0.5625 -0.24609375 -0.812744140625
-0.4375 -0.71484375 -0.87152099609375
0.59375 0.22265625 0.1644287109375
0.65625 0.51953125 0.1243896484375
0.953125 -0.33984375 -0.9895362854003906
0.671875 -0.26171875 -0.4503173828125
-0.9375 -0.87109375 0.5501708984375
0.6875 -0.01171875 -0.0660400390625
