VEHICULAR_TRAILER
-1.234375 -1.05078125 0.096923828125
-1.125 -1.16796875 1.179443359375
0.78125 -0.33203125 0.639404296875
0.703125 -0.28515625 0.018310546875
-0.265625 -1.13671875 0.750732421875
0.78125 0.65234375 1.056396484375
-0.703125 -1.09765625 0.321044921875
0.6875 -0.47265625 0.750732421875
0.640625 -0.26953125 -0.296142578125
-0.15625 -0.97265625 0.428466796875
-1.390625 -0.94921875 0.632568359375
-1.390625 -0.93359375 0.200927734375
-1.0 -0.99609375 0.421630859375
-1.59375 -0.99609375 0.416748046875
0.421875 -0.98046875 0.434326171875
0.6875 -0.20703125 1.167724609375
0.3125 -1.12890625 0.751708984375
0.015625 -1.06640625 -0.300537109375
0.671875 -0.33203125 0.749755859375
0.671875 -0.36328125 -0.085205078125
0.703125 -0.28515625 0.018310546875
0.703125 -0.11328125 -0.6058349609375
-0.265625 -0.89453125 -0.206298828125
0.421875 -0.98046875 0.846435546875
0.75 -0.14453125 -0.190673828125
-1.15625 -1.07421875 -0.334716796875
0.078125 -0.94921875 1.055419921875
0.671875 0.33984375 0.326904296875
0.75 -0.58203125 -0.185302734375
0.015625 -1.06640625 -0.300537109375
-0.734375 -0.96484375 -0.002685546875
0.6875 0.57421875 0.113525390625
0.0 -1.08203125 -0.51171875
-1.34375 -1.02734375 -0.77667236328125
0.65625 -0.05078125 0.538818359375
0.4375 -1.08984375 0.335693359375
0.6875 -0.20703125 0.749755859375
0.640625 -0.26953125 -0.296142578125
-1.5625 -0.16015625 1.290771484375
0.71875 -0.51953125 0.958740234375
0.6875 -0.28515625 0.123779296875
-0.75 -0.86328125 -1.18701171875
0.734375 0.54296875 0.429443359375
-0.640625 -1.05859375 -0.9620361328125
-0.734375 -1.01953125 -0.7531042098999023
-0.15625 -1.08203125 0.327880859375
0.703125 -0.56640625 0.021240234375
0.65625 -0.70703125 -0.7052001953125
-1.21875 -1.14453125 -0.118896484375
-1.234375 -1.05078125 0.096923828125
0.15625 -1.08984375 0.331787109375
-0.453125 -0.98828125 0.847412109375
0.75 -0.05078125 0.846435546875
0.796875 -0.06640625 1.054443359375
0.703125 -0.28515625 0.018310546875
0.6875 0.38671875 0.747802734375
0.6875 -0.09765625 0.330810546875
-0.484375 1.16796875 -1.228515625
-0.296875 -1.08203125 -0.521484375
0.6875 -0.28515625 0.123779296875
-0.796875 -0.92578125 0.209228515625
0.765625 0.08984375 0.846435546875
-0.703125 -0.67578125 -1.286865234375
0.34375 -0.91796875 0.225341796875
0.765625 0.65234375 0.847412109375
0.71875 -0.53515625 -0.5980224609375
-0.546875 -1.13671875 0.749755859375
-1.375 -0.92578125 -0.663818359375
0.75 -0.01953125 0.432373046875
-0.734375 -0.99609375 0.848388671875
-1.5625 -0.99609375 -0.018798828125
-0.453125 -0.98828125 0.847412109375
-1.078125 -0.92578125 -0.65362548828125
-0.265625 -1.13671875 0.750732421875
-1.265625 -1.11328125 0.964599609375
-1.59375 -0.97265625 0.198486328125
0.640625 -0.26953125 -0.296142578125
-0.90625 -1.05859375 0.102783203125
-1.0 -0.98046875 -0.008056640625
0.734375 -0.66015625 0.958740234375
0.65625 -0.58203125 -0.708099365234375
0.703125 -0.39453125 -0.6011962890625
-0.15625 -0.97265625 0.428466796875
0.671875 0.55859375 1.267333984375
0.6875 0.21484375 1.168701171875
0.640625 -0.55078125 -0.499755859375
-0.96875 -1.10546875 0.963623046875
0.375 -0.99609375 -0.709869384765625
0.6875 -0.64453125 0.335693359375
0.703125 -0.00390625 0.015380859375
-1.0 -1.00390625 0.848388671875
-1.0 -1.10546875 0.317138671875
0.6875 -0.28515625 0.123779296875
0.59375 -0.91015625 0.228759765625
0.671875 -0.36328125 -0.085205078125
-0.71875 -0.98828125 0.423583984375
0.734375 0.41796875 0.220947265625
0.765625 0.08984375 0.846435546875
0.71875 0.32421875 0.957763671875
0.6875 0.07421875 1.168701171875
0.78125 0.65234375 1.056396484375
0.734375 0.54296875 0.429443359375
0.6875 0.35546875 1.168701171875
0.703125 -0.62890625 0.750732421875
0.5625 -1.11328125 0.752685546875
-1.5625 -0.99609375 -0.018798828125
0.53125 -0.87109375 -0.186767578125
0.78125 0.65234375 1.056396484375
-0.265625 -0.89453125 -0.206298828125
0.6875 -0.28515625 0.123779296875
-1.171875 -1.08984375 -0.5517578125
-0.734375 -0.96484375 -0.002685546875
-0.546875 -1.08203125 -0.31689453125
0.671875 0.33984375 0.326904296875
0.65625 -0.05078125 0.538818359375
0.65625 0.23046875 0.537841796875
0.703125 -0.62890625 0.750732421875
-0.265625 -1.13671875 0.750732421875
-1.59375 -0.99609375 0.416748046875
0.59375 -0.91015625 0.228759765625
0.640625 -0.69140625 -0.4970703125
-0.046875 -1.09765625 0.539794921875
0.296875 -1.06640625 -0.29248046875
0.703125 -0.67578125 -0.59619140625
-0.1875 -0.96484375 1.057373046875
0.515625 -1.03515625 0.128662109375
-0.515625 -1.16015625 1.175537109375
0.75 -0.05078125 0.846435546875
0.640625 -0.14453125 -0.5076904296875
-1.3125 -0.99609375 0.418701171875
-0.28125 -1.06640625 -0.3095703125
-0.0625 -1.04296875 0.118408203125
-1.078125 -0.92578125 -0.65362548828125
-1.5 -1.08203125 -0.5631103515625
0.75 -0.01953125 0.432373046875
-0.296875 -1.08203125 -0.521484375
0.28125 -1.08203125 -0.501708984375
-0.75 -0.86328125 -1.18701171875
0.671875 0.33984375 0.326904296875
-1.078125 -1.01171875 -0.7665786743164062
0.78125 0.07421875 1.054443359375
0.625 -0.83203125 -0.9112548828125
0.75 -0.45703125 0.434326171875
-0.140625 -1.02734375 -0.7293548583984375
0.734375 0.46484375 0.957763671875
0.75 -0.58203125 0.435302734375
0.0 -1.12109375 0.750732421875
-0.484375 1.16796875 -1.228515625
-0.734375 -0.80078125 -1.285400390625
1.09375 -0.51953125 -1.104736328125
0.5625 -0.91015625 1.052490234375
-1.078125 -0.95703125 1.064208984375
0.671875 0.55859375 1.267333984375
0.765625 0.23046875 0.637451171875
0.734375 0.18359375 0.957763671875
0.703125 -0.62890625 0.750732421875
-1.3125 -0.99609375 0.418701171875
0.65625 -0.48828125 -0.083251953125
0.65625 0.23046875 0.537841796875
0.671875 0.51171875 0.535888671875
0.609375 -0.25390625 -0.92626953125
0.671875 -0.36328125 -0.085205078125
-0.265625 -1.13671875 0.750732421875
0.765625 -0.44140625 0.227783203125
0.703125 -0.62890625 0.750732421875
0.78125 -0.47265625 0.639404296875
-1.1875 -1.12890625 0.531005859375
-0.515625 -0.94140625 1.060302734375
0.5625 -0.91015625 1.052490234375
0.75 -0.14453125 -0.190673828125
0.734375 0.10546875 0.431396484375
-1.390625 -0.94921875 0.632568359375
-1.5 -0.05078125 1.290771484375
-1.46875 -1.15234375 1.182373046875
0.75 0.37109375 0.846435546875
0.640625 -0.28515625 -0.5048828125
0.75 -0.14453125 -0.190673828125
-0.046875 -1.09765625 0.539794921875
0.6875 -0.51953125 0.334716796875
0.734375 0.41796875 0.220947265625
-1.5 -1.08203125 -0.5631103515625
0.71875 0.32421875 0.957763671875
0.6875 -0.47265625 0.750732421875
0.671875 0.55859375 1.267333984375
-1.390625 -0.93359375 0.200927734375
0.78125 -0.17578125 0.638427734375
0.765625 0.65234375 0.847412109375
-0.78125 -0.94921875 0.634521484375
-0.25 -1.15234375 1.172607421875
0.75 -0.05078125 0.846435546875
-0.703125 -0.67578125 -1.286865234375
-1.296875 -1.10546875 0.313232421875
-0.15625 -0.97265625 0.428466796875
0.640625 -0.55078125 -0.499755859375
0.71875 0.04296875 0.958740234375
-0.875 -1.06640625 -0.32666015625
-1.125 -1.16796875 1.179443359375
-1.375 -0.92578125 -0.663818359375
-0.96875 -1.10546875 0.963623046875
-0.875 -1.08984375 -0.5413818359375
