VEHICULAR_TRAILER
1.6875 0.5 -1.0861892700195312
0.6875 -0.59375 0.593017578125
0.6875 -0.578125 0.820556640625
0.75 -0.421875 0.703369140625
0.71875 -0.421875 0.477783203125
0.78125 -0.28125 0.704345703125
0.6875 -0.421875 0.821533203125
0.4375 -0.921875 0.821533203125
0.6875 -0.28125 0.821533203125
0.375 -0.8828125 0.364501953125
0.4375 -0.71875 0.024658203125
0.4375 -0.734375 0.477783203125
0.6875 -0.140625 0.593994140625
0.40625 -0.703125 0.705322265625
0.75 0.0 0.932861328125
0.6875 -0.109375 1.050048828125
0.65625 -0.125 0.822509765625
0.28125 -0.84375 0.135009765625
0.625 -0.109375 0.135009765625
0.28125 -0.8671875 0.593994140625
0.78125 0.140625 0.932861328125
0.34375 -0.6875 0.250244140625
0.6875 0.015625 0.593994140625
0.6875 0.03125 0.822509765625
0.6875 0.046875 1.052001953125
0.78125 0.296875 0.934814453125
0.625 0.046875 0.364501953125
0.6875 0.15625 0.593994140625
0.90625 0.734375 -1.1179656982421875
0.71875 0.296875 0.593994140625
0.6875 0.1875 1.052001953125
0.65625 0.203125 0.364501953125
0.65625 0.1875 0.823486328125
0.78125 0.453125 0.934814453125
0.75 0.515625 -1.0164794921875
0.09375 -0.8984375 0.363525390625
0.6875 0.375 0.022705078125
0.125 -0.8984375 1.052001953125
0.75 0.484375 0.249267578125
0.09375 -0.921875 0.823486328125
0.75 0.484375 0.477783203125
0.59375 0.203125 0.133056640625
0.75 0.46875 0.706298828125
0.0625 -0.8984375 0.133056640625
0.15625 -0.7578125 0.936767578125
0.71875 0.5 0.022705078125
0.6875 0.34375 1.053955078125
0.65625 0.359375 0.363525390625
0.65625 0.328125 0.824462890625
0.625 0.359375 0.133056640625
0.78125 0.59375 0.936767578125
0.78125 0.625 0.707275390625
0.6875 0.46875 0.593994140625
0.75 0.640625 0.249267578125
0.09375 -0.7265625 0.477783203125
0.71875 0.5 1.053955078125
0.65625 0.5 0.363525390625
0.71875 0.625 0.477783203125
0.625 0.484375 -0.097412109375
0.65625 0.484375 0.824462890625
0.625 0.515625 0.132080078125
0.78125 0.75 0.936767578125
0.6875 0.65625 0.021728515625
0.03125 -0.6953125 0.248291015625
0.6875 0.625 0.593994140625
0.71875 0.625 1.163330078125
0.65625 0.625 -0.097412109375
0.75 0.78125 0.707275390625
0.625 0.640625 -0.561279296875
0.71875 0.765625 0.477783203125
0.65625 0.65625 0.363525390625
0.59375 0.59375 -0.792236328125
0.625 0.515625 1.163330078125
0.71875 0.765625 0.593994140625
0.71875 0.8125 0.020751953125
0.71875 0.796875 0.249267578125
0.6875 0.65625 1.053955078125
0.71875 0.828125 -0.208740234375
0.65625 0.640625 0.825439453125
0.0 -0.6953125 0.707275390625
0.65625 0.734375 -0.329833984375
0.78125 0.921875 0.708251953125
0.625 0.671875 0.131103515625
0.6875 0.796875 0.131103515625
-0.09375 -0.8515625 0.593994140625
0.78125 0.90625 0.938720703125
0.65625 0.765625 -0.098876953125
0.53125 0.40625 1.165283203125
0.71875 0.78125 1.165283203125
0.75 0.953125 0.020751953125
0.75 0.9375 0.248291015625
0.75 0.96875 -0.209228515625
0.75 0.921875 0.478759765625
0.6875 0.859375 -0.330322265625
0.71875 0.8125 1.055908203125
0.6875 0.78125 0.825439453125
0.65625 0.828125 -0.439208984375
-0.25 -0.90625 0.362548828125
-0.25 -0.9140625 0.826416015625
-0.21875 -0.7578125 0.477783203125
-0.25 -0.890625 1.057861328125
-0.3125 -0.890625 0.129150390625
-0.21875 -0.7578125 0.940673828125
-0.28125 -0.7109375 0.247314453125
-0.28125 -0.7109375 0.709228515625
-0.375 -0.8828125 0.593994140625
-0.34375 -0.6640625 -0.67822265625
-0.5625 -0.921875 0.360595703125
-0.5625 -0.9296875 0.828369140625
-0.59375 -0.859375 -0.80859375
-0.53125 -0.75 0.015869140625
-0.59375 -0.9140625 1.061767578125
-0.5625 -0.7578125 0.478759765625
-0.5625 -0.765625 0.944580078125
-0.625 -0.7109375 0.245361328125
-0.625 -0.7109375 0.712158203125
-0.75 -0.875 0.594970703125
-0.78125 -0.8671875 -0.109130859375
-0.90625 -0.921875 0.359619140625
-0.90625 -0.9453125 0.830322265625
-0.875 -0.75 0.012939453125
-0.875 -0.7578125 0.478759765625
-0.9375 -0.90625 1.065673828125
-0.90625 -0.7578125 0.948486328125
-0.96875 -0.7109375 0.244384765625
-0.96875 -0.71875 0.714111328125
-1.09375 -0.8828125 0.594970703125
-1.125 -0.8828125 -0.114013671875
-1.0 -0.515625 -1.165283203125
-1.25 -0.9609375 0.832275390625
-1.28125 -0.9296875 0.357666015625
-1.21875 -0.7578125 0.009033203125
-1.25 -0.7421875 -0.463623046875
-1.25 -0.765625 0.478759765625
-1.34375 -0.921875 0.119384765625
-1.25 -0.7578125 0.952392578125
-1.3125 -0.90625 1.069580078125
-1.3125 -0.703125 0.242431640625
-1.3125 -0.7109375 0.716064453125
-1.34375 -0.671875 -0.229736328125
-1.5 -0.890625 -0.119384765625
-1.46875 -0.875 0.595947265625
-1.53125 -0.7734375 0.006103515625
-1.59375 -0.96875 0.835205078125
-1.625 -0.953125 0.356689453125
-1.65625 -0.9609375 -0.60107421875
-1.53125 -0.796875 0.956298828125
-1.625 -0.8671875 -0.8408203125
-1.5625 -0.78125 0.479736328125
-1.65625 -0.9375 0.116455078125
-1.65625 -0.8671875 -0.362060546875
-1.625 -0.921875 1.073486328125
-1.59375 -0.7578125 0.718017578125
-1.6875 -0.9453125 0.595947265625
-1.625 -0.71875 -0.233154296875
-1.625 -0.734375 0.241455078125
