VEHICULAR_TRAILER
1.59375 0.36328125 -0.78369140625
1.625 0.50390625 -0.78466796875
0.6875 -0.69921875 0.62744140625
0.625 -0.69921875 -0.08642578125
0.59375 -0.67578125 -0.563720703125
0.625 -0.66015625 0.38916015625
0.71875 -0.46484375 0.52978515625
0.6875 -0.54296875 0.62744140625
0.53125 -0.79296875 -0.56396484375
0.625 -0.52734375 -1.1253662109375
0.6875 -0.38671875 -0.653564453125
0.6875 -0.41796875 0.05810546875
0.6875 -0.40234375 -0.1787109375
0.625 -0.54296875 -0.08740234375
0.59375 -0.58984375 -0.32568359375
0.625 -0.52734375 -0.17919921875
0.65625 -0.52734375 0.86474609375
0.59375 -0.66015625 0.86474609375
0.75 -0.29296875 0.76708984375
0.65625 -0.40234375 -0.41650390625
0.6875 -0.40234375 0.62744140625
0.59375 -0.52734375 -0.565185546875
0.625 -0.51171875 0.38916015625
0.65625 -0.37109375 -1.12744140625
0.71875 -0.27734375 0.29345703125
0.71875 -0.29296875 0.52978515625
0.625 -0.43359375 -0.32666015625
0.59375 -0.49609375 0.15087890625
0.6875 -0.24609375 -0.655029296875
0.6875 -0.26171875 0.05712890625
0.6875 -0.24609375 -0.1796875
0.625 -0.38671875 -0.08837890625
0.65625 -0.24609375 -0.41748046875
0.71875 -0.13671875 0.29345703125
0.6875 -0.23046875 0.62744140625
0.59375 -0.35546875 -0.566650390625
0.625 -0.33984375 0.38916015625
0.71875 -0.13671875 0.53076171875
0.625 -0.27734375 -0.328125
0.625 -0.37109375 0.86572265625
0.59375 -0.35546875 0.14990234375
0.71875 -0.13671875 0.76806640625
0.6875 -0.08984375 -0.656494140625
0.625 -0.23046875 -0.08935546875
0.6875 -0.08984375 -0.1806640625
0.65625 -0.10546875 0.05615234375
0.625 -0.18359375 0.38916015625
0.28125 -0.99609375 0.86572265625
0.71875 0.03515625 0.29345703125
0.65625 -0.18359375 1.10595703125
0.625 -0.21484375 0.86572265625
0.71875 0.01953125 0.76806640625
0.65625 -0.08984375 0.62744140625
0.59375 -0.18359375 0.14892578125
0.6875 0.03515625 0.05615234375
0.6875 0.01953125 0.53076171875
0.65625 -0.05859375 0.86669921875
0.625 -0.04296875 0.38818359375
0.3125 -0.72265625 0.29150390625
0.3125 -0.73828125 0.52978515625
0.65625 -0.02734375 1.10595703125
0.71875 0.19140625 0.29248046875
0.3125 -0.72265625 0.76806640625
0.71875 0.17578125 0.76904296875
0.1875 -0.94140625 0.38818359375
0.65625 0.08203125 0.62744140625
0.21875 -0.93359375 1.10595703125
0.6875 0.17578125 0.53076171875
0.65625 0.09765625 0.86669921875
0.15625 -0.94140625 0.14697265625
0.25 -0.67578125 -0.18408203125
0.625 0.12890625 0.38818359375
0.65625 0.12890625 1.10791015625
0.71875 0.34765625 0.29248046875
0.71875 0.33203125 0.76904296875
0.6875 0.34765625 0.05517578125
0.59375 0.14453125 0.14794921875
0.65625 0.23828125 0.62744140625
0.6875 0.33203125 0.53076171875
0.65625 0.26953125 1.10791015625
0.625 0.28515625 0.38818359375
0.71875 0.50390625 0.29248046875
0.625 0.25390625 0.86767578125
0.71875 0.48828125 0.53076171875
0.59375 0.26953125 0.14697265625
0.71875 0.48828125 0.77001953125
0.6875 0.50390625 0.05419921875
0.65625 0.39453125 0.62744140625
0.03125 -0.91796875 -0.0947265625
0.59375 0.39453125 -0.09375
0.0625 -0.77734375 0.05322265625
0.625 0.44140625 0.38818359375
0.65625 0.44140625 1.10986328125
0.625 0.41015625 0.86865234375
0.71875 0.66015625 0.29248046875
0.71875 0.64453125 0.77001953125
0.59375 0.44140625 0.14697265625
0.71875 0.62890625 1.01025390625
0.0 -0.89453125 0.62744140625
0.65625 0.55078125 0.62841796875
0.5625 0.44140625 -0.576416015625
0.6875 0.67578125 0.05419921875
0.6875 0.69140625 -0.185546875
0.59375 0.50390625 -0.3349609375
0.625 0.56640625 -0.0947265625
0.03125 -0.76953125 0.52978515625
0.6875 0.66015625 0.53173828125
0.75 0.78515625 1.01025390625
0.59375 0.58203125 -0.57763671875
0.625 0.59765625 0.38720703125
0.65625 0.59765625 1.10986328125
0.625 0.66015625 -0.33642578125
0.71875 0.81640625 0.29248046875
0.71875 0.80078125 0.53173828125
0.6875 0.70703125 0.86865234375
0.625 0.58203125 0.86865234375
0.71875 0.80078125 0.77099609375
0.59375 0.59765625 0.14599609375
0.59375 0.51953125 1.01025390625
0.625 0.70703125 -0.42578125
0.65625 0.70703125 0.62841796875
0.625 0.72265625 -0.578369140625
0.625 0.70703125 -0.095703125
0.6875 0.83203125 0.05322265625
0.6875 0.86328125 -0.6669921875
0.6875 0.84765625 -0.1865234375
0.6875 0.75390625 1.10986328125
0.75 0.91015625 1.01220703125
0.75 0.94140625 0.77099609375
0.625 0.75390625 0.14599609375
0.65625 0.86328125 -0.42724609375
0.625 0.75390625 0.38720703125
0.625 0.80078125 -0.33740234375
-0.0625 -0.72265625 0.29052734375
0.71875 0.98828125 -0.1865234375
0.5625 0.69140625 -0.8209228515625
-0.125 -0.94921875 1.10986328125
-0.1875 -0.94921875 0.38623046875
0.6875 1.01953125 -0.66796875
0.6875 0.98828125 0.29150390625
0.4375 0.44140625 1.01220703125
-0.21875 -0.94921875 0.86865234375
-0.125 -0.70703125 0.77001953125
-0.25 -0.92578125 0.14306640625
-0.3125 -0.91015625 0.62744140625
-0.34375 -0.91796875 -0.1005859375
-0.3125 -0.78515625 0.04931640625
-0.5 -0.98046875 0.38427734375
-0.5 -1.00390625 0.87060546875
-0.40625 -0.74609375 0.77197265625
-0.5 -0.94921875 1.11376953125
-0.5625 -0.94921875 0.14013671875
0.03125 0.47265625 1.01611328125
-0.53125 -0.71484375 1.01611328125
-0.71875 -0.93359375 -0.1064453125
-0.65625 -0.79296875 0.04541015625
-0.71875 -0.91796875 0.62744140625
-0.1875 0.41015625 1.01806640625
-0.75 -0.74609375 0.77392578125
-0.875 -1.00390625 0.87255859375
-0.78125 -0.77734375 1.01806640625
-0.875 -0.95703125 1.11767578125
-1.09375 -0.92578125 0.62744140625
-1.125 -0.79296875 1.02197265625
-1.15625 -0.73828125 0.77685546875
-1.28125 -0.99609375 0.87451171875
-1.3125 -0.94921875 1.12353515625
-1.5 -0.91796875 0.62841796875
-1.46875 -0.79296875 1.02587890625
-1.625 -1.01953125 0.87646484375
-1.625 -0.98046875 1.12744140625
-1.5625 -0.75390625 0.77880859375
