VEHICULAR_TRAILER
1.671875 0.37890625 -0.8376617431640625
0.734375 -0.73828125 0.6154632568359375
0.703125 -0.73046875 -0.1189117431640625
0.671875 -0.70703125 -0.6098785400390625
0.734375 -0.58984375 0.5158538818359375
0.734375 -0.57421875 0.6154632568359375
0.578125 -0.83984375 -0.6106109619140625
0.703125 -0.54296875 -0.4577789306640625
0.765625 -0.40234375 -0.2141265869140625
0.765625 -0.43359375 0.2726898193359375
0.765625 -0.44921875 0.5158538818359375
0.671875 -0.57421875 -0.1198883056640625
0.828125 -0.29296875 0.7590179443359375
0.671875 -0.54296875 -0.6115875244140625
0.734375 -0.38671875 -0.7021636962890625
0.734375 -0.40234375 0.0295257568359375
0.796875 -0.27734375 0.2726898193359375
0.671875 -0.52734375 0.1242523193359375
0.734375 -0.41796875 0.6154632568359375
0.671875 -0.52734375 0.3703460693359375
0.703125 -0.41796875 -0.1208648681640625
0.671875 -0.46484375 -0.3659820556640625
0.703125 -0.38671875 -0.4582672119140625
0.765625 -0.23046875 -0.7033843994140625
0.765625 -0.29296875 0.5158538818359375
0.765625 -0.24609375 0.0285491943359375
0.671875 -0.38671875 -0.6132965087890625
0.734375 -0.24609375 -0.2151031494140625
0.796875 -0.12109375 0.2726898193359375
0.671875 -0.37109375 0.1232757568359375
0.796875 -0.12109375 0.5158538818359375
0.734375 -0.26171875 0.6154632568359375
0.796875 -0.13671875 0.7599945068359375
0.671875 -0.37109375 0.3703460693359375
0.671875 -0.30859375 -0.3674468994140625
0.703125 -0.23046875 -0.4597320556640625
0.765625 -0.07421875 -0.2155914306640625
0.671875 -0.26171875 -0.1218414306640625
0.765625 -0.10546875 0.6154632568359375
0.734375 -0.08984375 0.0285491943359375
0.796875 0.03515625 0.2726898193359375
0.703125 -0.23046875 0.8615570068359375
0.796875 0.01953125 0.5168304443359375
0.671875 -0.21484375 0.1232757568359375
0.796875 0.03515625 0.7609710693359375
0.671875 -0.19921875 0.3693695068359375
0.359375 -0.88671875 0.6154632568359375
0.703125 -0.05859375 0.3693695068359375
0.703125 -0.07421875 0.8615570068359375
0.796875 0.20703125 0.2717132568359375
0.734375 0.05078125 0.6154632568359375
0.796875 0.19140625 0.7609710693359375
0.359375 -0.75390625 0.5158538818359375
0.265625 -1.01171875 0.8615570068359375
0.765625 0.20703125 0.5168304443359375
0.328125 -0.70703125 0.2707366943359375
0.734375 0.23828125 0.0275726318359375
0.703125 0.09765625 0.8625335693359375
0.796875 0.36328125 0.2717132568359375
0.671875 0.11328125 0.1213226318359375
0.734375 0.22265625 0.6164398193359375
0.671875 0.11328125 0.3693695068359375
0.796875 0.36328125 0.7619476318359375
0.296875 -0.67578125 -0.2194976806640625
0.765625 0.34765625 0.5168304443359375
0.765625 0.39453125 0.0275726318359375
0.171875 -0.95703125 0.3683929443359375
0.265625 -0.65234375 -0.7121734619140625
0.703125 0.25390625 0.8625335693359375
0.140625 -0.95703125 0.1203460693359375
0.671875 0.26953125 0.1213226318359375
0.734375 0.45703125 -1.1154632568359375
0.734375 0.37890625 0.6164398193359375
0.109375 -0.96484375 -0.6215972900390625
0.671875 0.26953125 0.3693695068359375
0.796875 0.51953125 0.7629241943359375
0.765625 0.50390625 0.5178070068359375
0.765625 0.56640625 -0.2190093994140625
0.765625 0.53515625 0.2717132568359375
0.671875 0.39453125 -0.1257476806640625
0.171875 -0.80859375 0.7619476318359375
0.109375 -0.86328125 -0.3747711181640625
0.703125 0.39453125 0.8635101318359375
0.765625 0.51953125 1.0099945068359375
0.828125 0.66015625 1.0099945068359375
0.734375 0.55078125 0.0265960693359375
0.671875 0.42578125 0.1203460693359375
0.796875 0.69140625 0.2717132568359375
0.640625 0.42578125 -0.6230621337890625
0.734375 0.55078125 0.6164398193359375
0.671875 0.44140625 0.3683929443359375
0.796875 0.67578125 0.7639007568359375
0.703125 0.56640625 -0.4660797119140625
0.671875 0.50390625 -0.3742828369140625
0.671875 0.39453125 1.0099945068359375
0.109375 -0.78515625 0.0246429443359375
0.765625 0.73828125 -0.7131500244140625
0.765625 0.67578125 0.5178070068359375
0.671875 0.55078125 -0.1267242431640625
0.078125 -0.76953125 -0.4685211181640625
0.640625 0.51953125 -0.8718414306640625
0.765625 0.70703125 0.6164398193359375
0.734375 0.70703125 0.0265960693359375
0.703125 0.56640625 0.8635101318359375
0.734375 0.73828125 -0.2199859619140625
0.796875 0.84765625 0.2717132568359375
0.671875 0.59765625 0.1203460693359375
0.734375 0.72265625 0.3683929443359375
0.640625 0.58203125 -0.6240386962890625
0.671875 0.59765625 0.3683929443359375
0.796875 0.83203125 0.7639007568359375
0.703125 0.70703125 -0.1277008056640625
0.703125 0.72265625 -0.4670562744140625
0.671875 0.66015625 -0.3757476806640625
0.765625 0.84765625 0.0256195068359375
0.734375 0.72265625 0.8644866943359375
0.765625 0.87890625 -0.2209625244140625
0.765625 0.83203125 0.5178070068359375
-0.046875 -0.92578125 -0.1286773681640625
0.640625 0.67578125 -0.8737945556640625
0.734375 0.87890625 -0.4680328369140625
0.765625 0.83203125 1.0119476318359375
0.703125 0.81640625 -0.3767242431640625
0.734375 0.89453125 -0.7148590087890625
0.015625 -0.76953125 0.5158538818359375
-0.046875 -0.88671875 0.6154632568359375
0.515625 0.36328125 1.1115570068359375
0.578125 0.50390625 1.1115570068359375
-0.015625 -0.71484375 -0.2238922119140625
0.765625 1.05078125 -0.7163238525390625
-0.140625 -1.01171875 0.8644866943359375
-0.078125 -0.71484375 0.2687835693359375
-0.109375 -0.67578125 -0.7214508056640625
-0.234375 -0.96484375 0.3664398193359375
-0.265625 -0.96484375 -0.6318511962890625
-0.234375 -0.80078125 0.0207366943359375
-0.296875 -0.94921875 0.1164398193359375
-0.296875 -0.88671875 -0.3825836181640625
-0.265625 -0.78515625 -0.4758453369140625
-0.296875 -0.80078125 0.5158538818359375
0.203125 0.34765625 1.1154632568359375
-0.390625 -0.93359375 0.6164398193359375
-0.421875 -0.92578125 -0.1350250244140625
-0.390625 -0.70703125 -0.2302398681640625
-0.390625 -0.73828125 0.2668304443359375
-0.390625 -0.74609375 0.7648773193359375
-0.453125 -0.69140625 -0.7307281494140625
-0.578125 -1.00390625 0.8674163818359375
-0.609375 -0.98046875 0.3654632568359375
-0.671875 -0.97265625 -0.6421051025390625
-0.671875 -0.95703125 0.1125335693359375
-0.703125 -0.87890625 -0.3913726806640625
-0.671875 -0.78515625 -0.4841461181640625
-0.671875 -0.79296875 0.0168304443359375
-0.703125 -0.80078125 0.5168304443359375
-0.828125 -0.92578125 0.6164398193359375
-0.859375 -0.91796875 -0.1408843994140625
-0.796875 -0.71484375 -0.2360992431640625
-0.796875 -0.73046875 0.2648773193359375
-0.796875 -0.74609375 0.7678070068359375
-0.859375 -0.68359375 -0.7412261962890625
-0.953125 -1.01171875 0.8703460693359375
-0.984375 -0.98828125 0.3635101318359375
-1.015625 -0.90234375 -0.9056549072265625
-1.046875 -0.96484375 0.1086273193359375
-1.078125 -0.98828125 -0.6523590087890625
-1.078125 -0.88671875 -0.3986968994140625
-1.046875 -0.79296875 0.0129241943359375
-1.109375 -0.77734375 0.5168304443359375
-1.234375 -0.93359375 -0.1467437744140625
-1.234375 -0.91796875 0.6174163818359375
-1.234375 -0.71484375 -0.2424468994140625
-1.234375 -0.73828125 0.2639007568359375
-1.234375 -0.74609375 0.7707366943359375
-1.390625 -1.01171875 0.8722991943359375
-1.421875 -0.91796875 -0.9184722900390625
-1.453125 -0.98046875 0.3615570068359375
-1.484375 -0.98828125 -0.6631011962890625
-1.484375 -0.97265625 0.1047210693359375
-1.453125 -0.80078125 0.0090179443359375
-1.515625 -0.88671875 -0.4074859619140625
-1.484375 -0.82421875 0.5168304443359375
-1.515625 -0.76171875 -0.2468414306640625
-1.578125 -0.94921875 0.6174163818359375
-1.609375 -0.95703125 -0.1521148681640625
-1.546875 -0.76953125 0.2619476318359375
-1.671875 -1.05078125 0.3605804443359375
-1.578125 -0.77734375 0.7726898193359375
