VEHICULAR_TRAILER
-1.375 -0.3388671875 -0.5767822265625
-1.3125 0.109161376953125 -0.5777587890625
-1.3125 -0.132080078125 -0.5772705078125
-1.3125 -0.0201416015625 -0.5484619140625
-1.3125 0.3388671875 -0.5782470703125
-1.3125 -0.251220703125 -0.5484619140625
-1.3125 -0.505859375 -0.5484619140625
-1.25 -0.71435546875 -0.5489501953125
-1.1875 -0.56982421875 -0.5782470703125
-0.6875 0.014434814453125 0.2239990234375
-0.6875 -0.09326171875 0.9642333984375
-0.6875 -1.24169921875 0.9661865234375
-0.625 0.15045166015625 0.9642333984375
-0.625 -1.25048828125 1.0032958984375
-0.5625 0.09014892578125 -0.1988525390625
-0.5625 -0.02752685546875 -0.1656494140625
-0.5625 0.1224365234375 0.1888427734375
-0.5625 0.1297607421875 0.5755615234375
-0.5625 -0.1026611328125 0.5755615234375
-0.5625 0.0196533203125 0.6126708984375
-0.5625 -1.15478515625 0.2239990234375
-0.5625 -0.214111328125 0.6126708984375
-0.5625 -1.14990234375 0.6146240234375
-0.5625 0.383056640625 0.9642333984375
-0.5625 0.15093994140625 1.0032958984375
-0.5625 -0.05938720703125 1.0032958984375
-0.5625 0.626953125 0.9642333984375
-0.5625 -0.53515625 0.9661865234375
-0.5625 0.859375 0.9642333984375
-0.5625 -0.767578125 0.9661865234375
-0.5625 -1.00048828125 0.9661865234375
-0.5625 -0.99462890625 1.0032958984375
-0.5 -0.7412109375 -0.1666259765625
-0.5 -0.96337890625 -0.1656494140625
-0.5 -0.0870361328125 0.1888427734375
-0.5 0.355224609375 0.1878662109375
-0.5 -0.56396484375 0.1898193359375
-0.5 -0.6875 0.2239990234375
-0.5 -0.78515625 0.1898193359375
-0.5 -0.9208984375 0.2239990234375
-0.5 -1.01806640625 0.1907958984375
-0.5 -0.4482421875 0.6146240234375
-0.5 -0.80126953125 0.5775146484375
-0.5 -0.916015625 0.6146240234375
-0.5 -1.03369140625 0.5775146484375
-0.5 -1.28955078125 0.5794677734375
-0.5 -0.55078125 1.0032958984375
-0.5 -0.76123046875 1.0032958984375
-0.4375 0.3232421875 -0.1998291015625
-0.4375 -0.50732421875 -0.1666259765625
-0.4375 -0.31982421875 0.1898193359375
-0.4375 -0.3359375 0.5775146484375
-0.4375 -0.56884765625 0.5775146484375
-0.4375 -0.6826171875 0.6146240234375
-0.4375 -0.30322265625 0.9661865234375
-0.4375 0.39697265625 1.0032958984375
-0.4375 -0.293701171875 1.0032958984375
-0.4375 0.63134765625 1.0032958984375
-0.4375 1.07080078125 0.9642333984375
-0.375 -0.26220703125 -0.1666259765625
-0.375 0.67578125 -0.1676025390625
-0.375 0.24853515625 0.2239990234375
-0.375 0.483154296875 0.2230224609375
-0.375 0.82177734375 0.1878662109375
-0.375 0.9404296875 0.2230224609375
-0.375 0.33984375 0.5775146484375
-0.375 0.2537841796875 0.6146240234375
-0.375 0.58447265625 0.5775146484375
-0.375 0.488037109375 0.6146240234375
-0.375 0.7109375 0.6146240234375
-0.375 0.85498046875 1.0052490234375
-0.3125 0.556884765625 -0.2008056640625
-0.3125 0.89892578125 -0.1676025390625
-0.3125 0.7060546875 0.2230224609375
-0.3125 1.05615234375 0.1868896484375
-0.3125 1.17529296875 0.2230224609375
-0.3125 1.28955078125 0.1868896484375
-0.3125 0.818359375 0.5775146484375
-0.3125 0.95751953125 0.6146240234375
-0.3125 1.0517578125 0.5755615234375
-0.3125 1.10107421875 1.0052490234375
-0.25 1.13427734375 -0.1685791015625
-0.125 1.19580078125 0.6146240234375
1.3125 0.0892791748046875 -1.0040283203125
1.3125 0.05753135681152344 -0.9769287109375
1.3125 -0.1497802734375 -1.0042724609375
1.375 0.304443359375 -1.0052490234375
1.375 0.298095703125 -0.9788818359375
1.375 -0.182861328125 -0.9779052734375
