VEHICULAR_TRAILER
1.13671875 1.90625 0.31103515625
1.02734375 1.90625 0.93408203125
1.13671875 1.78125 -0.30908203125
0.80078125 1.59375 0.74072265625
0.76171875 1.46875 -0.50244140625
0.73046875 1.40625 0.11962890625
0.71484375 1.15625 -0.30810546875
0.58203125 1.09375 0.94384765625
0.32421875 0.90625 -0.50341796875
0.33984375 0.71875 0.75048828125
0.64453125 0.65625 0.31884765625
0.28515625 0.53125 0.12353515625
0.23828125 0.46875 0.32080078125
0.25390625 0.34375 -0.30810546875
0.11328125 0.21875 0.95361328125
-0.13671875 -0.09375 -0.50341796875
-0.12109375 -0.09375 0.76025390625
-0.16796875 -0.21875 0.12744140625
-0.26171875 -0.90625 -0.30810546875
-0.30859375 -1.09375 0.33056640625
-0.05859375 -1.78125 -0.94970703125
-0.78515625 -1.96875 0.33447265625
