VEHICULAR_TRAILER
0.99609375 2.0 -0.304931640625
0.85546875 2.0 0.934326171875
0.97265625 1.8125 0.313232421875
0.56640625 1.5 -0.422119140625
0.55078125 1.5 0.197998046875
0.59765625 1.5 0.821044921875
0.55859375 1.25 -0.305908203125
0.42578125 1.125 0.944091796875
0.48828125 0.8125 0.319091796875
0.07421875 0.625 0.203857421875
-0.08203125 0.3125 0.955810546875
0.05078125 0.1875 -0.305908203125
-0.38671875 -0.1875 -0.423095703125
0.01171875 -0.25 0.324951171875
-0.40234375 -0.3125 0.207763671875
-0.44140625 -0.8125 -0.306884765625
-0.44140625 -1.0625 0.328857421875
-0.86328125 -1.125 0.213623046875
-0.84765625 -1.1875 -0.423095703125
-0.93359375 -1.75 -0.306884765625
-0.94921875 -1.9375 0.334716796875
