VEHICULAR_TRAILER
-1.3046875 -1.421875 0.0283203125
-1.1484375 -1.515625 0.1435546875
-1.3984375 -1.359375 0.1435546875
-1.1640625 -1.484375 0.0283203125
-1.2734375 -1.421875 0.1435546875
-1.0078125 -1.578125 0.1435546875
-1.4140625 -1.328125 0.0283203125
-1.5546875 -1.234375 -0.1005859375
-1.5234375 -1.265625 0.1435546875
-0.8828125 -1.640625 0.1435546875
-1.0234375 -1.546875 0.0283203125
-1.6953125 -1.140625 -0.1005859375
-0.8984375 -1.609375 0.0283203125
-1.8046875 -1.046875 -0.1005859375
-1.8828125 -1.015625 0.1455078125
-0.8984375 -1.546875 -0.1005859375
-0.7265625 -1.640625 0.1455078125
-0.7578125 -1.578125 -0.0986328125
-0.7109375 -1.609375 0.0302734375
-0.5859375 -1.671875 0.0322265625
-1.0546875 -1.359375 -0.2158203125
0.9140625 0.359375 0.2158203125
1.1015625 0.640625 0.0966796875
1.8828125 1.671875 0.1259765625
