VEHICULAR_TRAILER
-0.296875 -1.953125 1.102294921875
-0.21875 -1.734375 1.342529296875
-0.1875 -1.703125 1.071044921875
-0.1953125 -1.734375 1.539794921875
-0.1328125 -1.734375 1.307373046875
-0.0078125 -1.546875 1.114013671875
0.0625 -1.359375 1.356201171875
0.09375 -1.328125 0.881591796875
0.0703125 -1.359375 1.557373046875
0.09375 -1.328125 1.082763671875
0.140625 -1.359375 1.321044921875
0.28125 -1.140625 1.123779296875
0.3671875 -0.953125 1.094482421875
0.359375 -0.984375 1.572998046875
0.4296875 -0.953125 1.334716796875
0.375 -0.921875 1.371826171875
0.5859375 -0.734375 1.137451171875
0.7109375 -0.546875 1.350341796875
0.671875 -0.515625 1.385498046875
0.6640625 -0.515625 1.592529296875
0.875 -0.296875 1.149169921875
1.0234375 -0.140625 1.364013671875
0.96875 -0.109375 1.612060546875
0.9765625 -0.046875 1.401123046875
1.171875 0.109375 1.158935546875
1.265625 0.359375 1.629638671875
1.296875 0.390625 1.418701171875
1.625 0.859375 1.434326171875
1.609375 0.859375 1.651123046875
1.96875 1.359375 1.451904296875
1.953125 1.359375 1.674560546875
