VEHICULAR_TRAILER
-0.33203125 -1.9375 0.22607421875
-0.34765625 -1.875 0.17724609375
-0.27734375 -1.90625 0.41162109375
-0.33984375 -1.84375 0.64794921875
-0.26953125 -1.75 0.46826171875
-0.08984375 -1.53125 0.18701171875
-0.05078125 -1.53125 0.23779296875
-0.01171875 -1.5 0.42529296875
-0.07421875 -1.46875 0.66357421875
0.01171875 -1.34375 0.48193359375
0.20703125 -1.1875 0.24755859375
0.23828125 -1.15625 0.43896484375
0.21484375 -1.03125 0.68115234375
0.29296875 -0.96875 0.49365234375
0.48828125 -0.78125 0.25927734375
0.51171875 -0.78125 0.45263671875
0.49609375 -0.59375 0.69873046875
0.57421875 -0.5625 0.50927734375
0.76953125 -0.40625 0.26904296875
0.76953125 -0.25 0.71435546875
0.86328125 -0.15625 0.52294921875
1.05859375 0.1875 0.73193359375
1.16015625 0.25 0.53662109375
1.35546875 0.59375 0.74951171875
1.47265625 0.6875 0.55224609375
1.57421875 0.78125 0.75927734375
1.78515625 1.15625 0.56787109375
