VEHICULAR_TRAILER
0.25390625 -1.140625 -0.115234375
0.12109375 -1.140625 0.27734375
-0.01171875 -1.109375 0.27734375
-0.140625 -1.078125 0.27734375
0.25390625 -1.140625 0.27734375
-0.265625 -1.015625 0.279296875
-0.12109375 -1.015625 0.107421875
-0.390625 -0.953125 0.279296875
-0.515625 -0.890625 0.28125
-0.2421875 -0.921875 0.109375
-0.63671875 -0.796875 0.28515625
-0.35546875 -0.828125 0.11328125
-0.76171875 -0.734375 0.287109375
-0.48828125 -0.765625 0.11328125
-0.359375 -0.765625 -0.109375
-0.43359375 -0.734375 0.06640625
-0.609375 -0.671875 0.115234375
-0.8828125 -0.609375 0.2890625
-0.60546875 -0.609375 -0.10546875
-0.6796875 -0.578125 0.0703125
-0.734375 -0.546875 -0.154296875
-1.0078125 -0.515625 0.29296875
-1.1328125 -0.453125 0.294921875
-0.84765625 -0.453125 -0.103515625
-0.98046875 -0.421875 -0.150390625
-0.98046875 -0.421875 0.12109375
-1.25390625 -0.359375 0.296875
-1.37890625 -0.234375 0.30078125
-1.49609375 -0.140625 0.3046875
-1.46875 -0.046875 -0.322265625
-1.6953125 0.015625 -0.3671875
-1.62109375 -0.015625 0.30859375
-1.578125 0.046875 -0.3203125
-1.5546875 0.078125 -0.3671875
-1.7421875 0.109375 0.3125
0.984375 0.015625 0.322265625
1.1953125 0.296875 0.15234375
1.1640625 0.296875 0.333984375
1.3515625 0.578125 0.345703125
1.5625 0.765625 0.16796875
1.546875 0.859375 0.35546875
1.7421875 1.140625 0.3671875
