VEHICULAR_TRAILER
0.742889404296875 0.328125 -0.197265625
0.016326904296875 -0.703125 0.96923828125
0.824920654296875 0.515625 1.21826171875
0.680389404296875 0.234375 0.72216796875
0.598358154296875 0.171875 0.55029296875
-0.610626220703125 -1.765625 -0.6049251556396484
0.104217529296875 -0.609375 1.28662109375
-0.460235595703125 -1.390625 1.75830078125
-0.147735595703125 -1.046875 -0.636016845703125
0.676483154296875 0.140625 0.056640625
0.182342529296875 -0.609375 0.07470703125
-0.204376220703125 -1.109375 1.28369140625
-1.042266845703125 -1.984375 -1.06494140625
-0.157501220703125 -0.890625 1.76611328125
0.164764404296875 -0.484375 1.69970703125
0.828826904296875 0.546875 0.96923828125
1.363983154296875 1.328125 0.46044921875
0.348358154296875 -0.234375 1.21337890625
0.742889404296875 0.296875 1.04443359375
1.664764404296875 1.796875 1.55908203125
0.793670654296875 0.484375 1.54345703125
1.285858154296875 1.203125 0.53759765625
1.156951904296875 1.078125 0.96923828125
0.250701904296875 -0.453125 1.04443359375
-0.653594970703125 -1.796875 0.57275390625
0.828826904296875 0.578125 1.71923828125
0.856170654296875 0.640625 -0.0302734375
0.914764404296875 0.546875 1.04443359375
-0.409454345703125 -1.421875 0.25634765625
1.199920654296875 1.046875 0.2109375
0.692108154296875 0.359375 -0.02392578125
0.336639404296875 -0.359375 0.068359375
1.145233154296875 1.015625 1.47314453125
0.348358154296875 -0.265625 0.72509765625
-0.348907470703125 -1.359375 0.56787109375
0.813201904296875 0.640625 1.79541015625
0.535858154296875 0.046875 0.22998046875
0.043670654296875 -0.640625 0.0
1.332733154296875 1.328125 0.96923828125
-0.450469970703125 -1.515625 -0.6159896850585938
0.504608154296875 -0.109375 0.0625
0.832733154296875 0.390625 -0.4478759765625
1.774139404296875 1.921875 0.27099609375
0.367889404296875 -0.296875 -0.252685546875
0.250701904296875 -0.453125 1.04443359375
0.250701904296875 -0.453125 1.04443359375
-0.518829345703125 -1.609375 -0.138427734375
0.461639404296875 -0.046875 1.53759765625
0.414764404296875 -0.140625 -0.182373046875
0.348358154296875 -0.265625 0.72509765625
0.461639404296875 -0.046875 1.53759765625
-0.106719970703125 -1.046875 -0.230224609375
1.363983154296875 1.328125 0.20654296875
1.371795654296875 1.234375 -0.299072265625
-0.647735595703125 -1.734375 0.80908203125
1.524139404296875 1.609375 0.45654296875
0.016326904296875 -0.703125 0.96923828125
0.680389404296875 0.234375 0.72216796875
0.123748779296875 -0.609375 0.55908203125
-0.608673095703125 -1.703125 1.44189453125
1.199920654296875 1.046875 0.2109375
1.688201904296875 1.828125 1.22607421875
-0.303985595703125 -1.265625 -0.6260833740234375
1.703826904296875 1.765625 0.0166015625
1.649139404296875 1.828125 0.78759765625
-0.261016845703125 -1.265625 -0.223388671875
1.516326904296875 1.546875 0.71435546875
-0.610626220703125 -1.765625 -0.6049251556396484
-0.460235595703125 -1.390625 1.75830078125
-0.124298095703125 -1.015625 -0.3966064453125
-0.257110595703125 -1.203125 0.251953125
1.805389404296875 1.984375 1.30322265625
-1.042266845703125 -1.984375 -1.06494140625
1.539764404296875 1.515625 -0.3076171875
1.485076904296875 1.515625 1.55517578125
0.053436279296875 -0.703125 0.2431640625
-0.532501220703125 -1.640625 0.33544921875
0.250701904296875 -0.453125 1.04443359375
-0.714141845703125 -1.984375 -0.20263671875
1.156951904296875 1.078125 0.96923828125
0.660858154296875 0.296875 0.96923828125
-0.677032470703125 -1.859375 -0.1318359375
1.485076904296875 1.515625 1.55517578125
1.258514404296875 1.140625 -0.221923828125
-0.399688720703125 -1.515625 -0.21630859375
1.199920654296875 1.046875 0.2109375
0.504608154296875 -0.109375 0.0625
0.899139404296875 0.578125 0.29541015625
0.602264404296875 0.140625 1.29150390625
0.363983154296875 -0.140625 -0.01171875
-0.663360595703125 -1.796875 1.27978515625
1.352264404296875 1.265625 0.71630859375
0.988983154296875 0.828125 1.72314453125
1.539764404296875 1.515625 -0.3076171875
-0.149688720703125 -0.984375 1.44970703125
-0.712188720703125 -1.921875 0.2646484375
0.446014404296875 -0.046875 0.79833984375
0.326873779296875 -0.203125 1.70361328125
1.485076904296875 1.515625 1.55517578125
0.446014404296875 -0.046875 0.79833984375
1.317108154296875 1.265625 1.55322265625
0.188201904296875 -0.484375 1.21240234375
0.031951904296875 -0.703125 0.48486328125
-0.608673095703125 -1.703125 1.44189453125
-0.296173095703125 -1.203125 0.96923828125
0.496795654296875 0.046875 0.96923828125
-0.563751220703125 -1.734375 -0.2099609375
1.332733154296875 1.328125 0.96923828125
1.266326904296875 1.109375 1.04443359375
-0.157501220703125 -0.890625 1.76611328125
0.578826904296875 0.078125 -0.189697265625
0.766326904296875 0.421875 0.54638671875
-0.450469970703125 -1.515625 -0.6159896850585938
0.828826904296875 0.578125 1.71923828125
0.742889404296875 0.328125 -0.197265625
0.406951904296875 -0.171875 0.30908203125
-0.192657470703125 -1.078125 0.56494140625
1.317108154296875 1.265625 1.55322265625
0.551483154296875 0.109375 -0.7589111328125
-0.216094970703125 -1.171875 1.04443359375
0.371795654296875 -0.203125 0.234375
-0.598907470703125 -1.640625 0.96923828125
0.104217529296875 -0.609375 1.28662109375
0.684295654296875 0.296875 0.47216796875
-0.321563720703125 -1.296875 1.52197265625
0.348358154296875 -0.265625 0.72509765625
0.996795654296875 0.828125 0.96923828125
-0.677032470703125 -1.859375 -0.1318359375
0.613983154296875 0.234375 0.79736328125
0.313201904296875 -0.296875 1.53369140625
1.188201904296875 1.140625 -0.04296875
1.664764404296875 1.796875 1.55908203125
0.613983154296875 0.234375 0.79736328125
0.090545654296875 -0.671875 -0.167236328125
0.977264404296875 0.765625 1.47119140625
1.145233154296875 1.015625 1.47314453125
0.336639404296875 -0.359375 0.068359375
1.336639404296875 1.296875 1.47705078125
0.434295654296875 -0.109375 0.55322265625
-0.268829345703125 -1.109375 0.01123046875
-0.303985595703125 -1.203125 1.68603515625
-0.628204345703125 -1.734375 1.51611328125
-0.358673095703125 -1.328125 1.28271484375
0.660858154296875 0.296875 0.96923828125
-0.563751220703125 -1.734375 -0.2099609375
-0.348907470703125 -1.359375 0.56787109375
0.856170654296875 0.640625 -0.0302734375
0.578826904296875 0.078125 -0.189697265625
-0.290313720703125 -1.359375 0.09228515625
1.020233154296875 0.796875 0.2158203125
0.022186279296875 -0.859375 0.08056640625
0.481170654296875 0.078125 1.78564453125
0.406951904296875 -0.171875 0.30908203125
-0.518829345703125 -1.671875 1.04443359375
0.182342529296875 -0.609375 0.07470703125
1.317108154296875 1.265625 1.55322265625
-0.128204345703125 -1.015625 0.72998046875
1.707733154296875 1.796875 -0.4991455078125
0.250701904296875 -0.453125 1.04443359375
0.317108154296875 -0.140625 1.77978515625
0.742889404296875 0.296875 1.04443359375
-0.061798095703125 -0.953125 1.04443359375
-0.532501220703125 -1.640625 0.33544921875
0.028045654296875 -0.765625 0.72802734375
0.033905029296875 -0.765625 -0.4053955078125
0.793670654296875 0.484375 1.54345703125
-0.675079345703125 -1.890625 1.04443359375
1.266326904296875 1.109375 1.04443359375
0.481170654296875 0.078125 1.78564453125
-0.723907470703125 -1.828125 0.0283203125
0.481170654296875 0.078125 1.78564453125
1.082733154296875 0.796875 1.04443359375
-0.723907470703125 -1.828125 0.0283203125
1.457733154296875 1.484375 1.29931640625
0.496795654296875 0.046875 1.70947265625
1.715545654296875 1.890625 0.1962890625
-0.409454345703125 -1.421875 0.25634765625
0.186248779296875 -0.515625 0.72705078125
0.930389404296875 0.671875 1.29443359375
1.516326904296875 1.609375 1.22412109375
1.363983154296875 1.453125 -0.0498046875
0.516326904296875 -0.046875 0.72412109375
0.899139404296875 0.578125 0.29541015625
-0.124298095703125 -0.953125 0.48779296875
1.539764404296875 1.703125 -0.056640625
0.496795654296875 0.046875 0.96923828125
-0.675079345703125 -1.890625 1.04443359375
-0.450469970703125 -1.515625 -0.6159896850585938
0.049530029296875 -0.828125 -0.2373046875
1.703826904296875 1.765625 0.0166015625
-0.231719970703125 -1.171875 0.3271484375
1.715545654296875 1.890625 0.1962890625
0.326873779296875 -0.203125 1.70361328125
-0.723907470703125 -1.828125 0.0283203125
0.571014404296875 0.078125 0.3046875
1.649139404296875 1.828125 0.78759765625
1.176483154296875 0.984375 0.71728515625
0.672576904296875 0.234375 1.21630859375
1.664764404296875 1.796875 1.55908203125
1.649139404296875 1.828125 0.78759765625
