VEHICULAR_TRAILER
1.64453125 0.859375 0.11083984375
1.0068359375 -0.140625 -0.1875
0.7236328125 -0.328125 1.8447265625
0.5341796875 -0.828125 1.11328125
-0.140380859375 -1.765625 0.8779296875
1.3974609375 0.609375 1.5361328125
1.4423828125 0.640625 0.6142578125
1.1337890625 0.171875 0.619140625
-0.21142578125 -1.984375 -0.2939453125
1.009765625 0.015625 1.6044921875
0.8525390625 -0.234375 0.869140625
-0.16259765625 -1.796875 1.0361328125
0.82421875 -0.265625 1.037109375
1.5556640625 0.890625 1.0380859375
0.39990234375 -1.078125 1.11328125
-0.1298828125 -1.828125 0.8017578125
0.9677734375 -0.140625 1.11328125
1.548828125 0.890625 1.7900390625
-0.93798828125 -1.859375 -1.2421875
1.892578125 1.359375 0.60546875
0.13623046875 -1.359375 0.560546875
1.283203125 0.390625 0.6171875
-0.02587890625 -1.640625 -0.069091796875
1.73046875 1.109375 1.2900390625
0.24169921875 -1.171875 1.037109375
0.7236328125 -0.578125 -0.17529296875
1.1552734375 0.203125 0.29736328125
1.130859375 0.171875 1.2841796875
-0.1763916015625 -1.921875 0.4091796875
0.0517578125 -1.640625 0.16845703125
-0.388946533203125 -1.578125 -1.019287109375
0.25048828125 -1.203125 -0.081298828125
1.279296875 0.421875 0.541015625
-0.16162109375 -1.859375 -0.062744140625
1.0166015625 0.046875 1.8505859375
0.041015625 -1.609375 -0.5420074462890625
1.892578125 1.453125 0.021484375
1.0166015625 0.046875 1.8505859375
1.3974609375 0.609375 1.5361328125
1.708984375 1.109375 1.7939453125
0.005615234375 -1.640625 0.7998046875
0.53271484375 -0.796875 -0.09326171875
1.4609375 0.515625 -0.20654296875
-0.153076171875 -1.890625 1.11328125
-0.02392578125 -1.671875 1.11328125
1.716796875 1.046875 -0.146484375
0.10986328125 -1.328125 1.7509765625
0.716796875 -0.515625 0.30908203125
-0.136474609375 -1.421875 -1.7431640625
0.005615234375 -1.640625 0.7998046875
1.1337890625 0.171875 0.619140625
1.2607421875 0.421875 1.7822265625
0.9677734375 -0.109375 -0.11279296875
1.919921875 1.421875 1.6220703125
1.3984375 0.546875 0.3671875
0.24169921875 -1.171875 1.037109375
1.2724609375 0.390625 1.361328125
1.4091796875 0.640625 -0.13427734375
1.2607421875 0.421875 1.7822265625
0.4150390625 -0.953125 0.556640625
0.020751953125 -1.546875 -0.62139892578125
1.759765625 1.015625 -0.220458984375
-0.1240234375 -1.765625 1.5830078125
0.8125 -0.328125 1.5263671875
0.7001953125 -0.453125 0.8701171875
1.3974609375 0.609375 1.5361328125
1.73046875 1.109375 1.2900390625
1.310546875 0.328125 -0.200927734375
-0.7919921875 -1.953125 -1.23583984375
0.43896484375 -1.015625 -0.16259765625
1.4423828125 0.640625 0.6142578125
1.09765625 0.078125 0.37548828125
0.29248046875 -1.171875 0.31982421875
1.73046875 1.109375 0.533203125
1.76171875 1.171875 1.6181640625
1.697265625 1.015625 0.35888671875
0.9013671875 -0.296875 0.1376953125
0.43115234375 -0.921875 1.5947265625
-1.03662109375 -0.484375 -1.80859375
0.9052734375 -0.234375 -0.354248046875
0.9560546875 -0.015625 1.7744140625
1.716796875 1.015625 1.1142578125
1.580078125 0.859375 0.611328125
0.8671875 -0.328125 -0.181884765625
1.416015625 0.609375 1.287109375
1.3974609375 0.609375 1.5361328125
-0.93798828125 -1.859375 -1.2421875
1.880859375 1.359375 1.3671875
0.4013671875 -0.984375 1.2763671875
1.736328125 1.203125 0.02734375
0.55615234375 -0.703125 0.5537109375
0.970703125 -0.046875 1.037109375
0.9833984375 -0.046875 1.2822265625
0.53271484375 -0.796875 -0.09326171875
1.416015625 0.609375 1.287109375
-0.2559814453125 -1.859375 1.8173828125
0.23486328125 -1.265625 0.3984375
0.8125 -0.328125 1.5263671875
0.5224609375 -0.703125 1.037109375
1.73046875 1.109375 1.2900390625
-0.145751953125 -1.828125 0.6416015625
0.755859375 -0.515625 0.14306640625
0.52978515625 -0.703125 1.7626953125
0.4013671875 -0.984375 1.2763671875
0.66796875 -0.515625 1.5224609375
0.9052734375 -0.234375 -0.354248046875
0.2646484375 -1.078125 0.0791015625
1.1337890625 0.171875 0.619140625
-0.8779296875 -0.796875 -1.7880859375
0.8125 -0.328125 1.5263671875
-0.275146484375 -1.984375 0.87890625
1.111328125 0.203125 1.7783203125
0.267578125 -1.140625 0.55859375
0.1357421875 -1.421875 0.798828125
0.16064453125 -1.453125 -0.150390625
1.724609375 1.109375 1.3662109375
1.76171875 1.171875 1.6181640625
1.580078125 0.859375 0.611328125
1.140625 0.234375 0.8662109375
0.9833984375 -0.046875 1.2822265625
0.0966796875 -1.484375 0.40234375
-0.0341796875 -1.671875 0.4052734375
-0.026611328125 -1.578125 1.0361328125
0.38818359375 -0.921875 1.7587890625
1.5751953125 0.859375 1.2890625
0.8486328125 -0.203125 0.05908203125
0.2646484375 -1.078125 0.0791015625
1.55078125 0.765625 0.36328125
0.6923828125 -0.515625 1.279296875
0.29248046875 -1.171875 0.31982421875
0.041015625 -1.609375 -0.5420074462890625
-0.21142578125 -1.984375 -0.2939453125
0.693359375 -0.515625 0.626953125
1.115234375 0.109375 -0.119140625
1.8828125 1.296875 0.78515625
-0.2496337890625 -1.984375 -0.60443115234375
1.30859375 0.453125 1.6103515625
1.908203125 1.421875 0.859375
-0.120361328125 -1.640625 1.8212890625
0.25048828125 -1.203125 -0.081298828125
0.10986328125 -1.328125 1.7509765625
-0.136474609375 -1.421875 -1.7431640625
0.9677734375 -0.140625 1.11328125
-0.026611328125 -1.578125 1.0361328125
0.39111328125 -0.984375 1.5166015625
0.1650390625 -1.328125 -0.6298828125
1.158203125 0.234375 1.6064453125
1.73046875 1.109375 1.2900390625
-0.140380859375 -1.765625 0.8779296875
0.5224609375 -0.703125 1.037109375
-0.2496337890625 -1.984375 -0.60443115234375
-0.718017578125 -0.984375 -1.7744140625
1.4609375 0.515625 -0.20654296875
-0.16259765625 -1.796875 1.0361328125
-0.1763916015625 -1.921875 0.4091796875
0.8388671875 -0.296875 0.625
0.38134765625 -0.921875 1.037109375
0.615234375 -0.671875 -0.3388671875
0.47265625 -0.890625 -0.3309326171875
0.8388671875 -0.296875 0.625
0.009033203125 -1.578125 0.32666015625
-0.143798828125 -1.796875 0.5654296875
1.587890625 0.953125 0.8623046875
0.9833984375 -0.046875 1.2822265625
0.1357421875 -1.421875 0.798828125
0.15380859375 -1.390625 0.3232421875
0.24365234375 -1.171875 1.5146484375
-0.009033203125 -1.640625 0.6396484375
0.1357421875 -1.421875 0.798828125
1.880859375 1.328125 -0.154296875
1.892578125 1.453125 0.021484375
-0.16259765625 -1.796875 1.0361328125
1.95703125 1.328125 0.099609375
1.115234375 0.109375 -0.119140625
1.73046875 1.109375 1.2900390625
-0.267333984375 -1.953125 0.0986328125
0.001708984375 -1.515625 -1.734375
-0.2496337890625 -1.984375 -0.60443115234375
0.0966796875 -1.484375 0.40234375
0.005615234375 -1.640625 0.7998046875
-0.1240234375 -1.765625 1.5830078125
1.416015625 0.515625 1.11328125
0.9052734375 -0.234375 -0.354248046875
1.908203125 1.421875 0.859375
0.40771484375 -0.953125 0.6318359375
1.55078125 0.765625 0.36328125
0.1357421875 -1.421875 0.798828125
0.053955078125 -1.546875 -0.3084716796875
0.1650390625 -1.328125 -0.6298828125
1.892578125 1.453125 0.021484375
0.053955078125 -1.546875 -0.3084716796875
1.880859375 1.359375 1.3671875
0.8486328125 -0.203125 0.05908203125
0.52978515625 -0.703125 1.7626953125
0.29541015625 -1.015625 1.8330078125
0.9580078125 -0.078125 1.5283203125
0.8388671875 -0.296875 0.625
0.42529296875 -0.953125 0.31640625
0.5224609375 -0.703125 1.037109375
1.73046875 1.109375 1.2900390625
