VEHICULAR_TRAILER
0.72021484375 -0.515625 -0.166748046875
1.1470947265625 0.203125 0.9658203125
1.58251953125 0.890625 0.4638671875
0.02587890625 -1.609375 0.33837890625
0.42333984375 -0.984375 0.32763671875
-0.19140625 -1.890625 0.8134765625
0.19921875 -1.296875 1.203125
1.01116943359375 -0.046875 1.2109375
0.06494140625 -1.484375 0.4892578125
1.444091796875 0.671875 0.4658203125
1.1363525390625 0.140625 1.294921875
1.1136474609375 0.078125 0.30908203125
0.0771484375 -1.546875 0.7275390625
0.61279296875 -0.578125 -0.0048828125
1.39208984375 0.546875 0.3017578125
1.58251953125 0.890625 0.4638671875
1.310302734375 0.390625 0.7177734375
0.23486328125 -1.296875 -0.62237548828125
1.1470947265625 0.203125 0.9658203125
-1.3154296875 -1.609375 -1.3271484375
0.2900390625 -1.203125 0.3310546875
0.8912353515625 -0.203125 1.5390625
1.8603515625 1.359375 0.9658203125
1.55712890625 0.859375 1.466796875
1.73193359375 1.078125 1.2177734375
-0.0517578125 -1.671875 0.4912109375
0.0859375 -1.484375 1.5234375
1.316650390625 0.453125 1.544921875
0.46484375 -0.890625 0.5673828125
-0.1748046875 -1.890625 1.51953125
1.01116943359375 -0.046875 1.2109375
0.566162109375 -0.796875 0.32421875
-0.150390625 -1.953125 -0.210205078125
0.8912353515625 -0.203125 1.5390625
1.7578125 1.109375 0.20947265625
0.34130859375 -1.109375 0.7255859375
0.86212158203125 -0.265625 1.2919921875
0.3330078125 -1.046875 0.80859375
0.45947265625 -0.890625 1.205078125
0.4677734375 -0.859375 0.8076171875
-0.0703125 -1.703125 1.2001953125
0.3095703125 -1.140625 1.287109375
-0.1748046875 -1.953125 0.7294921875
1.275146484375 0.390625 1.462890625
0.19921875 -1.265625 0.8095703125
0.566162109375 -0.796875 0.32421875
-0.02685546875 -1.703125 -0.6052703857421875
-0.0458984375 -1.578125 1.759765625
1.83251953125 1.234375 0.28955078125
0.02587890625 -1.609375 0.33837890625
0.2119140625 -1.296875 0.4873046875
-0.177734375 -1.890625 0.25830078125
1.310302734375 0.390625 0.7177734375
1.29296875 0.390625 0.5517578125
0.1875 -1.296875 0.96484375
-0.080078125 -1.796875 1.048828125
0.991607666015625 -0.046875 1.45703125
1.0614013671875 -0.078125 0.06689453125
0.8912353515625 -0.203125 1.5390625
0.585693359375 -0.671875 1.69140625
1.0614013671875 -0.078125 0.06689453125
-0.2109375 -1.953125 -0.1259765625
1.5888671875 0.984375 -0.03955078125
0.06689453125 -1.484375 1.2021484375
0.732666015625 -0.453125 1.2080078125
0.486083984375 -0.828125 1.53125
-0.0703125 -1.703125 1.2001953125
0.21826171875 -1.265625 1.525390625
1.45458984375 0.640625 0.716796875
1.13232421875 0.203125 1.458984375
1.7578125 1.109375 0.20947265625
1.58251953125 0.890625 0.4638671875
0.87109375 -0.234375 1.208984375
0.9653968811035156 -0.140625 0.31298828125
0.19921875 -1.265625 0.8095703125
1.43896484375 0.640625 1.21484375
0.7374267578125 -0.453125 0.478515625
0.3095703125 -1.140625 1.287109375
0.8597412109375 -0.359375 1.048828125
0.3515625 -1.046875 1.529296875
1.8564453125 1.296875 1.30078125
0.7374267578125 -0.453125 0.478515625
0.05517578125 -1.484375 0.96484375
1.319091796875 0.546875 1.794921875
1.60693359375 0.890625 1.55078125
1.87890625 1.328125 0.5419921875
1.275146484375 0.328125 -0.19091796875
1.982421875 1.453125 0.28564453125
-0.18359375 -1.828125 0.0224609375
1.1322021484375 0.140625 -0.18505859375
1.44140625 0.671875 0.798828125
-0.134765625 -1.859375 -0.364013671875
0.330078125 -1.078125 0.4853515625
0.45458984375 -0.859375 0.96484375
1.63623046875 0.828125 0.04638671875
0.576904296875 -0.703125 1.44921875
-1.4638671875 -1.453125 -1.421875
1.289794921875 0.453125 0.9658203125
0.0859375 -1.359375 1.763671875
-0.0546875 -1.609375 0.017578125
1.7119140625 1.109375 0.9658203125
0.66015625 -0.703125 0.0810546875
0.8660888671875 -0.234375 0.96484375
1.313232421875 0.515625 -0.029296875
-0.0732421875 -1.734375 1.4375
0.8912353515625 -0.203125 1.5390625
-0.0810546875 -1.765625 -0.13134765625
0.19921875 -1.296875 1.203125
0.5029296875 -0.953125 -0.237548828125
1.218017578125 0.140625 0.06201171875
1.4189453125 0.671875 0.9658203125
0.8953857421875 -0.203125 0.2314453125
0.879150390625 -0.203125 0.8037109375
1.005859375 -0.015625 0.9658203125
-1.1962890625 -1.609375 -1.8037109375
-0.1748046875 -1.890625 1.51953125
0.0771484375 -1.546875 0.7275390625
1.275146484375 0.390625 1.462890625
1.419189453125 0.546875 -0.197021484375
1.1571044921875 0.203125 0.470703125
0.33056640625 -1.109375 0.5693359375
1.87890625 1.328125 0.5419921875
0.09033203125 -1.484375 0.251953125
0.3671875 -1.140625 -0.232421875
0.04345703125 -1.546875 1.439453125
1.7587890625 1.203125 1.806640625
0.879150390625 -0.203125 0.8037109375
0.06494140625 -1.515625 0.57421875
0.12646484375 -1.453125 -0.3775634765625
-1.0029296875 -1.828125 -1.3974609375
0.21826171875 -1.171875 1.765625
-0.0751953125 -1.703125 0.96484375
1.568359375 0.828125 1.298828125
0.2490234375 -1.328125 0.095703125
1.7119140625 1.015625 -0.2099609375
1.464111328125 0.765625 1.798828125
-0.1748046875 -1.890625 1.51953125
-0.005859375 -1.765625 0.10498046875
1.46435546875 0.640625 0.216796875
-0.1943359375 -1.921875 0.578125
1.6005859375 0.828125 0.7158203125
1.6103515625 0.890625 0.21337890625
0.66015625 -0.703125 0.0810546875
1.5888671875 0.984375 -0.03955078125
0.447265625 -0.921875 -0.15478515625
0.19921875 -1.265625 0.8095703125
0.44482421875 -0.921875 1.2880859375
1.419189453125 0.546875 -0.197021484375
0.07666015625 -1.421875 0.013671875
0.208984375 -1.328125 0.7265625
1.015472412109375 0.015625 0.4736328125
-0.1357421875 -1.953125 0.109375
1.556640625 0.734375 1.048828125
1.8857421875 1.421875 -0.05029296875
0.16455078125 -1.421875 0.33447265625
0.9653968811035156 -0.140625 0.31298828125
0.09033203125 -1.484375 0.251953125
1.313232421875 0.515625 -0.029296875
-0.0703125 -1.703125 1.2001953125
1.1571044921875 0.203125 0.470703125
-0.0546875 -1.609375 0.017578125
1.9404296875 1.296875 0.03515625
0.584228515625 -0.765625 1.048828125
0.87554931640625 -0.203125 0.4755859375
1.9140625 1.359375 0.205078125
-0.150390625 -1.953125 -0.210205078125
1.86181640625 1.390625 1.728515625
0.044921875 -1.546875 1.28515625
0.3095703125 -1.140625 1.287109375
1.564453125 0.890625 0.9658203125
1.275146484375 0.328125 -0.19091796875
1.04107666015625 0.109375 1.787109375
1.4189453125 0.640625 1.46484375
1.17529296875 0.359375 1.79296875
0.576904296875 -0.703125 1.44921875
0.8587646484375 -0.296875 -0.172607421875
1.7080078125 1.046875 1.2998046875
1.167724609375 0.171875 0.71875
0.3203125 -1.078125 0.96484375
0.31689453125 -1.109375 1.68359375
0.9002685546875 -0.078125 1.78515625
0.2900390625 -1.203125 0.3310546875
0.3203125 -1.078125 0.96484375
1.7080078125 1.046875 1.2998046875
1.564453125 0.890625 0.9658203125
1.296875 0.453125 0.80078125
-0.0458984375 -1.578125 1.759765625
1.87841796875 1.328125 0.458984375
0.3515625 -1.046875 1.529296875
1.87890625 1.328125 0.5419921875
1.299560546875 0.453125 0.46875
0.702880859375 -0.578125 0.3203125
1.1322021484375 0.140625 -0.18505859375
1.568359375 0.828125 1.298828125
0.05517578125 -1.484375 0.96484375
-1.3037109375 -1.640625 -1.40966796875
0.593017578125 -0.671875 0.564453125
0.88641357421875 -0.265625 0.7216796875
1.289794921875 0.453125 0.9658203125
0.9653968811035156 -0.140625 0.31298828125
