VEHICULAR_TRAILER
-0.5703125 -1.2109375 1.15203857421875
-0.5390625 -0.70458984375 0.59344482421875
-0.5390625 -0.15673828125 -0.00030517578125
-0.6171875 -0.10107421875 1.18328857421875
-0.6015625 -1.0263671875 0.94696044921875
-0.5546875 0.76806640625 0.43035888671875
-0.5546875 -1.203125 0.47625732421875
-0.6328125 -0.42529296875 1.15008544921875
-0.5703125 0.24853515625 0.71063232421875
-0.5703125 -0.7490234375 0.31024169921875
-0.7734375 -0.08349609375 -0.16729736328125
-1.4296875 -0.8505859375 -0.55596923828125
-1.4609375 0.14404296875 -0.38409423828125
-0.5234375 1.13525390625 -0.00518798828125
-0.5234375 1.21142578125 0.35321044921875
-0.5546875 -0.9677734375 0.43035888671875
-0.5078125 0.98681640625 0.06610107421875
-0.5546875 -0.83837890625 0.55047607421875
0.4453125 -0.49560546875 -1.20574951171875
-0.5546875 0.38720703125 0.55145263671875
-1.4296875 -0.20263671875 -0.38360595703125
-0.5703125 0.96923828125 0.95086669921875
-0.7578125 0.05517578125 0.82391357421875
-0.6015625 -0.26416015625 0.91180419921875
-0.8515625 -0.06689453125 0.54754638671875
-0.8828125 -0.40185546875 1.28680419921875
-0.6484375 0.46337890625 0.06805419921875
-0.5234375 0.10400390625 0.18914794921875
-0.5546875 0.97119140625 0.67352294921875
-1.4140625 -0.40576171875 -0.49786376953125
-1.6015625 0.20556640625 -0.72344970703125
-0.5234375 1.06103515625 0.06610107421875
-0.6015625 0.53564453125 0.91375732421875
-0.6015625 -1.052734375 0.90985107421875
-0.6015625 -1.0361328125 1.06610107421875
-0.5703125 0.64306640625 0.47332763671875
1.6171875 -0.66845703125 -1.28564453125
-0.8828125 -0.09814453125 0.47039794921875
-0.6171875 -0.66748046875 1.18328857421875
-0.8828125 -0.20068359375 0.42840576171875
-0.5234375 -0.40185546875 0.18914794921875
-0.5234375 0.61767578125 0.18817138671875
-0.5703125 0.68603515625 0.79266357421875
-0.6015625 -1.0361328125 1.06610107421875
-0.5703125 0.42822265625 0.47332763671875
-0.5703125 -0.76611328125 0.55047607421875
-0.9140625 0.34814453125 -0.64044189453125
-0.5546875 0.64306640625 0.59246826171875
1.3046875 -0.06494140625 -1.00445556640625
-0.5390625 -0.54052734375 0.19012451171875
-0.5859375 0.25244140625 0.94891357421875
-0.6640625 0.34033203125 0.35418701171875
-0.5546875 0.57275390625 0.47332763671875
-0.5546875 -0.677734375 0.43035888671875
-1.2890625 0.46728515625 1.15399169921875
-0.7265625 -0.01220703125 0.58953857421875
-0.5703125 -0.7490234375 0.31024169921875
-0.6484375 0.38916015625 0.06805419921875
-1.2890625 0.33056640625 1.15203857421875
-0.8828125 -0.10595703125 0.35321044921875
-0.5234375 0.93017578125 0.23406982421875
-0.5703125 -0.18505859375 0.79071044921875
-0.5546875 1.11767578125 0.55145263671875
-0.5859375 0.35986328125 0.82977294921875
-0.5234375 1.13525390625 -0.00518798828125
-0.6640625 0.34814453125 0.23602294921875
-0.5234375 -1.07373046875 0.12078857421875
-0.5234375 0.77978515625 0.35418701171875
-0.5078125 -0.53369140625 0.06805419921875
-1.4609375 0.20654296875 -0.38458251953125
1.2109375 0.40869140625 -1.13201904296875
-0.7109375 -0.01904296875 0.23602294921875
-1.2890625 0.45166015625 1.12664794921875
-0.6015625 -0.81298828125 0.94696044921875
-0.5703125 -0.82177734375 0.31024169921875
-0.5703125 -1.205322265625 0.67156982421875
-0.7265625 -0.01220703125 0.58953857421875
-0.5546875 -0.45849609375 0.31024169921875
-0.5859375 -0.55517578125 0.66961669921875
-0.5859375 0.17236328125 0.91180419921875
-0.5234375 1.06103515625 0.06610107421875
-0.6015625 -0.31396484375 0.94696044921875
-0.5546875 0.10205078125 0.55047607421875
1.3046875 -0.06494140625 -1.00445556640625
-0.7109375 -0.04638671875 1.06219482421875
-1.4140625 -0.30322265625 -0.55889892578125
-0.5234375 0.63330078125 0.11590576171875
-0.5546875 -0.18212890625 0.18914794921875
-1.4140625 -0.78076171875 -0.89801025390625
-0.5703125 -0.14501953125 0.59246826171875
-0.5078125 0.77001953125 0.18817138671875
-1.2890625 0.39306640625 1.15203857421875
-0.5390625 -0.46240234375 0.06805419921875
-0.5859375 -0.21142578125 0.82977294921875
-0.5859375 -0.38525390625 0.94696044921875
-0.5703125 -0.41064453125 0.55047607421875
-0.5078125 1.07080078125 0.11492919921875
-0.5703125 0.43017578125 0.82977294921875
-0.5078125 1.00048828125 0.11492919921875
-0.5390625 0.62744140625 0.43035888671875
-0.6171875 -1.1396484375 1.15008544921875
-0.5390625 -0.75830078125 0.19012451171875
-0.5703125 0.82080078125 0.94891357421875
-0.5234375 1.13525390625 -0.00518798828125
-0.5546875 0.85595703125 0.47332763671875
-0.4609375 1.12939453125 1.19500732421875
-1.6015625 0.20556640625 -0.72344970703125
-0.5546875 0.28564453125 0.47332763671875
-0.5546875 0.83447265625 0.79266357421875
-0.4921875 1.05322265625 1.19305419921875
-0.6171875 -0.85107421875 1.15008544921875
-0.6953125 -0.25341796875 1.17938232421875
-0.6328125 0.18505859375 0.31024169921875
-0.6015625 -0.61474609375 0.43035888671875
-0.5546875 1.14501953125 0.47332763671875
-1.4453125 -0.03466796875 -0.55938720703125
-0.5703125 -0.69384765625 0.55047607421875
-0.7890625 -0.15673828125 -0.16632080078125
-0.5859375 -0.75341796875 0.71063232421875
-1.2890625 0.46728515625 1.15399169921875
-0.5859375 0.99853515625 0.82977294921875
-0.5390625 -1.00341796875 0.35711669921875
1.1484375 0.31884765625 -0.99810791015625
-0.6640625 0.34033203125 0.35418701171875
-0.5546875 -1.1123046875 0.43133544921875
-1.2890625 0.09912109375 1.12469482421875
-0.6015625 -0.70947265625 1.15008544921875
-0.7109375 0.05810546875 0.23602294921875
-0.5390625 0.99658203125 0.30926513671875
-0.5234375 1.14697265625 0.23406982421875
-0.5390625 0.69580078125 0.43035888671875
-0.5703125 0.08935546875 0.67156982421875
-0.7734375 -0.08349609375 -0.16729736328125
-0.6015625 0.56884765625 0.59149169921875
-0.5703125 -0.41064453125 0.55047607421875
-0.5234375 -1.14501953125 0.12078857421875
-0.5078125 0.69580078125 0.18817138671875
-1.4765625 -0.81689453125 -0.60968017578125
-1.4765625 -0.81689453125 -0.60968017578125
-0.5703125 -0.28076171875 0.47430419921875
-0.5078125 1.07080078125 0.11492919921875
-0.6015625 0.24462890625 1.06610107421875
-0.5390625 -0.54052734375 0.19012451171875
-1.2734375 0.11767578125 1.15203857421875
-0.5859375 0.24560546875 0.91375732421875
-0.6015625 -0.49755859375 0.82977294921875
-1.1796875 -0.96142578125 -0.39044189453125
-0.9140625 0.43603515625 -0.58282470703125
-0.5234375 1.21923828125 0.23406982421875
-0.5234375 -1.07373046875 0.12078857421875
-0.5546875 -0.53564453125 0.31024169921875
-0.5546875 -0.39501953125 0.43035888671875
-0.5546875 -1.0673828125 0.23895263671875
1.1484375 0.18994140625 -1.04913330078125
-1.2890625 0.60400390625 1.15399169921875
-0.8828125 -0.12451171875 0.31024169921875
-0.6484375 0.31884765625 0.18914794921875
-0.5390625 -0.72021484375 0.00164794921875
1.1328125 0.24365234375 -1.12603759765625
-0.5078125 -0.53369140625 0.06805419921875
-0.6640625 0.40869140625 0.35321044921875
-1.4609375 0.20654296875 -0.38458251953125
-0.5390625 -0.90283203125 0.19012451171875
-0.6015625 -0.49755859375 0.82977294921875
-0.5546875 1.22119140625 0.83172607421875
-0.5234375 -0.830078125 0.19012451171875
-0.5859375 0.48291015625 -0.00225830078125
-0.6953125 -0.12060546875 1.06219482421875
-0.5546875 0.38134765625 0.67156982421875
-0.6015625 -1.134765625 0.82977294921875
-0.5859375 0.71337890625 0.82977294921875
-0.4765625 1.27587890625 1.19500732421875
-1.6015625 0.26806640625 -0.72393798828125
-0.5703125 -0.98828125 0.67156982421875
-0.5390625 0.34619140625 -0.00225830078125
-0.5234375 0.92822265625 0.35418701171875
-0.5234375 -1.00927734375 0.11981201171875
-0.9765625 -0.40771484375 -0.34405517578125
-0.5546875 0.39892578125 0.79266357421875
-0.5234375 0.10400390625 0.18914794921875
-0.5390625 0.78955078125 0.59246826171875
-0.5390625 0.79150390625 0.23504638671875
-0.5390625 -1.187744140625 0.06903076171875
-0.5546875 -0.49853515625 0.59246826171875
-0.5703125 -0.68017578125 0.31024169921875
-0.5078125 0.12939453125 -0.00128173828125
-0.7890625 -0.15673828125 -0.16632080078125
-1.2890625 0.38134765625 1.12469482421875
-0.5859375 -0.21142578125 0.82977294921875
-1.4453125 -0.03466796875 -0.55938720703125
-0.5859375 0.63525390625 0.23504638671875
-0.5703125 0.82080078125 0.94891357421875
1.1328125 0.16455078125 -1.12554931640625
-1.4453125 -0.94384765625 -0.95684814453125
-0.9296875 -0.13720703125 0.19110107421875
-0.5546875 -0.822265625 0.43035888671875
-0.5390625 1.12158203125 0.67352294921875
-0.5703125 -1.12841796875 0.55047607421875
-0.5234375 0.63916015625 0.35418701171875
-0.5390625 -1.115234375 0.06903076171875
