VEHICULAR_TRAILER
-0.5068359375 -1.796875 -1.77294921875
0.818115234375 -0.390625 1.06201171875
1.93994140625 1.390625 0.30126953125
-0.2041015625 -1.796875 1.77001953125
-0.2421875 -1.984375 1.29638671875
0.99371337890625 0.015625 0.0
1.3466796875 0.453125 0.31689453125
-1.3525390625 -1.609375 -1.314453125
0.0224609375 -1.546875 1.69384765625
0.70068359375 -0.546875 0.74072265625
-0.2294921875 -1.953125 0.59228515625
-1.1123046875 -1.359375 -1.80712890625
0.14501953125 -1.390625 1.45947265625
-0.4580078125 -1.890625 -1.058349609375
1.00030517578125 -0.078125 0.2470703125
1.2454833984375 0.390625 0.98388671875
1.51953125 0.859375 1.73681640625
0.43017578125 -0.953125 0.74267578125
0.30126953125 -1.109375 0.82275390625
0.412109375 -0.953125 1.30224609375
0.56103515625 -0.734375 0.49951171875
0.41064453125 -1.046875 1.06201171875
1.517822265625 0.734375 -0.1884765625
-0.1962890625 -1.953125 0.27734375
1.8623046875 1.296875 1.56884765625
0.727783203125 -0.578125 -0.230224609375
1.1064529418945312 0.140625 0.56884765625
1.984375 1.515625 0.80810546875
0.817138671875 -0.265625 0.98291015625
0.26904296875 -1.171875 1.46142578125
1.666015625 1.046875 1.73876953125
0.809326171875 -0.234375 1.71728515625
-0.1923828125 -1.953125 -0.5827369689941406
-0.111328125 -1.734375 0.98193359375
0.55078125 -0.765625 -0.1455078125
0.45703125 -1.015625 -0.218505859375
0.14697265625 -1.390625 1.30029296875
0.9490966796875 -0.171875 1.06298828125
1.518310546875 0.671875 1.06298828125
0.15625 -1.359375 1.22021484375
1.266357421875 0.328125 0.73583984375
1.1162109375 0.109375 1.22998046875
0.43017578125 -0.859375 0.0185546875
1.398681640625 0.609375 0.48486328125
1.96435546875 1.453125 1.31689453125
0.0615234375 -1.546875 0.2705078125
-0.1328125 -1.859375 0.35595703125
1.81201171875 1.234375 1.49072265625
-0.4775390625 -1.890625 -0.82275390625
0.27783203125 -1.234375 1.06201171875
1.131317138671875 0.265625 1.80517578125
-0.09375 -1.765625 0.59033203125
-1.4873046875 -1.703125 -1.39013671875
1.498291015625 0.703125 0.3134765625
1.069915771484375 0.046875 0.32421875
1.6640625 0.953125 -0.19482421875
0.53759765625 -0.765625 1.46728515625
0.98443603515625 -0.109375 0.73779296875
1.10968017578125 0.203125 0.81591796875
1.498291015625 0.703125 0.3134765625
-0.349609375 -1.609375 -1.072509765625
-0.03515625 -1.796875 0.119140625
0.8587646484375 -0.171875 1.79736328125
0.54736328125 -0.765625 1.30419921875
-0.1328125 -1.859375 0.35595703125
0.9708251953125 -0.046875 0.98291015625
1.069915771484375 0.046875 0.32421875
0.15625 -1.359375 1.22021484375
0.682861328125 -0.546875 1.30517578125
-1.1962890625 -1.703125 -1.30908203125
0.817138671875 -0.265625 0.98291015625
-0.00390625 -1.640625 0.3525390625
1.81201171875 1.234375 1.49072265625
1.316162109375 0.328125 0.07177734375
0.0390625 -1.578125 1.21923828125
0.29248046875 -1.140625 0.50341796875
0.037109375 -1.484375 0.82470703125
0.42822265625 -0.953125 1.22314453125
-0.5068359375 -1.796875 -1.77294921875
0.30126953125 -1.109375 0.82275390625
1.40673828125 0.546875 0.56396484375
0.70068359375 -0.546875 0.74072265625
0.9761962890625 -0.109375 1.22802734375
-0.0947265625 -1.703125 0.50927734375
1.518798828125 0.765625 1.48486328125
0.037109375 -1.484375 0.82470703125
1.81494140625 1.203125 1.31494140625
0.9630126953125 -0.140625 -0.163818359375
1.238525390625 0.421875 1.72900390625
0.6796875 -0.484375 0.98291015625
0.27783203125 -1.234375 1.06201171875
0.699951171875 -0.546875 1.22607421875
1.6640625 0.953125 -0.19482421875
0.43017578125 -0.953125 0.74267578125
1.0965194702148438 0.140625 0.98388671875
0.6796875 -0.484375 0.98291015625
-0.4775390625 -1.890625 -0.82275390625
0.2587890625 -1.234375 0.34619140625
0.3203125 -1.109375 1.54150390625
1.543212890625 0.828125 0.48291015625
0.0478515625 -1.578125 0.74560546875
0.0478515625 -1.484375 0.0322265625
-0.0947265625 -1.703125 0.50927734375
0.15673828125 -1.328125 0.98193359375
-1.3525390625 -1.609375 -1.314453125
1.71435546875 1.046875 1.56689453125
1.2266845703125 0.296875 1.31005859375
-0.0341796875 -1.703125 -0.3565673828125
-0.2294921875 -1.953125 0.59228515625
-0.09375 -1.671875 0.82568359375
0.820556640625 -0.328125 1.30615234375
0.699951171875 -0.546875 1.22607421875
0.29150390625 -0.984375 0.02099609375
-0.1328125 -1.859375 0.35595703125
-0.076171875 -1.609375 1.77197265625
1.560302734375 0.828125 1.56298828125
0.43017578125 -0.859375 0.0185546875
1.56298828125 0.828125 0.232421875
0.682861328125 -0.546875 1.30517578125
1.791015625 1.171875 0.30517578125
-0.21875 -1.890625 0.041015625
-0.0947265625 -1.703125 0.50927734375
0.6796875 -0.484375 0.98291015625
0.817138671875 -0.359375 -0.157470703125
1.560302734375 0.828125 1.56298828125
1.51953125 0.859375 1.73681640625
0.727783203125 -0.578125 -0.230224609375
0.56103515625 -0.734375 0.49951171875
-0.23828125 -1.984375 -0.111572265625
0.9708251953125 -0.046875 0.98291015625
-0.08203125 -1.765625 0.74658203125
0.0732421875 -1.609375 -0.20263671875
0.2998046875 -1.171875 0.58349609375
0.6201171875 -0.765625 0.09619140625
1.521484375 0.765625 1.31298828125
0.15625 -1.359375 1.22021484375
1.380859375 0.515625 -0.18212890625
0.2587890625 -1.234375 0.34619140625
1.43017578125 0.609375 1.56103515625
0.3203125 -1.109375 1.54150390625
-0.8115234375 -1.640625 -1.78662109375
1.6865234375 1.078125 0.81103515625
1.66015625 0.984375 1.31396484375
-0.9482421875 -1.515625 -1.79443359375
0.43310546875 -0.921875 0.50146484375
0.412109375 -0.953125 1.30224609375
-0.8935546875 -1.921875 -1.05810546875
-0.1708984375 -1.984375 0.1240234375
1.16693115234375 0.109375 0.0771484375
1.93994140625 1.390625 0.30126953125
0.861083984375 -0.296875 0.25048828125
0.9708251953125 -0.046875 0.98291015625
0.43212890625 -0.921875 0.58056640625
0.31103515625 -1.171875 0.74365234375
-0.1962890625 -1.953125 0.27734375
0.31103515625 -1.109375 0.26416015625
1.0963211059570312 0.203125 1.72509765625
0.31982421875 -0.984375 1.78369140625
-0.5068359375 -1.796875 -1.77294921875
1.6904296875 1.015625 0.55908203125
-1.3525390625 -1.609375 -1.314453125
0.15673828125 -1.328125 0.98193359375
-0.3671875 -1.859375 -1.76708984375
0.827392578125 -0.328125 0.57373046875
0.279296875 -1.109375 -0.135986328125
-0.2421875 -1.984375 1.29638671875
0.70068359375 -0.546875 0.74072265625
1.85205078125 1.359375 -0.0302734375
1.2864990234375 0.390625 1.55908203125
0.580078125 -0.640625 0.01416015625
1.66015625 0.984375 1.31396484375
0.53759765625 -0.765625 1.46728515625
0.959228515625 -0.109375 1.30712890625
-0.1962890625 -1.953125 0.27734375
1.953125 1.453125 1.49267578125
0.0224609375 -1.546875 1.69384765625
0.126953125 -1.453125 0.34912109375
1.266357421875 0.328125 0.73583984375
0.682861328125 -0.546875 1.30517578125
1.0965194702148438 0.140625 0.98388671875
-0.8935546875 -1.921875 -1.05810546875
-0.09375 -1.765625 0.59033203125
1.459716796875 0.546875 0.06689453125
0.699951171875 -0.546875 1.22607421875
1.10968017578125 0.203125 0.81591796875
0.41064453125 -1.046875 1.06201171875
1.381591796875 0.578125 0.98388671875
1.00030517578125 -0.078125 0.2470703125
0.0361328125 -1.546875 0.50732421875
1.546630859375 0.765625 0.73388671875
0.9630126953125 -0.140625 -0.163818359375
0.4130859375 -0.921875 -0.1416015625
1.0965194702148438 0.140625 0.98388671875
0.98443603515625 -0.109375 0.73779296875
1.4052734375 0.671875 -0.0146484375
0.893798828125 -0.328125 0.08642578125
-0.1142578125 -1.796875 1.29833984375
0.661865234375 -0.609375 0.33544921875
0.4033203125 -0.921875 1.70556640625
0.5439453125 -0.796875 1.06201171875
