VEHICULAR_TRAILER
-0.267578125 -1.9375 0.00830078125
1.2083740234375 0.21875 0.70263671875
-0.0419921875 -1.71875 -0.6285247802734375
0.3955078125 -1.0 0.30517578125
1.6923828125 1.0 0.52294921875
1.593505859375 0.875 1.45166015625
1.2440185546875 0.25 1.02587890625
1.5511474609375 0.8125 0.77587890625
1.9560546875 1.4375 1.27978515625
0.69091796875 -0.59375 1.02587890625
-0.01953125 -1.75 0.08203125
1.18017578125 0.125 0.0400390625
0.11328125 -1.25 -0.00634765625
-0.251953125 -2.0 0.24462890625
0.0185546875 -1.625 0.31591796875
0.51416015625 -0.71875 -0.0185546875
0.50341796875 -0.9375 0.06396484375
1.8857421875 1.3125 1.45751953125
0.373046875 -1.03125 1.18798828125
1.501708984375 0.6875 0.27685546875
0.5791015625 -0.71875 0.54248046875
1.3931884765625 0.5 -0.218017578125
0.447265625 -0.875 0.78564453125
0.42822265625 -0.96875 -0.17626953125
1.321319580078125 0.34375 0.03515625
-0.267578125 -1.9375 0.00830078125
0.902099609375 -0.21875 1.43798828125
-0.45703125 -1.75 -1.101318359375
-0.0517578125 -1.59375 1.73681640625
1.26458740234375 0.40625 0.77783203125
1.3229751586914062 0.5 1.69580078125
0.909912109375 -0.3125 0.0498046875
1.1236572265625 0.1875 0.77880859375
-0.03125 -1.625 0.94873046875
0.154296875 -1.34375 -0.16650390625
1.93017578125 1.375 0.1884765625
1.2095947265625 0.34375 -0.04150390625
0.505859375 -0.8125 1.18994140625
1.673583984375 0.9375 -0.230712890625
0.36767578125 -1.0 0.94873046875
1.5511474609375 0.8125 0.77587890625
1.6962890625 1.0625 0.77392578125
0.5927734375 -0.5625 1.75439453125
0.50341796875 -0.9375 0.06396484375
1.1236572265625 0.1875 0.77880859375
0.326171875 -1.0 1.74658203125
0.111328125 -1.4375 1.18603515625
0.88818359375 -0.15625 1.68408203125
0.902099609375 -0.21875 1.43798828125
1.746337890625 1.15625 0.94970703125
0.236328125 -1.21875 0.94873046875
-1.029296875 -1.78125 -1.33984375
1.35809326171875 0.46875 0.2041015625
0.3623046875 -1.125 0.068359375
1.7529296875 1.0 0.02001953125
1.81591796875 1.21875 1.27880859375
0.3056640625 -1.125 0.54638671875
1.52880859375 0.71875 -0.224609375
1.0615234375 0.125 -0.037109375
0.46630859375 -0.78125 1.75048828125
0.16796875 -1.375 1.26416015625
1.74609375 1.09375 1.45361328125
1.669677734375 0.96875 1.27685546875
0.16796875 -1.375 1.26416015625
1.93017578125 1.375 0.1884765625
0.64501953125 -0.59375 0.46337890625
-0.22265625 -1.96875 -0.148681640625
0.913818359375 -0.1875 1.19384765625
0.248046875 -1.21875 1.18701171875
1.35809326171875 0.46875 0.2041015625
-0.3466796875 -1.5 -0.8759765625
1.1868896484375 0.28125 0.94970703125
0.0224609375 -1.6875 -0.234130859375
0.0654296875 -1.5 1.50048828125
-1.34765625 -1.75 -1.81787109375
1.3134613037109375 0.5 0.94970703125
0.00390625 -1.625 0.23828125
1.6376953125 0.90625 0.1962890625
1.388519287109375 0.53125 1.27490234375
-0.0869140625 -1.78125 -0.15380859375
1.74609375 1.09375 1.45361328125
-0.03125 -1.625 0.94873046875
1.3931884765625 0.5 -0.218017578125
1.9677734375 1.40625 -0.24365234375
1.57373046875 0.90625 1.77978515625
-0.140625 -1.75 0.00390625
0.04296875 -1.53125 0.55126953125
0.50341796875 -0.9375 0.06396484375
1.4805908203125 0.6875 0.44970703125
1.3134613037109375 0.5 0.94970703125
1.716552734375 1.03125 1.52978515625
0.64501953125 -0.59375 0.46337890625
0.7802734375 -0.375 0.46142578125
-0.4453125 -1.96875 -0.8544921875
0.70849609375 -0.4375 0.78271484375
0.0341796875 -1.6875 -0.15673828125
0.09765625 -1.40625 0.94873046875
0.0634765625 -1.40625 1.73876953125
0.2841796875 -1.15625 1.26513671875
1.6962890625 1.0625 0.77392578125
1.0830078125 0.0625 0.21044921875
0.6376953125 -0.71875 0.05908203125
0.9814453125 -0.09375 0.53466796875
1.4639892578125 0.53125 0.0302734375
1.931640625 1.375 0.2646484375
0.71435546875 -0.53125 0.53955078125
0.00390625 -1.625 0.23828125
0.498046875 -0.84375 1.67236328125
1.8427734375 1.28125 0.77294921875
1.033203125 0.0 1.44189453125
0.1513671875 -1.46875 -0.239990234375
-0.125 -1.8125 0.2412109375
0.43798828125 -0.9375 0.54443359375
1.4715576171875 0.6875 0.94970703125
1.18017578125 0.125 0.0400390625
-0.1396484375 -1.875 -0.38671875
1.336771011352539 0.5625 -0.04638671875
-0.251953125 -2.0 0.24462890625
0.68994140625 -0.5625 -0.18798828125
0.2236328125 -1.25 1.42626953125
0.49365234375 -0.78125 0.94873046875
1.18017578125 0.125 0.0400390625
1.89990234375 1.21875 0.01513671875
1.96728515625 1.34375 1.02587890625
1.41461181640625 0.625 0.77685546875
-0.4453125 -1.96875 -0.8544921875
1.716552734375 1.03125 1.52978515625
-1.34765625 -1.75 -1.81787109375
1.292327880859375 0.375 1.52197265625
1.75830078125 1.125 1.20166015625
1.8427734375 1.28125 0.77294921875
-0.87109375 -1.90625 -1.095458984375
1.00439453125 -0.0625 1.51806640625
-0.1318359375 -1.84375 0.71337890625
0.52978515625 -0.8125 0.3017578125
-0.4453125 -1.96875 -0.8544921875
1.96728515625 1.34375 1.02587890625
0.77197265625 -0.375 0.94873046875
0.306640625 -1.09375 0.78662109375
0.16015625 -1.4375 1.02587890625
-0.962890625 -1.8125 -1.41455078125
-0.2724609375 -1.5625 -0.71246337890625
0.51416015625 -0.71875 -0.0185546875
0.447265625 -0.875 0.78564453125
0.326171875 -1.09375 1.50439453125
0.937744140625 -0.1875 0.21435546875
-0.794921875 -1.96875 -1.40576171875
1.5084228515625 0.6875 0.2001953125
0.0224609375 -1.6875 -0.234130859375
1.103271484375 0.03125 1.02587890625
1.4805908203125 0.6875 0.44970703125
-0.125 -1.8125 0.2412109375
0.41650390625 -0.9375 1.26611328125
-0.1689453125 -1.90625 -0.6202278137207031
1.4271240234375 0.59375 1.52392578125
0.09765625 -1.40625 0.94873046875
0.43017578125 -1.03125 1.02587890625
1.593505859375 0.875 1.45166015625
1.3229751586914062 0.5 1.69580078125
1.93017578125 1.375 0.1884765625
0.5927734375 -0.5625 1.75439453125
0.5791015625 -0.71875 0.54248046875
-1.048828125 -1.90625 -1.80517578125
0.1044921875 -1.46875 -0.39990234375
1.96728515625 1.34375 1.02587890625
1.6376953125 0.90625 0.1962890625
-0.0263671875 -1.65625 1.65869140625
0.208984375 -1.3125 1.50244140625
-0.203125 -1.90625 0.79052734375
1.3141021728515625 0.4375 1.44580078125
0.50341796875 -0.9375 0.06396484375
0.36572265625 -1.0625 1.66845703125
1.336771011352539 0.5625 -0.04638671875
0.0654296875 -1.5 1.50048828125
0.509765625 -0.78125 0.46533203125
1.81982421875 1.1875 -0.2373046875
1.716552734375 1.03125 1.52978515625
0.923095703125 -0.09375 -0.0322265625
1.716552734375 1.03125 1.52978515625
0.1513671875 -1.46875 -0.239990234375
1.388519287109375 0.53125 1.27490234375
-0.51171875 -1.9375 -1.404296875
0.0341796875 -1.6875 -0.15673828125
0.88818359375 -0.15625 1.68408203125
0.5732421875 -0.65625 0.78369140625
0.0224609375 -1.6875 -0.234130859375
1.54736328125 0.78125 0.52490234375
1.07666015625 0.03125 0.28759765625
0.52197265625 -0.84375 0.70751953125
1.41461181640625 0.625 0.77685546875
1.068359375 0.0 0.70361328125
1.81982421875 1.1875 -0.2373046875
1.5709228515625 0.8125 1.52783203125
1.4271240234375 0.59375 1.52392578125
-0.1474609375 -1.96875 0.08642578125
0.0185546875 -1.625 0.31591796875
0.43017578125 -1.03125 1.02587890625
0.924560546875 -0.15625 0.45849609375
0.82666015625 -0.34375 -0.19384765625
0.208984375 -1.3125 1.50244140625
