VEHICULAR_TRAILER
0.2373046875 -1.203125 1.20458984375
0.51025390625 -0.703125 0.00048828125
1.6962890625 1.109375 0.79541015625
1.63134765625 0.921875 0.21484375
-0.1748046875 -1.828125 1.43603515625
-1.1728515625 -1.609375 -1.32470703125
0.72998046875 -0.421875 1.53369140625
0.5888671875 -0.609375 0.80517578125
0.77392578125 -0.453125 0.07568359375
1.7412109375 1.203125 1.72509765625
0.968017578125 -0.046875 1.29150390625
0.8466796875 -0.203125 0.80322265625
0.197265625 -1.265625 1.52392578125
1.7412109375 1.203125 1.72509765625
0.92529296875 -0.140625 0.23291015625
-1.1728515625 -1.609375 -1.32470703125
-0.037109375 -1.640625 1.67626953125
0.376953125 -0.921875 0.0048828125
1.32208251953125 0.390625 0.056640625
1.91064453125 1.484375 -0.04833984375
0.060546875 -1.421875 0.81005859375
1.2447509765625 0.296875 1.04736328125
0.40478515625 -0.953125 0.32666015625
0.75439453125 -0.359375 1.69775390625
0.4853515625 -0.796875 1.68994140625
-1.4130859375 -1.515625 -1.4140625
1.407257080078125 0.671875 0.79833984375
-0.5712890625 -1.984375 -1.2998046875
1.3009033203125 0.484375 0.96728515625
0.43896484375 -0.890625 0.56591796875
1.8203125 1.171875 1.04736328125
0.6083984375 -0.515625 1.77587890625
1.677734375 1.015625 1.29833984375
1.451904296875 0.734375 1.71728515625
0.75439453125 -0.359375 1.69775390625
1.8310546875 1.265625 0.54150390625
0.7880859375 -0.359375 0.236328125
0.8466796875 -0.203125 0.80322265625
-0.2783203125 -1.921875 0.02685546875
0.830078125 -0.265625 1.29052734375
0.5380859375 -0.765625 0.3232421875
1.6845703125 1.046875 0.54443359375
0.2919921875 -1.171875 1.04736328125
0.1337890625 -1.453125 -0.220947265625
-0.037109375 -1.640625 1.67626953125
1.8427734375 1.328125 0.79443359375
1.203369140625 0.296875 0.2255859375
0.078125 -1.359375 1.76220703125
0.9658203125 -0.140625 1.04736328125
1.580078125 0.984375 1.72119140625
0.42236328125 -0.921875 -0.15478515625
0.43896484375 -0.890625 0.56591796875
-0.2158203125 -1.984375 1.04736328125
1.763427734375 1.265625 -0.04296875
1.1885986328125 0.171875 0.0615234375
0.10546875 -1.421875 -0.3785400390625
0.74658203125 -0.421875 1.45361328125
0.259765625 -1.171875 0.24951171875
0.5703125 -0.703125 -0.160888671875
-0.2275390625 -1.921875 -0.127197265625
1.38946533203125 0.578125 1.29541015625
0.1337890625 -1.453125 -0.220947265625
-0.140625 -1.828125 0.73193359375
1.768310546875 1.109375 0.71630859375
0.7880859375 -0.359375 0.236328125
0.903564453125 -0.265625 0.07080078125
0.5732421875 -0.671875 0.56396484375
1.580078125 0.984375 1.72119140625
0.423828125 -0.953125 1.04736328125
0.72998046875 -0.421875 1.53369140625
0.1748046875 -1.296875 0.57080078125
0.70751953125 -0.453125 0.56103515625
1.111572265625 0.078125 1.04736328125
0.44140625 -0.828125 0.80712890625
0.8671875 -0.203125 1.53564453125
0.2255859375 -1.203125 0.96630859375
0.1064453125 -1.203125 0.01123046875
0.968017578125 -0.046875 1.29150390625
0.4990234375 -0.765625 0.48388671875
-0.0185546875 -1.578125 0.49267578125
1.8310546875 1.265625 0.54150390625
0.4892578125 -0.765625 0.96630859375
1.769287109375 1.171875 0.2109375
1.674072265625 0.953125 1.04736328125
-0.0224609375 -1.609375 1.20263671875
1.9677734375 1.390625 1.04736328125
1.443603515625 0.671875 1.46533203125
1.57861328125 0.859375 1.54931640625
0.903564453125 -0.265625 0.07080078125
-0.166015625 -1.828125 1.67236328125
1.9677734375 1.453125 -0.22216796875
1.2447509765625 0.296875 1.04736328125
-0.2109375 -1.890625 0.57763671875
0.501953125 -0.796875 1.20751953125
-0.0224609375 -1.609375 1.20263671875
0.357421875 -0.984375 0.96630859375
-0.041015625 -1.640625 -0.6077423095703125
0.76806640625 -0.359375 0.47900390625
0.244140625 -1.109375 0.00927734375
0.22265625 -1.234375 1.68212890625
-0.099609375 -1.734375 -0.13232421875
0.326171875 -0.921875 1.76806640625
0.0 -1.578125 0.25634765625
1.32208251953125 0.390625 0.056640625
1.823974609375 1.234375 1.29931640625
0.060546875 -1.421875 0.81005859375
-0.9013671875 -1.890625 -1.77978515625
0.0390625 -1.515625 1.28369140625
0.76513671875 -0.390625 1.20947265625
0.2373046875 -1.203125 1.20458984375
1.12158203125 0.171875 0.55419921875
0.968017578125 -0.046875 1.29150390625
0.62060546875 -0.609375 1.69384765625
0.8466796875 -0.203125 0.80322265625
0.901611328125 -0.171875 1.21142578125
0.423828125 -0.953125 1.04736328125
0.4892578125 -0.765625 0.96630859375
1.12158203125 0.171875 0.55419921875
1.91064453125 1.484375 -0.04833984375
0.42578125 -0.921875 1.28759765625
0.65234375 -0.578125 0.23974609375
1.0634765625 0.078125 0.22900390625
-0.9619140625 -1.765625 -1.3974609375
-0.099609375 -1.734375 -0.13232421875
0.5947265625 -0.640625 1.53173828125
0.60986328125 -0.609375 1.45166015625
1.654052734375 0.953125 0.2939453125
1.28729248046875 0.515625 1.79345703125
1.16748046875 0.265625 0.96728515625
1.3009033203125 0.484375 0.96728515625
0.111328125 -1.390625 0.49072265625
0.111328125 -1.515625 0.099609375
0.1748046875 -1.296875 0.57080078125
1.89892578125 1.328125 1.22021484375
0.890380859375 -0.140625 1.70166015625
1.1602783203125 0.234375 1.46142578125
-1.0537109375 -1.796875 -1.78955078125
0.8671875 -0.203125 1.53564453125
0.830078125 -0.265625 1.29052734375
1.16748046875 0.265625 0.96728515625
1.30859375 0.546875 1.71337890625
-1.3154296875 -1.546875 -1.3291015625
1.1246337890625 0.234375 0.80126953125
1.1455078125 0.328125 1.78955078125
-0.2744140625 -1.984375 0.49658203125
0.7880859375 -0.359375 0.236328125
0.306640625 -1.078125 0.56884765625
-0.12890625 -1.765625 0.25927734375
0.77392578125 -0.453125 0.07568359375
-1.2646484375 -1.578125 -1.41015625
0.2412109375 -1.171875 0.48876953125
-0.1083984375 -1.765625 0.34033203125
1.2325439453125 0.296875 0.30517578125
0.890380859375 -0.140625 1.70166015625
1.768310546875 1.109375 0.71630859375
1.1683349609375 0.296875 1.70947265625
0.1767578125 -1.234375 0.80908203125
-0.12890625 -1.765625 0.25927734375
1.947265625 1.421875 0.28564453125
-0.2177734375 -1.890625 1.28173828125
-0.0185546875 -1.578125 0.49267578125
1.12158203125 0.171875 0.55419921875
-0.099609375 -1.734375 -0.13232421875
1.89599609375 1.390625 0.46044921875
0.423828125 -0.953125 1.04736328125
0.8466796875 -0.203125 0.80322265625
0.76806640625 -0.359375 0.47900390625
1.654052734375 0.953125 0.2939453125
0.4892578125 -0.765625 0.96630859375
-0.037109375 -1.640625 1.67626953125
0.82861328125 -0.359375 1.04736328125
0.62060546875 -0.609375 1.69384765625
0.197265625 -1.265625 1.52392578125
-1.2080078125 -1.671875 -1.79833984375
1.60791015625 0.890625 0.71728515625
1.8310546875 1.265625 0.54150390625
0.0888671875 -1.421875 1.44189453125
0.903564453125 -0.265625 0.07080078125
0.65234375 -0.578125 0.23974609375
0.70751953125 -0.453125 0.56103515625
1.7412109375 1.203125 1.72509765625
1.75341796875 1.046875 0.04150390625
1.4307861328125 0.703125 1.79541015625
0.2734375 -1.265625 -0.225830078125
-1.4130859375 -1.515625 -1.4140625
-1.3408203125 -1.640625 -1.80224609375
0.62890625 -0.609375 1.20849609375
-0.8701171875 -1.828125 -1.31201171875
-0.5712890625 -1.984375 -1.2998046875
1.994140625 1.515625 0.53857421875
0.62060546875 -0.609375 1.69384765625
1.45037841796875 0.734375 0.96728515625
0.060546875 -1.421875 0.81005859375
1.3367919921875 0.453125 0.71923828125
0.5380859375 -0.765625 0.3232421875
0.896240234375 -0.140625 0.96728515625
0.64404296875 -0.484375 -0.00439453125
1.3446502685546875 0.484375 0.22216796875
0.77392578125 -0.453125 0.07568359375
-0.126953125 -1.640625 -0.68939208984375
