VEHICULAR_TRAILER
0.697265625 -0.78125 1.7109375
0.5 -1.125 1.63671875
1.3291015625 0.15625 0.1787109375
0.1337890625 -1.6875 -0.19873046875
0.115234375 -1.65625 0.443359375
0.88525390625 -0.53125 1.6484375
1.8927001953125 0.96875 -0.272705078125
1.75933837890625 0.75 1.236328125
0.3857421875 -1.28125 0.20068359375
0.0693359375 -1.8125 0.04150390625
1.66363525390625 0.71875 1.736328125
0.794921875 -0.59375 0.7431640625
1.03466796875 -0.28125 0.4296875
0.4775390625 -1.15625 1.396484375
-0.01953125 -1.875 0.9169921875
1.999267578125 1.21875 1.6796875
1.505859375 0.53125 1.732421875
0.2666015625 -1.5 1.2236328125
0.248046875 -1.40625 -0.03564453125
1.610107421875 0.5 0.6708984375
0.099609375 -1.65625 0.9169921875
0.41015625 -1.28125 0.5068359375
1.9112548828125 1.03125 0.4814453125
0.2734375 -1.40625 0.7470703125
1.03466796875 -0.28125 0.4296875
1.1669921875 -0.09375 1.1640625
1.610107421875 0.5 0.6708984375
0.7744140625 -0.59375 -0.05224609375
1.18310546875 0.03125 -0.06591796875
1.72418212890625 0.75 0.919921875
1.613525390625 0.5 0.986328125
0.1728515625 -1.59375 1.697265625
0.75244140625 -0.75 1.642578125
0.6328125 -0.9375 1.640625
0.89404296875 -0.5 1.1611328125
1.46728515625 0.34375 1.234375
0.5 -1.125 1.63671875
1.0947265625 -0.21875 1.474609375
0.5634765625 -1.03125 1.46484375
1.4847412109375 0.4375 0.7373046875
1.05810546875 -0.28125 1.23046875
0.763671875 -0.6875 0.43359375
1.3994140625 0.1875 -0.00244140625
0.431640625 -1.21875 1.462890625
1.4688720703125 0.3125 0.671875
0.6591796875 -0.96875 0.9853515625
1.91455078125 1.09375 0.7333984375
0.03125 -1.875 -0.261474609375
1.05224609375 -0.25 0.18505859375
0.3857421875 -1.28125 0.20068359375
0.7998046875 -0.65625 0.5
0.1181640625 -1.59375 -0.03173828125
-0.12890625 -2.0 -0.0234375
0.1494140625 -1.65625 0.5107421875
1.08154296875 -0.1875 0.740234375
0.86572265625 -0.65625 0.0166015625
1.59033203125 0.5625 0.4208984375
1.66363525390625 0.71875 1.736328125
-0.0390625 -1.96875 -0.4267578125
-0.0322265625 -1.90625 1.388671875
0.78173828125 -0.65625 0.19140625
1.1865234375 -0.15625 0.9853515625
0.7998046875 -0.65625 0.5
0.1513671875 -1.59375 0.748046875
-0.01953125 -1.875 0.9169921875
0.78173828125 -0.65625 0.19140625
1.6204833984375 0.53125 -0.260498046875
0.640625 -0.8125 -0.04833984375
1.17138671875 -0.0625 0.427734375
0.404296875 -1.21875 0.74609375
0.75439453125 -0.6875 0.91796875
-1.1796875 1.9375 -1.859375
0.3359375 -1.4375 0.03369140625
1.304443359375 0.09375 0.24658203125
0.2734375 -1.40625 0.7470703125
1.05810546875 -0.28125 1.23046875
1.73309326171875 0.78125 0.4189453125
0.86572265625 -0.65625 0.0166015625
1.15869140625 -0.125 1.654296875
0.369140625 -1.34375 0.2705078125
0.388671875 -1.28125 1.224609375
0.759765625 -0.71875 1.16015625
1.2021484375 -0.03125 0.4931640625
1.3291015625 0.15625 0.1787109375
1.6309814453125 0.59375 0.486328125
0.3642578125 -1.3125 1.15625
0.03125 -1.875 -0.261474609375
1.371826171875 0.1875 1.48046875
1.8721923828125 0.96875 1.171875
1.14892578125 -0.125 1.41015625
1.1728515625 -0.125 0.25
1.60357666015625 0.65625 -0.0791015625
1.8612060546875 1.0 1.67578125
1.30078125 0.125 0.9189453125
1.8721923828125 0.9375 0.232421875
0.0009765625 -1.90625 -0.192626953125
0.66015625 -0.90625 1.2265625
1.43994140625 0.34375 0.9189453125
1.613525390625 0.5 0.986328125
0.515625 -1.0 -0.0439453125
0.591796875 -1.0625 0.025390625
0.99365234375 -0.4375 0.01171875
1.58551025390625 0.5 0.2392578125
0.0380859375 -1.78125 1.693359375
1.130859375 -0.25 0.0078125
0.78173828125 -0.65625 0.19140625
1.0947265625 -0.21875 1.474609375
0.697265625 -0.78125 1.7109375
0.5205078125 -1.09375 1.2255859375
1.73309326171875 0.78125 0.4189453125
1.75933837890625 0.75 1.236328125
0.896484375 -0.5 0.91796875
1.02978515625 -0.3125 1.1630859375
1.261474609375 -0.0625 0.0029296875
1.3994140625 0.1875 -0.00244140625
0.1337890625 -1.6875 -0.19873046875
1.1728515625 -0.125 0.25
1.89697265625 1.0 0.1650390625
0.119140625 -1.6875 1.1533203125
0.30078125 -1.4375 1.4609375
-0.00390625 -1.75 -0.0283203125
0.3662109375 -1.3125 0.9169921875
0.2548828125 -1.46875 0.20361328125
0.0380859375 -1.78125 1.693359375
0.294921875 -1.375 1.69921875
1.1728515625 -0.125 0.25
0.095703125 -1.71875 1.390625
0.240234375 -1.53125 1.62890625
0.388671875 -1.28125 1.224609375
1.427001953125 0.28125 1.4140625
1.748382568359375 0.75 -0.2666015625
0.1279296875 -1.6875 0.6806640625
0.515625 -1.0 -0.0439453125
1.756439208984375 0.6875 0.986328125
1.427001953125 0.28125 1.4140625
1.18310546875 0.03125 -0.06591796875
0.92041015625 -0.5625 0.9853515625
1.746185302734375 0.875 -0.083984375
1.43994140625 0.34375 0.9189453125
0.4599609375 -1.25 0.02978515625
1.2021484375 -0.03125 0.4931640625
0.5205078125 -1.09375 1.2255859375
1.8927001953125 0.96875 -0.272705078125
1.30615234375 0.09375 1.1650390625
-0.232421875 -1.75 -0.6706008911132812
1.03466796875 -0.28125 0.4296875
1.162109375 -0.0625 0.9189453125
1.34912109375 0.15625 0.4912109375
1.0458984375 -0.1875 -0.06103515625
1.30615234375 0.09375 1.1650390625
1.610107421875 0.5 0.6708984375
1.1669921875 -0.09375 1.1640625
0.294921875 -1.375 1.69921875
1.9112548828125 1.03125 0.4814453125
1.77008056640625 0.84375 0.7353515625
1.89697265625 1.0 0.1650390625
1.756439208984375 0.6875 0.986328125
0.099609375 -1.65625 0.9169921875
1.73309326171875 0.78125 0.4189453125
1.999267578125 1.21875 1.6796875
1.72418212890625 0.75 0.919921875
0.1357421875 -1.71875 0.9853515625
1.0283203125 -0.3125 1.650390625
1.162109375 -0.0625 0.9189453125
-0.9375 -1.71875 -1.1494140625
1.746185302734375 0.875 -0.083984375
1.4688720703125 0.3125 0.671875
0.04296875 -1.8125 1.45703125
0.5205078125 -1.15625 0.9853515625
1.4638671875 0.34375 -0.254638671875
1.304443359375 0.09375 0.24658203125
1.4847412109375 0.4375 0.7373046875
1.30078125 0.125 0.9189453125
0.13671875 -1.6875 1.2216796875
0.638671875 -0.9375 0.263671875
1.875244140625 1.09375 -0.0888671875
0.1513671875 -1.59375 0.748046875
0.1279296875 -1.6875 0.6806640625
1.46240234375 0.4375 -0.07470703125
1.85302734375 0.9375 1.423828125
1.448974609375 0.375 0.4228515625
1.6204833984375 0.53125 -0.260498046875
0.759765625 -0.71875 1.16015625
1.6104736328125 0.5625 0.171875
1.30615234375 0.09375 1.1650390625
1.0283203125 -0.3125 1.650390625
0.53515625 -1.0 0.7451171875
1.326904296875 0.125 1.232421875
0.388671875 -1.375 0.9853515625
0.93017578125 -0.40625 0.7421875
1.37939453125 0.3125 1.728515625
1.875244140625 1.09375 -0.0888671875
1.971435546875 1.03125 -0.021484375
0.896484375 -0.5 0.91796875
1.72418212890625 0.75 0.919921875
0.1162109375 -1.71875 0.2763671875
1.610107421875 0.5 0.6708984375
1.7174453735351562 0.78125 1.671875
1.33837890625 0.125 -0.248779296875
1.9354248046875 1.0625 1.490234375
