VEHICULAR_TRAILER
0.4599609375 -1.28125 0.658203125
0.0576171875 -1.8125 0.763671875
1.38232421875 0.09375 0.505859375
0.3349609375 -1.46875 1.4765625
0.4599609375 -1.28125 0.658203125
1.551513671875 0.34375 0.150390625
1.09716796875 -0.34375 1.630859375
1.978515625 1.0 0.13916015625
1.95538330078125 0.90625 1.1474609375
0.837890625 -0.6875 0.41015625
1.2001953125 -0.1875 0.26318359375
0.4375 -1.25 0.7607421875
0.826171875 -0.71875 1.625
1.677734375 0.625 -0.1044921875
0.697265625 -0.9375 1.37890625
0.19921875 -1.5625 -0.0546875
0.396484375 -1.375 0.283203125
1.12890625 -0.28125 1.490234375
1.80706787109375 0.71875 0.4990234375
1.52783203125 0.3125 1.1435546875
1.646728515625 0.4375 -0.246337890625
1.478271484375 0.21875 0.255859375
0.697265625 -0.9375 1.37890625
0.6845703125 -0.96875 -0.20654296875
1.80706787109375 0.71875 0.4990234375
1.8522415161132812 0.71875 -0.00244140625
1.24951171875 -0.09375 1.1416015625
1.551513671875 0.34375 0.150390625
0.1923828125 -1.65625 1.1337890625
1.39599609375 0.21875 -0.09521484375
0.7001953125 -0.90625 0.5166015625
0.708984375 -0.90625 1.1376953125
0.064453125 -1.84375 1.1328125
1.6500244140625 0.5 1.39453125
0.46484375 -1.28125 1.48046875
0.5869140625 -1.0625 0.4140625
1.23046875 -0.125 1.388671875
0.7216796875 -0.78125 -0.072265625
1.6468505859375 0.40625 1.0
1.52783203125 0.3125 1.1435546875
1.677734375 0.625 -0.1044921875
0.7216796875 -0.78125 1.7265625
0.72265625 -0.875 1.484375
0.5517578125 -1.15625 -0.201171875
1.25341796875 -0.0625 0.4033203125
1.6728515625 0.5625 0.3955078125
-0.892578125 -1.875 -1.47216796875
0.2001953125 -1.65625 0.66015625
0.591796875 -1.09375 0.6572265625
0.2431640625 -1.6875 0.0517578125
1.54638671875 0.3125 1.498046875
1.61962890625 0.4375 0.25244140625
1.166015625 -0.3125 0.02099609375
1.25341796875 -0.0625 0.4033203125
0.0361328125 -1.875 1.2353515625
1.6468505859375 0.40625 1.0
1.959228515625 0.96875 0.390625
1.7923583984375 0.78125 1.650390625
1.396484375 0.09375 0.650390625
0.177734375 -1.625 0.7626953125
0.837890625 -0.6875 0.41015625
1.396484375 0.09375 0.650390625
0.8271484375 -0.65625 0.896484375
0.396484375 -1.375 0.283203125
0.1982421875 -1.65625 1.474609375
1.668701171875 0.5 1.1455078125
1.8111724853515625 0.71875 1.146484375
1.8522415161132812 0.71875 -0.00244140625
1.54638671875 0.3125 1.498046875
0.17578125 -1.6875 1.37109375
1.2333984375 -0.125 1.634765625
0.5693359375 -1.0625 0.896484375
1.95538330078125 0.90625 1.1474609375
1.795654296875 0.78125 0.7490234375
1.92584228515625 0.84375 1.0
0.0791015625 -1.8125 1.708984375
1.361328125 0.0625 1.24609375
1.6851806640625 0.5 0.6474609375
0.5869140625 -1.0625 0.4140625
0.1650390625 -1.71875 1.236328125
0.396484375 -1.375 0.283203125
1.374755859375 0.125 0.896484375
-0.8984375 -1.84375 -1.134033203125
1.6851806640625 0.5 0.6474609375
1.9647216796875 1.0625 -0.11474609375
0.5341796875 -1.1875 0.27978515625
0.95654296875 -0.5625 1.2431640625
0.5556640625 -1.15625 1.240234375
0.0390625 -1.90625 -0.1806640625
0.4580078125 -1.1875 -0.0634765625
0.6884765625 -0.96875 1.2412109375
-1.048828125 -1.75 -1.48046875
1.77423095703125 0.65625 -0.252197265625
1.65576171875 0.5625 0.896484375
1.657470703125 0.5625 1.646484375
1.2333984375 -0.125 1.634765625
1.10595703125 -0.3125 0.509765625
0.9921875 -0.5 1.48828125
0.328125 -1.40625 -0.05859375
0.99169921875 -0.375 1.734375
1.5390625 0.34375 0.3984375
0.1787109375 -1.6875 1.609375
0.837890625 -0.6875 0.41015625
0.1806640625 -1.65625 0.896484375
1.33837890625 0.03125 0.259765625
1.657470703125 0.5625 1.646484375
1.9552001953125 1.0 0.748046875
0.837890625 -0.6875 0.41015625
0.8486328125 -0.5625 1.73046875
1.1123046875 -0.3125 1.140625
0.0869140625 -1.8125 0.18701171875
1.09716796875 -0.34375 1.630859375
1.798187255859375 0.75 0.896484375
1.8154449462890625 0.75 0.3935546875
0.328125 -1.40625 -0.05859375
1.5185546875 0.34375 0.751953125
0.94775390625 -0.625 1.0
0.8134765625 -0.84375 1.0
1.951171875 0.9375 0.49609375
0.2001953125 -1.65625 0.66015625
0.568359375 -1.03125 0.759765625
0.1923828125 -1.65625 1.1337890625
0.1923828125 -1.65625 1.1337890625
0.7216796875 -0.78125 -0.072265625
1.40576171875 0.125 1.494140625
0.41796875 -1.34375 1.23828125
0.72265625 -0.875 1.484375
0.0419921875 -1.9375 1.0
1.40576171875 0.125 1.494140625
1.38037109375 0.09375 1.142578125
0.455078125 -1.25 0.416015625
0.306640625 -1.5 1.611328125
0.95654296875 -0.5625 1.2431640625
0.1767578125 -1.6875 0.525390625
0.0419921875 -1.9375 1.0
0.6884765625 -0.96875 1.2412109375
0.6279296875 -1.125 0.03857421875
1.33837890625 0.03125 0.259765625
1.1279296875 -0.15625 1.73828125
0.455078125 -1.25 0.416015625
1.646728515625 0.4375 -0.246337890625
0.5693359375 -1.0625 0.896484375
1.6676025390625 0.5625 0.7509765625
0.1650390625 -1.71875 1.236328125
0.58984375 -1.09375 1.482421875
0.94775390625 -0.625 1.0
1.6468505859375 0.40625 1.0
0.115234375 -1.875 0.05615234375
0.98486328125 -0.53125 0.6533203125
1.551513671875 0.34375 0.150390625
0.591796875 -1.09375 0.6572265625
0.9921875 -0.5 1.48828125
1.22265625 -0.15625 1.2451171875
0.98486328125 -0.53125 0.6533203125
0.96533203125 -0.53125 1.3828125
0.99169921875 -0.375 1.734375
0.6845703125 -0.96875 -0.20654296875
1.54638671875 0.3125 1.498046875
0.19921875 -1.5625 -0.0546875
-0.0478515625 -2.0 1.70703125
-0.751953125 -1.875 -1.130859375
0.3349609375 -1.46875 1.4765625
1.9368896484375 0.96875 1.65234375
1.2001953125 -0.1875 0.26318359375
0.0361328125 -1.875 1.2353515625
0.837890625 -0.6875 0.41015625
0.322265625 -1.5 1.134765625
1.77423095703125 0.65625 -0.252197265625
0.4365234375 -1.3125 1.615234375
1.3779296875 0.15625 0.7529296875
1.2578125 -0.125 0.6513671875
1.8522415161132812 0.71875 -0.00244140625
0.5517578125 -1.15625 -0.201171875
0.5888671875 -1.0 -0.06787109375
1.61962890625 0.4375 0.25244140625
1.10791015625 -0.28125 0.4052734375
0.177734375 -1.625 0.7626953125
1.23046875 -0.125 1.388671875
1.6676025390625 0.5625 0.7509765625
1.0634765625 -0.40625 0.2666015625
0.4892578125 -1.3125 0.04345703125
1.93603515625 0.90625 1.3984375
0.701171875 -0.84375 0.896484375
1.9368896484375 0.96875 1.65234375
1.9332275390625 0.875 -0.25830078125
0.837890625 -0.6875 0.41015625
1.396484375 0.09375 0.650390625
0.4375 -1.25 0.7607421875
1.2333984375 -0.125 1.634765625
1.2578125 -0.125 0.6513671875
1.8111724853515625 0.71875 1.146484375
0.322265625 -1.5 1.134765625
0.86376953125 -0.65625 0.16748046875
0.443359375 -1.3125 0.521484375
1.0859375 -0.3125 1.384765625
1.54638671875 0.3125 1.498046875
-0.8984375 -1.84375 -1.134033203125
0.7216796875 -0.78125 1.7265625
1.551513671875 0.34375 0.150390625
0.056640625 -1.875 1.60546875
