VEHICULAR_TRAILER
-0.4459390640258789 -2.0 -0.0888671875
-0.5201578140258789 -2.0 1.0595703125
-0.5084390640258789 -1.96875 0.369140625
-0.4810953140258789 -1.96875 0.5205078125
-0.4889078140258789 -1.9375 0.2890625
-0.5045328140258789 -1.96875 1.2099609375
-0.5123453140258789 -1.9375 0.599609375
-0.5084390640258789 -2.0 1.8994140625
-0.5006265640258789 -1.96875 1.4404296875
-0.4732828140258789 -1.90625 0.05908203125
-0.4928140640258789 -1.9375 0.9794921875
-0.5670328140258789 -1.96875 1.6708984375
-0.4928140640258789 -1.9375 1.2900390625
-0.4576578140258789 -1.875 -0.55322265625
-0.5123453140258789 -1.90625 0.75
-0.4225015640258789 -1.875 0.13916015625
-0.3307046890258789 -1.84375 -0.09228515625
-0.5084390640258789 -1.9375 1.7490234375
-0.4889078140258789 -1.90625 1.5205078125
-0.4049234390258789 -1.84375 0.830078125
-0.3873453140258789 -1.8125 0.3671875
-0.3756265640258789 -1.8125 0.75
-0.3463296890258789 -1.78125 0.056640625
-0.4088296890258789 -1.8125 1.060546875
-0.3307046890258789 -1.75 -0.55712890625
-0.3814859390258789 -1.8125 1.4423828125
-0.3697671890258789 -1.75 0.51953125
-0.3678140640258789 -1.78125 1.2919921875
-0.2994546890258789 -1.71875 0.13623046875
-0.3717203140258789 -1.71875 0.287109375
-0.2115640640258789 -1.6875 -0.09521484375
-0.3912515640258789 -1.78125 1.7529296875
-0.2818765640258789 -1.71875 0.830078125
-0.3971109390258789 -1.71875 0.5986328125
-0.3736734390258789 -1.75 1.5224609375
-0.2818765640258789 -1.6875 1.0615234375
-0.2428140640258789 -1.65625 0.5185546875
-0.2701578140258789 -1.625 0.365234375
-0.2389078140258789 -1.59375 0.05419921875
-0.2545328140258789 -1.59375 0.28515625
-0.2486734390258789 -1.625 1.2919921875
-0.2760171890258789 -1.59375 0.59765625
-0.2174234390258789 -1.5625 -0.5634765625
-0.2740640640258789 -1.59375 0.75
-0.1060953140258789 -1.53125 -0.0986328125
-0.1764078140258789 -1.5625 0.830078125
-0.1959390640258789 -1.53125 0.1337890625
-0.2545328140258789 -1.59375 1.5244140625
-0.2740640640258789 -1.59375 1.7568359375
-0.1744546890258789 -1.53125 1.0625
-0.1314859390258789 -1.46875 0.2841796875
-0.1646890640258789 -1.46875 0.3642578125
-0.1197671890258789 -1.4375 0.05126953125
-0.1432046890258789 -1.46875 1.2939453125
-0.1549234390258789 -1.4375 0.75
-0.049454689025878906 -1.40625 0.830078125
-0.1588296890258789 -1.40625 0.5966796875
-0.061173439025878906 -1.375 0.13134765625
0.018904685974121094 -1.34375 -0.10205078125
-0.1685953140258789 -1.4375 1.7607421875
-0.1373453140258789 -1.40625 1.5283203125
-0.043595314025878906 -1.34375 0.3623046875
-0.0025796890258789062 -1.34375 0.517578125
-0.041642189025878906 -1.34375 1.0625
-0.012345314025878906 -1.28125 0.2822265625
-0.022110939025878906 -1.3125 1.2958984375
-0.041642189025878906 -1.28125 0.5966796875
-0.026017189025878906 -1.28125 0.75
0.0013265609741210938 -1.25 0.048828125
0.059920310974121094 -1.21875 0.12890625
-0.041642189025878906 -1.28125 1.7646484375
0.1399984359741211 -1.1875 -0.10595703125
0.0696859359741211 -1.21875 0.830078125
-0.022110939025878906 -1.25 1.5302734375
0.0794515609741211 -1.1875 1.0634765625
0.0833578109741211 -1.15625 0.3603515625
0.1302328109741211 -1.125 0.046875
0.0814046859741211 -1.125 0.595703125
0.1048421859741211 -1.125 1.2978515625
0.1888265609741211 -1.09375 0.830078125
0.1790609359741211 -1.0625 0.1259765625
0.0950765609741211 -1.0625 0.2802734375
0.0794515609741211 -1.125 1.7666015625
0.2571859359741211 -1.03125 -0.10888671875
0.1009359359741211 -1.09375 1.5322265625
0.2005453109741211 -1.0 0.359375
0.2396078109741211 -0.96875 0.04443359375
0.2298421859741211 -0.96875 0.279296875
0.2884359359741211 -0.875 0.12353515625
0.3860921859741211 -0.84375 -0.1123046875
0.3431234359741211 -0.78125 0.27734375
0.3333578109741211 -0.8125 1.4599609375
0.2669515609741211 -0.8125 1.6943359375
0.3177328109741211 -0.78125 1.2236328125
0.4271078109741211 -0.71875 0.12109375
0.5091390609741211 -0.6875 -0.1162109375
0.4583578109741211 -0.65625 1.4619140625
0.4466390609741211 -0.625 1.2236328125
0.3978109359741211 -0.625 1.6982421875
0.6321859359741211 -0.5 -0.1201171875
0.4564046859741211 -0.53125 0.9873046875
0.5833578109741211 -0.5 1.4638671875
0.5716390609741211 -0.46875 1.2255859375
0.5071859359741211 -0.46875 1.7021484375
0.6614828109741211 -0.375 0.11572265625
0.7513265609741211 -0.34375 -0.12353515625
0.7064046859741211 -0.3125 1.4677734375
0.6478109359741211 -0.3125 1.7060546875
0.8782796859741211 -0.09375 -0.12890625
0.8040609359741211 -0.125 1.0693359375
0.8411703109741211 -0.09375 1.3095703125
1.013045310974121 0.0 -0.130859375
0.8450765609741211 -0.0625 1.5498046875
0.9407796859741211 0.03125 1.0703125
0.9700765609741211 0.0625 1.3115234375
0.9739828109741211 0.09375 1.5517578125
1.063826560974121 0.1875 1.0712890625
1.098982810974121 0.25 1.3134765625
1.190779685974121 0.3125 0.830078125
1.100935935974121 0.28125 1.5556640625
1.198592185974121 0.375 1.072265625
1.227889060974121 0.40625 1.3154296875
1.231795310974121 0.4375 1.5576171875
1.358748435974121 0.59375 1.3173828125
1.362654685974121 0.625 1.5615234375
1.869490623474121 1.34375 0.998046875
1.869490623474121 1.375 0.7509765625
1.857771873474121 1.375 1.2470703125
1.999373435974121 1.4375 1.4951171875
1.999373435974121 1.46875 1.2490234375
1.991560935974121 1.53125 0.7509765625
