VEHICULAR_TRAILER
0.369140625 0.15625 -1.23321533203125
-0.208984375 -1.34765625 -0.73590087890625
0.431640625 0.46875 -1.25421142578125
0.556640625 1.203125 -0.74151611328125
0.478515625 -1.0546875 0.97723388671875
0.509765625 -0.97265625 1.19793701171875
-0.560546875 -0.484375 -0.33087158203125
0.298828125 -0.55078125 -0.74176025390625
-0.396484375 -1.49609375 -0.74273681640625
0.541015625 1.21875 -0.42071533203125
-0.568359375 -1.1875 -0.37628173828125
-0.615234375 -0.7734375 0.15203857421875
0.634765625 1.328125 -0.51251220703125
-0.544921875 -0.4921875 0.38543701171875
-0.630859375 -0.5546875 -0.33135986328125
-0.958984375 -0.41796875 1.19207763671875
0.064453125 -0.9921875 -0.73419189453125
-0.458984375 -0.421875 -0.39923095703125
-0.607421875 -0.6796875 0.54168701171875
0.595703125 1.2734375 -0.45733642578125
0.650390625 1.3125 -1.03656005859375
0.330078125 0.125 -1.23419189453125
-0.693359375 -0.5625 1.02606201171875
-0.083984375 -1.2109375 -0.58282470703125
-0.560546875 -0.47265625 -0.01202392578125
0.572265625 1.2578125 -0.67486572265625
-0.544921875 -0.4921875 0.38543701171875
0.478515625 -1.01171875 1.25067138671875
0.509765625 -0.9921875 0.60321044921875
0.548828125 1.2109375 -0.51055908203125
0.619140625 0.7421875 -1.260986328125
-0.068359375 -1.140625 -0.65216064453125
0.048828125 -0.8125 0.53582763671875
-0.583984375 -0.48046875 0.54559326171875
-0.771484375 -0.88671875 -1.2659912109375
0.423828125 -1.0703125 1.10809326171875
0.548828125 1.203125 -1.0355224609375
0.666015625 1.3984375 -0.97589111328125
-0.271484375 0.0 -0.65679931640625
0.533203125 -0.94921875 0.45867919921875
-0.177734375 -1.28515625 -0.65289306640625
-0.037109375 -1.14453125 -0.91925048828125
-0.568359375 -0.6328125 -1.26324462890625
0.978515625 1.390625 -1.28546142578125
0.478515625 -1.01171875 0.45867919921875
0.666015625 1.3984375 -0.97589111328125
-0.177734375 -1.26171875 -0.73760986328125
0.400390625 0.1953125 -1.23455810546875
0.650390625 0.78125 -1.26153564453125
-0.412109375 -0.1796875 -0.41632080078125
-0.076171875 -0.76953125 1.00067138671875
-0.099609375 -0.046875 -1.2628173828125
0.634765625 1.3671875 -0.45977783203125
-0.185546875 -1.01171875 1.28973388671875
0.486328125 -1.00390625 1.03582763671875
-0.396484375 -0.66015625 1.24871826171875
-0.130859375 -1.234375 -0.58477783203125
0.166015625 0.90625 -0.67901611328125
-0.201171875 0.1328125 -0.65899658203125
0.525390625 -0.9375 0.75946044921875
-0.076171875 -1.11328125 -0.73809814453125
-0.427734375 -1.3046875 1.23114013671875
0.416015625 0.4296875 -1.2528076171875
-0.685546875 -0.77734375 -1.26483154296875
-0.130859375 -0.9453125 1.28778076171875
-0.130859375 -1.24609375 -0.92120361328125
-0.591796875 -0.70703125 0.38739013671875
0.634765625 1.3671875 -0.45977783203125
0.533203125 -0.94921875 0.54071044921875
-0.521484375 -0.5078125 0.46356201171875
-0.099609375 -1.2890625 -0.34991455078125
-0.107421875 -1.25390625 -0.73321533203125
0.298828125 -0.5859375 -1.181671142578125
0.455078125 -1.08203125 1.03387451171875
-0.662109375 -0.5703125 -0.00811767578125
-0.685546875 -0.77734375 -1.26483154296875
-0.560546875 -0.484375 -0.33087158203125
-0.568359375 -0.48046875 0.54266357421875
0.462890625 -1.0390625 0.81903076171875
0.541015625 1.21875 -0.67413330078125
-1.076171875 -0.57421875 1.19403076171875
-0.060546875 0.1328125 -1.27398681640625
0.447265625 0.578125 -1.2620849609375
-0.326171875 -0.296875 -0.08917236328125
0.416015625 -1.0703125 1.19793701171875
-0.630859375 -0.5546875 -0.33135986328125
0.595703125 1.359375 -0.42462158203125
-0.599609375 -0.546875 1.01434326171875
-0.388671875 -0.2421875 -0.00811767578125
-0.552734375 -0.8671875 1.23699951171875
-1.060546875 0.28125 -1.10308837890625
0.095703125 0.0703125 -1.2529296875
-0.482421875 -0.515625 -1.2640380859375
-0.435546875 -1.3515625 1.23114013671875
-0.201171875 0.1328125 -0.65899658203125
-0.177734375 -1.28515625 -0.65289306640625
0.998046875 1.4296875 -1.28753662109375
-0.701171875 -0.58984375 0.86004638671875
0.478515625 1.15625 -0.34844970703125
0.533203125 -0.94140625 0.31512451171875
-0.458984375 -0.2421875 -0.16827392578125
0.619140625 1.390625 -0.38262939453125
-0.576171875 -0.48828125 0.30633544921875
-0.701171875 -0.58984375 0.86004638671875
-0.544921875 -0.5 -0.40997314453125
0.470703125 1.1484375 -0.67413330078125
-0.591796875 -1.2265625 -0.37628173828125
-0.568359375 -0.8203125 1.25262451171875
-0.076171875 -1.25 -0.34991455078125
0.439453125 -1.07421875 0.96356201171875
0.400390625 1.125 -0.38018798828125
-0.044921875 -0.83984375 1.28778076171875
-0.123046875 -0.7890625 1.00262451171875
-0.474609375 -1.0546875 -0.30596923828125
0.509765625 -0.9921875 0.60321044921875
-0.513671875 -0.63671875 -0.16534423828125
-0.076171875 -0.87890625 1.28778076171875
-0.576171875 -0.5078125 -0.16534423828125
-0.474609375 -1.0546875 -0.30596923828125
0.314453125 1.375 -0.28253173828125
-0.685546875 -0.328125 0.14227294921875
-0.849609375 -0.83203125 1.25457763671875
-0.177734375 -1.49609375 -0.64239501953125
0.455078125 -1.04296875 0.68719482421875
0.416015625 0.4921875 -1.25830078125
-0.826171875 -0.96484375 -1.26580810546875
-0.466796875 -0.2109375 -1.28753662109375
0.423828125 -1.0703125 1.10809326171875
0.626953125 1.40625 -0.84381103515625
-0.044921875 -1.2421875 -0.35430908203125
-0.716796875 -0.609375 0.86590576171875
0.330078125 -0.55078125 -0.65631103515625
-0.576171875 -0.46484375 0.30731201171875
0.603515625 1.359375 -0.35137939453125
-0.943359375 -1.11328125 -1.266845703125
-0.130859375 -1.234375 -0.58477783203125
-0.130859375 -0.76953125 1.21942138671875
-0.662109375 -0.5859375 0.54266357421875
-0.576171875 -0.47265625 0.62176513671875
-0.662109375 -0.63671875 -0.09210205078125
-0.451171875 -0.734375 1.24871826171875
0.416015625 -1.0703125 1.19793701171875
-0.091796875 -1.26171875 -0.43096923828125
-0.599609375 -0.79296875 0.15106201171875
0.509765625 -0.9921875 0.24969482421875
0.634765625 1.4296875 -0.46319580078125
-0.130859375 -0.078125 -1.2626953125
-0.654296875 -0.5625 1.09442138671875
0.509765625 -0.984375 0.39520263671875
0.517578125 -0.9765625 0.97723388671875
-0.427734375 -1.3046875 1.23114013671875
-0.693359375 -0.625 -0.25225830078125
0.619140625 1.34375 -0.67681884765625
-0.771484375 -0.2421875 0.22039794921875
-1.123046875 -0.65625 1.19403076171875
0.650390625 0.78125 -1.26153564453125
-0.779296875 -0.265625 0.38446044921875
-0.552734375 -0.62890625 0.46649169921875
0.048828125 -1.0390625 -0.91864013671875
-0.654296875 -1.30078125 -0.37677001953125
0.650390625 0.78125 -1.26153564453125
0.611328125 1.25 -0.96929931640625
-0.396484375 -0.40234375 -1.2637939453125
0.509765625 -0.96484375 0.81903076171875
0.650390625 1.3125 -1.03656005859375
0.455078125 -1.04296875 0.68719482421875
0.564453125 1.234375 -0.45684814453125
-0.943359375 0.078125 -0.53790283203125
0.830078125 1.1953125 -1.28155517578125
0.478515625 -1.01171875 0.75946044921875
-0.583984375 -0.48046875 0.54559326171875
-0.466796875 -0.2421875 -0.40606689453125
0.642578125 1.515625 -1.052978515625
-0.388671875 -0.2421875 -0.00811767578125
0.478515625 -1.01171875 0.09930419921875
-0.373046875 -0.90625 -0.38507080078125
-0.779296875 -0.203125 0.30438232421875
-0.693359375 -1.19140625 -0.31182861328125
0.619140625 1.390625 -0.38262939453125
0.205078125 0.9296875 -0.84112548828125
0.400390625 -1.10546875 1.25262451171875
-0.693359375 -0.5625 1.02606201171875
0.626953125 1.46875 -0.51983642578125
-0.943359375 0.078125 -0.53790283203125
0.501953125 -0.98046875 0.31610107421875
0.431640625 0.46875 -1.25421142578125
-1.123046875 -0.65625 1.19403076171875
-0.701171875 -0.5625 0.62274169921875
0.517578125 1.171875 -0.51055908203125
-0.201171875 -1.30078125 -0.73785400390625
-0.419921875 -0.91015625 -0.37921142578125
0.400390625 0.1953125 -1.23455810546875
-0.505859375 -0.4453125 -0.16485595703125
-0.498046875 -0.1875 -0.50079345703125
0.728515625 1.1015625 -1.28192138671875
0.423828125 -1.0859375 0.75946044921875
1.150390625 1.2734375 -1.26239013671875
-0.576171875 -0.48828125 0.30633544921875
0.478515625 -1.01171875 0.09930419921875
0.548828125 1.2109375 -0.51055908203125
