MOTORCYCLIST
-0.3828125 -0.197265625 -0.50531005859375
0.2421875 -0.005859375 0.6119384765625
-0.3828125 0.041015625 0.1109619140625
0.1953125 0.076171875 0.6109619140625
0.1640625 -0.017578125 0.7213134765625
-0.3125 -0.158203125 0.1207275390625
0.0078125 0.001953125 -0.5916748046875
-0.3203125 -0.251953125 -0.34735107421875
-0.2421875 0.048828125 0.0802001953125
-0.3828125 0.041015625 0.1109619140625
0.46875 -0.193359375 -0.2333984375
-0.3125 -0.013671875 0.6373291015625
-0.078125 -0.138671875 -0.1697998046875
-0.3125 -0.021484375 0.4468994140625
-0.0859375 -0.294921875 -0.1541748046875
-0.3125 -0.072265625 0.0963134765625
-0.2109375 -0.189453125 0.1134033203125
0.203125 0.041015625 0.6119384765625
0.28125 -0.048828125 0.5582275390625
-0.3046875 -0.162109375 0.4542236328125
-0.203125 -0.037109375 0.6334228515625
-0.8203125 -0.185546875 0.1695556640625
0.4453125 -0.201171875 -0.6383056640625
-0.046875 -0.345703125 -0.1541748046875
0.2734375 0.080078125 0.3365478515625
-0.703125 -0.072265625 -0.47021484375
0.4453125 -0.201171875 -0.6383056640625
-0.2421875 0.048828125 0.0802001953125
-0.0859375 -0.177734375 -0.55462646484375
0.25 -0.025390625 0.6646728515625
0.3125 -0.037109375 0.6090087890625
-0.28125 0.154296875 0.4351806640625
0.2109375 -0.201171875 -0.600830078125
0.2265625 -0.005859375 0.5592041015625
-0.0546875 -0.197265625 -0.1671142578125
0.2265625 0.107421875 0.5548095703125
0.28125 -0.048828125 0.5582275390625
-0.359375 -0.208984375 -0.347412109375
0.1640625 -0.017578125 0.7213134765625
0.2421875 -0.033203125 0.2154541015625
0.46875 -0.193359375 -0.2333984375
0.453125 -0.205078125 0.2076416015625
-0.4296875 -0.017578125 -0.1373291015625
-0.2734375 -0.169921875 0.1182861328125
0.265625 -0.240234375 0.3551025390625
0.5625 -0.201171875 -0.657958984375
-0.640625 -0.099609375 -0.475677490234375
-0.203125 -0.185546875 0.0943603515625
0.3828125 0.021484375 0.7105712890625
0.2734375 0.111328125 0.3350830078125
0.3046875 0.005859375 0.7144775390625
0.234375 -0.107421875 0.0435791015625
-0.8203125 -0.185546875 0.1695556640625
-0.640625 -0.099609375 -0.475677490234375
-0.8359375 -0.095703125 0.1641845703125
0.2734375 0.111328125 0.3350830078125
0.2265625 -0.005859375 0.5592041015625
-0.3828125 -0.197265625 -0.50531005859375
0.15625 -0.255859375 -0.41510009765625
-0.4375 0.013671875 -0.36297607421875
-0.8359375 0.095703125 0.1470947265625
-0.2109375 -0.189453125 0.1134033203125
-0.3359375 -0.232421875 -0.347412109375
0.1953125 0.076171875 0.6109619140625
0.0703125 -0.302734375 0.2476806640625
0.328125 -0.091796875 0.4493408203125
-0.2734375 -0.169921875 0.1182861328125
0.265625 -0.240234375 0.3551025390625
0.1953125 -0.333984375 0.2384033203125
-0.2421875 0.048828125 0.0802001953125
-0.0859375 -0.177734375 -0.55462646484375
-0.1484375 -0.119140625 0.2550048828125
-0.40625 -0.076171875 -0.1356201171875
0.2890625 -0.068359375 0.3433837890625
0.21875 0.060546875 0.5567626953125
0.296875 0.169921875 0.3297119140625
0.6484375 -0.224609375 -0.6695556640625
0.25 0.013671875 0.2115478515625
-0.453125 -0.056640625 0.1256103515625
-0.4921875 -0.068359375 -0.34490966796875
-0.859375 -0.076171875 0.1646728515625
-0.6484375 -0.294921875 0.1636962890625
0.28125 -0.048828125 0.5582275390625
-0.609375 -0.111328125 -0.4803466796875
0.453125 -0.205078125 0.2076416015625
-0.2109375 -0.302734375 0.1041259765625
0.2578125 -0.205078125 0.3536376953125
-0.2734375 -0.087890625 0.0938720703125
0.078125 -0.337890625 0.2496337890625
-0.609375 -0.111328125 -0.4803466796875
-0.3203125 -0.251953125 -0.34735107421875
-0.2265625 -0.287109375 -0.35650634765625
0.6484375 -0.224609375 -0.6695556640625
0.2734375 0.080078125 0.3365478515625
0.2890625 -0.068359375 0.3433837890625
-0.2265625 -0.287109375 -0.35650634765625
-0.2109375 -0.189453125 0.1134033203125
0.2421875 -0.005859375 0.6119384765625
0.21875 0.060546875 0.5567626953125
-0.28125 0.154296875 0.4351806640625
0.0 -0.345703125 -0.1610107421875
-0.4921875 -0.068359375 -0.34490966796875
0.2734375 -0.005859375 0.3414306640625
-0.1953125 0.287109375 0.0560302734375
0.1796875 -0.041015625 0.7213134765625
-0.3359375 0.158203125 0.6314697265625
-0.40625 -0.076171875 -0.1356201171875
0.3828125 -0.212890625 0.4517822265625
0.28125 0.244140625 0.3267822265625
-0.484375 -0.126953125 -0.49755859375
0.0078125 -0.259765625 -0.55999755859375
-0.1484375 -0.302734375 -0.36578369140625
-0.6484375 -0.302734375 -0.2958984375
-0.6328125 -0.326171875 -0.2957763671875
-0.6328125 -0.326171875 -0.2957763671875
0.0 -0.298828125 -0.38787841796875
-0.265625 -0.283203125 -0.3515625
-0.40625 -0.076171875 -0.1356201171875
0.1953125 0.076171875 0.6109619140625
-0.3828125 -0.130859375 -0.1329345703125
0.1796875 -0.041015625 0.7213134765625
0.28125 -0.048828125 0.5582275390625
-0.609375 -0.111328125 -0.4803466796875
-0.3828125 0.041015625 0.1109619140625
0.2578125 -0.205078125 0.3536376953125
-0.203125 -0.263671875 0.1007080078125
-0.296875 -0.232421875 0.4576416015625
-0.171875 -0.349609375 0.1036376953125
-0.0625 -0.056640625 -0.1790771484375
0.2578125 -0.205078125 0.3536376953125
0.1953125 0.076171875 0.6109619140625
-0.4921875 -0.068359375 -0.34490966796875
-0.609375 -0.111328125 -0.4803466796875
0.2421875 -0.005859375 0.6119384765625
0.2421875 -0.005859375 0.6119384765625
-0.8359375 0.095703125 0.1470947265625
-0.1015625 -0.298828125 -0.37359619140625
0.109375 0.302734375 0.2052001953125
-0.3125 -0.205078125 0.4571533203125
0.3203125 -0.064453125 0.7164306640625
0.1953125 -0.333984375 0.2384033203125
0.5625 -0.201171875 -0.657958984375
-0.453125 -0.056640625 0.1256103515625
-0.7265625 0.306640625 0.1202392578125
-0.2890625 0.185546875 0.4342041015625
-0.171875 -0.349609375 0.1036376953125
-0.2734375 -0.126953125 0.0968017578125
0.28125 -0.013671875 0.5562744140625
0.2109375 0.259765625 0.1993408203125
0.25 -0.208984375 -0.606201171875
0.328125 -0.091796875 0.4493408203125
-0.2109375 -0.302734375 0.1041259765625
0.28125 -0.267578125 0.3551025390625
0.578125 -0.197265625 -0.2481689453125
0.234375 0.037109375 0.2115478515625
-0.1484375 -0.119140625 0.2550048828125
0.2734375 -0.005859375 0.3414306640625
0.2109375 0.064453125 0.6627197265625
-0.7265625 0.306640625 0.1202392578125
0.2265625 0.021484375 0.6109619140625
0.8828125 -0.115234375 -0.7213134765625
0.6484375 -0.193359375 -0.2567138671875
-0.7265625 -0.056640625 -0.4686737060546875
-0.3828125 -0.201171875 -0.3446044921875
-0.640625 -0.099609375 -0.475677490234375
-0.4375 0.017578125 -0.1405029296875
0.0 -0.345703125 -0.1610107421875
0.3359375 0.107421875 0.4395751953125
0.2734375 0.111328125 0.3350830078125
-0.390625 -0.103515625 -0.1341552734375
0.109375 0.267578125 0.2071533203125
-0.25 -0.185546875 0.0987548828125
0.25 0.154296875 0.6051025390625
0.8828125 -0.115234375 -0.7213134765625
0.34375 -0.193359375 0.0379638671875
-0.703125 -0.072265625 -0.47021484375
-0.375 -0.087890625 -0.51953125
-0.734375 0.052734375 -0.4813232421875
0.3359375 0.107421875 0.4395751953125
-0.3125 -0.060546875 0.4488525390625
0.2109375 0.064453125 0.6627197265625
-0.015625 -0.240234375 -0.5584716796875
0.3359375 0.107421875 0.4395751953125
-0.0703125 -0.326171875 -0.1529541015625
0.3046875 -0.064453125 0.4498291015625
0.515625 -0.193359375 -0.65087890625
-0.2890625 0.111328125 0.4381103515625
0.3359375 -0.201171875 0.4542236328125
-0.015625 -0.240234375 -0.5584716796875
0.59375 -0.220703125 -0.6610107421875
-0.8359375 -0.095703125 0.1641845703125
-0.28125 0.154296875 0.4351806640625
-0.3046875 -0.162109375 0.4542236328125
0.2578125 -0.205078125 0.3536376953125
0.25 -0.025390625 0.6646728515625
-0.8515625 0.115234375 0.1475830078125
-0.1953125 -0.216796875 0.0953369140625
0.265625 0.033203125 0.3399658203125
0.109375 -0.353515625 0.2471923828125
0.3203125 -0.134765625 0.4522705078125
