MOTORCYCLIST
0.796875 -0.04296875 -0.3052978515625
0.734375 -0.14453125 -0.30712890625
0.703125 0.07421875 -0.3109130859375
0.578125 -0.234375 -0.31494140625
0.390625 0.02734375 0.21240234375
0.34375 -0.17578125 0.21142578125
0.359375 0.02734375 0.5712890625
0.328125 -0.07421875 0.5712890625
0.359375 0.13671875 0.210205078125
0.359375 0.140625 0.5712890625
0.28125 -0.171875 0.5703125
0.296875 0.265625 0.568359375
0.28125 0.26953125 0.205810546875
0.21875 0.046875 0.74853515625
0.1875 -0.05859375 0.748046875
0.125 -0.25390625 0.20361328125
0.109375 -0.23046875 -0.3345947265625
0.171875 0.09765625 -0.334228515625
0.140625 -0.01171875 -0.334716796875
0.109375 -0.05859375 -0.52490234375
0.109375 0.04296875 -0.5263671875
-0.046875 -0.15234375 -0.532958984375
-0.09375 -0.359375 -0.71923828125
-0.0625 -0.09765625 -0.15960693359375
-0.046875 0.01171875 -0.1597900390625
-0.09375 -0.2109375 -0.353515625
-0.0625 -0.00390625 0.0244140625
-0.109375 -0.24609375 -0.5361328125
-0.140625 -0.32421875 0.194091796875
-0.171875 -0.1875 -0.164459228515625
-0.171875 -0.08984375 0.0203857421875
-0.203125 -0.10546875 -0.72998046875
-0.21875 -0.046875 0.39404296875
-0.203125 0.07421875 0.3935546875
-0.25 -0.09375 0.203857421875
-0.234375 0.0234375 0.20361328125
-0.234375 0.125 0.202880859375
-0.3125 0.01171875 0.5771484375
-0.28125 0.19921875 0.39013671875
-0.34375 -0.09765625 0.57666015625
-0.328125 0.125 0.576171875
-0.40625 -0.1953125 0.5751953125
-0.34375 0.24609375 0.57470703125
-0.484375 -0.28125 0.19580078125
-0.4375 0.08203125 0.76171875
-0.4375 0.19921875 -0.18218994140625
-0.46875 0.16796875 -0.751953125
-0.578125 -0.3203125 0.38330078125
-0.578125 -0.23046875 -0.3739013671875
-0.484375 0.34375 0.38232421875
-0.609375 -0.20703125 0.38134765625
-0.609375 0.0078125 0.7578125
-0.578125 0.3046875 -0.76171875
-0.71875 -0.109375 -0.0047607421875
-0.75 -0.2265625 -0.0047607421875
-0.75 -0.1953125 -0.1944580078125
-0.78125 -0.32421875 -0.00555419921875
-0.796875 -0.30859375 -0.19573974609375
-0.671875 0.359375 -0.19561767578125
-0.703125 0.34765625 -0.00799560546875
-0.765625 0.2421875 -0.00933837890625
