MOTORCYCLIST
-0.0625 -0.5390625 -0.2537841796875
0.0625 -0.2421875 0.0089111328125
0.0625 -0.2421875 -0.2542724609375
0.0 -0.3359375 -0.3001708984375
0.21875 0.1640625 -0.5198974609375
-0.09375 -0.4609375 -0.3021240234375
-0.0625 -0.3984375 -0.5218505859375
-0.0625 -0.3671875 -0.2576904296875
-0.0625 -0.3515625 0.0050048828125
0.1875 0.2109375 -0.2581787109375
-0.03125 -0.2265625 0.2669677734375
0.09375 0.1328125 0.47802734375
0.03125 0.1015625 -0.2635498046875
-0.03125 0.0078125 0.47607421875
-0.09375 -0.1171875 -0.3099365234375
-0.125 -0.1171875 0.474853515625
0.0625 0.2734375 -0.0023193359375
0.0625 0.4296875 0.5218505859375
-0.0625 0.3046875 0.2554931640625
-0.21875 0.0234375 0.2542724609375
-0.03125 0.5390625 0.4669189453125
-0.1875 0.3671875 0.5147705078125
-0.1875 0.4453125 0.4632568359375
