MOTORCYCLIST
-0.4765625 -0.14453125 -0.1854705810546875
-0.4453125 -0.19921875 -0.185821533203125
-0.4765625 -0.06640625 -0.18804931640625
-0.3984375 -0.01953125 -0.603271484375
-0.4140625 0.03515625 -0.19586944580078125
-0.3203125 -0.05859375 0.244384765625
-0.3359375 -0.00390625 0.243896484375
-0.1171875 -0.26171875 -0.2078399658203125
-0.2109375 -0.00390625 -0.34765625
-0.2109375 0.05859375 -0.125
-0.1796875 -0.00390625 -0.125
-0.1171875 -0.04296875 -0.12890625
-0.1953125 0.14453125 0.232666015625
-0.2421875 0.26953125 0.232177734375
-0.0859375 -0.02734375 -0.356201171875
-0.0546875 -0.08984375 -0.2182464599609375
-0.0859375 -0.01953125 -0.6328125
-0.0234375 -0.06640625 -0.361083984375
-0.0078125 -0.06640625 -0.1351318359375
0.0390625 -0.10546875 0.088134765625
0.0078125 0.01953125 0.086669921875
0.0390625 -0.04296875 0.0869140625
0.0546875 -0.03515625 0.198974609375
0.0859375 -0.09765625 -0.3681640625
0.0859375 -0.09765625 0.19873046875
0.1328125 -0.21484375 0.5625
0.1796875 -0.26953125 0.56201171875
0.1171875 -0.07421875 0.2216796875
0.1484375 -0.13671875 0.221435546875
0.1796875 -0.20703125 0.1962890625
0.1796875 -0.19140625 -0.2327423095703125
0.1640625 -0.13671875 0.1953125
0.1484375 -0.12109375 0.560546875
0.1328125 -0.06640625 0.56005859375
0.0703125 0.12109375 0.193359375
0.1015625 0.05859375 0.193359375
0.1484375 0.00390625 0.30615234375
0.2578125 -0.23046875 -0.237030029296875
0.2734375 -0.16015625 -0.152679443359375
0.1953125 0.04296875 0.55615234375
0.1328125 0.23046875 0.18701171875
0.2890625 -0.07421875 -0.157867431640625
0.3203125 -0.13671875 0.07177734375
0.3515625 -0.19921875 -0.157562255859375
0.3515625 -0.19140625 0.071044921875
0.3359375 -0.12109375 -0.3878173828125
0.3359375 -0.05078125 -0.39111328125
0.4765625 0.01171875 0.057861328125
0.4609375 0.07421875 0.28759765625
0.4140625 0.20703125 0.286865234375
0.4765625 0.08203125 0.6328125
