MOTORCYCLIST
-0.5078125 -0.11328125 -0.1517333984375
-0.5234375 0.02734375 -0.15618896484375
-0.3984375 -0.01171875 -0.5496826171875
-0.3046875 0.02734375 -0.086181640625
-0.1640625 -0.21484375 -0.1734619140625
-0.2421875 -0.01953125 -0.0887451171875
-0.2421875 -0.00390625 -0.5643310546875
-0.1640625 -0.13671875 -0.17669677734375
-0.1796875 -0.05078125 -0.09228515625
-0.2734375 0.18359375 -0.0946044921875
-0.1328125 -0.09765625 -0.5697021484375
-0.1484375 -0.02734375 -0.5718994140625
-0.0703125 0.00390625 -0.3177490234375
-0.0078125 -0.10546875 -0.318115234375
-0.0859375 0.06640625 -0.3192138671875
-0.0234375 -0.04296875 -0.1043701171875
0.0234375 -0.01953125 -0.32440185546875
0.0546875 -0.08203125 -0.10888671875
0.1171875 -0.20703125 0.2359619140625
0.1015625 -0.14453125 0.2352294921875
0.0703125 -0.00390625 0.2122802734375
0.0546875 0.05859375 0.2117919921875
0.1171875 -0.06640625 0.2327880859375
0.0859375 -0.00390625 0.5557861328125
0.1171875 -0.06640625 0.5557861328125
0.1015625 -0.00390625 0.2320556640625
0.1015625 0.01171875 0.1021728515625
0.1953125 -0.18359375 -0.201385498046875
0.1328125 -0.04296875 0.2098388671875
0.0859375 0.05859375 0.2310791015625
0.1796875 -0.09765625 0.5538330078125
0.1015625 0.13671875 0.2281494140625
0.2890625 -0.25390625 0.2069091796875
0.2421875 -0.13671875 -0.11993408203125
0.3046875 -0.19921875 -0.2086181640625
0.2421875 -0.05859375 -0.12255859375
0.3203125 -0.16015625 -0.1251220703125
0.1640625 0.19140625 0.2010498046875
0.3046875 -0.09765625 -0.3448486328125
0.2734375 -0.03515625 -0.6121826171875
0.3828125 -0.27734375 0.2017822265625
0.3359375 -0.14453125 -0.34521484375
0.1796875 0.27734375 0.1978759765625
0.3359375 -0.00390625 -0.3515625
0.4609375 -0.19140625 -0.220458984375
0.5078125 -0.22265625 0.3028564453125
0.5078125 -0.20703125 -0.6275634765625
0.4609375 -0.09765625 0.1927490234375
0.5234375 -0.13671875 -0.36083984375
0.5234375 0.00390625 0.1864013671875
0.5234375 -0.01171875 0.6275634765625
