MOTORCYCLIST
-0.515625 -0.0703125 -0.5692138671875
-0.4453125 -0.0859375 -0.5762939453125
-0.4765625 -0.015625 -0.037841796875
-0.4921875 0.0390625 -0.039306640625
-0.5078125 0.09375 -0.0411376953125
-0.359375 -0.1640625 0.0565185546875
-0.3203125 -0.203125 0.0560302734375
-0.390625 -0.0546875 0.0543212890625
-0.359375 -0.1015625 -0.5841064453125
-0.4140625 0.03125 -0.268463134765625
-0.4140625 0.03125 -0.5731201171875
-0.375 -0.0078125 -0.5750732421875
-0.4140625 0.09375 -0.5775146484375
-0.2265625 -0.2109375 0.0496826171875
-0.3125 -0.0390625 -0.5797119140625
-0.2578125 -0.09375 -0.5953369140625
-0.3203125 0.03125 -0.27703857421875
-0.140625 -0.21875 0.0440673828125
-0.2265625 -0.046875 -0.0556640625
-0.2265625 -0.0390625 -0.281768798828125
-0.265625 0.0546875 -0.058349609375
-0.15625 -0.1015625 -0.6051025390625
-0.1328125 -0.1171875 -0.286041259765625
-0.2109375 0.0234375 -0.060546875
-0.140625 -0.0546875 -0.2890625
-0.0390625 -0.2265625 0.0372314453125
-0.046875 -0.2265625 0.4049072265625
-0.0703125 -0.171875 0.4044189453125
-0.1796875 0.0546875 -0.291168212890625
-0.1484375 0.0 -0.5999755859375
-0.109375 -0.0390625 -0.0657958984375
-0.125 0.0078125 0.1182861328125
-0.0703125 -0.078125 -0.6029052734375
0.046875 -0.2734375 0.3951416015625
-0.015625 -0.140625 -0.6180419921875
-0.0859375 -0.0546875 0.6773681640625
0.0390625 -0.234375 0.0318603515625
-0.046875 -0.09375 0.4010009765625
-0.0234375 -0.078125 -0.6209716796875
-0.046875 -0.03125 0.3990478515625
-0.1015625 0.0703125 0.6759033203125
-0.0390625 0.0078125 -0.6124267578125
0.0625 -0.125 -0.0750732421875
-0.0390625 0.046875 0.3961181640625
0.1328125 -0.2421875 0.0255126953125
-0.046875 0.1015625 0.3946533203125
0.1328125 -0.15625 -0.0792236328125
-0.0859375 0.2109375 0.3936767578125
0.15625 -0.1328125 -0.31134033203125
0.1015625 -0.03125 -0.6246337890625
0.1796875 -0.09375 -0.6412353515625
0.1171875 0.0390625 -0.087646484375
-0.0234375 0.2734375 0.2872314453125
0.21875 -0.1328125 -0.6431884765625
0.25 -0.1484375 -0.0892333984375
0.2109375 -0.046875 0.2852783203125
0.21875 -0.03125 -0.6373291015625
0.328125 -0.234375 0.2847900390625
0.3125 -0.109375 -0.32763671875
0.359375 -0.140625 -0.09814453125
0.359375 -0.15625 0.3746337890625
0.3828125 -0.140625 0.4669189453125
0.390625 -0.1171875 -0.6510009765625
0.4375 -0.1953125 0.00146484375
0.3984375 -0.125 0.2769775390625
0.390625 -0.0625 0.2750244140625
0.3125 0.078125 0.5587158203125
0.4609375 -0.15625 -0.10595703125
0.375 0.0 -0.6571044921875
0.34375 0.03125 0.6529541015625
0.4140625 -0.0546875 0.0833740234375
0.3515625 0.03125 0.5582275390625
0.3828125 -0.015625 0.5582275390625
0.4140625 -0.0625 0.4635009765625
0.328125 0.0859375 0.6524658203125
0.3828125 -0.0078125 0.6524658203125
0.421875 -0.0390625 -0.6590576171875
0.453125 -0.0859375 -0.34136962890625
0.3984375 -0.0078125 0.4625244140625
0.40625 0.0078125 0.0809326171875
0.4609375 -0.0859375 0.0814208984375
0.359375 0.1171875 0.2701416015625
0.3984375 0.0703125 0.0794677734375
0.4453125 -0.0390625 0.6505126953125
0.375 0.1171875 0.3643798828125
0.515625 -0.125 0.0794677734375
0.3984375 0.0703125 0.4600830078125
0.4609375 -0.0390625 0.5552978515625
0.484375 -0.0390625 -0.6773681640625
0.3828125 0.1953125 0.3614501953125
0.359375 0.2421875 0.3614501953125
0.359375 0.25 0.2659912109375
0.4140625 0.140625 0.4571533203125
0.4296875 0.15625 0.0736083984375
0.4296875 0.21875 0.4542236328125
