MOTORCYCLIST
-0.3984375 -0.26953125 0.232666015625
-0.515625 -0.05859375 -0.0487060546875
-0.5234375 -0.00390625 -0.0517578125
-0.4140625 -0.15234375 -0.341064453125
-0.515625 0.00390625 -0.3240966796875
-0.453125 -0.06640625 -0.0531005859375
-0.5078125 0.06640625 -0.056884765625
-0.4609375 -0.01171875 -0.721435546875
-0.53125 0.11328125 -0.0582275390625
-0.4453125 -0.00390625 -0.3302001953125
-0.4140625 -0.03515625 -0.3316650390625
-0.296875 -0.07421875 -0.06591796875
-0.171875 -0.27734375 -0.732666015625
-0.1875 -0.23046875 -0.735107421875
-0.2421875 -0.09765625 -0.3443603515625
-0.1953125 -0.17578125 -0.739990234375
-0.2578125 -0.04296875 -0.3463134765625
-0.203125 -0.12109375 -0.743896484375
-0.1953125 -0.11328125 -0.3651123046875
-0.140625 -0.19921875 0.539794921875
-0.2109375 -0.06640625 -0.748291015625
-0.125 -0.18359375 0.2099609375
-0.21875 -0.01171875 -0.751708984375
-0.140625 -0.13671875 0.537353515625
-0.125 -0.12890625 -0.3709716796875
-0.125 -0.12890625 0.20751953125
-0.1953125 -0.00390625 0.123291015625
-0.1796875 -0.03515625 0.536376953125
-0.2265625 0.05078125 -0.756591796875
-0.03125 -0.23828125 0.206298828125
-0.0546875 -0.19921875 0.2060546875
-0.2109375 0.05859375 -0.3590087890625
-0.140625 -0.07421875 0.535888671875
-0.03125 -0.18359375 -0.0821533203125
-0.0390625 -0.12890625 -0.0855712890625
-0.3203125 0.27734375 -0.766357421875
-0.15625 0.08984375 0.28173828125
-0.140625 0.05078125 0.531005859375
0.046875 -0.19140625 -0.08905029296875
0.015625 -0.08984375 -0.37109375
0.0234375 -0.08203125 -0.3896484375
-0.125 0.12109375 0.527587890625
0.0234375 0.04296875 -0.1014404296875
0.203125 -0.21484375 0.2724609375
0.15625 -0.11328125 -0.4005126953125
0.2578125 -0.16796875 0.434814453125
0.2421875 -0.10546875 -0.4097900390625
0.265625 -0.16796875 0.518798828125
0.2421875 -0.12890625 0.518798828125
0.265625 -0.10546875 0.431884765625
0.2734375 -0.09765625 0.26220703125
0.359375 -0.20703125 0.178466796875
0.2890625 -0.08203125 -0.11688232421875
0.3359375 -0.17578125 0.430908203125
0.3359375 -0.16015625 0.177978515625
0.265625 -0.04296875 0.260009765625
0.296875 -0.07421875 -0.40185546875
0.3046875 -0.07421875 0.089599609375
0.2421875 -0.00390625 0.598876953125
0.2421875 -0.01171875 0.683349609375
0.21875 0.03515625 0.598388671875
0.3359375 -0.11328125 0.089111328125
0.25 0.00390625 0.512939453125
0.28125 -0.03515625 0.513427734375
0.2890625 -0.01953125 0.087646484375
0.2265625 0.05078125 0.681884765625
0.2421875 0.06640625 0.256591796875
0.2734375 0.01953125 0.257080078125
0.2265625 0.05078125 0.766357421875
0.3828125 -0.15234375 0.25732421875
0.3828125 -0.14453125 0.0869140625
0.2890625 -0.03515625 0.682373046875
0.28125 0.03515625 0.08544921875
0.3671875 -0.08984375 -0.12371826171875
0.3984375 -0.12890625 -0.1241455078125
0.1953125 0.21484375 0.252685546875
0.2734375 0.08203125 0.509033203125
0.4453125 -0.16796875 0.254150390625
0.171875 0.26171875 0.25146484375
0.328125 -0.00390625 0.594482421875
0.28125 0.09765625 0.423095703125
0.4765625 -0.19140625 0.169921875
0.40625 -0.05859375 -0.429443359375
0.4140625 -0.05859375 -0.41455078125
0.2578125 0.19921875 0.505126953125
0.2890625 0.16796875 0.419677734375
0.265625 0.21484375 0.419189453125
0.4140625 -0.01171875 0.590576171875
0.53125 -0.09765625 -0.137847900390625
0.53125 -0.03515625 -0.42919921875
