MOTORCYCLIST
-0.359375 -0.267578125 -0.28076171875
-0.3125 -0.251953125 -0.033203125
-0.3125 -0.236328125 -0.04931640625
-0.328125 -0.169921875 -0.04931640625
-0.28125 -0.314453125 -0.03369140625
-0.34375 -0.091796875 -0.0498046875
-0.3125 -0.169921875 -0.03369140625
-0.3125 -0.138671875 -0.177734375
-0.28125 -0.208984375 -0.177734375
-0.234375 -0.267578125 -0.17919921875
-0.265625 -0.177734375 0.07373046875
-0.21875 -0.294921875 -0.0517578125
-0.265625 -0.142578125 0.08935546875
-0.265625 -0.103515625 0.07373046875
-0.265625 -0.068359375 -0.03662109375
-0.265625 -0.064453125 0.0888671875
-0.21875 -0.208984375 0.0888671875
-0.203125 -0.240234375 0.07275390625
-0.265625 -0.021484375 0.07275390625
-0.046875 -0.322265625 -0.04052734375
-0.03125 -0.302734375 -0.440185546875
-0.03125 -0.283203125 -0.1865234375
-0.0625 -0.150390625 0.1953125
-0.078125 -0.126953125 0.4501953125
-0.078125 -0.080078125 0.1943359375
0.0 -0.216796875 0.083984375
-0.078125 0.076171875 0.08349609375
-0.046875 0.080078125 -0.04443359375
0.046875 -0.240234375 0.0654296875
-0.046875 0.130859375 0.06494140625
-0.015625 -0.029296875 0.44921875
-0.015625 0.021484375 0.1923828125
0.109375 -0.267578125 -0.30029296875
0.078125 -0.189453125 0.19140625
0.0625 -0.123046875 0.2080078125
0.109375 -0.259765625 0.0810546875
0.03125 -0.037109375 0.3349609375
0.046875 -0.048828125 0.2080078125
0.0 0.107421875 0.19140625
0.15625 -0.318359375 -0.4501953125
0.125 -0.255859375 0.19140625
0.109375 -0.189453125 0.2080078125
-0.015625 0.259765625 0.080078125
0.015625 0.177734375 -0.04736328125
0.015625 0.185546875 -0.0654296875
0.171875 -0.326171875 -0.04736328125
0.03125 0.107421875 0.20703125
0.15625 -0.244140625 0.20703125
0.1875 -0.310546875 0.1904296875
0.1875 -0.275390625 0.06201171875
0.09375 0.056640625 0.333984375
0.140625 -0.091796875 0.333984375
0.125 -0.033203125 0.3173828125
0.125 0.126953125 0.31640625
0.296875 -0.369140625 -0.05078125
0.09375 0.369140625 -0.0517578125
0.15625 0.314453125 -0.0712890625
0.328125 -0.193359375 -0.07177734375
0.359375 -0.271484375 -0.072265625
