MOTORCYCLIST
-0.50390625 -0.15234375 -0.22418212890625
-0.30859375 -0.25390625 0.2696533203125
-0.41015625 -0.04296875 -0.2191162109375
-0.29296875 -0.19140625 0.2657470703125
-0.40234375 0.02734375 -0.5760498046875
-0.28515625 -0.12109375 0.2608642578125
-0.33203125 -0.02734375 0.0150146484375
-0.30859375 -0.03515625 -0.25164794921875
-0.27734375 -0.06640625 -0.252166748046875
-0.34765625 0.01953125 -0.5821533203125
-0.28515625 -0.06640625 0.2579345703125
-0.33984375 0.01953125 0.0125732421875
-0.22265625 -0.07421875 -0.256591796875
-0.29296875 0.01171875 -0.5877685546875
-0.26171875 -0.02734375 0.0091552734375
-0.29296875 -0.01171875 0.5455322265625
-0.36328125 0.11328125 0.0074462890625
-0.19140625 -0.08984375 -0.258087158203125
-0.13671875 -0.17578125 0.2545166015625
-0.30859375 0.02734375 0.5450439453125
-0.16796875 -0.12109375 0.1876220703125
-0.32421875 0.09765625 0.0052490234375
-0.26171875 0.01171875 0.2525634765625
-0.24609375 -0.02734375 0.5440673828125
-0.23046875 -0.00390625 0.1846923828125
-0.25390625 0.03515625 0.1839599609375
-0.11328125 -0.12109375 -0.2403564453125
-0.13671875 -0.08984375 -0.2408447265625
-0.26953125 0.07421875 0.1824951171875
-0.19921875 -0.04296875 0.5430908203125
-0.11328125 -0.08203125 -0.265960693359375
-0.08203125 -0.10546875 0.0006103515625
-0.05078125 -0.12890625 0.0001220703125
-0.02734375 -0.11328125 -0.24993896484375
-0.32421875 0.25390625 0.2427978515625
-0.04296875 -0.08203125 -0.2728424072265625
0.00390625 -0.14453125 -0.0037841796875
0.01171875 -0.08984375 -0.2767791748046875
0.11328125 -0.22265625 0.1739501953125
0.06640625 -0.14453125 -0.0089111328125
-0.01171875 -0.03515625 -0.6153564453125
0.05859375 -0.08984375 -0.6185302734375
0.11328125 -0.16796875 0.1707763671875
0.03515625 -0.05078125 -0.6192626953125
-0.06640625 0.08984375 -0.2630767822265625
0.08203125 -0.08984375 -0.283660888671875
0.12890625 -0.14453125 -0.0140380859375
-0.03515625 0.12109375 -0.0191650390625
0.16796875 -0.12890625 0.3135986328125
0.04296875 0.06640625 -0.0220947265625
0.12890625 -0.03515625 -0.2711639404296875
0.16796875 -0.07421875 -0.29299163818359375
0.21484375 -0.13671875 -0.0218505859375
0.21484375 -0.14453125 0.3111572265625
0.18359375 -0.05078125 0.1585693359375
0.18359375 -0.05859375 0.3087158203125
0.06640625 0.08203125 0.5328369140625
0.20703125 -0.08984375 0.4586181640625
0.19140625 -0.03515625 -0.27722930908203125
0.22265625 -0.06640625 -0.27773284912109375
0.27734375 -0.14453125 -0.0264892578125
0.23828125 -0.12109375 0.4586181640625
0.12890625 0.01953125 0.5323486328125
0.19921875 -0.02734375 -0.6407470703125
0.17578125 -0.00390625 0.3067626953125
0.15234375 0.02734375 0.6055908203125
0.18359375 -0.00390625 0.6055908203125
0.21484375 -0.02734375 0.4552001953125
0.33203125 -0.15234375 -0.0303955078125
0.19140625 0.01171875 0.5294189453125
0.20703125 0.02734375 0.1522216796875
0.18359375 0.06640625 0.1514892578125
0.20703125 0.02734375 0.4532470703125
0.20703125 0.01171875 0.6788330078125
0.18359375 0.06640625 0.4527587890625
0.28515625 -0.03515625 -0.306732177734375
0.15234375 0.08984375 0.6783447265625
0.30859375 -0.05859375 -0.28682708740234375
0.23828125 -0.01171875 0.6036376953125
0.33203125 -0.09765625 0.1505126953125
0.19140625 0.05859375 0.6778564453125
0.39453125 -0.16015625 -0.0350341796875
0.34765625 -0.08203125 -0.2883443832397461
0.29296875 -0.01171875 -0.6536865234375
0.15234375 0.15234375 0.6007080078125
0.32421875 -0.03515625 -0.6549072265625
0.40234375 -0.09765625 -0.2923870086669922
0.19921875 0.19921875 0.2940673828125
0.19140625 0.24609375 0.2921142578125
0.23046875 0.22265625 0.4429931640625
0.42578125 -0.01171875 -0.6690673828125
0.48828125 -0.08203125 -0.302490234375
0.50390625 -0.06640625 -0.6739501953125
0.50390625 -0.01171875 -0.6788330078125
