MOTORCYCLIST
-0.47265625 -0.1640625 -0.19384765625
-0.50390625 -0.0859375 -0.17333984375
-0.50390625 -0.078125 -0.5006103515625
-0.41796875 -0.1640625 -0.1988525390625
-0.34765625 -0.265625 0.27734375
-0.46484375 -0.1015625 -0.1754150390625
-0.43359375 -0.125 -0.1759033203125
-0.35546875 -0.21875 0.27490234375
-0.41796875 -0.109375 -0.5067138671875
-0.35546875 -0.1640625 -0.2037353515625
-0.37890625 -0.125 -0.509765625
-0.30078125 -0.15625 -0.2091064453125
-0.40234375 -0.03125 -0.5172119140625
-0.33203125 -0.1328125 0.26904296875
-0.33203125 -0.078125 0.265625
-0.22265625 -0.1953125 0.26611328125
-0.19921875 -0.1796875 -0.1925048828125
-0.35546875 -0.0390625 0.537109375
-0.22265625 -0.140625 -0.1934814453125
-0.37890625 0.0 0.53662109375
-0.32421875 -0.0625 0.537109375
-0.40234375 0.03125 0.5361328125
-0.23828125 -0.109375 -0.195068359375
-0.32421875 -0.015625 0.26171875
-0.31640625 -0.0078125 0.032470703125
-0.20703125 -0.125 -0.22039794921875
-0.33203125 0.03125 0.03076171875
-0.26953125 -0.0703125 0.53515625
-0.19140625 -0.109375 -0.5313720703125
-0.16015625 -0.1328125 -0.22381591796875
-0.16015625 -0.1328125 -0.5325927734375
-0.23046875 -0.09375 0.5341796875
-0.24609375 0.0078125 -0.2052001953125
-0.10546875 -0.1484375 -0.20361328125
-0.33203125 0.15625 0.25244140625
-0.05078125 -0.1484375 -0.208740234375
-0.34765625 0.1953125 0.25048828125
-0.17578125 0.0234375 -0.548583984375
-0.06640625 -0.1015625 -0.234130859375
0.01171875 -0.1484375 -0.2142333984375
-0.06640625 -0.0546875 0.1875
0.06640625 -0.2109375 0.18896484375
0.06640625 -0.1484375 -0.21929931640625
0.01171875 -0.078125 -0.5577392578125
0.01953125 -0.0703125 -0.24493408203125
0.05078125 -0.1015625 -0.5589599609375
0.12109375 -0.15625 -0.22381591796875
0.11328125 -0.171875 0.32373046875
0.08984375 -0.1328125 0.322265625
0.10546875 -0.125 0.18115234375
0.08203125 -0.078125 0.1796875
0.12890625 -0.0859375 -0.5694580078125
0.18359375 -0.1640625 0.17822265625
0.16015625 -0.1171875 0.004150390625
0.18359375 -0.1640625 0.31884765625
0.16015625 -0.109375 -0.5706787109375
-0.01171875 0.0546875 0.5283203125
0.04296875 -0.0078125 0.52880859375
0.10546875 -0.0625 0.3173828125
0.13671875 -0.078125 0.003173828125
0.19921875 -0.140625 0.0029296875
0.02734375 0.0390625 0.45703125
0.12109375 -0.0390625 0.001220703125
0.08203125 -0.0234375 0.52783203125
0.05859375 0.015625 0.45654296875
0.09765625 -0.0078125 0.17431640625
0.03515625 0.046875 0.5263671875
0.21484375 -0.125 -0.23492431640625
0.23828125 -0.15625 0.001220703125
0.09765625 -0.015625 0.4560546875
0.19140625 -0.078125 -0.2591552734375
0.12890625 -0.046875 0.5263671875
0.09765625 -0.015625 0.59716796875
0.12890625 -0.046875 0.5966796875
0.28515625 -0.1796875 -0.0009765625
0.08203125 0.0234375 0.59619140625
0.12109375 0.0078125 0.3125
0.12890625 0.0234375 -0.00390625
0.23828125 -0.1015625 -0.58056640625
0.26171875 -0.140625 0.171875
0.06640625 0.0625 0.5947265625
0.15234375 -0.015625 0.45361328125
0.18359375 -0.0546875 0.5947265625
0.27734375 -0.1171875 -0.24151611328125
0.28515625 -0.1171875 -0.584228515625
0.12109375 0.0703125 0.30908203125
0.32421875 -0.1328125 -0.5872802734375
0.11328125 0.1171875 0.30712890625
0.08203125 0.2109375 0.16015625
0.23828125 0.0078125 0.44775390625
0.11328125 0.1796875 0.30322265625
0.40234375 -0.125 -0.59716796875
0.07421875 0.265625 0.1572265625
0.10546875 0.234375 0.30078125
0.39453125 -0.0703125 -0.25616455078125
0.50390625 -0.09375 -0.26470947265625
0.48046875 -0.0546875 -0.2657470703125
