MOTORCYCLIST
-0.4560546875 -0.15625 -0.375885009765625
-0.4267578125 -0.1640625 -0.376617431640625
-0.4482421875 -0.140625 -0.4537353515625
-0.3955078125 -0.15625 -0.3787841796875
-0.4169921875 -0.140625 -0.45452880859375
-0.3642578125 -0.1484375 -0.381683349609375
-0.2255859375 -0.2265625 0.16290283203125
-0.2490234375 -0.2109375 0.16143798828125
-0.3330078125 -0.1484375 -0.382415771484375
-0.4462890625 -0.109375 0.11798095703125
-0.1787109375 -0.171875 0.15411376953125
-0.1806640625 -0.1796875 0.32110595703125
-0.2021484375 -0.1484375 0.31817626953125
-0.2509765625 -0.09375 -0.47332763671875
-0.1962890625 -0.1171875 -0.470947265625
-0.0869140625 -0.171875 -0.08929443359375
-0.1416015625 -0.140625 -0.09100341796875
-0.1669921875 -0.125 -0.09295654296875
-0.1123046875 -0.1484375 -0.09100341796875
-0.1435546875 -0.15625 0.31768798828125
-0.0302734375 -0.1796875 -0.08978271484375
-0.1357421875 -0.125 -0.47332763671875
-0.2724609375 -0.0625 -0.47802734375
-0.1376953125 -0.140625 0.14874267578125
-0.2509765625 -0.0703125 -0.4011192321777344
-0.1923828125 -0.1015625 -0.09539794921875
-0.1083984375 -0.1484375 0.14874267578125
-0.2197265625 -0.109375 0.31475830078125
-0.2158203125 -0.078125 -0.47723388671875
-0.1611328125 -0.1015625 -0.47564697265625
-0.2978515625 -0.0390625 -0.48040771484375
-0.1669921875 -0.0859375 -0.4018974304199219
-0.2431640625 -0.0703125 0.14434814453125
-0.0751953125 -0.1328125 0.14630126953125
-0.1337890625 -0.0859375 -0.403350830078125
0.0107421875 -0.15625 -0.09539794921875
-0.2138671875 -0.046875 -0.4068794250488281
-0.1064453125 -0.09375 -0.40337371826171875
-0.1005859375 -0.125 0.31280517578125
-0.0400390625 -0.1171875 -0.47955322265625
-0.2060546875 -0.046875 -0.10223388671875
-0.0107421875 -0.125 -0.47955322265625
-0.3212890625 -0.0234375 0.43194580078125
-0.0380859375 -0.125 0.14337158203125
-0.2294921875 -0.015625 -0.10638427734375
0.0439453125 -0.140625 -0.09906005859375
-0.0673828125 -0.0703125 -0.4098529815673828
-0.2021484375 -0.0546875 0.53204345703125
0.0263671875 -0.1015625 -0.48583984375
-0.2275390625 -0.0234375 0.42999267578125
-0.4169921875 0.09375 -0.11566162109375
-0.4462890625 0.109375 -0.11688232421875
-0.1708984375 -0.0546875 0.53155517578125
-0.2529296875 0.0 0.42803955078125
-0.2236328125 -0.0234375 0.53009033203125
-0.1943359375 -0.0234375 0.42852783203125
-0.1669921875 -0.03125 0.42852783203125
-0.3857421875 0.1015625 -0.11761474609375
-0.3564453125 0.09375 -0.11761474609375
-0.2978515625 0.0703125 -0.11688232421875
-0.3291015625 0.0859375 -0.11810302734375
-0.2470703125 0.0078125 0.52813720703125
-0.2412109375 0.0546875 -0.11688232421875
-0.2705078125 0.0703125 -0.11810302734375
0.0947265625 -0.0859375 -0.49365234375
-0.1357421875 -0.03125 0.52911376953125
0.1220703125 -0.1015625 -0.10955810546875
0.2568359375 -0.1640625 -0.10638427734375
0.2099609375 -0.125 -0.10955810546875
0.2919921875 -0.1640625 -0.10833740234375
-0.0966796875 -0.0078125 0.42462158203125
-0.0966796875 -0.015625 0.52667236328125
0.0751953125 -0.0390625 -0.50152587890625
-0.0361328125 -0.0078125 0.29913330078125
0.2451171875 -0.1171875 -0.11248779296875
0.3232421875 -0.15625 -0.11077880859375
-0.2255859375 0.1015625 0.12188720703125
0.3857421875 -0.1640625 -0.11322021484375
0.3583984375 -0.1484375 -0.11322021484375
0.1708984375 -0.046875 -0.11883544921875
-0.1943359375 0.1015625 0.29180908203125
0.4208984375 -0.1484375 -0.11614990234375
0.1787109375 -0.015625 -0.51171875
0.4560546875 -0.1484375 -0.11859130859375
0.2099609375 -0.015625 -0.51324462890625
0.2451171875 -0.015625 -0.515625
-0.2255859375 0.2265625 0.10723876953125
0.3935546875 -0.046875 -0.51873779296875
0.3857421875 0.0234375 -0.53204345703125
0.2568359375 0.125 -0.14813232421875
