MOTORCYCLIST
-0.3828125 0.013671875 0.4040200710296631
-0.3359375 -0.064453125 0.5055825710296631
-0.3359375 -0.005859375 0.3288247585296631
-0.3515625 0.048828125 0.3005044460296631
-0.3046875 0.009765625 -0.17849946022033691
-0.2734375 -0.173828125 0.5055825710296631
-0.3203125 0.021484375 0.4294106960296631
-0.2734375 -0.111328125 0.5046060085296631
-0.2265625 -0.220703125 0.5046060085296631
-0.1640625 -0.326171875 0.19845366477966309
-0.1796875 -0.298828125 0.4020669460296631
-0.3203125 0.103515625 0.4010903835296631
-0.2578125 0.029296875 -0.11209321022033691
-0.1796875 -0.271484375 0.5046060085296631
-0.0859375 -0.416015625 -0.5231039524078369
-0.1953125 -0.197265625 0.4294106960296631
-0.2734375 0.021484375 0.5036294460296631
-0.1328125 -0.314453125 0.12521147727966309
-0.1015625 -0.365234375 -0.11209321022033691
-0.0703125 -0.427734375 -0.5882894992828369
-0.2890625 0.146484375 0.12277007102966309
-0.1328125 -0.306640625 0.3268716335296631
-0.0234375 -0.521484375 -0.7311685085296631
-0.1484375 -0.240234375 0.4284341335296631
-0.0859375 -0.298828125 -0.18240571022033691
-0.2578125 0.107421875 0.4264810085296631
-0.1015625 -0.310546875 0.2975747585296631
-0.2109375 -0.060546875 0.7077310085296631
-0.1015625 -0.310546875 0.5036294460296631
-0.1796875 -0.095703125 0.6051919460296631
-0.1953125 -0.037109375 0.6051919460296631
-0.1796875 -0.064453125 0.5290200710296631
-0.2265625 0.107421875 0.3239419460296631
-0.0234375 -0.388671875 -0.3218100070953369
-0.1953125 -0.005859375 0.5290200710296631
-0.1328125 -0.173828125 0.5290200710296631
-0.1484375 -0.119140625 0.5290200710296631
-0.1640625 -0.107421875 0.7077310085296631
0.0078125 -0.439453125 -0.3225424289703369
-0.0546875 -0.318359375 0.3991372585296631
-0.1796875 0.123046875 -0.18777680397033691
-0.0390625 -0.341796875 0.3249185085296631
-0.0859375 -0.220703125 0.5290200710296631
-0.0390625 -0.349609375 0.5026528835296631
-0.0546875 -0.271484375 0.4274575710296631
0.0078125 -0.322265625 -0.18777680397033691
0.0078125 -0.318359375 -0.22097992897033691
-0.1484375 0.021484375 0.6296060085296631
-0.1796875 0.134765625 0.5270669460296631
-0.1953125 0.185546875 0.4997231960296631
-0.1796875 0.181640625 0.2936685085296631
-0.1796875 0.189453125 0.3219888210296631
-0.1328125 0.021484375 0.7311685085296631
0.0234375 -0.330078125 0.2936685085296631
-0.1484375 0.208984375 -0.018831491470336914
-0.1484375 0.119140625 0.6032388210296631
-0.1015625 -0.025390625 0.7311685085296631
-0.1171875 0.154296875 -0.12283539772033691
-0.1171875 0.166015625 -0.22586274147033691
-0.1328125 0.091796875 0.6296060085296631
-0.0546875 0.060546875 -0.3308432102203369
0.0703125 -0.369140625 0.3229653835296631
0.0859375 -0.373046875 0.2926919460296631
-0.0390625 -0.068359375 0.7311685085296631
-0.0546875 0.244140625 -0.19754242897033691
0.2734375 -0.294921875 0.18136382102966309
0.2890625 -0.224609375 0.18038725852966309
0.1484375 0.396484375 0.17501616477966309
0.2734375 0.376953125 0.17110991477966309
0.3828125 0.521484375 0.3776528835296631
