MOTORCYCLIST
-0.29638671875 -0.11328125 0.134063720703125
-0.26708984375 -0.11328125 0.133087158203125
-0.42041015625 -0.04296875 -0.401824951171875
-0.18310546875 -0.08203125 -0.100799560546875
-0.39208984375 -0.03515625 -0.403289794921875
-0.33447265625 -0.04296875 -0.401153564453125
-0.36279296875 -0.03515625 -0.403289794921875
-0.21044921875 -0.08203125 0.129180908203125
-0.12939453125 -0.08203125 -0.100799560546875
-0.30615234375 -0.03515625 -0.403350830078125
-0.21044921875 -0.05859375 -0.104461669921875
-0.23779296875 -0.06640625 0.127227783203125
-0.15380859375 -0.06640625 -0.102508544921875
-0.24169921875 -0.04296875 -0.106903076171875
-0.18115234375 -0.06640625 0.127716064453125
-0.21142578125 -0.03515625 -0.47066497802734375
-0.15673828125 -0.04296875 -0.46988677978515625
-0.04248046875 -0.06640625 -0.465972900390625
-0.27685546875 -0.01953125 -0.405548095703125
-0.18310546875 -0.03515625 -0.4714546203613281
-0.23974609375 -0.05859375 0.285919189453125
-0.09912109375 -0.05078125 -0.46753692626953125
-0.12744140625 -0.04296875 -0.4691047668457031
-0.15576171875 -0.05859375 0.126251220703125
-0.26806640625 -0.01171875 -0.47458457946777344
-0.29638671875 -0.00390625 -0.476151704788208
-0.26513671875 -0.04296875 0.284454345703125
-0.32568359375 0.00390625 -0.4777183532714844
-0.23974609375 -0.01171875 -0.47458648681640625
-0.07177734375 -0.04296875 -0.4698905944824219
-0.24853515625 -0.00390625 -0.409149169921875
-0.26708984375 -0.00390625 -0.111785888671875
0.01416015625 -0.04296875 -0.4706840515136719
-0.06982421875 -0.02734375 -0.110076904296875
0.21142578125 -0.08984375 -0.102020263671875
-0.29736328125 0.01953125 -0.116180419921875
0.18505859375 -0.08203125 -0.103240966796875
0.24072265625 -0.08984375 -0.103240966796875
0.10107421875 -0.04296875 -0.472259521484375
-0.29541015625 0.00390625 0.280059814453125
-0.20751953125 -0.01171875 0.281036376953125
0.29736328125 -0.09765625 -0.102508544921875
0.26806640625 -0.08984375 -0.102508544921875
0.04345703125 -0.02734375 -0.47382354736328125
-0.21923828125 0.02734375 -0.4149169921875
-0.12353515625 -0.00390625 0.119903564453125
0.15771484375 -0.04296875 -0.109344482421875
-0.19287109375 0.04296875 -0.417816162109375
-0.23388671875 0.01171875 0.396759033203125
-0.00927734375 0.01171875 -0.115447998046875
-0.29150390625 0.03515625 0.394805908203125
0.32861328125 -0.05859375 -0.108856201171875
-0.20458984375 0.02734375 0.394805908203125
-0.31982421875 0.05859375 0.392364501953125
-0.34912109375 0.06640625 0.391876220703125
-0.17724609375 0.05078125 0.274200439453125
0.35791015625 -0.04296875 -0.111297607421875
-0.31787109375 0.05859375 0.489044189453125
0.16064453125 0.01953125 -0.4848175048828125
-0.28857421875 0.05859375 0.489532470703125
-0.26025390625 0.05859375 0.489044189453125
-0.17529296875 0.05859375 0.391876220703125
-0.14794921875 0.06640625 0.272247314453125
-0.34619140625 0.08203125 0.487091064453125
0.19287109375 0.02734375 -0.48638916015625
0.38720703125 -0.02734375 -0.114959716796875
-0.23095703125 0.06640625 0.489044189453125
-0.32080078125 0.10546875 0.268829345703125
-0.37744140625 0.11328125 0.387481689453125
0.22314453125 0.03515625 -0.489532470703125
-0.20166015625 0.08203125 0.487091064453125
0.42041015625 -0.01171875 -0.117401123046875
