MOTORCYCLIST
-0.59375 0.01953125 -0.044677734375
-0.625 0.09765625 -0.0927734375
-0.625 0.12109375 -0.045166015625
-0.65625 0.19921875 -0.09326171875
-0.5625 0.01171875 -0.093505859375
-0.453125 -0.03515625 -0.048583984375
-0.40625 -0.12109375 -0.227294921875
-0.4375 -0.02734375 -0.40576171875
-0.3125 -0.08984375 -0.410400390625
0.03125 -0.05078125 -0.2476806640625
0.09375 -0.16015625 -0.11572265625
0.109375 -0.13671875 -0.068359375
0.15625 -0.25390625 0.112548828125
0.09375 -0.02734375 -0.069580078125
0.265625 -0.08984375 0.106689453125
0.28125 -0.01171875 0.286865234375
0.203125 0.25390625 0.103759765625
0.3125 0.05078125 0.103271484375
0.40625 -0.14453125 -0.12744140625
0.375 -0.02734375 0.230712890625
0.421875 -0.12890625 -0.079833984375
0.296875 0.17578125 0.101806640625
0.296875 0.18359375 0.410400390625
0.359375 0.07421875 0.230224609375
0.5 -0.08984375 0.228271484375
0.546875 -0.19921875 0.098876953125
0.609375 -0.16796875 -0.086181640625
0.546875 0.06640625 0.406005859375
0.65625 -0.14453125 0.224365234375
0.640625 0.02734375 0.276611328125
