MOTORCYCLIST
-0.578125 -0.109375 -0.03607177734375
-0.65625 0.0703125 -0.20245361328125
-0.578125 0.046875 0.07843017578125
-0.59375 0.140625 0.07794189453125
-0.578125 0.1171875 -0.04022216796875
-0.515625 0.03125 0.12652587890625
-0.421875 -0.15625 -0.20855712890625
-0.546875 0.125 0.12603759765625
-0.46875 -0.015625 0.07598876953125
-0.390625 -0.1328125 -0.04290771484375
-0.328125 -0.21875 -0.21197509765625
-0.1875 -0.265625 0.11968994140625
-0.34375 0.265625 -0.43218994140625
0.109375 -0.2421875 0.10821533203125
0.03125 -0.046875 0.10772705078125
0.140625 -0.1484375 0.05548095703125
0.078125 0.1953125 0.10186767578125
0.25 -0.1796875 0.27203369140625
0.40625 -0.2265625 0.26763916015625
0.4375 -0.140625 0.04473876953125
0.34375 0.09375 0.26519775390625
0.328125 0.203125 0.26373291015625
0.5 0.015625 0.37847900390625
0.59375 -0.0703125 0.43218994140625
0.625 -0.109375 0.08673095703125
0.578125 0.03125 0.43170166015625
0.65625 -0.0234375 0.37457275390625
