MOTORCYCLIST
-0.453125 -0.1875 -0.2457275390625
-0.390625 -0.265625 -0.2462158203125
-0.375 -0.15625 -0.3665771484375
-0.203125 -0.2890625 -0.2066650390625
-0.359375 0.2890625 -0.2117919921875
-0.0625 -0.21875 -0.3785400390625
-0.265625 0.2265625 -0.2139892578125
-0.140625 -0.0390625 -0.2135009765625
-0.09375 -0.1171875 -0.3792724609375
0.109375 -0.2578125 -0.0538330078125
-0.046875 0.1171875 -0.2198486328125
0.125 -0.078125 0.1082763671875
0.15625 -0.109375 0.0565185546875
0.140625 0.0 0.0555419921875
0.140625 0.0390625 0.1063232421875
0.3125 -0.265625 -0.0601806640625
0.203125 0.0 -0.0606689453125
0.203125 0.0078125 0.2723388671875
0.15625 0.203125 -0.0626220703125
0.203125 0.1171875 -0.0626220703125
0.3125 -0.015625 0.2161865234375
0.453125 -0.1875 -0.2327880859375
0.4375 -0.15625 0.1014404296875
0.421875 -0.109375 0.2689208984375
0.40625 -0.0625 0.1014404296875
0.421875 -0.0703125 0.2142333984375
0.4375 -0.0625 0.3792724609375
