MOTORCYCLIST
0.49609375 0.04962158203125 -0.70263671875
0.44140625 0.0494384765625 -0.384033203125
0.23828125 0.0015869140625 -0.1590576171875
0.23046875 -0.060546875 -0.16021728515625
0.22265625 0.060791015625 -0.16058349609375
0.20703125 -0.11395263671875 -0.1624755859375
0.20703125 0.1068115234375 -0.4091796875
0.19140625 0.117431640625 -0.164337158203125
0.16015625 -0.1734619140625 -0.166595458984375
0.15234375 -0.00885772705078125 -0.414794921875
0.14453125 -0.068389892578125 -0.4156494140625
0.12890625 0.1773681640625 -0.16998291015625
0.12109375 -0.1280517578125 -0.4183349609375
0.11328125 0.2269287109375 -0.4200439453125
0.10546875 -0.055816650390625 0.0267333984375
0.09765625 0.0008544921875 0.0264892578125
0.07421875 0.0606689453125 0.024169921875
0.05859375 -0.00434112548828125 0.22216796875
0.01953125 -0.064300537109375 0.219482421875
0.01171875 -0.11895751953125 0.0191650390625
0.00390625 0.05572509765625 0.218505859375
-0.06640625 0.1134033203125 0.213134765625
-0.08203125 0.124755859375 0.01123046875
-0.09765625 0.2342529296875 0.211181640625
-0.10546875 0.174072265625 0.21044921875
-0.23828125 -0.02732086181640625 -0.0069580078125
-0.24609375 0.02880859375 -0.007568359375
-0.25390625 -0.08642578125 -0.00830078125
-0.26171875 -0.181396484375 -0.0032958984375
-0.26953125 0.08807373046875 -0.0093994140625
-0.29296875 -0.14288330078125 -0.0113525390625
-0.32421875 0.147705078125 -0.0135498046875
-0.37890625 -0.2059326171875 -0.0181884765625
-0.38671875 -0.1895751953125 -0.473388671875
-0.37890625 -0.05548095703125 0.6015625
-0.40234375 -0.0471649169921875 0.4990234375
-0.39453125 -0.059417724609375 0.70263671875
-0.41796875 -0.00778961181640625 0.2900390625
-0.41796875 0.1767578125 0.2900390625
-0.42578125 -0.124755859375 0.28955078125
-0.43359375 -0.069366455078125 0.289306640625
-0.44140625 -0.1865234375 0.288330078125
-0.44921875 0.0538330078125 0.2880859375
-0.44921875 0.115478515625 0.287841796875
-0.45703125 -0.12713623046875 0.185791015625
-0.44140625 0.0059967041015625 0.5986328125
-0.46484375 -0.052520751953125 0.39404296875
-0.46484375 -0.10797119140625 0.3935546875
-0.47265625 0.0121917724609375 0.39306640625
-0.48046875 -0.1695556640625 0.392578125
-0.48046875 -0.2342529296875 0.392578125
-0.48828125 0.07391357421875 0.392578125
-0.49609375 -0.18603515625 0.182861328125
-0.49609375 0.132568359375 0.3916015625
