MOTORCYCLIST
0.53515625 0.0545654296875 -0.560791015625
0.40234375 0.006561279296875 -0.3280029296875
0.37109375 -0.0524444580078125 -0.33172607421875
0.35546875 0.06878662109375 -0.33282470703125
0.24609375 -0.0005340576171875 -0.59423828125
0.21484375 -0.048126220703125 -0.149658203125
0.21484375 0.01153564453125 -0.14996337890625
0.19921875 -0.1123046875 -0.3487548828125
0.19921875 0.06829833984375 -0.15142822265625
0.19921875 -0.17193603515625 -0.34918212890625
0.19140625 -0.11083984375 -0.1514892578125
0.17578125 0.12969970703125 -0.35186767578125
0.16796875 0.12823486328125 -0.15423583984375
0.16796875 0.11932373046875 -0.603759765625
0.15234375 0.18670654296875 -0.35382080078125
0.14453125 -0.16790771484375 -0.15625
0.12109375 -0.060302734375 -0.609130859375
0.10546875 0.0028228759765625 0.039794921875
0.09765625 -0.057220458984375 0.0390625
0.08984375 0.18902587890625 -0.160888671875
0.08203125 0.05999755859375 0.037841796875
0.05078125 0.11932373046875 0.1337890625
0.05078125 0.17962646484375 0.133544921875
0.03515625 -0.058502197265625 0.1328125
0.02734375 -0.1158447265625 0.132080078125
0.01953125 0.004852294921875 0.131591796875
0.01953125 -0.17620849609375 0.13134765625
-0.01171875 -0.1240234375 -0.62451171875
-0.03515625 -0.23724365234375 0.12744140625
-0.04296875 0.24432373046875 0.127197265625
-0.13671875 0.12518310546875 0.020263671875
-0.23046875 -0.07769775390625 -0.1180419921875
-0.24609375 0.10369873046875 -0.1197509765625
-0.25390625 -0.01529693603515625 -0.1201171875
-0.26171875 -0.13433837890625 -0.120361328125
-0.26953125 -0.1221923828125 0.009765625
-0.29296875 0.15765380859375 -0.1234130859375
-0.33984375 -0.18109130859375 0.00439453125
-0.39453125 0.21881103515625 -0.13250732421875
-0.39453125 0.20208740234375 0.211669921875
-0.37890625 -0.09759521484375 0.62451171875
-0.39453125 -0.0500946044921875 0.51513671875
-0.41796875 0.14373779296875 0.210205078125
-0.41015625 -0.03592681884765625 0.623046875
-0.44140625 -0.044952392578125 0.208251953125
-0.44921875 -0.10687255859375 0.2080078125
-0.44921875 -0.0399627685546875 0.3095703125
-0.44921875 0.02197265625 0.3095703125
-0.44921875 -0.10498046875 0.3095703125
-0.44921875 -0.16387939453125 0.30908203125
-0.45703125 -0.0489654541015625 0.41015625
-0.45703125 -0.11407470703125 0.41015625
-0.46484375 0.016998291015625 0.20703125
-0.46484375 -0.16888427734375 0.206787109375
-0.46484375 0.0809326171875 0.30859375
-0.46484375 0.14300537109375 0.30810546875
-0.46484375 0.0130615234375 0.40966796875
-0.48046875 -0.24432373046875 -0.0069580078125
-0.48046875 -0.22918701171875 0.3076171875
-0.48828125 0.07208251953125 0.40869140625
-0.48828125 0.13726806640625 0.40869140625
-0.49609375 -0.17327880859375 0.40771484375
-0.51171875 -0.22515869140625 0.203857421875
-0.51953125 -0.23565673828125 0.40673828125
-0.53515625 0.0826416015625 0.2021484375
