MOTORCYCLIST
0.625 0.07977294921875 -0.598358154296875
0.4921875 0.0110626220703125 -0.1923675537109375
0.484375 0.070556640625 -0.1928558349609375
0.4765625 -0.1085205078125 -0.4033050537109375
0.4765625 -0.05157470703125 -0.1935882568359375
0.453125 0.13665771484375 -0.1952972412109375
0.4375 -0.114501953125 -0.1965179443359375
0.4296875 -0.049560546875 -0.0925140380859375
0.4140625 0.20562744140625 -0.4085540771484375
0.4140625 0.0133209228515625 -0.0937347412109375
0.40625 0.14276123046875 -0.4090423583984375
0.40625 0.07000732421875 -0.0942230224609375
0.3984375 -0.11572265625 -0.0947113037109375
0.390625 0.20013427734375 -0.1994476318359375
0.375 0.13311767578125 -0.0959320068359375
0.3671875 -0.10791015625 -0.6225128173828125
0.34375 -0.17608642578125 -0.0983734130859375
0.3359375 0.20428466796875 -0.6259307861328125
0.328125 -0.0362396240234375 0.1135406494140625
0.3125 -0.17462158203125 -0.6281890869140625
0.3046875 -0.038543701171875 0.0070953369140625
0.2734375 0.024749755859375 0.0056304931640625
0.2578125 -0.09881591796875 0.0041656494140625
0.203125 0.03936767578125 -0.4410247802734375
0.1484375 0.20196533203125 -0.1105804443359375
0.09375 -0.01631927490234375 -0.4504852294921875
0.109375 0.21270751953125 0.3142242431640625
0.078125 0.15545654296875 0.1003570556640625
0.046875 -0.23602294921875 -0.4391937255859375
-0.015625 0.10247802734375 -0.4587860107421875
-0.046875 -0.0791015625 -0.4621429443359375
-0.0625 0.16558837890625 -0.4629974365234375
-0.0625 -0.021209716796875 -0.0422210693359375
-0.0625 0.04150390625 -0.0422210693359375
-0.078125 -0.14202880859375 -0.4644622802734375
-0.078125 0.027740478515625 0.0920562744140625
-0.09375 0.23504638671875 -0.4658660888671875
-0.09375 -0.08074951171875 -0.0436859130859375
-0.09375 0.1043701171875 -0.0436859130859375
-0.109375 -0.00222015380859375 0.5217437744140625
-0.125 -0.029052734375 0.4138336181640625
-0.140625 0.22235107421875 0.0886383056640625
-0.15625 -0.042816162109375 0.1955718994140625
-0.15625 0.083740234375 0.1950836181640625
-0.15625 0.21673583984375 0.1955718994140625
-0.15625 0.024322509765625 0.3034820556640625
-0.15625 -0.04058837890625 0.3034820556640625
-0.171875 -0.22869873046875 0.0866851806640625
-0.171875 0.0220947265625 0.1945953369140625
-0.171875 -0.1077880859375 0.1945953369140625
-0.171875 0.082763671875 0.3029937744140625
-0.171875 -0.10882568359375 0.3029937744140625
-0.1875 0.09381103515625 -0.0217132568359375
-0.1875 -0.16912841796875 -0.0217132568359375
-0.1875 -0.10211181640625 0.0857086181640625
-0.1875 0.14788818359375 0.3020172119140625
-0.1875 -0.17071533203125 0.3020172119140625
-0.171875 0.0323486328125 0.6281890869140625
-0.203125 0.09307861328125 0.0847320556640625
-0.203125 0.15228271484375 0.1931304931640625
-0.203125 -0.17291259765625 0.1931304931640625
-0.203125 -0.23602294921875 0.3010406494140625
-0.203125 0.035888671875 0.4109039306640625
-0.234375 0.15594482421875 -0.0246429443359375
-0.265625 -0.16448974609375 0.0813140869140625
-0.296875 0.16607666015625 -0.0558929443359375
-0.5625 0.031707763671875 0.5744781494140625
-0.578125 -0.032745361328125 0.5744781494140625
-0.609375 -0.087158203125 0.2497711181640625
-0.609375 -0.21636962890625 0.2497711181640625
-0.609375 0.23602294921875 0.2497711181640625
-0.625 -0.0225372314453125 0.2497711181640625
-0.625 0.03570556640625 0.2492828369140625
-0.625 0.10040283203125 0.2492828369140625
