MOTORCYCLIST
0.5625 0.0174407958984375 -0.2193603515625
0.5546875 0.080718994140625 -0.2200927734375
0.5390625 -0.0457763671875 -0.2213134765625
0.5390625 0.1439208984375 -0.2210693359375
0.53125 0.01971435546875 -0.1163330078125
0.5234375 0.08612060546875 -0.1170654296875
0.515625 -0.0435791015625 -0.1173095703125
0.5078125 0.20745849609375 -0.2235107421875
0.5 -0.10284423828125 -0.2237548828125
0.5 0.1463623046875 -0.1185302734375
0.4921875 0.153076171875 -0.4361572265625
0.4921875 -0.09698486328125 -0.436279296875
0.484375 -0.10711669921875 -0.1197509765625
0.4609375 0.21978759765625 -0.4383544921875
0.4375 0.15765380859375 -0.653076171875
0.4375 0.03734016418457031 -0.0142822265625
0.4296875 -0.02618408203125 -0.0152587890625
0.4296875 -0.02392578125 0.0906982421875
0.4140625 0.21051025390625 -0.1239013671875
0.40625 0.1041259765625 -0.0162353515625
0.390625 0.21527099609375 -0.6575927734375
0.34375 0.03959763050079346 0.0858154296875
0.3125 0.100341796875 0.0843505859375
0.296875 0.1644287109375 0.0833740234375
0.28125 -0.08746337890625 -0.0235595703125
0.25 0.23199462890625 0.0809326171875
0.203125 -0.08892822265625 0.0789794921875
0.125 0.03561592102050781 -0.484619140625
0.046875 0.10211181640625 -0.49078369140625
0.046875 0.100067138671875 -0.0679931640625
0.046875 0.22869873046875 -0.0377197265625
0.03125 0.16534423828125 -0.493408203125
0.0 -0.02764892578125 -0.4951171875
0.0 -0.026123046875 -0.0704345703125
0.0 0.1634521484375 -0.0709228515625
0.0 -0.08929443359375 -0.0709228515625
0.0 -0.21710205078125 0.0677490234375
-0.015625 -0.0845947265625 -0.49639892578125
-0.03125 0.22589111328125 -0.49761962890625
-0.015625 0.02985382080078125 0.2445068359375
-0.03125 -0.15789794921875 -0.0421142578125
-0.03125 -0.05548095703125 0.5003662109375
-0.078125 0.22332763671875 0.1717529296875
-0.0625 0.07159423828125 0.4993896484375
-0.078125 -0.03582763671875 0.2806396484375
-0.0625 0.037418365478515625 0.6087646484375
-0.09375 -0.15313720703125 0.0623779296875
-0.09375 0.0270843505859375 0.1712646484375
-0.09375 -0.038330078125 0.1712646484375
-0.09375 0.029571533203125 0.2806396484375
-0.09375 0.09820556640625 0.2806396484375
-0.09375 0.160400390625 0.2801513671875
-0.09375 -0.10125732421875 0.2801513671875
-0.09375 0.22576904296875 0.2806396484375
-0.109375 0.22442626953125 -0.0770263671875
-0.09375 -0.23199462890625 0.2796630859375
-0.078125 0.1031494140625 0.6077880859375
-0.109375 0.092803955078125 0.1702880859375
-0.109375 -0.16265869140625 0.1702880859375
-0.109375 -0.16693115234375 0.2791748046875
-0.125 0.04769134521484375 0.3895263671875
-0.125 -0.017730712890625 0.3895263671875
-0.140625 0.15838623046875 0.1693115234375
-0.140625 -0.09747314453125 0.1688232421875
-0.140625 0.11651611328125 0.3885498046875
-0.1875 -0.14959716796875 -0.51019287109375
-0.171875 -0.08013916015625 0.3875732421875
-0.171875 0.18218994140625 0.3875732421875
-0.171875 -0.14898681640625 0.3875732421875
-0.484375 0.02576446533203125 0.5511474609375
-0.53125 0.22515869140625 0.2235107421875
-0.515625 0.090728759765625 0.5501708984375
-0.515625 0.02391815185546875 0.6575927734375
-0.546875 0.09820556640625 0.2230224609375
-0.5625 -0.03564453125 0.2220458984375
-0.5625 -0.15936279296875 0.2225341796875
-0.5625 -0.04132080078125 0.6566162109375
