MOTORCYCLIST
0.58984375 0.1263427734375 -0.6291961669921875
0.52734375 0.0531158447265625 -0.2097930908203125
0.52734375 -0.00408935546875 -0.2097930908203125
0.51953125 0.12310791015625 -0.2102813720703125
0.50390625 -0.005035400390625 -0.1053009033203125
0.49609375 -0.06781005859375 -0.2117462158203125
0.49609375 0.05865478515625 -0.1055450439453125
0.48046875 0.18377685546875 -0.2129669189453125
0.48046875 -0.06884765625 -0.1067657470703125
0.47265625 0.1224365234375 -0.1067657470703125
0.42578125 0.19329833984375 -0.4312286376953125
0.42578125 0.24505615234375 -0.2171173095703125
0.42578125 -0.19927978515625 -0.2171173095703125
0.42578125 0.18658447265625 -0.1101837158203125
0.41015625 -0.06451416015625 -0.6465911865234375
0.41015625 -0.13336181640625 -0.1116485595703125
0.39453125 -0.19036865234375 -0.4328155517578125
0.39453125 0.0129241943359375 -0.0039825439453125
0.37890625 0.076904296875 -0.0044708251953125
0.37890625 -0.0543212890625 -0.0054473876953125
0.34765625 -0.12579345703125 -0.6517791748046875
0.33203125 0.067352294921875 -0.4815826416015625
0.33203125 -0.05242919921875 0.0990447998046875
0.28515625 0.011749267578125 0.0970916748046875
0.26953125 0.13836669921875 -0.0113067626953125
0.25390625 0.14068603515625 0.0951385498046875
0.20703125 0.20550537109375 0.0931854248046875
0.14453125 0.1307373046875 -0.4970245361328125
0.14453125 0.19696044921875 0.1981658935546875
0.06640625 -0.11773681640625 -0.0235137939453125
0.08203125 -0.25909423828125 0.3041229248046875
0.05078125 0.001190185546875 -0.5045318603515625
0.03515625 0.059661865234375 -0.0796661376953125
0.03515625 -0.0006103515625 -0.0801544189453125
0.01953125 0.20489501953125 -0.0249786376953125
0.00390625 0.1231689453125 -0.0811309814453125
-0.02734375 -0.06756591796875 -0.0835723876953125
-0.04296875 -0.062744140625 -0.5119781494140625
-0.04296875 0.19354248046875 -0.0845489501953125
-0.07421875 0.19244384765625 -0.5144195556640625
-0.07421875 -0.12359619140625 -0.5146026611328125
-0.07421875 0.25640869140625 -0.5143585205078125
-0.08984375 -0.12530517578125 -0.0865020751953125
-0.10546875 -0.18609619140625 0.0765838623046875
-0.10546875 0.26177978515625 0.1864471435546875
-0.08984375 0.0467529296875 0.5160369873046875
-0.12109375 0.004241943359375 0.2958221435546875
-0.10546875 0.074981689453125 0.6254119873046875
-0.13671875 0.0643768310546875 0.1854705810546875
-0.13671875 0.00506591796875 0.1854705810546875
-0.13671875 -0.00482177734375 0.2313690185546875
-0.13671875 0.07012939453125 0.2958221435546875
-0.13671875 0.1361083984375 0.2953338623046875
-0.13671875 -0.0616455078125 0.2953338623046875
-0.13671875 0.20184326171875 0.2953338623046875
-0.15234375 -0.0609130859375 0.1844940185546875
-0.15234375 -0.19598388671875 0.1844940185546875
-0.15234375 -0.12774658203125 0.2948455810546875
-0.16796875 0.13702392578125 0.1840057373046875
-0.16796875 0.0624542236328125 0.2299041748046875
-0.15234375 0.11273193359375 0.5140838623046875
-0.18359375 -0.12091064453125 0.0731658935546875
-0.16796875 0.0229339599609375 0.4047088623046875
-0.16796875 -0.04632568359375 0.4037322998046875
-0.19921875 -0.25201416015625 -0.0386505126953125
-0.18359375 0.088897705078125 0.4037322998046875
-0.19921875 -0.12725830078125 0.1820526123046875
-0.18359375 -0.05035400390625 0.6234588623046875
-0.21484375 0.15179443359375 0.4027557373046875
-0.21484375 -0.10931396484375 0.4022674560546875
-0.23046875 0.25250244140625 0.2269744873046875
-0.27734375 0.25360107421875 -0.0979766845703125
-0.51171875 -0.07110595703125 0.2162322998046875
-0.54296875 0.057281494140625 0.6517791748046875
-0.54296875 -0.011474609375 0.6517791748046875
-0.58984375 0.19097900390625 0.2128143310546875
-0.58984375 -0.26177978515625 0.2128143310546875
-0.57421875 0.049163818359375 0.5424041748046875
-0.58984375 -0.01312255859375 0.5414276123046875
