MOTORCYCLIST
0.578125 -0.053436279296875 -0.67291259765625
0.5625 0.008941650390625 -0.23114013671875
0.546875 0.075286865234375 -0.23236083984375
0.546875 0.004547119140625 -0.12152099609375
0.53125 -0.061004638671875 -0.23260498046875
0.53125 0.074310302734375 -0.12225341796875
0.515625 0.135040283203125 -0.23455810546875
0.515625 -0.062103271484375 -0.12274169921875
0.5 -0.124603271484375 -0.23504638671875
0.5 -0.129241943359375 -0.12445068359375
0.484375 0.137451171875 -0.12493896484375
0.46875 0.201690673828125 -0.23773193359375
0.46875 -0.043670654296875 -0.01336669921875
0.453125 0.080841064453125 -0.46136474609375
0.453125 0.022979736328125 -0.01385498046875
0.4375 -0.119720458984375 -0.462890625
0.4375 0.089630126953125 -0.01483154296875
0.421875 -0.110931396484375 -0.01531982421875
0.40625 0.078155517578125 -0.68975830078125
0.390625 -0.187347412109375 -0.46746826171875
0.375 0.018707275390625 0.20440673828125
0.359375 0.1587677001953125 0.09210205078125
0.34375 0.054412841796875 -0.49609375
0.34375 0.225860595703125 0.09161376953125
0.328125 -0.109954833984375 0.09063720703125
0.328125 -0.052215576171875 0.20245361328125
0.3125 0.204437255859375 -0.13665771484375
0.3125 0.024322509765625 0.08966064453125
0.3125 -0.042938232421875 0.08966064453125
0.28125 0.156219482421875 -0.02410888671875
0.265625 -0.178314208984375 0.08673095703125
0.25 0.085113525390625 0.19805908203125
0.21875 -0.012176513671875 -0.506134033203125
0.21875 0.213470458984375 0.19659423828125
0.21875 -0.246917724609375 0.08428955078125
0.15625 0.223876953125 -0.03192138671875
0.0625 0.215179443359375 -0.494354248046875
0.046875 0.117156982421875 -0.07513427734375
0.046875 0.050811767578125 -0.07489013671875
0.046875 -0.022186279296875 -0.07513427734375
0.0 0.17687606811523438 -0.07830810546875
0.0 -0.019989013671875 0.25518798828125
-0.078125 0.18529510498046875 -0.5307731628417969
-0.078125 -0.085296630859375 -0.5304718017578125
-0.0625 -0.009735107421875 0.52764892578125
-0.078125 -0.194427490234375 0.18292236328125
-0.078125 0.058685302734375 0.52667236328125
-0.09375 0.216705322265625 0.29669189453125
-0.09375 0.082733154296875 0.29718017578125
-0.09375 0.010650634765625 0.29718017578125
-0.09375 -0.058197021484375 0.29718017578125
-0.078125 0.095245361328125 0.64190673828125
-0.109375 0.1454010009765625 0.18145751953125
-0.109375 0.1479644775390625 0.29620361328125
-0.109375 -0.127044677734375 0.29620361328125
-0.09375 0.026519775390625 0.64093017578125
-0.125 -0.189300537109375 0.29571533203125
-0.125 0.029937744140625 0.41094970703125
-0.125 -0.038909912109375 0.41094970703125
-0.140625 0.11260986328125 0.24932861328125
-0.140625 -0.091888427734375 0.24932861328125
-0.140625 0.16738510131835938 0.41046142578125
-0.140625 0.098541259765625 0.41046142578125
-0.140625 -0.107757568359375 0.41046142578125
-0.15625 -0.176849365234375 0.41046142578125
-0.1875 0.1796722412109375 0.24737548828125
-0.203125 0.246917724609375 0.24688720703125
-0.203125 -0.153167724609375 0.24688720703125
-0.21875 -0.124114990234375 0.17657470703125
-0.265625 -0.221771240234375 0.24395751953125
-0.515625 0.037384033203125 0.68975830078125
-0.53125 0.035552978515625 0.57647705078125
-0.578125 -0.031585693359375 0.68878173828125
