MOTORCYCLIST
0.6015625 -0.1043701171875 -0.31993865966796875
0.5390625 -0.0355224609375 -0.20201873779296875
0.5390625 -0.1087646484375 -0.20201873779296875
0.5078125 0.0421142578125 -0.32555389404296875
0.5078125 0.0367431640625 -0.20348358154296875
0.4921875 -0.1795654296875 -0.20446014404296875
0.4765625 0.1065673828125 -0.32823944091796875
0.4765625 -0.1824951171875 -0.32848358154296875
0.4609375 0.1085205078125 -0.20592498779296875
0.4453125 -0.0159912109375 -0.08483123779296875
0.4453125 -0.0858154296875 -0.08531951904296875
0.4296875 0.0562744140625 -0.08678436279296875
0.4296875 -0.2576904296875 -0.33116912841796875
0.4296875 -0.1595458984375 -0.08629608154296875
0.4140625 -0.0316162109375 -0.5786666870117188
0.3984375 0.0416259765625 -0.5796127319335938
0.3984375 -0.1785888671875 -0.5795211791992188
0.3828125 -0.2386474609375 -0.08922576904296875
0.3515625 0.1134033203125 -0.5832748413085938
0.3203125 0.0518798828125 0.03137969970703125
0.3203125 -0.2552490234375 -0.5852737426757812
0.3203125 -0.0286865234375 0.15442657470703125
0.3046875 -0.0223388671875 0.03040313720703125
0.2890625 0.1251220703125 0.03040313720703125
0.2578125 0.1749267578125 -0.34166717529296875
0.2578125 0.1942138671875 0.02796173095703125
0.2734375 -0.2445068359375 0.02942657470703125
0.2265625 0.1246337890625 -0.09703826904296875
0.2421875 -0.1053466796875 0.15100860595703125
0.2109375 0.2674560546875 0.02649688720703125
0.1640625 0.1749267578125 -0.22325897216796875
-0.0234375 0.1932373046875 -0.11022186279296875
-0.0234375 0.2562255859375 0.14075469970703125
-0.0703125 0.0377197265625 0.13880157470703125
-0.0859375 -0.2674560546875 0.13782501220703125
-0.1171875 0.1815185546875 0.26331329345703125
-0.1171875 0.0308837890625 0.26331329345703125
-0.1328125 0.1060791015625 0.26282501220703125
-0.1328125 -0.0447998046875 0.26282501220703125
-0.1328125 -0.1199951171875 0.26233673095703125
-0.1484375 0.1856689453125 0.14563751220703125
-0.1328125 0.0050048828125 0.5123367309570312
-0.1484375 -0.1947021484375 0.13538360595703125
-0.1640625 0.1781005859375 0.13489532470703125
-0.1640625 0.1026611328125 0.13538360595703125
-0.1640625 -0.0228271484375 0.38538360595703125
-0.1640625 -0.1927490234375 0.26184844970703125
-0.1796875 0.0523681640625 0.38538360595703125
-0.1796875 -0.0316162109375 0.6383132934570312
-0.1953125 -0.0960693359375 0.38440704345703125
-0.2109375 -0.0335693359375 0.14221954345703125
-0.2109375 0.1265869140625 0.38440704345703125
-0.2265625 -0.2557373046875 0.14173126220703125
-0.2421875 -0.1820068359375 0.14124298095703125
-0.3828125 0.1668701171875 -0.6383132934570312
-0.6015625 0.0938720703125 0.6295242309570312
