MOTORCYCLIST
0.5859375 -0.0386962890625 -0.58709716796875
0.5546875 -0.0548095703125 -0.22259521484375
0.5546875 -0.1212158203125 -0.22357177734375
0.5390625 0.0228271484375 -0.34637451171875
0.5234375 0.0247802734375 -0.22515869140625
0.5234375 -0.1944580078125 -0.34710693359375
0.5234375 -0.1993408203125 -0.22479248046875
0.5078125 -0.1080322265625 -0.09954833984375
0.4921875 -0.0352783203125 -0.10052490234375
0.4765625 0.0897216796875 -0.22845458984375
0.4765625 -0.1759033203125 -0.10150146484375
0.4609375 0.0946044921875 -0.3514404296875
0.4609375 -0.2711181640625 -0.35162353515625
0.4453125 0.0447998046875 -0.10272216796875
0.4140625 -0.1158447265625 0.13922119140625
0.3984375 -0.0421142578125 0.13922119140625
0.3828125 -0.2711181640625 -0.60430908203125
0.3515625 0.1146240234375 0.01422119140625
0.3359375 -0.2603759765625 0.01300048828125
0.3203125 -0.0343017578125 0.01251220703125
0.3046875 0.1004638671875 -0.61065673828125
0.2734375 -0.1915283203125 0.13287353515625
0.2421875 0.1629638671875 -0.36785888671875
0.2265625 0.1053466796875 -0.11663818359375
0.2109375 0.0257568359375 0.12896728515625
0.1484375 -0.2716064453125 0.12652587890625
0.0234375 0.2464599609375 0.12017822265625
0.0078125 -0.0074462890625 -0.61871337890625
-0.0703125 0.1715087890625 0.24078369140625
-0.0703125 -0.0093994140625 0.49468994140625
-0.0859375 0.0194091796875 0.24029541015625
-0.1015625 0.0872802734375 0.23931884765625
-0.1015625 -0.0640869140625 0.23980712890625
-0.1015625 -0.1324462890625 0.23980712890625
-0.1171875 -0.0167236328125 0.23785400390625
-0.1171875 -0.0909423828125 0.23736572265625
-0.1171875 -0.2130126953125 0.23883056640625
-0.1328125 -0.0426025390625 0.36773681640625
-0.1328125 0.0286865234375 0.61871337890625
-0.1640625 0.0906982421875 0.11090087890625
-0.1484375 -0.1187744140625 0.36724853515625
-0.1640625 0.0404052734375 0.36676025390625
-0.1796875 0.1077880859375 0.36578369140625
-0.1796875 -0.1881103515625 0.36627197265625
-0.5234375 0.1248779296875 0.22125244140625
-0.5390625 0.2716064453125 0.22027587890625
-0.5546875 0.1956787109375 0.21929931640625
-0.5859375 0.0404052734375 0.59820556640625
