MOTORCYCLIST
0.453125 -0.0252685546875 -0.65289306640625
0.453125 -0.1761474609375 -0.65411376953125
0.421875 0.0396728515625 -0.41070556640625
0.421875 -0.1805419921875 -0.4107666015625
0.390625 -0.0360107421875 -0.29083251953125
0.375 0.0333251953125 -0.29193115234375
0.375 -0.1839599609375 -0.29168701171875
0.375 -0.1654052734375 -0.16558837890625
0.359375 -0.0150146484375 -0.16607666015625
0.359375 -0.1146240234375 -0.29290771484375
0.359375 -0.0887451171875 -0.16632080078125
0.34375 0.1065673828125 -0.29364013671875
0.3125 0.0538330078125 -0.16876220703125
0.28125 0.1021728515625 -0.42041015625
0.265625 -0.2611083984375 -0.422119140625
0.25 -0.0203857421875 -0.05059814453125
0.234375 -0.0946044921875 -0.05157470703125
0.203125 0.1246337890625 -0.17559814453125
0.171875 0.1114501953125 0.06878662109375
0.15625 0.0347900390625 -0.67864990234375
0.15625 0.1856689453125 0.06781005859375
0.15625 -0.0340576171875 0.06781005859375
0.09375 0.2623291015625 0.06488037109375
0.046875 -0.0023193359375 -0.67413330078125
0.03125 -0.2591552734375 0.06146240234375
-0.046875 -0.1839599609375 -0.06671142578125
-0.125 0.1661376953125 -0.45001220703125
-0.1875 0.1158447265625 -0.07476806640625
-0.25 0.0347900390625 -0.07818603515625
-0.25 0.1783447265625 0.17376708984375
-0.265625 0.2537841796875 0.17279052734375
-0.265625 0.1285400390625 0.16741943359375
-0.265625 0.0255126953125 0.17279052734375
-0.265625 -0.0462646484375 0.17327880859375
-0.265625 0.0001220703125 0.42767333984375
-0.265625 0.0435791015625 0.55364990234375
-0.28125 0.0479736328125 0.30120849609375
-0.28125 -0.1263427734375 0.17230224609375
-0.28125 -0.0242919921875 0.30120849609375
-0.296875 0.1236572265625 0.30023193359375
-0.296875 -0.1004638671875 0.30072021484375
-0.3125 0.2017822265625 0.16595458984375
-0.3125 0.1007080078125 0.17083740234375
-0.296875 -0.1805419921875 0.30072021484375
-0.3125 -0.2440185546875 0.16546630859375
-0.34375 0.1802978515625 -0.08306884765625
-0.328125 -0.2005615234375 0.17034912109375
-0.3125 -0.0159912109375 0.67864990234375
-0.328125 -0.2581787109375 0.29925537109375
-0.34375 -0.0218505859375 0.16448974609375
-0.34375 -0.0897216796875 0.67767333984375
-0.375 -0.2742919921875 -0.08526611328125
-0.375 -0.1160888671875 0.55072021484375
-0.40625 0.2742919921875 0.16204833984375
-0.453125 -0.2044677734375 0.03753662109375
