MOTORCYCLIST
0.6015625 -0.037109375 -0.38189697265625
0.5703125 -0.017578125 -0.13714599609375
0.5703125 -0.08740234375 -0.13690185546875
0.5546875 0.041015625 -0.26239013671875
0.5390625 0.05517578125 -0.13885498046875
0.5390625 -0.18505859375 -0.26312255859375
0.5234375 -0.02978515625 -0.634765625
0.5234375 -0.1630859375 -0.13909912109375
0.5078125 0.109375 -0.26605224609375
0.4921875 0.0361328125 -0.38995361328125
0.4921875 -0.25439453125 -0.26678466796875
0.4609375 0.126953125 -0.14349365234375
0.4609375 -0.0185546875 -0.01971435546875
0.4609375 -0.1875 -0.39202880859375
0.4453125 -0.09326171875 -0.02020263671875
0.4453125 -0.26611328125 -0.39373779296875
0.4296875 0.05419921875 -0.02117919921875
0.3984375 -0.03173828125 0.10089111328125
0.3984375 -0.029296875 0.22491455078125
0.3671875 0.03857421875 -0.647705078125
0.3671875 -0.1845703125 -0.64788818359375
0.3671875 -0.1708984375 -0.02459716796875
0.1484375 -0.1123046875 0.08917236328125
0.0859375 -0.02490234375 -0.69635009765625
0.0546875 0.26904296875 -0.69805908203125
0.0390625 0.12109375 -0.69964599609375
0.0234375 -0.10107421875 -0.70147705078125
0.0078125 0.19384765625 -0.70220947265625
0.0078125 0.0458984375 -0.70245361328125
0.0078125 0.03369140625 0.08233642578125
-0.0234375 0.1669921875 -0.42626953125
-0.0234375 -0.1123046875 0.20782470703125
-0.0546875 0.261962890625 0.20587158203125
-0.0546875 -0.1787109375 -0.70867919921875
-0.0390625 -0.26611328125 0.20684814453125
-0.0703125 0.18212890625 0.20587158203125
-0.0859375 -0.25341796875 -0.71026611328125
-0.0859375 0.00390625 0.45880126953125
-0.1015625 0.10498046875 0.20391845703125
-0.1015625 0.03271484375 0.20440673828125
-0.0859375 0.04443359375 0.58624267578125
-0.1015625 0.04833984375 0.33184814453125
-0.1015625 -0.02783203125 0.33184814453125
-0.1015625 -0.1005859375 0.33184814453125
-0.1171875 -0.0380859375 0.15850830078125
-0.1171875 0.12353515625 0.33087158203125
-0.1328125 0.1884765625 -0.05096435546875
-0.1328125 0.10498046875 0.07550048828125
-0.1328125 0.03515625 0.15753173828125
-0.1328125 -0.201171875 0.20343017578125
-0.1328125 -0.177734375 0.33087158203125
-0.1796875 0.17626953125 0.07305908203125
-0.1796875 -0.20166015625 0.07403564453125
-0.1953125 -0.26904296875 -0.05487060546875
-0.2265625 -0.091796875 0.71026611328125
-0.5390625 -0.1298828125 0.14093017578125
-0.5703125 0.09033203125 0.64678955078125
-0.6015625 0.09619140625 0.13897705078125
-0.6015625 0.013671875 0.64581298828125
