MOTORCYCLIST
0.6015625 -0.0296630859375 -0.6392822265625
0.5703125 0.0308837890625 -0.270751953125
0.5703125 -0.0247802734375 -0.144287109375
0.5703125 -0.0916748046875 -0.14501953125
0.5546875 0.0323486328125 -0.39501953125
0.5390625 0.0489501953125 -0.14599609375
0.5390625 -0.1707763671875 -0.14697265625
0.5234375 0.1002197265625 -0.2734375
0.5234375 -0.1893310546875 -0.27392578125
0.5078125 -0.2650146484375 -0.275390625
0.4921875 0.1251220703125 -0.14892578125
0.4921875 -0.1185302734375 -0.399658203125
0.4765625 -0.0223388671875 -0.02685546875
0.4609375 0.0479736328125 -0.02734375
0.4609375 -0.0975341796875 -0.02734375
0.4453125 -0.1956787109375 -0.4039306640625
0.4296875 -0.0399169921875 0.21923828125
0.4140625 -0.0355224609375 0.09375
0.3671875 0.0328369140625 -0.6580810546875
0.3515625 -0.1922607421875 -0.6607666015625
0.3515625 -0.1800537109375 -0.033447265625
0.2421875 0.1705322265625 -0.2916259765625
0.2109375 0.1148681640625 -0.040283203125
0.1328125 0.0299072265625 0.08056640625
0.1015625 0.2767333984375 -0.6922607421875
0.0390625 0.2012939453125 -0.6971435546875
0.0390625 0.1231689453125 -0.6978759765625
0.0234375 0.1656494140625 -0.43267822265625
0.0234375 0.0489501953125 -0.698486328125
0.0234375 -0.0999755859375 -0.6995849609375
-0.0078125 0.2520751953125 0.201171875
-0.0078125 -0.1268310546875 0.07421875
-0.0390625 0.1832275390625 -0.053955078125
-0.0390625 -0.1688232421875 -0.7041015625
-0.0546875 -0.2523193359375 -0.7060546875
-0.0703125 0.1739501953125 0.1982421875
-0.0546875 -0.0047607421875 0.4541015625
-0.0703125 0.1929931640625 0.32763671875
-0.0859375 0.0206298828125 0.197265625
-0.1015625 0.0928955078125 0.197265625
-0.1015625 -0.0330810546875 0.1650390625
-0.0859375 0.0352783203125 0.580078125
-0.1015625 0.0396728515625 0.326171875
-0.1015625 -0.1287841796875 0.19677734375
-0.1015625 -0.1063232421875 0.326171875
-0.1171875 0.1187744140625 0.3251953125
-0.1171875 -0.0379638671875 0.32568359375
-0.1328125 0.0972900390625 0.068359375
-0.1171875 -0.2064208984375 0.1953125
-0.1328125 0.0362548828125 0.16357421875
-0.1328125 -0.1873779296875 0.32470703125
-0.1328125 -0.0799560546875 0.45166015625
-0.1640625 0.1729736328125 0.06640625
-0.1328125 -0.1029052734375 0.7060546875
-0.1640625 -0.2103271484375 0.06591796875
-0.1953125 -0.2767333984375 -0.0625
-0.5546875 -0.1302490234375 0.146484375
-0.6015625 0.0968017578125 0.14501953125
-0.5859375 0.0142822265625 0.654296875
-0.6015625 0.0904541015625 0.654296875
