MOTORCYCLIST
0.609375 0.06591796875 -0.28741455078125
0.5625 -0.00830078125 -0.16644287109375
0.5625 -0.0869140625 -0.16741943359375
0.546875 0.05810546875 -0.16668701171875
0.546875 -0.15771484375 -0.16839599609375
0.515625 0.0078125 -0.04632568359375
0.515625 -0.1611328125 -0.29547119140625
0.515625 -0.06640625 -0.04656982421875
0.5 -0.13818359375 -0.04852294921875
0.484375 0.13818359375 -0.16961669921875
0.46875 0.083984375 -0.04852294921875
0.453125 0.13134765625 -0.29693603515625
0.46875 -0.23193359375 -0.17352294921875
0.4375 0.20947265625 -0.29791259765625
0.453125 -0.23486328125 -0.30010986328125
0.40625 -0.15380859375 -0.554046630859375
0.359375 0.14990234375 0.07183837890625
0.34375 0.14013671875 -0.5564422607421875
0.359375 -0.23095703125 -0.55816650390625
0.359375 -0.00732421875 0.19683837890625
0.34375 -0.0869140625 0.19586181640625
0.328125 0.06640625 0.19586181640625
0.3125 0.2236328125 0.07037353515625
0.3125 -0.001953125 0.06842041015625
0.3125 -0.16015625 0.19342041015625
0.28125 0.29833984375 0.06939697265625
0.28125 0.1455078125 -0.05828857421875
0.28125 0.13623046875 0.19439697265625
0.234375 0.21435546875 0.19293212890625
0.25 -0.23388671875 0.19049072265625
0.171875 0.288330078125 0.19097900390625
0.15625 -0.29833984375 0.43707275390625
-0.09375 0.26416015625 -0.67376708984375
-0.078125 0.04736328125 0.30767822265625
-0.09375 0.20751953125 0.30767822265625
-0.09375 -0.02197265625 0.30670166015625
-0.09375 -0.1025390625 0.30621337890625
-0.125 0.1884765625 -0.67681884765625
-0.09375 0.02294921875 0.56060791015625
-0.125 0.13037109375 0.30670166015625
-0.140625 0.03466796875 -0.67816162109375
-0.109375 0.0625 0.68951416015625
-0.125 -0.00537109375 0.43072509765625
-0.125 -0.1767578125 0.30426025390625
-0.125 -0.08203125 0.43023681640625
-0.140625 -0.04443359375 0.19879150390625
-0.140625 0.07470703125 0.43072509765625
-0.171875 0.1083984375 -0.68023681640625
-0.15625 0.0263671875 0.19879150390625
-0.15625 -0.15576171875 0.42877197265625
-0.171875 0.14306640625 0.43023681640625
-0.203125 -0.09814453125 0.68658447265625
-0.25 -0.1201171875 -0.68780517578125
-0.234375 -0.1318359375 0.55572509765625
-0.296875 -0.193359375 -0.69146728515625
-0.609375 -0.14306640625 0.18023681640625
-0.609375 0.00341796875 0.69146728515625
