MOTORCYCLIST
0.5859375 -0.006103515625 -0.16943359375
0.5859375 -0.076904296875 -0.170166015625
0.5703125 0.067626953125 -0.1708984375
0.5546875 -0.009033203125 -0.046875
0.5546875 -0.079833984375 -0.046630859375
0.5546875 -0.156005859375 -0.171630859375
0.5234375 -0.001220703125 -0.424224853515625
0.5234375 0.068115234375 -0.048583984375
0.5234375 -0.155517578125 -0.048828125
0.5078125 0.144287109375 -0.174072265625
0.4921875 -0.233642578125 -0.176513671875
0.4609375 -0.001708984375 -0.6796875
0.4453125 0.071044921875 -0.4292335510253906
0.4609375 -0.233642578125 -0.052734375
0.4453125 -0.228759765625 -0.4304008483886719
0.4140625 -0.153076171875 -0.683837890625
0.4140625 -0.067138671875 0.069091796875
0.3359375 0.133544921875 -0.058837890625
0.1015625 -0.003173828125 0.052734375
0.1015625 -0.155517578125 0.052490234375
0.0234375 0.133056640625 -0.4619140625
0.0078125 -0.084228515625 0.175537109375
-0.0546875 0.219482421875 0.173583984375
-0.0546875 0.071533203125 0.044921875
-0.0390625 -0.239501953125 0.173095703125
-0.0703125 -0.018310546875 0.300537109375
-0.0703125 0.002685546875 0.555419921875
-0.0859375 -0.010986328125 0.171630859375
-0.0859375 0.057861328125 0.300537109375
-0.0859375 -0.091552734375 0.300048828125
-0.1015625 0.207275390625 0.300048828125
-0.1171875 0.142333984375 0.041748046875
-0.0859375 -0.047119140625 0.683837890625
-0.1015625 -0.021240234375 0.428466796875
-0.1171875 0.064697265625 0.170654296875
-0.1171875 0.137939453125 0.299560546875
-0.1171875 0.058837890625 0.427978515625
-0.1171875 -0.237548828125 0.041015625
-0.1171875 -0.094970703125 0.427978515625
-0.1328125 0.131103515625 0.427490234375
-0.1328125 -0.021728515625 0.319580078125
-0.1484375 0.140380859375 0.169189453125
-0.1328125 -0.174072265625 0.298095703125
-0.1328125 -0.172607421875 0.427001953125
-0.1640625 0.026611328125 0.681884765625
-0.1796875 -0.164794921875 0.167236328125
-0.5390625 0.264892578125 0.305419921875
-0.5703125 0.187255859375 0.303955078125
-0.5859375 -0.115966796875 0.302001953125
-0.5859375 -0.193115234375 0.301513671875
-0.5859375 -0.264892578125 0.302001953125
