MOTORCYCLIST
-0.78125 0.130859375 -0.664306640625
-0.78125 0.2265625 -0.47320556640625
-0.71875 -0.30859375 0.412109375
-0.6875 0.01953125 -0.2841796875
-0.65625 -0.203125 -0.156494140625
-0.5 0.033203125 -0.48626708984375
-0.46875 -0.30078125 -0.1636962890625
-0.40625 0.162109375 -0.103759765625
-0.375 0.044921875 -0.103515625
-0.40625 0.38671875 0.0888671875
-0.375 0.279296875 -0.1044921875
-0.34375 -0.02734375 0.783203125
-0.3125 -0.05859375 -0.30157470703125
-0.34375 0.087890625 0.783203125
-0.28125 -0.158203125 0.59228515625
-0.28125 -0.033203125 0.4013671875
-0.25 -0.150390625 0.400390625
-0.25 0.07421875 0.400390625
-0.21875 -0.0390625 0.59130859375
-0.1875 -0.234375 0.279296875
-0.21875 0.0703125 0.59130859375
-0.1875 -0.1171875 0.279296875
-0.21875 0.1875 0.59130859375
-0.21875 0.412109375 -0.111083984375
-0.15625 0.46484375 0.27587890625
-0.0625 -0.271484375 0.20361328125
-0.0625 -0.041015625 -0.5087890625
-0.0625 0.357421875 0.2734375
-0.03125 0.322265625 -0.31683349609375
0.03125 -0.1484375 -0.1201171875
0.03125 -0.033203125 -0.11962890625
0.03125 -0.01953125 -0.76708984375
0.0625 -0.048828125 0.07421875
0.125 -0.150390625 0.072509765625
0.25 -0.146484375 0.46435546875
0.21875 0.27734375 0.26611328125
0.34375 -0.46484375 -0.783203125
0.28125 0.173828125 0.66015625
0.3125 0.05078125 0.26318359375
0.3125 0.21875 0.46142578125
0.3125 0.337890625 0.46142578125
0.34375 0.060546875 0.66015625
0.34375 0.171875 0.26220703125
0.375 -0.015625 0.46142578125
0.375 0.103515625 0.4609375
0.53125 -0.455078125 -0.737548828125
0.625 -0.326171875 -0.744140625
0.6875 -0.19921875 -0.749267578125
0.78125 -0.0703125 -0.75439453125
0.78125 0.171875 -0.755859375
