MOTORCYCLIST
-0.671875 -0.06640625 -0.42279052734375
-0.640625 0.00390625 -0.6485595703125
-0.640625 0.07421875 -0.20654296875
-0.65625 0.201171875 -0.42840576171875
-0.578125 -0.26171875 -0.0283203125
-0.609375 0.009765625 -0.42962646484375
-0.59375 -0.06640625 0.01171875
-0.546875 -0.318359375 -0.029296875
-0.578125 0.00390625 0.12060546875
-0.578125 0.072265625 0.0087890625
-0.5625 0.140625 0.00732421875
-0.53125 0.01171875 0.00732421875
-0.53125 0.015625 0.22900390625
-0.515625 -0.048828125 0.11767578125
-0.5 -0.11328125 0.00634765625
-0.515625 -0.046875 0.228515625
-0.53125 0.078125 0.11767578125
-0.5 -0.033203125 -0.214599609375
-0.515625 0.0859375 0.2275390625
-0.515625 0.150390625 0.11572265625
-0.46875 -0.03515625 -0.105712890625
-0.46875 0.021484375 0.33740234375
-0.390625 -0.359375 -0.46929931640625
-0.4375 -0.099609375 0.11474609375
-0.421875 -0.09375 0.224609375
-0.40625 -0.16015625 0.11279296875
-0.375 -0.29296875 -0.471282958984375
-0.453125 0.169921875 -0.108642578125
-0.390625 -0.162109375 0.00146484375
-0.4375 0.09375 0.3359375
-0.390625 -0.08984375 -0.109130859375
-0.421875 0.109375 -0.1103515625
-0.359375 -0.228515625 -0.473907470703125
-0.375 -0.078125 -0.22216796875
-0.359375 -0.140625 -0.22265625
-0.390625 0.044921875 -0.111083984375
-0.4375 0.30078125 0.10986328125
-0.40625 0.240234375 0.10888671875
-0.390625 0.171875 0.3330078125
-0.296875 -0.140625 -0.114990234375
-0.296875 -0.0625 -0.45361328125
-0.34375 0.267578125 -0.1171875
-0.3125 -0.07421875 0.712890625
-0.25 -0.193359375 -0.22998046875
-0.296875 0.044921875 0.44091796875
-0.28125 -0.0625 0.603515625
-0.25 -0.140625 0.2783203125
-0.234375 -0.26171875 0.494140625
-0.28125 0.208984375 -0.232666015625
-0.234375 -0.1953125 0.494140625
-0.21875 -0.1171875 -0.45916748046875
-0.25 -0.1328125 0.7119140625
-0.203125 -0.197265625 0.27685546875
-0.171875 -0.333984375 0.328125
-0.1875 -0.1953125 0.328125
-0.203125 -0.125 0.4931640625
-0.234375 0.068359375 0.7109375
-0.21875 0.013671875 0.6015625
-0.21875 0.0703125 0.4921875
-0.234375 0.197265625 0.4912109375
-0.1875 -0.0546875 0.4921875
-0.234375 0.275390625 0.326171875
-0.171875 -0.1796875 0.6015625
-0.1875 0.0078125 0.4921875
-0.171875 -0.111328125 0.6015625
-0.171875 0.15234375 0.6005859375
-0.09375 -0.23828125 0.27294921875
-0.15625 0.359375 0.32275390625
0.015625 -0.150390625 -0.477325439453125
0.03125 -0.1484375 -0.135009765625
0.046875 -0.2265625 -0.02294921875
0.0625 -0.208984375 -0.13671875
0.09375 -0.28125 -0.1376953125
0.140625 -0.19140625 -0.25634765625
0.15625 -0.2578125 -0.256591796875
0.25 -0.24609375 -0.49481201171875
0.265625 -0.271484375 0.423828125
0.265625 -0.119140625 0.07861328125
0.265625 -0.201171875 0.42333984375
0.328125 -0.1796875 0.076171875
0.265625 0.287109375 0.419921875
0.3125 -0.046875 0.6513671875
0.3125 0.021484375 0.6513671875
0.3125 -0.009765625 0.7666015625
0.375 -0.099609375 0.1884765625
0.34375 0.0703125 0.5341796875
0.359375 0.001953125 0.5341796875
0.375 0.033203125 0.3037109375
0.390625 -0.0390625 0.41796875
0.40625 -0.103515625 0.41748046875
0.390625 0.03125 0.41748046875
0.359375 0.140625 0.765625
0.40625 -0.107421875 0.6494140625
0.390625 0.099609375 0.4169921875
0.390625 0.1015625 0.6494140625
0.453125 -0.150390625 0.185546875
0.421875 -0.0546875 0.7646484375
0.4375 -0.056640625 0.5322265625
0.453125 -0.125 0.5322265625
0.453125 0.158203125 0.5302734375
0.59375 0.091796875 -0.7633056640625
0.625 -0.044921875 -0.762939453125
0.640625 0.02734375 -0.7666015625
0.671875 -0.189453125 0.05810546875
