MOTORCYCLIST
-0.6640625 -0.119140625 -0.5831298828125
-0.671875 0.0234375 -0.0762939453125
-0.6015625 -0.189453125 -0.0506591796875
-0.609375 -0.162109375 -0.0506591796875
-0.6328125 -0.03125 -0.3494873046875
-0.640625 0.00390625 -0.0799560546875
-0.6015625 -0.087890625 -0.0552978515625
-0.6328125 0.041015625 -0.3538818359375
-0.6484375 0.0703125 -0.0819091796875
-0.65625 0.1015625 -0.0819091796875
-0.6328125 0.041015625 -0.7828369140625
-0.578125 -0.115234375 -0.0567626953125
-0.546875 -0.205078125 -0.0560302734375
-0.59375 0.052734375 0.1029052734375
-0.5390625 0.00390625 -0.0919189453125
-0.5234375 -0.029296875 0.0989990234375
-0.53125 0.00390625 0.0985107421875
-0.4296875 -0.26953125 -0.61297607421875
-0.4921875 -0.0546875 0.0970458984375
-0.5390625 0.109375 0.0946044921875
-0.4609375 -0.078125 -0.62060546875
-0.40625 -0.1875 -0.0731201171875
-0.4375 -0.072265625 0.0921630859375
-0.4609375 0.02734375 0.2303466796875
-0.4296875 0.005859375 -0.38092041015625
-0.5 0.1953125 0.0877685546875
-0.4375 0.0 0.2293701171875
-0.46875 0.13671875 0.2269287109375
-0.40625 -0.0234375 0.2269287109375
-0.4609375 0.17578125 0.2249755859375
-0.4453125 0.1796875 0.0833740234375
-0.3359375 -0.0703125 -0.1121826171875
-0.4375 0.2578125 0.0789794921875
-0.3203125 -0.064453125 -0.393798828125
-0.3125 -0.134765625 0.0819091796875
-0.3125 -0.09765625 -0.1141357421875
-0.265625 -0.16015625 0.0784912109375
-0.265625 -0.119140625 -0.1187744140625
-0.34375 0.068359375 0.3353271484375
-0.2578125 -0.080078125 -0.40179443359375
-0.2734375 -0.171875 0.5159912109375
-0.28125 -0.138671875 0.5159912109375
-0.2734375 0.02734375 -0.40557861328125
-0.2578125 -0.005859375 -0.1243896484375
-0.2421875 -0.19140625 0.5150146484375
-0.3125 0.1171875 0.3319091796875
-0.3203125 0.05078125 0.6781005859375
-0.1875 -0.35546875 0.5101318359375
-0.296875 -0.005859375 0.6781005859375
-0.1875 -0.318359375 0.5091552734375
-0.25 -0.091796875 0.5130615234375
-0.25 -0.009765625 0.2132568359375
-0.1875 -0.279296875 0.4500732421875
-0.1953125 -0.130859375 -0.1268310546875
-0.2265625 0.00390625 -0.41046142578125
-0.2890625 0.033203125 0.6771240234375
-0.2890625 0.001953125 0.7874755859375
-0.1640625 -0.30859375 0.4495849609375
-0.2890625 0.041015625 0.7864990234375
-0.1640625 -0.240234375 0.3304443359375
-0.265625 -0.025390625 0.7874755859375
-0.2265625 -0.048828125 0.5111083984375
-0.234375 -0.015625 0.5101318359375
-0.15625 -0.16015625 0.0672607421875
-0.1640625 -0.080078125 -0.41534423828125
-0.234375 -0.017578125 0.6761474609375
-0.1328125 -0.265625 0.3284912109375
-0.2265625 0.021484375 0.5091552734375
-0.25 0.177734375 0.3245849609375
-0.265625 0.24609375 0.3236083984375
-0.2578125 0.083984375 0.7855224609375
-0.1484375 -0.130859375 0.2864990234375
-0.21875 0.0625 0.5076904296875
-0.1171875 -0.142578125 -0.1353759765625
-0.2109375 -0.0390625 0.7855224609375
-0.1484375 0.005859375 -0.6796875
-0.234375 0.201171875 0.5047607421875
-0.203125 0.1015625 0.5057373046875
-0.2109375 0.134765625 0.5052490234375
-0.234375 0.232421875 0.5042724609375
-0.1953125 0.169921875 0.2801513671875
-0.2421875 0.265625 0.5037841796875
-0.2109375 0.169921875 0.5047607421875
-0.25 0.30078125 0.5032958984375
-0.09375 -0.146484375 0.2830810546875
-0.0625 -0.125 -0.42822265625
-0.0703125 -0.08984375 -0.428253173828125
-0.0703125 -0.1015625 -0.1158447265625
-0.140625 -0.048828125 0.7835693359375
0.0078125 -0.255859375 0.3177490234375
-0.1484375 0.369140625 0.3109130859375
-0.1796875 0.431640625 0.4915771484375
0.0546875 -0.19921875 -0.1534423828125
0.0 0.025390625 -0.706298828125
0.0546875 -0.16015625 -0.1556396484375
-0.140625 0.408203125 0.3094482421875
0.015625 -0.0078125 -0.706298828125
0.078125 -0.271484375 0.3123779296875
-0.15625 0.474609375 0.4891357421875
0.09375 -0.22265625 -0.1571044921875
0.046875 -0.029296875 -0.7098388671875
-0.125 0.4140625 0.4285888671875
0.1015625 -0.1484375 0.0404052734375
0.125 -0.17578125 0.0394287109375
-0.0859375 0.46875 0.3035888671875
0.1171875 -0.09765625 -0.4559326171875
0.1015625 -0.046875 -0.7183837890625
0.1328125 -0.25390625 0.4285888671875
0.2109375 -0.185546875 0.0306396484375
0.2265625 -0.177734375 -0.4681854248046875
0.25 -0.208984375 -0.470001220703125
0.25 -0.1328125 -0.47314453125
0.2421875 -0.09765625 -0.473785400390625
0.0859375 0.341796875 0.2938232421875
0.265625 -0.05859375 0.2918701171875
0.3125 -0.00390625 0.2869873046875
0.328125 -0.076171875 0.4730224609375
0.28125 0.060546875 0.6556396484375
0.2734375 0.091796875 0.7171630859375
0.296875 0.021484375 0.7181396484375
0.3125 -0.009765625 0.6556396484375
0.3125 0.025390625 0.5941162109375
0.359375 -0.021484375 0.1595458984375
0.3515625 0.01171875 0.1590576171875
0.34375 0.048828125 0.1585693359375
0.296875 0.05859375 0.7171630859375
0.3125 0.02734375 0.6556396484375
0.375 -0.05859375 0.1590576171875
0.3125 0.064453125 0.5931396484375
0.34375 0.044921875 0.2830810546875
0.3515625 -0.029296875 0.4705810546875
0.359375 -0.025390625 0.4080810546875
0.34375 0.087890625 0.1571044921875
0.3828125 -0.140625 0.5316162109375
0.3515625 0.009765625 0.4075927734375
0.375 -0.10546875 0.5316162109375
0.34375 0.044921875 0.4075927734375
0.3515625 0.046875 0.4686279296875
0.28125 0.298828125 0.4051513671875
0.3203125 0.06640625 0.7767333984375
0.4140625 -0.0859375 0.1571044921875
0.3671875 0.009765625 0.4686279296875
0.3359375 0.033203125 0.7767333984375
0.390625 -0.060546875 0.5296630859375
0.3671875 0.08984375 0.2801513671875
0.359375 0.09375 0.4046630859375
0.359375 0.126953125 0.2796630859375
0.375 0.009765625 0.5911865234375
0.359375 0.001953125 0.7767333984375
0.4453125 -0.115234375 0.1551513671875
0.3984375 -0.015625 0.5277099609375
0.3671875 0.1328125 0.4031982421875
0.375 0.091796875 0.4661865234375
0.328125 0.275390625 0.4027099609375
0.4453125 0.001953125 -0.7811279296875
0.3828125 0.17578125 0.1512451171875
0.3359375 0.275390625 0.4642333984375
0.40625 0.0234375 0.5267333984375
0.578125 -0.474609375 -0.7742919921875
0.3828125 0.17578125 0.2767333984375
0.3828125 0.13671875 0.4647216796875
0.390625 0.09765625 0.5267333984375
0.4140625 -0.01171875 0.6517333984375
0.578125 -0.4375 -0.7757568359375
0.5703125 -0.404296875 -0.7772216796875
0.40625 0.0625 0.5267333984375
0.5546875 -0.33203125 -0.7789306640625
0.546875 -0.30078125 -0.7789306640625
0.359375 0.24609375 0.4637451171875
0.3515625 0.197265625 0.7132568359375
0.375 0.21484375 0.4007568359375
0.3828125 0.173828125 0.4642333984375
0.375 0.212890625 0.4637451171875
0.390625 0.1796875 0.4007568359375
0.5703125 -0.3671875 -0.7786865234375
0.546875 -0.263671875 -0.7811279296875
0.3671875 0.15625 0.7747802734375
0.5390625 -0.228515625 -0.7811279296875
0.53125 -0.1953125 -0.7828369140625
0.5234375 -0.15625 -0.7843017578125
0.515625 -0.125 -0.7835693359375
0.3828125 0.169921875 0.6497802734375
0.4921875 -0.01953125 -0.7874755859375
0.3828125 0.255859375 0.3992919921875
0.515625 -0.087890625 -0.7864990234375
0.5078125 -0.052734375 -0.7874755859375
0.3828125 0.25390625 0.5238037109375
0.4140625 0.181640625 0.5228271484375
0.3671875 0.36328125 0.4608154296875
0.53125 -0.125 0.1478271484375
0.4140625 0.220703125 0.5228271484375
0.4375 0.15234375 0.5228271484375
0.46875 0.001953125 0.7728271484375
0.4765625 0.005859375 0.7113037109375
0.5 0.01171875 0.5843505859375
0.578125 -0.0625 -0.1922607421875
0.4765625 0.2890625 0.2655029296875
0.578125 0.013671875 -0.1951904296875
0.5859375 0.095703125 -0.1998291015625
0.671875 -0.1171875 -0.0191650390625
