MOTORCYCLIST
0.498046875 -0.0234375 0.590087890625
0.384765625 -0.025390625 0.598876953125
-0.205078125 -0.19140625 0.101806640625
-0.33984375 -0.15625 0.063720703125
-0.177734375 -0.201171875 0.047607421875
-0.177734375 -0.201171875 0.047607421875
0.580078125 -0.1484375 0.263427734375
0.486328125 -0.013671875 -0.037841796875
0.498046875 -0.1953125 0.480712890625
0.275390625 -0.1484375 0.02392578125
0.529296875 -0.021484375 0.677978515625
-0.041015625 -0.0625 0.777587890625
-0.205078125 -0.19140625 0.101806640625
-0.220703125 -0.19140625 0.103759765625
-0.103515625 -0.19921875 0.034912109375
-0.439453125 0.314453125 0.355224609375
-0.185546875 -0.24609375 0.427001953125
-0.154296875 -0.181640625 0.092529296875
-0.53125 -0.150390625 0.130615234375
-0.115234375 -0.03125 0.617431640625
0.427734375 -0.037109375 0.685791015625
0.126953125 -0.228515625 0.001708984375
-0.4453125 -0.08203125 0.062255859375
-0.216796875 -0.25 0.430419921875
0.173828125 -0.30078125 0.340087890625
-0.103515625 -0.19921875 0.034912109375
-0.5234375 0.33984375 0.356689453125
-0.640625 -0.197265625 0.154541015625
-0.021484375 -0.01953125 0.610595703125
0.509765625 -0.052734375 0.746337890625
-0.216796875 -0.25 0.430419921875
0.099609375 -0.09765625 0.037841796875
0.576171875 -0.009765625 0.582275390625
-0.32421875 -0.158203125 0.061279296875
-0.197265625 -0.201171875 0.051025390625
-0.279296875 -0.248046875 0.435302734375
-0.154296875 -0.1953125 0.042236328125
0.400390625 0.044921875 0.746337890625
-0.021484375 -0.193359375 0.019775390625
-0.681640625 -0.1953125 0.158447265625
0.431640625 0.16796875 0.444580078125
0.396484375 0.01953125 0.748291015625
-0.66015625 -0.3984375 0.490478515625
0.541015625 -0.06640625 -0.035400390625
0.451171875 -0.04296875 0.749267578125
0.009765625 -0.140625 0.391845703125
-0.47265625 0.09765625 -0.743896484375
-0.30859375 -0.24609375 0.437255859375
-0.482421875 0.328125 0.356201171875
0.435546875 0.072265625 0.455810546875
0.630859375 -0.1484375 -0.108642578125
0.029296875 -0.265625 0.353271484375
0.373046875 0.259765625 0.439208984375
-0.29296875 -0.162109375 0.057373046875
-0.619140625 0.228515625 -0.7626953125
0.236328125 -0.150390625 0.030029296875
0.435546875 0.044921875 0.458740234375
-0.62890625 0.318359375 0.367431640625
-0.197265625 -0.021484375 0.780517578125
0.396484375 0.01953125 0.748291015625
-0.263671875 -0.171875 0.054931640625
0.498046875 -0.0234375 0.590087890625
0.591796875 -0.01953125 0.581298828125
-0.30859375 -0.24609375 0.437255859375
0.568359375 -0.142578125 -0.097900390625
-0.072265625 0.37890625 0.464111328125
0.591796875 -0.01953125 0.581298828125
0.380859375 -0.19921875 -0.05078125
0.380859375 -0.17578125 0.490478515625
0.107421875 -0.1796875 -0.005859375
-0.4296875 -0.083984375 0.060302734375
0.236328125 -0.298828125 0.331298828125
-0.244140625 0.0390625 0.336181640625
-0.609375 -0.19140625 0.149169921875
-0.259765625 -0.263671875 0.435791015625
-0.037109375 -0.162109375 0.399658203125
0.611328125 -0.140625 0.258056640625
-0.177734375 -0.02734375 0.620361328125
-0.58984375 -0.181640625 0.145263671875
0.115234375 -0.27734375 0.343994140625
0.490234375 -0.0390625 0.681884765625
-0.091796875 0.41015625 0.461669921875
-0.103515625 -0.19921875 0.034912109375
-0.271484375 -0.26171875 0.436767578125
0.111328125 -0.197265625 -0.002685546875
-0.169921875 -0.03125 0.779541015625
0.580078125 -0.1484375 0.263427734375
0.548828125 -0.0234375 0.676025390625
-0.607421875 0.33203125 0.363525390625
-0.357421875 -0.154296875 0.065673828125
-0.205078125 -0.0078125 0.779541015625
0.134765625 -0.298828125 0.344482421875
0.134765625 -0.298828125 0.344482421875
-0.57421875 -0.177734375 0.142333984375
0.025390625 -0.162109375 0.0048828125
0.498046875 -0.0234375 0.590087890625
-0.529296875 0.265625 -0.798095703125
0.271484375 -0.28515625 0.325439453125
-0.169921875 -0.03125 0.779541015625
-0.5234375 0.33984375 0.356689453125
-0.087890625 0.388671875 0.464111328125
0.630859375 -0.1484375 -0.108642578125
0.548828125 -0.0234375 0.676025390625
-0.087890625 -0.20703125 0.033935546875
-0.224609375 0.025390625 0.617431640625
0.396484375 0.23046875 0.440185546875
0.576171875 -0.009765625 0.582275390625
-0.279296875 -0.16796875 0.056396484375
0.443359375 -0.044921875 0.685791015625
0.185546875 -0.09765625 0.02587890625
-0.154296875 -0.1953125 0.042236328125
-0.314453125 -0.13671875 0.102294921875
0.373046875 0.259765625 0.439208984375
0.275390625 -0.1484375 0.02392578125
-0.173828125 0.11328125 0.315673828125
-0.66796875 -0.193359375 0.156494140625
0.376953125 0.005859375 0.685791015625
0.353515625 0.078125 0.681884765625
-0.173828125 0.11328125 0.315673828125
-0.064453125 -0.197265625 0.02734375
0.236328125 -0.2421875 -0.015380859375
0.115234375 -0.27734375 0.343994140625
-0.103515625 0.37890625 0.263916015625
-0.236328125 -0.19140625 0.105712890625
0.478515625 -0.13671875 0.275146484375
-0.478515625 0.10546875 0.0224609375
0.396484375 -0.205078125 0.492431640625
-0.185546875 -0.24609375 0.427001953125
-0.080078125 -0.15234375 0.402587890625
-0.607421875 0.33203125 0.363525390625
-0.037109375 -0.162109375 0.399658203125
0.025390625 -0.14453125 0.391357421875
0.009765625 -0.140625 0.391845703125
-0.65234375 -0.19140625 0.154541015625
0.130859375 -0.10546875 0.035888671875
-0.134765625 -0.1953125 0.039306640625
-0.697265625 -0.19921875 0.160400390625
-0.708984375 -0.193359375 0.160400390625
0.373046875 0.28515625 0.435791015625
-0.177734375 -0.02734375 0.620361328125
0.025390625 -0.14453125 0.391357421875
-0.177734375 -0.201171875 0.047607421875
0.517578125 -0.025390625 0.588134765625
-0.310546875 0.103515625 -0.7861328125
-0.095703125 -0.150390625 0.403076171875
-0.689453125 -0.376953125 0.489013671875
-0.119140625 -0.201171875 0.037841796875
0.509765625 -0.052734375 0.746337890625
-0.091796875 0.41015625 0.461669921875
-0.48828125 -0.04296875 0.059326171875
-0.259765625 -0.263671875 0.435791015625
0.189453125 -0.3046875 0.338623046875
-0.271484375 -0.26171875 0.436767578125
-0.681640625 -0.1953125 0.158447265625
-0.173828125 0.166015625 0.307373046875
0.115234375 -0.296875 0.346923828125
0.431640625 0.16796875 0.444580078125
-0.609375 -0.19140625 0.149169921875
0.388671875 -0.029296875 0.688720703125
0.373046875 0.28515625 0.435791015625
0.466796875 -0.0390625 0.683837890625
0.482421875 -0.140625 -0.08203125
-0.068359375 -0.158203125 0.402099609375
-0.037109375 -0.162109375 0.399658203125
0.587890625 -0.064453125 0.742431640625
-0.251953125 -0.181640625 0.054931640625
-0.205078125 0.046875 0.775634765625
0.435546875 -0.13671875 0.281494140625
0.146484375 -0.23046875 -0.00146484375
0.576171875 -0.009765625 0.582275390625
-0.154296875 -0.1953125 0.042236328125
0.611328125 -0.140625 0.258056640625
-0.279296875 -0.16796875 0.056396484375
0.482421875 -0.140625 -0.08203125
-0.189453125 -0.189453125 0.098388671875
0.236328125 -0.298828125 0.331298828125
-0.021484375 -0.193359375 0.019775390625
-0.689453125 -0.376953125 0.489013671875
-0.486328125 -0.06640625 0.064697265625
-0.193359375 -0.02734375 0.621337890625
0.177734375 -0.23828125 -0.005859375
-0.490234375 0.044921875 -0.71875
0.025390625 -0.162109375 0.0048828125
-0.642578125 0.361328125 0.360595703125
-0.103515625 -0.1796875 0.085205078125
-0.30859375 -0.24609375 0.437255859375
-0.255859375 0.28515625 0.346435546875
0.212890625 -0.2421875 -0.01123046875
-0.037109375 -0.162109375 0.399658203125
-0.060546875 -0.1640625 0.075927734375
-0.052734375 -0.1640625 0.402099609375
-0.154296875 -0.1953125 0.042236328125
0.056640625 -0.275390625 0.350830078125
-0.251953125 -0.181640625 0.054931640625
-0.4296875 -0.083984375 0.060302734375
-0.181640625 -0.0234375 0.779541015625
0.146484375 -0.23046875 -0.00146484375
0.509765625 -0.02734375 0.744384765625
-0.689453125 -0.376953125 0.489013671875
-0.056640625 -0.05859375 0.777587890625
