MOTORCYCLIST
0.31207275390625 -0.169921875 -0.5069732666015625
0.0771484375 -0.154296875 0.596923828125
0.141845703125 0.01953125 0.751220703125
0.5750732421875 -0.052734375 0.700439453125
-0.370849609375 -0.13671875 0.446044921875
0.66748046875 -0.1953125 0.473876953125
-0.229248046875 -0.275390625 0.000244140625
0.2376708984375 -0.083984375 0.126708984375
0.116455078125 0.3203125 0.337646484375
0.11181640625 -0.439453125 0.473876953125
-0.061767578125 -0.05078125 0.747314453125
-0.520751953125 -0.03125 0.647705078125
-0.503662109375 -0.126953125 0.564697265625
-0.486083984375 -0.1796875 -0.062255859375
-0.083984375 -0.248046875 0.017333984375
0.733154296875 -0.07421875 0.710205078125
-0.344482421875 0.00390625 -0.7198486328125
-0.533447265625 -0.02734375 -0.753662109375
0.126220703125 -0.125 0.597900390625
0.5682373046875 -0.048828125 0.769775390625
-0.481201171875 -0.126953125 0.566650390625
0.023193359375 0.279296875 0.337646484375
0.5850830078125 -0.12890625 0.083251953125
-0.054931640625 -0.2421875 0.020751953125
0.697509765625 -0.171875 -0.44110107421875
0.5135498046875 -0.140625 0.077392578125
-0.099853515625 -0.2890625 0.361572265625
0.2132568359375 -0.095703125 0.126708984375
0.658447265625 -0.20703125 0.475341796875
0.713134765625 0.05078125 0.764892578125
0.31207275390625 -0.169921875 -0.5069732666015625
0.5877685546875 -0.109375 0.169677734375
-0.524169921875 -0.064453125 0.719970703125
0.345916748046875 -0.12890625 0.052978515625
0.14599609375 -0.08984375 0.759033203125
-0.026611328125 -0.185546875 0.119384765625
-0.415283203125 0.04296875 0.718994140625
-0.552490234375 -0.216796875 0.435302734375
0.666015625 -0.076171875 0.707275390625
-0.492919921875 -0.01171875 0.648681640625
0.154296875 -0.158203125 0.135498046875
-0.170166015625 -0.337890625 0.361083984375
0.1279296875 -0.193359375 0.140869140625
0.733154296875 -0.07421875 0.710205078125
0.5277099609375 -0.017578125 0.764892578125
0.1700439453125 -0.1640625 0.036865234375
-0.255126953125 -0.03125 -0.6844482421875
-0.677490234375 -0.169921875 0.280029296875
-0.583740234375 -0.23046875 0.433837890625
0.5947265625 -0.001953125 0.054443359375
0.375579833984375 0.2109375 0.065185546875
-0.469482421875 -0.017578125 -0.741943359375
0.4468994140625 -0.1328125 0.067138671875
-0.438720703125 -0.0546875 0.724853515625
0.1370849609375 -0.189453125 0.037841796875
0.22705078125 -0.171875 -0.52215576171875
-0.418701171875 -0.025390625 0.723876953125
0.190185546875 -0.154296875 0.371337890625
-0.330810546875 -0.08984375 0.240478515625
-0.10595703125 -0.302734375 0.363037109375
0.013671875 -0.212890625 0.024658203125
-0.634521484375 -0.25390625 0.430908203125
-0.446533203125 0.001953125 -0.74365234375
0.260986328125 -0.07421875 0.126708984375
0.336395263671875 -0.162109375 -0.505279541015625
0.697509765625 -0.171875 -0.44110107421875
0.140380859375 -0.173828125 -0.5390625
0.5596923828125 -0.048828125 0.699462890625
-0.054931640625 -0.2421875 0.020751953125
-0.508056640625 -0.150390625 0.225341796875
-0.0107421875 -0.068359375 0.750244140625
0.6484375 -0.064453125 0.705322265625
-0.604736328125 -0.125 -0.17578125
-0.117431640625 -0.25390625 0.013427734375
-0.499755859375 -0.029296875 0.649658203125
0.5323486328125 -0.224609375 0.469970703125
-0.339599609375 -0.3359375 0.342041015625
-0.466552734375 -0.3515625 0.329345703125
0.345916748046875 -0.12890625 0.052978515625
-0.420166015625 -0.046875 0.724853515625
-0.412841796875 0.095703125 0.552001953125
-0.149169921875 -0.2578125 0.00927734375
0.689208984375 -0.04296875 0.603759765625
0.23095703125 -0.115234375 0.368896484375
0.72314453125 -0.208984375 -0.42083740234375
-0.618896484375 -0.244140625 0.431396484375
0.60693359375 -0.04296875 0.770751953125
0.734130859375 -0.037109375 0.705322265625
-0.429443359375 -0.1484375 0.441162109375
0.7001953125 0.046875 0.764892578125
-0.617919921875 -0.033203125 0.640869140625
-0.506591796875 -0.2265625 -0.05615234375
0.258544921875 -0.052734375 0.361572265625
0.5142822265625 -0.25 -0.436004638671875
0.683837890625 0.015625 0.767822265625
0.112548828125 -0.130859375 0.596923828125
0.73388671875 -0.17578125 0.200927734375
0.1402587890625 -0.181640625 0.370361328125
0.3455810546875 0.06640625 0.099853515625
0.16845703125 -0.173828125 0.371826171875
0.29022216796875 -0.142578125 0.048583984375
0.50457763671875 -0.150390625 0.078369140625
0.37311553955078125 -0.146484375 -0.505279541015625
0.60205078125 -0.076171875 0.072998046875
0.572998046875 -0.06640625 0.600830078125
-0.745849609375 -0.205078125 -0.188232421875
0.318359375 -0.134765625 0.051025390625
-0.338623046875 -0.107421875 0.241943359375
0.190185546875 -0.154296875 0.371337890625
-0.483154296875 -0.35546875 0.327880859375
0.4046173095703125 0.17578125 0.076904296875
-0.088134765625 -0.255859375 0.358154296875
0.392791748046875 -0.150390625 0.064208984375
0.734130859375 -0.037109375 0.705322265625
-0.406982421875 -0.177734375 0.242919921875
-0.326416015625 0.072265625 0.216552734375
-0.061767578125 -0.05078125 0.747314453125
-0.195556640625 0.03515625 -0.6978759765625
0.2061767578125 -0.111328125 0.130126953125
0.070068359375 -0.08203125 0.755126953125
-0.458740234375 -0.125 -0.147216796875
-0.117431640625 -0.25390625 0.013427734375
0.45147705078125 -0.197265625 0.082763671875
0.064453125 -0.2109375 0.031494140625
0.555908203125 -0.052734375 0.769775390625
0.713134765625 0.05078125 0.764892578125
-0.462158203125 0.052734375 0.771728515625
0.26312255859375 -0.00390625 0.354736328125
-0.366943359375 -0.1171875 0.444091796875
0.022705078125 -0.201171875 0.023681640625
0.54052734375 -0.052734375 0.597900390625
0.237548828125 0.1171875 0.333251953125
-0.458740234375 -0.021484375 0.651611328125
-0.096923828125 -0.02734375 0.744384765625
-0.470458984375 -0.302734375 0.322509765625
0.509521484375 -0.0078125 0.763916015625
0.0732421875 -0.19921875 0.030517578125
-0.167236328125 -0.1640625 0.094482421875
0.14599609375 -0.08984375 0.759033203125
-0.167236328125 -0.1640625 0.094482421875
0.5550537109375 -0.056640625 0.598876953125
-0.663818359375 0.0 0.707275390625
-0.458251953125 -0.009765625 -0.741943359375
0.7060546875 -0.07421875 0.709228515625
-0.486083984375 -0.1796875 -0.062255859375
-0.193603515625 -0.2734375 0.00537109375
0.1435546875 0.044921875 0.749267578125
0.2132568359375 -0.095703125 0.126708984375
0.75390625 -0.259765625 -0.393798828125
0.77587890625 -0.126953125 0.467529296875
-0.532958984375 -0.1484375 0.221435546875
0.73583984375 -0.166015625 0.472412109375
0.341094970703125 0.04296875 0.105224609375
0.63818359375 -0.22265625 0.476806640625
0.6131591796875 -0.228515625 0.476318359375
-0.445556640625 0.083984375 0.770751953125
0.61083984375 -0.056640625 0.601806640625
-0.193603515625 -0.2734375 0.00537109375
0.6484375 -0.064453125 0.705322265625
-0.418701171875 -0.025390625 0.723876953125
-0.490478515625 -0.0390625 -0.738525390625
-0.322509765625 -0.029296875 0.232666015625
-0.413818359375 -0.140625 0.441650390625
-0.470458984375 -0.302734375 0.322509765625
0.692626953125 0.03125 0.765869140625
0.572998046875 -0.06640625 0.600830078125
0.683837890625 0.015625 0.767822265625
0.778076171875 -0.154296875 0.198974609375
-0.406982421875 -0.177734375 0.242919921875
-0.026611328125 -0.185546875 0.119384765625
-0.187255859375 -0.005859375 -0.6793212890625
0.056640625 -0.19921875 0.133056640625
0.100341796875 -0.17578125 0.365478515625
-0.188720703125 -0.154296875 0.089111328125
0.5712890625 -0.193359375 -0.45123291015625
0.1546630859375 -0.013671875 0.588134765625
0.69775390625 -0.02734375 0.601806640625
0.778076171875 -0.154296875 0.198974609375
-0.469482421875 -0.017578125 -0.741943359375
0.745849609375 -0.171875 0.200927734375
0.683837890625 0.015625 0.767822265625
0.088134765625 -0.193359375 0.031494140625
-0.035400390625 -0.0625 0.749267578125
0.28204345703125 -0.166015625 -0.5137176513671875
0.140380859375 -0.173828125 -0.5390625
0.43341064453125 0.142578125 0.089111328125
-0.499755859375 -0.029296875 0.649658203125
0.759033203125 0.0546875 0.695556640625
0.650390625 -0.16796875 0.191162109375
0.0732421875 -0.19921875 0.030517578125
-0.590576171875 -0.330078125 0.311767578125
0.515380859375 -0.044921875 0.697509765625
-0.468994140625 -0.115234375 0.566650390625
-0.419189453125 0.05078125 0.555908203125
-0.497802734375 -0.21484375 -0.05712890625
0.155029296875 -0.173828125 -0.535675048828125
0.1668701171875 -0.16796875 -0.535675048828125
0.626220703125 -0.2265625 0.477294921875
-0.525634765625 -0.193359375 0.435791015625
-0.431884765625 0.005859375 -0.741943359375
