MOTORCYCLIST
-0.3125 -0.123046875 0.336181640625
-0.28125 0.029296875 -0.153564453125
-0.3125 -0.296875 0.255126953125
-0.28125 -0.14453125 0.255126953125
-0.25 -0.146484375 0.012451171875
-0.25 -0.22265625 0.090576171875
-0.25 -0.12890625 0.495361328125
-0.25 -0.275390625 0.335205078125
-0.21875 -0.00390625 0.011962890625
-0.25 -0.2734375 0.495361328125
-0.21875 -0.060546875 0.090087890625
-0.21875 -0.37109375 0.089599609375
-0.1875 -0.14453125 0.577392578125
-0.1875 -0.291015625 0.010986328125
-0.125 0.158203125 0.333251953125
-0.09375 0.126953125 0.251220703125
-0.125 -0.15234375 0.733642578125
0.0 0.3984375 -0.7193603515625
0.0 0.25390625 -0.7191162109375
0.0625 0.1484375 -0.1630859375
0.0625 0.05859375 -0.4107666015625
0.1875 0.091796875 -0.7276611328125
0.1875 -0.3984375 -0.4156494140625
0.25 0.193359375 -0.4163818359375
0.28125 -0.076171875 -0.730712890625
0.3125 -0.3671875 -0.733642578125
