MOTORCYCLIST
0.76953125 -0.01953125 0.06402587890625
0.71484375 -0.099609375 0.06109619140625
0.66796875 -0.08984375 -0.50579833984375
0.73046875 0.142578125 0.05767822265625
0.57421875 -0.1171875 -0.515380859375
0.54296875 -0.158203125 -0.51788330078125
0.57421875 0.228515625 0.04425048828125
0.49609375 0.203125 -0.53460693359375
0.49609375 0.25390625 -0.53643798828125
0.40234375 -0.072265625 0.03692626953125
0.37109375 -0.0703125 0.36138916015625
0.34765625 -0.115234375 0.36090087890625
0.37109375 -0.021484375 0.36090087890625
0.37890625 0.029296875 0.36041259765625
0.32421875 -0.158203125 0.35992431640625
0.29296875 -0.146484375 0.02935791015625
0.28515625 -0.14453125 -0.5489501953125
0.37109375 0.08203125 0.35943603515625
0.29296875 0.005859375 -0.56707763671875
0.34765625 0.13671875 0.35748291015625
0.30859375 0.107421875 -0.28289794921875
0.29296875 0.056640625 -0.28338623046875
0.29296875 0.05859375 -0.56842041015625
0.24609375 -0.19140625 0.35601806640625
0.23046875 -0.181640625 0.02569580078125
0.30859375 0.15625 -0.28375244140625
0.21484375 -0.029296875 0.60015869140625
0.12890625 -0.208984375 0.01788330078125
0.21484375 0.021484375 0.59918212890625
0.07421875 -0.248046875 -0.57061767578125
0.08203125 -0.19921875 -0.57098388671875
0.22265625 0.22265625 0.34967041015625
0.04296875 -0.29296875 -0.57257080078125
0.10546875 -0.001953125 -0.58856201171875
0.09765625 0.0078125 -0.08905029296875
0.05078125 -0.140625 -0.57672119140625
0.10546875 0.05859375 -0.08978271484375
0.09765625 -0.052734375 0.59625244140625
0.01171875 -0.236328125 0.00958251953125
0.05859375 -0.037109375 -0.09124755859375
0.07421875 0.119140625 -0.09320068359375
0.00390625 -0.076171875 -0.09564208984375
0.05078125 0.169921875 -0.60003662109375
-0.05859375 -0.115234375 -0.10028076171875
0.02734375 0.28125 0.00079345703125
-0.10546875 -0.15625 -0.10345458984375
-0.07421875 -0.013671875 -0.3184814453125
-0.16015625 -0.248046875 -0.00335693359375
-0.12890625 -0.10546875 -0.61407470703125
-0.04296875 0.205078125 -0.10540771484375
-0.06640625 0.2578125 -0.10809326171875
-0.08203125 0.2578125 -0.61834716796875
-0.22265625 -0.076171875 0.06109619140625
-0.26171875 -0.119140625 0.05841064453125
-0.23828125 -0.017578125 0.05865478515625
-0.24609375 -0.021484375 0.23492431640625
-0.24609375 0.03125 0.23394775390625
-0.25390625 0.0390625 0.05694580078125
-0.27734375 -0.0703125 0.23394775390625
-0.26953125 -0.05859375 0.41021728515625
-0.31640625 -0.162109375 0.05499267578125
-0.26171875 -0.0078125 0.41021728515625
-0.26953125 -0.013671875 0.32183837890625
-0.24609375 0.087890625 0.23345947265625
-0.25390625 0.091796875 0.05572509765625
-0.28515625 -0.064453125 0.32135009765625
-0.30078125 -0.1171875 0.32135009765625
-0.29296875 -0.10546875 0.40924072265625
-0.26953125 0.0390625 0.32086181640625
-0.26171875 0.046875 0.40972900390625
-0.32421875 -0.115234375 0.23150634765625
-0.26171875 0.1484375 0.05401611328125
-0.26953125 0.09375 0.31988525390625
-0.26171875 0.1015625 0.40875244140625
-0.26171875 0.146484375 0.23150634765625
-0.32421875 -0.005859375 -0.343994140625
-0.34765625 -0.146484375 0.40679931640625
-0.27734375 0.16015625 0.40728759765625
-0.28515625 0.208984375 0.05133056640625
-0.29296875 0.154296875 0.31793212890625
-0.37890625 -0.154296875 0.31695556640625
-0.28515625 0.203125 0.22906494140625
-0.39453125 -0.103515625 -0.3482666015625
-0.41015625 -0.142578125 -0.13006591796875
-0.36328125 0.021484375 0.49322509765625
-0.41796875 -0.041015625 -0.35186767578125
-0.31640625 0.224609375 0.40484619140625
-0.37109375 0.015625 0.58160400390625
-0.36328125 0.07421875 0.49273681640625
-0.33203125 0.271484375 0.22515869140625
-0.45703125 -0.19140625 0.31304931640625
-0.44921875 -0.134765625 0.22320556640625
-0.37109375 0.068359375 0.58160400390625
-0.41796875 -0.076171875 0.49176025390625
-0.40234375 -0.02734375 0.67047119140625
-0.38671875 0.076171875 0.67047119140625
-0.38671875 0.130859375 0.49127197265625
-0.40234375 0.02734375 0.66949462890625
-0.37109375 0.23046875 0.31256103515625
-0.50390625 -0.17578125 -0.13787841796875
-0.51953125 -0.23046875 0.22027587890625
-0.54296875 -0.119140625 -0.66339111328125
-0.59765625 -0.2109375 -0.14520263671875
-0.62890625 -0.318359375 -0.66864013671875
-0.60546875 -0.216796875 -0.66851806640625
-0.56640625 -0.060546875 -0.66766357421875
-0.59765625 -0.162109375 -0.66888427734375
-0.63671875 -0.263671875 -0.67047119140625
-0.63671875 -0.15234375 -0.372222900390625
-0.50390625 0.318359375 0.30377197265625
-0.76953125 -0.173828125 0.02105712890625
