MOTORCYCLIST
0.59375 -0.1533203125 -0.18597412109375
0.59375 -0.1552734375 0.2440185546875
0.59375 -0.0908203125 0.2440185546875
0.59375 -0.0263671875 0.2430419921875
0.59375 0.0361328125 0.2425537109375
0.53125 -0.2138671875 0.2413330078125
0.515625 -0.0732421875 -0.193115234375
0.546875 0.1142578125 0.2386474609375
0.484375 -0.0341796875 -0.383056640625
0.484375 -0.0732421875 0.5604248046875
0.46875 -0.1357421875 0.5604248046875
0.484375 0.0361328125 -0.38336181640625
0.484375 0.0263671875 -0.6575927734375
0.484375 -0.0068359375 0.5599365234375
0.484375 0.0947265625 -0.6595458984375
0.484375 0.0595703125 0.5589599609375
0.4375 -0.0361328125 -0.6619873046875
0.453125 0.1318359375 0.5574951171875
0.34375 -0.2451171875 0.5560302734375
0.40625 0.1748046875 0.0523681640625
0.34375 -0.0732421875 -0.3946533203125
0.34375 -0.0693359375 -0.172119140625
0.3125 -0.2392578125 0.2288818359375
0.296875 -0.3017578125 0.2288818359375
0.328125 -0.0751953125 0.0496826171875
0.296875 -0.0048828125 0.0465087890625
0.21875 0.2900390625 -0.413818359375
0.203125 0.2314453125 -0.4134521484375
0.125 -0.1103515625 0.0362548828125
0.0625 -0.1552734375 -0.19415283203125
0.0625 -0.0908203125 -0.1944580078125
0.0625 -0.0322265625 -0.7010498046875
-0.046875 -0.3037109375 -0.2353973388671875
-0.015625 -0.0634765625 0.2537841796875
-0.015625 0.0048828125 0.2528076171875
-0.046875 -0.1279296875 0.2523193359375
-0.046875 -0.0712890625 0.1365966796875
-0.015625 0.0693359375 0.2528076171875
-0.015625 0.1240234375 0.0238037109375
-0.046875 -0.0595703125 0.3656005859375
-0.046875 -0.0107421875 0.1363525390625
-0.078125 -0.1376953125 0.0220947265625
-0.078125 -0.1357421875 0.1358642578125
-0.046875 0.0146484375 0.3646240234375
-0.078125 -0.1181640625 0.3636474609375
-0.0625 0.0654296875 0.1348876953125
-0.09375 -0.0615234375 -0.4361572265625
-0.0625 0.0810546875 0.3631591796875
-0.0625 0.1513671875 0.2489013671875
-0.140625 -0.1884765625 -0.2095947265625
-0.09375 0.0146484375 0.4754638671875
-0.109375 -0.0576171875 0.4754638671875
-0.140625 -0.1767578125 0.3612060546875
-0.09375 0.0791015625 0.4749755859375
-0.140625 -0.1181640625 0.4749755859375
-0.09375 0.1572265625 0.3607177734375
-0.109375 0.1396484375 0.1307373046875
-0.109375 0.2158203125 0.0152587890625
-0.125 0.1572265625 0.4735107421875
-0.171875 -0.0380859375 0.5863037109375
-0.234375 -0.1826171875 0.0120849609375
-0.15625 0.2236328125 0.1265869140625
-0.171875 0.0439453125 0.7010498046875
-0.203125 -0.0888671875 0.7005615234375
-0.171875 0.1103515625 0.7005615234375
-0.203125 0.0302734375 0.5848388671875
-0.171875 0.2373046875 0.4700927734375
-0.1875 0.2431640625 0.3553466796875
-0.1875 0.3232421875 0.5306396484375
-0.296875 -0.0947265625 -0.4544677734375
-0.328125 -0.2880859375 0.2379150390625
-0.375 -0.2314453125 0.0025634765625
-0.359375 0.2685546875 -0.4661865234375
-0.484375 -0.1962890625 -0.237762451171875
-0.5 -0.2783203125 -0.0050048828125
-0.390625 0.2841796875 0.2286376953125
-0.5625 -0.2607421875 -0.476318359375
-0.59375 -0.3232421875 -0.24474334716796875
