MOTORCYCLIST
-0.328125 -0.1474609375 -0.12005615234375
-0.296875 0.0888671875 0.21685791015625
-0.296875 0.0107421875 0.16314697265625
-0.296875 0.0068359375 0.21685791015625
-0.28125 0.0966796875 0.16314697265625
-0.265625 0.0888671875 -0.06097412109375
-0.28125 0.0537109375 0.30523681640625
-0.296875 -0.0771484375 0.21636962890625
-0.265625 0.0947265625 0.02203369140625
-0.265625 0.1376953125 0.30523681640625
-0.265625 0.0146484375 -0.12152099609375
-0.28125 -0.0322265625 0.30523681640625
-0.265625 0.0107421875 0.02203369140625
-0.28125 -0.0751953125 0.16265869140625
-0.265625 -0.0751953125 0.02154541015625
-0.234375 0.1748046875 0.16217041015625
-0.25 0.0947265625 0.35504150390625
-0.25 0.0048828125 -0.06195068359375
-0.234375 0.1650390625 0.21539306640625
-0.28125 -0.1650390625 0.21539306640625
-0.25 0.0126953125 0.35504150390625
-0.265625 -0.1650390625 0.16168212890625
-0.25 -0.1650390625 0.02008056640625
-0.25 -0.1240234375 0.30377197265625
-0.203125 0.1728515625 0.35455322265625
-0.234375 -0.0751953125 0.35406494140625
-0.234375 -0.1669921875 -0.06390380859375
-0.21875 -0.0869140625 -0.06439208984375
-0.1875 0.0908203125 -0.12493896484375
-0.171875 0.2099609375 0.30328369140625
-0.15625 0.2509765625 0.35357666015625
-0.203125 -0.0927734375 0.44586181640625
-0.1875 -0.0087890625 0.44586181640625
-0.203125 -0.1650390625 0.35308837890625
-0.125 0.1494140625 -0.06634521484375
-0.1875 -0.2197265625 0.30181884765625
-0.15625 -0.0048828125 0.49176025390625
-0.109375 0.1650390625 -0.12786865234375
-0.09375 0.3271484375 0.15777587890625
-0.09375 0.2412109375 0.15777587890625
-0.15625 -0.2666015625 -0.06781005859375
-0.15625 -0.2705078125 0.21148681640625
-0.125 0.0361328125 0.58746337890625
-0.125 -0.0517578125 0.58746337890625
-0.078125 0.0693359375 0.49078369140625
0.015625 0.1416015625 -0.27801513671875
-0.015625 -0.2900390625 -0.27972412109375
0.15625 0.1923828125 -0.07757568359375
0.140625 -0.3193359375 0.14654541015625
0.21875 0.1259765625 -0.577972412109375
0.21875 0.0947265625 -0.50677490234375
0.25 0.2080078125 -0.579498291015625
0.25 0.1767578125 -0.50738525390625
0.265625 0.2060546875 -0.43597412109375
0.328125 0.1845703125 -0.00091552734375
0.3125 -0.3271484375 -0.58746337890625
