MOTORCYCLIST
0.390625 -0.0859375 -0.2093505859375
0.390625 -0.072265625 -0.634521484375
0.359375 -0.087890625 -0.423583984375
0.296875 -0.169921875 0.0097808837890625
0.234375 0.060546875 -0.431884765625
0.140625 -0.19140625 -0.22119140625
0.171875 0.1953125 -0.2215576171875
0.078125 0.19921875 -0.4404296875
-0.046875 -0.08984375 0.2083740234375
-0.078125 -0.21875 0.207763671875
-0.078125 -0.0234375 0.421875
-0.078125 0.04296875 0.20654296875
-0.140625 -0.150390625 0.420654296875
-0.171875 -0.234375 0.634521484375
-0.140625 0.1171875 0.419921875
-0.171875 -0.103515625 0.634521484375
-0.203125 0.0234375 0.633544921875
-0.296875 -0.267578125 0.416015625
-0.265625 0.1015625 -0.2431640625
-0.390625 -0.23828125 -0.020319700241088867
-0.390625 0.267578125 0.4111328125
