MOTORCYCLIST
-0.2109375 -0.46875 -0.28289794921875
-0.1796875 -0.453125 -0.22137451171875
-0.0859375 -0.5 -0.22186279296875
0.0703125 -0.546875 -0.28924560546875
0.0390625 -0.5 -0.22723388671875
-0.1953125 -0.265625 0.10137939453125
-0.0078125 -0.34375 0.09991455078125
-0.0859375 -0.28125 0.09869384765625
-0.0859375 -0.28125 -0.57391357421875
-0.1328125 -0.171875 -0.24285888671875
0.1640625 -0.265625 0.08892822265625
-0.2265625 0.0625 -0.25604248046875
-0.0546875 0.015625 -0.32342529296875
-0.0234375 0.1875 0.06817626953125
-0.1015625 0.25 0.23809814453125
-0.0078125 0.21875 0.23602294921875
-0.0390625 0.25 0.33905029296875
0.0078125 0.234375 0.4052734375
-0.1640625 0.375 -0.28094482421875
0.0390625 0.265625 0.57391357421875
-0.1484375 0.390625 0.06011962890625
0.1171875 0.234375 0.23114013671875
0.1015625 0.28125 0.33392333984375
0.2265625 0.21875 0.22833251953125
0.2109375 0.265625 0.33087158203125
0.1640625 0.296875 0.3983154296875
-0.1796875 0.546875 -0.29168701171875
