MOTORCYCLIST
-0.109375 -0.5078125 -0.2574462890625
-0.171875 -0.4296875 -0.2603759765625
-0.234375 -0.3359375 -0.2642822265625
-0.1171875 -0.3984375 -0.2047119140625
-0.203125 -0.3359375 -0.2047119140625
0.015625 -0.3828125 -0.2100830078125
-0.21875 -0.1796875 0.1170654296875
-0.1328125 -0.2265625 -0.5484619140625
-0.125 -0.2109375 0.1158447265625
-0.0390625 -0.2578125 0.1158447265625
-0.2578125 -0.0390625 0.1097412109375
-0.1640625 -0.1015625 -0.2237548828125
-0.2265625 -0.0078125 -0.2271728515625
-0.1484375 0.0234375 -0.2930908203125
0.15625 -0.1328125 0.1007080078125
0.2578125 -0.1484375 0.0980224609375
-0.2421875 0.1796875 -0.2403564453125
-0.234375 0.2109375 -0.5797119140625
-0.1171875 0.2109375 -0.5845947265625
-0.2109375 0.3203125 -0.3116455078125
-0.0546875 0.2890625 0.420196533203125
-0.140625 0.3515625 0.251220703125
-0.03125 0.3359375 0.2484130859375
-0.078125 0.3671875 0.3531494140625
-0.0078125 0.3515625 0.5845947265625
-0.1953125 0.4609375 -0.2618408203125
-0.2265625 0.5078125 -0.3243408203125
0.03125 0.3671875 0.3494873046875
-0.1796875 0.5078125 0.0738525390625
0.09375 0.3515625 0.2430419921875
0.1953125 0.3359375 0.2413330078125
0.15625 0.3828125 0.3453369140625
