MOTORCYCLIST
0.09375 -0.203125 -0.27783203125
-0.1171875 -0.171875 -0.27783203125
-0.36328125 -0.140625 -0.39990234375
0.05078125 -0.171875 -0.39990234375
0.0625 -0.109375 -0.64208984375
-0.1484375 -0.078125 -0.64208984375
-0.5703125 -0.015625 -0.64404296875
-0.30859375 -0.015625 0.06982421875
-0.515625 0.046875 0.06787109375
-0.3515625 0.015625 -0.64599609375
-0.3125 0.046875 -0.28857421875
0.53515625 -0.015625 0.42041015625
0.328125 0.015625 -0.29150390625
0.12109375 0.078125 0.06201171875
-0.125 0.109375 -0.41748046875
0.1328125 0.140625 0.41455078125
0.30078125 0.109375 -0.41943359375
0.5234375 0.140625 0.64599609375
0.31640625 0.203125 0.64501953125
0.5703125 0.171875 0.05419921875
