MOTORCYCLIST
-0.1031494140625 -0.375 -0.31103515625
0.1798095703125 -0.375 -0.310791015625
0.2159423828125 -0.359375 -0.12969970703125
0.0401611328125 -0.3125 -0.07733154296875
-0.0318603515625 -0.296875 -0.077972412109375
0.1114501953125 -0.28125 -0.07867431640625
0.2476806640625 -0.28125 -0.61328125
0.1817626953125 -0.234375 -0.082305908203125
0.0301513671875 -0.203125 0.1553955078125
0.1016845703125 -0.171875 0.1539306640625
0.3214111328125 -0.140625 0.151611328125
-0.3233642578125 -0.109375 0.2685546875
0.2476806640625 -0.109375 0.1490478515625
0.3233642578125 -0.09375 0.26904296875
-0.1954345703125 -0.078125 -0.339599609375
0.2369384765625 0.03125 -0.348876953125
0.2647705078125 0.109375 -0.1671142578125
-0.261962890625 0.234375 0.3134765625
-0.0443115234375 0.25 0.313232421875
0.0294189453125 0.25 0.313232421875
0.1778564453125 0.25 0.31396484375
0.1031494140625 0.265625 0.312744140625
-0.1239013671875 0.28125 0.3115234375
0.0257568359375 0.28125 0.4912109375
-0.2117919921875 0.296875 0.1197509765625
-0.0665283203125 0.296875 0.1207275390625
0.1666259765625 0.296875 0.244384765625
-0.1285400390625 0.296875 0.61328125
0.0194091796875 0.296875 0.61328125
-0.0526123046875 0.3125 0.242919921875
0.0140380859375 0.3125 0.242919921875
0.0919189453125 0.3125 0.243408203125
-0.1278076171875 0.328125 0.24169921875
-0.1248779296875 0.328125 0.48828125
-0.1434326171875 0.34375 0.1168212890625
-0.2108154296875 0.34375 0.239990234375
-0.0543212890625 0.34375 0.364990234375
0.0162353515625 0.34375 0.364990234375
0.1534423828125 0.34375 0.1175537109375
0.1646728515625 0.34375 0.364990234375
-0.1304931640625 0.375 0.362548828125
0.0928955078125 0.375 0.363525390625
