MOTORCYCLIST
0.3046875 -0.2734375 -0.632568359375
0.18359375 -0.2578125 -0.673095703125
0.146484375 -0.2421875 -0.639892578125
0.326171875 -0.2109375 -0.674072265625
0.2421875 -0.1640625 -0.278076171875
-0.326171875 -0.2421875 0.254302978515625
0.087890625 -0.1484375 -0.284423828125
0.302734375 -0.1015625 -0.282958984375
0.232421875 -0.0703125 0.25146484375
0.140625 -0.0546875 -0.292724609375
0.056640625 0.0234375 -0.003173828125
0.123046875 0.0546875 -0.00537109375
-0.02734375 0.0390625 -0.006591796875
-0.078125 0.0390625 0.674072265625
-0.0234375 0.0546875 0.604736328125
0.044921875 0.0703125 0.482666015625
0.119140625 0.0859375 0.23712158203125
-0.009765625 0.0703125 0.67333984375
0.044921875 0.0859375 0.236419677734375
0.18359375 0.1171875 -0.00927734375
-0.03125 0.1015625 0.233154296875
-0.033203125 0.1015625 0.47900390625
0.208984375 0.1484375 0.1805419921875
0.173828125 0.1640625 0.47802734375
0.09765625 0.1796875 0.4765625
-0.125 0.1640625 0.22625732421875
-0.19921875 0.1640625 0.2255859375
0.01171875 0.2734375 0.662353515625
