MOTORCYCLIST
0.09765625 -0.453125 0.0654296875
0.24609375 -0.390625 0.0654296875
0.08984375 -0.453125 -0.0108642578125
0.16796875 -0.40625 0.064453125
-0.15234375 -0.46875 0.056884765625
0.30078125 -0.171875 -0.52685546875
-0.26953125 -0.390625 0.0478515625
-0.30078125 -0.34375 0.303466796875
0.19140625 -0.109375 -0.217041015625
-0.04296875 -0.15625 -0.22265625
0.01953125 -0.125 -0.223388671875
0.15234375 -0.0625 -0.037353515625
0.15234375 -0.03125 0.035888671875
0.22265625 0.015625 -0.226318359375
0.19921875 0.015625 -0.041015625
0.05859375 -0.03125 -0.042724609375
0.05859375 -0.03125 -0.55078125
0.20703125 0.046875 0.2952880859375
-0.01953125 -0.046875 -0.55322265625
0.26953125 0.09375 0.29364013671875
-0.01953125 0.0 0.55322265625
-0.09765625 -0.03125 0.552734375
-0.00390625 0.046875 0.4794921875
-0.12109375 0.0 0.4195556640625
0.02734375 0.0625 0.4195556640625
0.01953125 0.0625 0.28851318359375
0.16796875 0.125 0.0252685546875
0.08984375 0.109375 0.4188232421875
0.01171875 0.09375 0.54931640625
-0.07421875 0.078125 0.2840576171875
-0.23828125 0.0625 0.28070068359375
0.02734375 0.171875 0.473876953125
-0.16796875 0.09375 0.28070068359375
0.19921875 0.421875 -0.26171875
0.16015625 0.46875 -0.07568359375
