MOTORCYCLIST
0.05078125 -0.5 0.007568359375
0.17578125 -0.421875 0.08935546875
0.23046875 -0.375 0.087646484375
0.09765625 -0.4375 0.086669921875
-0.08984375 -0.4375 0.0794677734375
0.22265625 -0.1875 0.0743408203125
-0.20703125 -0.40625 0.072021484375
0.29296875 -0.15625 -0.527587890625
0.35546875 -0.109375 -0.528564453125
0.16796875 -0.109375 -0.205322265625
-0.27734375 -0.296875 0.33426666259765625
-0.35546875 -0.328125 0.33258056640625
0.22265625 -0.03125 -0.208740234375
0.07421875 -0.09375 -0.211181640625
-0.07421875 -0.15625 -0.212646484375
0.14453125 -0.03125 -0.021484375
0.20703125 0.03125 -0.02294921875
-0.03515625 -0.078125 -0.552490234375
0.04296875 -0.015625 -0.026611328125
0.24609375 0.09375 0.3292961120605469
0.02734375 -0.03125 -0.552978515625
0.16796875 0.078125 0.3270683288574219
0.16015625 0.09375 0.051513671875
0.23046875 0.140625 -0.0302734375
-0.01953125 0.0625 0.518798828125
-0.08203125 0.03125 0.45849609375
-0.09765625 0.03125 0.5184326171875
0.05078125 0.109375 0.32147216796875
-0.01171875 0.078125 0.594970703125
-0.08203125 0.046875 0.594970703125
-0.04296875 0.09375 0.3183937072753906
0.03515625 0.140625 0.4554443359375
0.02734375 0.15625 0.5155029296875
-0.14453125 0.125 0.313079833984375
0.20703125 0.328125 -0.239013671875
0.19140625 0.5 -0.594970703125
