MOTORCYCLIST
0.16015625 -0.546875 -0.511962890625
0.06640625 -0.546875 0.021484375
0.05859375 -0.53125 -0.518310546875
0.05078125 -0.5 0.08740234375
0.19140625 -0.421875 0.08740234375
0.12109375 -0.453125 0.08740234375
0.26171875 -0.375 0.087890625
0.30078125 -0.296875 0.3565940856933594
0.32421875 -0.1875 -0.534423828125
0.00390625 -0.296875 0.002197265625
0.06640625 -0.234375 -0.545654296875
0.20703125 -0.140625 -0.206787109375
-0.30078125 -0.40625 0.06494140625
-0.32421875 -0.390625 0.33935546875
0.03515625 -0.171875 -0.213134765625
-0.26953125 -0.3125 0.33683013916015625
0.09765625 -0.125 -0.552978515625
0.23828125 -0.03125 -0.213623046875
0.14453125 -0.0625 -0.007080078125
0.21484375 -0.015625 -0.0078125
-0.06640625 -0.171875 -0.217529296875
0.19921875 0.03125 0.3339691162109375
0.27734375 0.078125 0.333953857421875
0.03515625 -0.046875 -0.012939453125
0.17578125 0.078125 0.052001953125
0.10546875 0.046875 0.0517578125
0.22265625 0.125 -0.017333984375
-0.05078125 0.0 0.605224609375
-0.01953125 0.03125 0.5408935546875
0.00390625 0.046875 0.4644775390625
0.01171875 0.0625 0.60400390625
0.06640625 0.09375 0.46343994140625
-0.01953125 0.078125 0.3231048583984375
0.02734375 0.109375 0.5379638671875
0.11328125 0.171875 0.46087646484375
-0.12109375 0.078125 0.318634033203125
0.23046875 0.28125 -0.582763671875
0.19921875 0.359375 -0.246826171875
0.19921875 0.5 -0.605224609375
0.16796875 0.546875 -0.048583984375
