MOTORCYCLIST
0.16015625 -0.484375 -0.52606201171875
0.06640625 -0.5 -0.52947998046875
0.06640625 -0.484375 -0.19012451171875
0.12890625 -0.40625 0.08404541015625
0.19140625 -0.359375 0.08331298828125
0.04296875 -0.4375 0.08258056640625
-0.03515625 -0.453125 0.08013916015625
0.05078125 -0.359375 -0.00286865234375
0.33203125 -0.140625 -0.54656982421875
0.21484375 -0.109375 -0.21258544921875
-0.30078125 -0.375 0.06207275390625
0.05078125 -0.15625 -0.56121826171875
-0.33203125 -0.34375 0.339141845703125
0.14453125 -0.0625 -0.01873779296875
0.02734375 -0.125 -0.22088623046875
0.24609375 0.015625 -0.21990966796875
0.09765625 -0.0625 0.05889892578125
0.20703125 0.0 -0.01995849609375
0.08984375 -0.078125 -0.56561279296875
-0.29296875 -0.25 0.3360595703125
-0.07421875 -0.125 -0.22528076171875
0.12109375 0.03125 0.33489990234375
0.19921875 0.078125 0.33544921875
0.01171875 -0.015625 -0.02777099609375
0.26171875 0.140625 0.33404541015625
0.23046875 0.125 -0.02777099609375
0.17578125 0.125 0.04962158203125
0.09765625 0.09375 0.04864501953125
-0.05859375 0.03125 0.46881103515625
0.01953125 0.078125 0.61151123046875
-0.04296875 0.046875 0.53582763671875
0.00390625 0.078125 0.46832275390625
-0.05859375 0.046875 0.61053466796875
0.01953125 0.109375 0.53485107421875
-0.01171875 0.09375 0.3265380859375
0.06640625 0.140625 0.46728515625
0.25390625 0.296875 -0.59100341796875
-0.12890625 0.125 0.32012939453125
0.21484375 0.375 -0.25067138671875
0.19921875 0.46875 -0.05267333984375
0.22265625 0.5 -0.61151123046875
