MOTORCYCLIST
0.21875 -0.4375 0.12066650390625
0.15625 -0.484375 0.11993408203125
0.0625 -0.515625 0.11712646484375
0.28125 -0.21875 -0.51239013671875
0.203125 -0.265625 -0.51336669921875
0.265625 -0.203125 -0.28729248046875
0.203125 -0.125 -0.20965576171875
0.078125 -0.15625 0.33527374267578125
0.21875 0.0 0.2550048828125
0.203125 0.0 0.09759521484375
0.0625 -0.125 -0.30242919921875
0.203125 0.0 -0.30291748046875
0.203125 0.0 -0.53289794921875
-0.296875 -0.40625 0.09478759765625
-0.15625 -0.28125 -0.21942138671875
0.109375 -0.015625 0.09393310546875
0.25 0.09375 -0.30633544921875
-0.109375 -0.1875 -0.22332763671875
0.15625 0.046875 0.32968902587890625
0.171875 0.0625 0.40875244140625
0.21875 0.109375 0.32897186279296875
0.09375 0.015625 0.2493896484375
0.21875 0.125 -0.54022216796875
-0.21875 -0.234375 -0.54266357421875
0.078125 0.046875 0.40576171875
0.0 0.0 0.56268310546875
0.265625 0.21875 -0.31268310546875
0.1875 0.1875 -0.23016357421875
-0.03125 0.015625 0.4027099609375
0.265625 0.25 -0.54608154296875
-0.203125 -0.125 -0.31658935546875
0.296875 0.328125 -0.31805419921875
-0.21875 -0.09375 -0.55242919921875
-0.15625 -0.03125 -0.31951904296875
-0.1875 0.03125 0.396209716796875
-0.265625 -0.03125 0.235595703125
-0.234375 0.046875 0.3138427734375
0.15625 0.375 -0.24285888671875
0.203125 0.4375 -0.56268310546875
0.25 0.515625 -0.33123779296875
0.171875 0.5 -0.24969482421875
