MOTORCYCLIST
0.046875 -0.4296875 0.110107421875
0.265625 -0.2421875 -0.534423828125
-0.109375 -0.5390625 0.108154296875
-0.046875 -0.4609375 0.26904296875
0.15625 -0.2578125 -0.540283203125
0.21875 -0.1796875 -0.218505859375
0.25 -0.0859375 0.2646484375
-0.140625 -0.3671875 -0.227783203125
0.21875 -0.0234375 -0.311767578125
0.09375 -0.0546875 0.2569580078125
0.15625 0.0078125 -0.232177734375
0.15625 0.0234375 0.34088134765625
0.21875 0.0859375 0.3408203125
0.21875 0.0859375 0.2559814453125
0.15625 0.0390625 0.419189453125
-0.0625 -0.1640625 -0.234619140625
0.0625 -0.0390625 0.091796875
0.125 0.0234375 0.091796875
0.203125 0.1015625 -0.561279296875
0.203125 0.1171875 -0.320556640625
-0.015625 -0.0546875 0.578857421875
0.1875 0.1328125 -0.237060546875
-0.171875 -0.1953125 -0.239013671875
0.171875 0.1328125 0.089111328125
0.046875 0.0234375 0.577880859375
-0.046875 -0.0546875 0.33544921875
-0.0625 -0.0546875 0.08642578125
0.03125 0.0390625 0.41429901123046875
0.234375 0.2265625 -0.324951171875
-0.15625 -0.1015625 0.08447265625
0.203125 0.2265625 -0.570068359375
0.203125 0.2578125 -0.244384765625
-0.09375 0.0078125 0.2459716796875
-0.09375 0.0234375 0.4096488952636719
-0.234375 -0.1171875 -0.331787109375
-0.1875 -0.0546875 -0.577392578125
-0.265625 -0.1015625 -0.578857421875
0.234375 0.3671875 -0.333251953125
-0.21875 -0.0234375 -0.336181640625
0.21875 0.3828125 -0.250732421875
-0.21875 0.0078125 0.4052276611328125
-0.25 0.0078125 0.238037109375
-0.265625 0.0234375 0.32373046875
0.21875 0.5390625 -0.344482421875
