MOTORCYCLIST
0.203125 -0.1796875 -0.5888671875
0.125 -0.1171875 -0.21337890625
0.0625 -0.0703125 -0.0263671875
-0.015625 -0.1328125 0.548095703125
-0.09375 -0.2421875 -0.60546875
-0.015625 -0.1015625 0.677734375
0.09375 0.0546875 -0.22216796875
-0.046875 -0.1015625 0.35382080078125
0.078125 0.0546875 -0.03076171875
0.078125 0.0859375 0.353271484375
-0.078125 -0.1015625 -0.032470703125
0.015625 0.0234375 0.102783203125
0.0 0.0078125 0.16015625
0.109375 0.1796875 -0.2265625
-0.03125 0.0234375 0.54351806640625
0.03125 0.1171875 0.15771484375
-0.203125 -0.1640625 -0.03662109375
-0.0625 0.0703125 0.3480224609375
0.015625 0.1640625 0.09765625
-0.203125 -0.0859375 0.0966796875
-0.046875 0.2421875 -0.677734375
