MOTORCYCLIST
0.0859375 -0.3515625 -0.2305908203125
-0.0078125 -0.4765625 -0.6295166015625
-0.1171875 -0.5078125 -0.1993408203125
0.0390625 -0.2109375 -0.6363525390625
0.0078125 -0.1484375 0.22967529296875
0.2890625 0.2890625 0.22906494140625
0.0078125 -0.1328125 0.0120849609375
-0.0703125 -0.2421875 0.0115966796875
-0.0859375 -0.2421875 0.2283935546875
0.2265625 0.3203125 0.403594970703125
0.1953125 0.3203125 -0.4307861328125
0.2421875 0.4453125 -0.4322509765625
0.2421875 0.4609375 0.400543212890625
0.1640625 0.3515625 -0.2491455078125
0.1640625 0.3671875 -0.2135009765625
0.1640625 0.3828125 0.0037841796875
0.2265625 0.4765625 -0.2496337890625
0.0859375 0.2890625 0.6583251953125
0.0078125 0.1796875 0.6583251953125
0.0703125 0.2734375 0.0030517578125
0.1328125 0.3828125 0.43902587890625
0.2109375 0.5078125 -0.2159423828125
0.0546875 0.2890625 0.438720703125
0.1796875 0.5078125 0.21929931640625
-0.1796875 -0.0234375 -0.2178955078125
-0.1953125 -0.0078125 -0.2550048828125
0.1484375 0.5078125 -0.6583251953125
-0.1484375 0.1015625 -0.2559814453125
-0.0234375 0.3203125 0.2158203125
-0.0546875 0.3515625 0.393035888671875
-0.2890625 0.1796875 0.209228515625
-0.2109375 0.3046875 0.388824462890625
-0.2421875 0.3046875 0.2076416015625
