WHEELED_DEVICE
-0.45947265625 0.9375 -0.60675048828125
-0.31201171875 0.9375 -0.60748291015625
-0.60009765625 0.90625 -0.60601806640625
-0.52294921875 0.90625 -0.35968017578125
-0.40869140625 0.90625 -0.51885986328125
-0.42724609375 0.90625 -0.27178955078125
-0.37548828125 0.90625 -0.36065673828125
-0.40283203125 0.90625 -0.11407470703125
-0.15771484375 0.90625 -0.60943603515625
-0.26318359375 0.90625 -0.11505126953125
-0.55810546875 0.875 -0.11358642578125
-0.26025390625 0.875 -0.51934814453125
-0.27294921875 0.875 -0.27276611328125
-0.22802734375 0.875 -0.36260986328125
-0.11279296875 0.875 -0.52032470703125
-0.25439453125 0.875 -0.02569580078125
-0.09912109375 0.875 -0.02667236328125
-0.66357421875 0.84375 -0.36016845703125
-0.56787109375 0.84375 -0.27227783203125
0.10302734375 0.875 0.12860107421875
-0.02392578125 0.84375 -0.61138916015625
-0.12451171875 0.84375 -0.27374267578125
-0.34033203125 0.84375 0.13055419921875
-0.10791015625 0.84375 -0.11700439453125
0.01513671875 0.84375 -0.27374267578125
0.04833984375 0.84375 -0.02667236328125
0.19677734375 0.84375 -0.02764892578125
-0.08056640625 0.8125 -0.36456298828125
0.02880859375 0.8125 -0.52130126953125
0.17529296875 0.8125 -0.52178955078125
-0.00439453125 0.78125 -0.77056884765625
-0.30029296875 0.75 -0.77056884765625
-0.15185546875 0.75 -0.77154541015625
-0.48876953125 0.75 0.13055419921875
-0.44775390625 0.71875 -0.77154541015625
-0.42138671875 0.6875 0.21844482421875
-0.12451171875 0.625 0.21844482421875
0.02294921875 0.625 0.21746826171875
0.17333984375 0.59375 0.21746826171875
0.32177734375 0.5625 0.21649169921875
-0.33154296875 0.53125 0.37664794921875
-0.27197265625 0.46875 0.21746826171875
-0.38037109375 0.46875 0.46649169921875
-0.39306640625 0.40625 -0.03155517578125
-0.22998046875 0.25 0.46649169921875
-0.44189453125 0.21875 0.62567138671875
-0.17529296875 0.1875 0.37371826171875
-0.04052734375 0.1875 0.37274169921875
0.12451171875 0.1875 0.37176513671875
-0.56787109375 0.125 -0.87957763671875
-0.48291015625 0.125 0.37567138671875
0.40966796875 0.15625 0.36981201171875
0.66357421875 0.15625 0.46453857421875
-0.58544921875 0.09375 0.62664794921875
-0.54150390625 -0.15625 0.71942138671875
0.36474609375 -0.125 0.71746826171875
0.30419921875 -0.15625 0.62078857421875
-0.39794921875 -0.1875 0.71942138671875
0.52099609375 -0.15625 0.46453857421875
0.37060546875 -0.21875 0.46453857421875
-0.29345703125 -0.25 0.62469482421875
0.00927734375 -0.25 0.62274169921875
-0.07470703125 -0.28125 0.46551513671875
-0.23876953125 -0.28125 0.71942138671875
-0.14208984375 -0.28125 0.62371826171875
0.06982421875 -0.28125 0.46551513671875
0.16162109375 -0.28125 0.62176513671875
0.46630859375 -0.28125 0.87371826171875
-0.12451171875 -0.3125 0.87762451171875
0.22216796875 -0.3125 0.46551513671875
0.05615234375 -0.3125 0.71942138671875
0.52099609375 -0.34375 0.71844482421875
-0.08642578125 -0.375 0.71942138671875
0.02685546875 -0.375 0.87664794921875
0.21826171875 -0.375 0.71942138671875
0.17138671875 -0.375 0.87567138671875
0.31591796875 -0.375 0.87469482421875
-0.55517578125 -0.5 0.21160888671875
0.62060546875 -0.4375 0.87371826171875
-0.28466796875 -0.5 0.87957763671875
-0.54248046875 -0.9375 -0.04718017578125
