WHEELED_DEVICE
0.15625 0.4609375 -0.543731689453125
0.046875 0.3359375 -0.550872802734375
0.1875 -0.41015625 -0.551971435546875
0.125 -0.23046875 -0.553497314453125
0.015625 0.2421875 -0.553680419921875
0.125 -0.3203125 -0.554473876953125
0.0625 -0.140625 -0.555938720703125
0.0 0.13671875 -0.555816650390625
0.015625 0.04296875 -0.556060791015625
0.015625 -0.05859375 -0.557281494140625
0.0 -0.3359375 0.077789306640625
-0.03125 -0.2578125 -0.402435302734375
-0.03125 -0.24609375 0.072906494140625
-0.015625 -0.30078125 0.237457275390625
0.0 -0.31640625 0.557281494140625
-0.03125 -0.2578125 0.397125244140625
-0.03125 -0.36328125 -0.082855224609375
-0.015625 -0.39453125 0.236480712890625
-0.03125 -0.3515625 0.072418212890625
-0.0625 -0.25390625 0.076324462890625
-0.03125 -0.3671875 0.231109619140625
-0.0625 -0.2734375 -0.083831787109375
-0.015625 -0.4140625 0.556304931640625
-0.078125 -0.28125 -0.244720458984375
-0.0625 -0.359375 -0.405487060546875
-0.046875 -0.359375 0.396148681640625
-0.046875 -0.4453125 0.075347900390625
-0.046875 -0.44921875 0.070953369140625
-0.0625 -0.45703125 0.395172119140625
-0.078125 -0.4609375 0.230133056640625
-0.109375 -0.38671875 -0.247406005859375
-0.140625 -0.2578125 0.555328369140625
-0.1875 -0.20703125 -0.249114990234375
-0.171875 -0.23046875 0.233551025390625
-0.1875 -0.19140625 0.394195556640625
