WHEELED_DEVICE
-0.015625 0.328125 -0.507965087890625
0.046875 -0.1640625 0.003265380859375
0.046875 -0.19140625 -0.168365478515625
0.0625 -0.265625 0.002777099609375
0.03125 -0.1640625 0.021331787109375
0.046875 -0.2265625 0.173675537109375
0.0 -0.06640625 0.021331787109375
0.0625 -0.24609375 0.516448974609375
0.03125 -0.17578125 0.345062255859375
0.03125 -0.28515625 -0.513336181640625
0.015625 -0.1875 0.191253662109375
0.046875 -0.328125 0.173187255859375
-0.03125 -0.109375 -0.342437744140625
-0.03125 -0.1015625 -0.170318603515625
0.015625 -0.30859375 -0.171051025390625
0.015625 -0.2890625 0.190765380859375
0.015625 -0.28515625 0.344085693359375
-0.03125 -0.140625 0.172698974609375
-0.015625 -0.16015625 0.515472412109375
0.0 -0.28125 0.019866943359375
-0.015625 -0.30859375 -0.344390869140625
-0.046875 -0.20703125 -0.344146728515625
-0.0625 -0.1015625 0.343597412109375
-0.0625 -0.203125 -0.516448974609375
