WHEELED_DEVICE
0.09375 0.43359375 -0.51031494140625
0.078125 0.32421875 -0.511962890625
0.03125 0.203125 -0.5159912109375
0.0625 -0.23046875 0.02197265625
0.078125 -0.3046875 0.00244140625
0.0625 -0.26171875 0.17626953125
0.03125 -0.21875 -0.521484375
0.046875 -0.24609375 0.1943359375
0.078125 -0.3671875 0.17578125
0.09375 -0.3828125 0.5244140625
0.03125 -0.23828125 -0.347412109375
0.0625 -0.3359375 0.02099609375
0.0625 -0.28515625 0.5244140625
0.0625 -0.31640625 0.3505859375
0.0625 -0.34375 0.19384765625
0.03125 -0.22265625 0.35009765625
0.046875 -0.3359375 -0.173095703125
0.0625 -0.41015625 0.00146484375
0.046875 -0.43359375 0.34912109375
0.0 -0.3359375 -0.5244140625
-0.015625 -0.35546875 -0.350830078125
-0.078125 -0.1484375 0.0185546875
-0.0625 -0.234375 -0.00146484375
-0.09375 -0.265625 -0.177734375
