WHEELED_DEVICE
0.171875 0.4921875 -0.5181503295898438
0.09375 0.37109375 -0.5242843627929688
0.0 0.23828125 -0.5302200317382812
0.125 -0.2890625 -0.5314407348632812
0.015625 -0.203125 -0.5357589721679688
-0.0625 0.0 -0.5370864868164062
0.015625 -0.3203125 -0.17699432373046875
0.03125 -0.4140625 0.00244903564453125
-0.015625 -0.25 0.03223419189453125
0.015625 -0.3671875 0.18213653564453125
0.03125 -0.3828125 0.5419998168945312
0.0 -0.3125 0.36231231689453125
0.0 -0.359375 0.03174591064453125
-0.03125 -0.3125 0.00147247314453125
0.0 -0.4375 -0.17919158935546875
0.015625 -0.4765625 0.18115997314453125
-0.0625 -0.23828125 -0.17943572998046875
-0.015625 -0.3828125 0.20996856689453125
0.015625 -0.4921875 0.5410232543945312
-0.015625 -0.421875 0.36133575439453125
-0.0625 -0.28125 0.20948028564453125
-0.0625 -0.34375 -0.36107635498046875
-0.015625 -0.4921875 0.20899200439453125
-0.03125 -0.4765625 0.02979278564453125
-0.046875 -0.4453125 -0.5419998168945312
-0.0625 -0.453125 -0.36241912841796875
-0.125 -0.3203125 0.5400466918945312
-0.171875 -0.3046875 0.17725372314453125
