WHEELED_DEVICE
0.1953125 0.51171875 -0.5271072387695312
0.0859375 0.37109375 -0.5345993041992188
0.0078125 0.25 -0.5398025512695312
0.1328125 -0.27734375 -0.5409317016601562
-0.1015625 -0.00390625 -0.5490036010742188
0.0234375 -0.43359375 -0.5486221313476562
-0.0390625 -0.22265625 -0.5487136840820312
0.0078125 -0.41796875 0.00017547607421875
-0.0078125 -0.37109375 0.18230438232421875
-0.0390625 -0.28515625 0.01824188232421875
-0.0078125 -0.39453125 0.5490036010742188
-0.0390625 -0.32421875 0.36540985107421875
-0.0234375 -0.41015625 0.19939422607421875
-0.0546875 -0.31640625 0.19939422607421875
-0.0234375 -0.44921875 -0.18439483642578125
-0.0546875 -0.34765625 -0.18439483642578125
0.0078125 -0.49609375 0.5480270385742188
-0.0390625 -0.39453125 0.01726531982421875
-0.0078125 -0.48828125 0.18181610107421875
-0.0234375 -0.42578125 0.36492156982421875
-0.0703125 -0.32421875 -0.00226593017578125
-0.0546875 -0.45703125 -0.36920928955078125
-0.0390625 -0.51171875 0.01580047607421875
-0.1171875 -0.37109375 -0.37140655517578125
-0.1953125 -0.33203125 0.5460739135742188
