WHEELED_DEVICE
0.15625 0.48046875 -0.5378894805908203
0.046875 0.33203125 -0.545654296875
0.171875 -0.30859375 -0.5485305786132812
0.125 -0.21484375 -0.5498809814453125
-0.03125 0.19921875 -0.5511398315429688
-0.078125 -0.03515625 -0.5571441650390625
0.015625 -0.33984375 0.000732421875
-0.015625 -0.26171875 0.025146484375
-0.125 0.05859375 -0.557861328125
-0.03125 -0.28515625 0.209228515625
0.015625 -0.45703125 -0.000732421875
-0.015625 -0.37890625 -0.186279296875
-0.015625 -0.37109375 0.024169921875
0.0 -0.41015625 0.185302734375
0.015625 -0.43359375 0.557861328125
-0.015625 -0.35546875 0.371826171875
-0.015625 -0.39453125 0.208740234375
-0.0625 -0.28515625 0.392822265625
-0.0625 -0.31640625 0.184326171875
-0.046875 -0.33203125 0.556884765625
-0.09375 -0.26953125 0.370849609375
-0.03125 -0.48046875 0.370361328125
-0.078125 -0.39453125 -0.3760986328125
-0.171875 -0.30859375 -0.37890625
