WHEELED_DEVICE
0.1328125 0.47265625 -0.5483551025390625
-0.0078125 0.32421875 -0.5571441650390625
0.1328125 -0.22265625 -0.5579376220703125
-0.0546875 0.30078125 -0.3726654052734375
-0.0859375 0.18359375 -0.5636138916015625
-0.1015625 0.16015625 -0.3763275146484375
-0.0546875 -0.16015625 -0.5665435791015625
0.0078125 -0.36328125 0.0011138916015625
-0.0390625 -0.22265625 0.0435943603515625
-0.0078125 -0.31640625 0.1891021728515625
0.0078125 -0.33203125 0.5665435791015625
-0.0390625 -0.28515625 -0.3790130615234375
-0.0078125 -0.34765625 0.4181060791015625
0.0078125 -0.42578125 0.1886138916015625
-0.0234375 -0.33984375 0.0431060791015625
-0.0546875 -0.25390625 0.2306060791015625
0.0078125 -0.47265625 -0.0003509521484375
-0.0234375 -0.36328125 0.2310943603515625
-0.0234375 -0.39453125 -0.1905364990234375
-0.0546875 -0.26953125 0.3770904541015625
0.0078125 -0.44921875 0.5655670166015625
-0.0234375 -0.38671875 0.3770904541015625
-0.0390625 -0.45703125 0.0421295166015625
-0.1171875 -0.28515625 -0.0027923583984375
-0.1171875 -0.26171875 0.4166412353515625
-0.0859375 -0.42578125 -0.3830413818359375
-0.1328125 -0.31640625 -0.1939544677734375
