WHEELED_DEVICE
0.16796875 -0.265625 0.6005859375
0.35546875 -0.109375 -0.41796875
0.08984375 -0.296875 0.60009765625
0.07421875 -0.28125 0.74609375
0.14453125 -0.21875 0.416259765625
0.32421875 -0.09375 -0.7109375
0.32421875 -0.078125 -0.1292724609375
0.35546875 -0.046875 -0.61962890625
0.23828125 -0.09375 0.012786865234375
0.16796875 -0.125 0.45068359375
0.10546875 -0.171875 0.7099609375
0.09765625 -0.171875 0.74365234375
0.16015625 -0.109375 0.70947265625
0.07421875 -0.15625 0.448974609375
0.08203125 -0.140625 -0.03176116943359375
0.01171875 -0.203125 0.708984375
0.05859375 -0.15625 0.157958984375
0.14453125 -0.09375 0.5947265625
-0.16015625 -0.3125 -0.72265625
0.05859375 -0.140625 0.302978515625
0.05078125 -0.140625 0.0077362060546875
0.04296875 -0.140625 -0.1380615234375
-0.07421875 -0.234375 0.59375
-0.01953125 -0.1875 0.30224609375
0.00390625 -0.171875 0.4111328125
0.12109375 -0.078125 0.302001953125
0.13671875 -0.078125 0.7421875
-0.02734375 -0.171875 0.447021484375
-0.09765625 -0.21875 0.74072265625
-0.11328125 -0.203125 0.0047454833984375
-0.01953125 -0.140625 -0.63232421875
-0.12890625 -0.21875 -0.728515625
0.16796875 0.015625 0.2998046875
-0.06640625 -0.140625 -0.43603515625
-0.11328125 -0.171875 0.408203125
-0.13671875 -0.1875 -0.4365234375
0.17578125 0.03125 0.70654296875
-0.12890625 -0.171875 0.444091796875
-0.13671875 -0.171875 0.2978515625
-0.15234375 -0.171875 0.151123046875
-0.19921875 -0.21875 0.73876953125
0.05078125 -0.015625 -0.14483642578125
-0.08984375 -0.125 -0.732421875
0.14453125 0.046875 0.73828125
-0.13671875 -0.140625 -0.638671875
0.05859375 0.03125 -0.0406341552734375
0.03515625 0.015625 -0.001007080078125
0.19140625 0.125 0.295654296875
0.12890625 0.078125 0.5888671875
-0.04296875 -0.046875 -0.7353515625
-0.22265625 -0.171875 -0.6416015625
0.26171875 0.1875 0.44189453125
0.02734375 0.03125 0.14794921875
0.17578125 0.15625 0.703125
0.16015625 0.1875 0.40283203125
-0.33203125 -0.171875 -0.646484375
-0.28515625 -0.125 0.291015625
-0.01171875 0.0625 -0.7421875
-0.35546875 -0.171875 0.58447265625
0.03515625 0.140625 -0.74462890625
0.24609375 0.3125 -0.74609375
0.01953125 0.171875 -0.1568603515625
-0.05078125 0.125 -0.453369140625
-0.14453125 0.09375 -0.455810546875
-0.05078125 0.1875 -0.65478515625
