WHEELED_DEVICE
-0.029296875 0.08984375 -0.1949310302734375
0.048828125 0.171875 -0.5608863830566406
0.001953125 0.078125 -0.0594329833984375
0.013671875 0.05078125 -0.5718612670898438
-0.017578125 0.0390625 0.0321197509765625
-0.033203125 0.046875 0.3143463134765625
-0.048828125 0.01953125 0.3138580322265625
0.005859375 0.0546875 0.0316314697265625
-0.009765625 0.0625 0.3133697509765625
-0.029296875 0.02734375 0.2796783447265625
-0.025390625 0.0078125 0.1922760009765625
0.017578125 0.01171875 -0.5773468017578125
-0.021484375 0.0390625 0.4095611572265625
0.001953125 0.0390625 0.2787017822265625
-0.130859375 -0.11328125 0.4720611572265625
-0.029296875 0.0 0.4080963134765625
-0.134765625 -0.12890625 0.5042877197265625
-0.173828125 -0.171875 0.5531158447265625
-0.154296875 -0.1484375 0.5531158447265625
-0.123046875 -0.140625 0.5521392822265625
0.025390625 0.03125 0.4066314697265625
-0.103515625 -0.12109375 0.5521392822265625
-0.048828125 -0.08984375 0.5501861572265625
-0.025390625 -0.07421875 0.5501861572265625
0.068359375 -0.05859375 -0.57623291015625
-0.005859375 -0.05078125 0.5501861572265625
0.021484375 -0.0390625 0.5492095947265625
0.044921875 -0.01953125 0.5492095947265625
0.064453125 0.0 0.5492095947265625
0.091796875 0.01953125 0.5482330322265625
0.068359375 -0.01171875 0.5970611572265625
0.044921875 -0.07421875 0.4662017822265625
0.033203125 -0.0859375 0.4984283447265625
0.173828125 0.08984375 0.5960845947265625
0.146484375 0.03515625 0.5951080322265625
0.169921875 0.0546875 0.5951080322265625
0.134765625 -0.15625 -0.5970611572265625
