WHEELED_DEVICE
-0.025390625 0.123046875 -0.196075439453125
0.009765625 0.115234375 -0.060333251953125
-0.048828125 0.056640625 0.313201904296875
-0.025390625 0.080078125 0.313201904296875
0.013671875 0.087890625 0.029998779296875
-0.041015625 0.052734375 0.408905029296875
-0.013671875 0.060546875 0.277557373046875
-0.185546875 -0.123046875 0.552947998046875
0.005859375 0.080078125 0.277557373046875
-0.126953125 -0.068359375 0.470916748046875
-0.013671875 0.037109375 0.190155029296875
-0.013671875 0.064453125 0.407928466796875
0.048828125 0.060546875 -0.5809478759765625
-0.134765625 -0.091796875 0.504119873046875
0.037109375 0.033203125 -0.58251953125
-0.150390625 -0.115234375 0.551971435546875
0.021484375 0.076171875 0.406463623046875
-0.115234375 -0.107421875 0.550994873046875
-0.087890625 -0.091796875 0.550018310546875
-0.044921875 -0.056640625 0.549041748046875
-0.005859375 -0.013671875 0.549041748046875
-0.017578125 -0.041015625 0.549041748046875
0.080078125 -0.021484375 -0.5779876708984375
0.029296875 -0.005859375 0.548065185546875
0.064453125 0.041015625 0.548065185546875
0.087890625 0.060546875 0.548065185546875
0.056640625 0.013671875 0.547088623046875
0.033203125 -0.044921875 0.497283935546875
0.072265625 0.025390625 0.595916748046875
0.060546875 -0.041015625 0.464080810546875
0.103515625 0.037109375 0.594940185546875
0.138671875 0.083984375 0.595916748046875
0.166015625 0.095703125 0.594940185546875
0.185546875 0.115234375 0.594940185546875
0.134765625 -0.111328125 -0.595916748046875
