WHEELED_DEVICE
-0.03515625 0.126953125 -0.1978759765625
-0.01171875 0.111328125 -0.0618896484375
-0.0234375 0.076171875 0.0291748046875
-0.015625 0.103515625 0.3109130859375
0.00390625 0.091796875 0.0281982421875
-0.046875 0.052734375 0.3099365234375
-0.03125 0.056640625 0.2757568359375
0.01171875 0.048828125 -0.5803680419921875
-0.01171875 0.072265625 0.2752685546875
-0.05078125 0.017578125 0.3079833984375
-0.0234375 0.037109375 0.1883544921875
-0.1875 -0.126953125 0.5501708984375
0.01171875 0.091796875 0.2752685546875
0.01171875 0.009765625 -0.5858612060546875
-0.04296875 0.009765625 0.4041748046875
-0.0234375 0.033203125 0.4041748046875
-0.1328125 -0.099609375 0.5491943359375
-0.1484375 -0.126953125 0.5491943359375
-0.10546875 -0.087890625 0.5482177734375
-0.10546875 -0.123046875 0.4984130859375
-0.0390625 -0.029296875 0.5482177734375
-0.046875 -0.060546875 0.5472412109375
-0.01171875 -0.017578125 0.5472412109375
0.0625 -0.029296875 -0.58001708984375
0.0078125 0.005859375 0.5472412109375
0.03125 0.025390625 0.5462646484375
0.0859375 0.052734375 0.5452880859375
0.1328125 0.119140625 0.5950927734375
0.0859375 0.044921875 0.5941162109375
0.046875 -0.029296875 0.4945068359375
0.0703125 0.021484375 0.5941162109375
0.04296875 -0.044921875 0.4622802734375
0.1328125 0.080078125 0.5931396484375
0.1015625 -0.107421875 -0.5950927734375
0.1875 0.111328125 0.5921630859375
0.09375 -0.037109375 0.5902099609375
