WHEELED_DEVICE
-0.033203125 0.140625 -0.192108154296875
-0.033203125 0.125 -0.5443801879882812
-0.013671875 0.109375 -0.056854248046875
0.005859375 0.1328125 -0.056854248046875
-0.025390625 0.125 0.317901611328125
-0.017578125 0.0859375 0.034210205078125
-0.048828125 0.0703125 0.316436767578125
-0.041015625 0.0625 0.281768798828125
-0.056640625 0.04296875 0.314971923828125
-0.021484375 0.08203125 0.281768798828125
0.017578125 0.09765625 0.032257080078125
-0.146484375 -0.07421875 0.474639892578125
0.021484375 0.0546875 -0.5762786865234375
-0.017578125 0.05078125 0.193389892578125
-0.181640625 -0.11328125 0.556671142578125
0.013671875 0.0625 0.192413330078125
-0.037109375 0.0234375 0.409698486328125
0.021484375 0.01953125 -0.5809783935546875
-0.150390625 -0.10546875 0.554718017578125
-0.017578125 0.04296875 0.409698486328125
-0.103515625 -0.0703125 0.554718017578125
-0.048828125 -0.0390625 0.552764892578125
-0.029296875 -0.0234375 0.552764892578125
0.052734375 -0.0234375 -0.573822021484375
-0.009765625 0.0 0.552764892578125
0.037109375 0.0390625 0.552764892578125
0.017578125 0.01171875 0.551788330078125
0.048828125 -0.01171875 0.501007080078125
0.095703125 0.0625 0.550811767578125
0.087890625 0.05859375 0.599639892578125
0.076171875 0.03125 0.598663330078125
0.146484375 0.125 0.599639892578125
0.134765625 0.09375 0.598663330078125
0.181640625 0.1328125 0.598663330078125
0.138671875 -0.140625 -0.599639892578125
