WHEELED_DEVICE
-0.029296875 0.1328125 -0.1893310546875
-0.009765625 0.15625 -0.1893310546875
0.005859375 0.109375 -0.547576904296875
0.021484375 0.13671875 -0.0550537109375
0.009765625 0.109375 -0.0560302734375
-0.021484375 0.078125 0.3182373046875
-0.021484375 0.05859375 0.2830810546875
-0.185546875 -0.11328125 0.5589599609375
-0.029296875 0.046875 0.3167724609375
-0.017578125 0.04296875 0.1961669921875
0.041015625 0.0703125 -0.5731658935546875
-0.142578125 -0.078125 0.5101318359375
0.001953125 0.078125 0.2825927734375
0.021484375 0.0859375 0.1961669921875
-0.013671875 0.0703125 0.4139404296875
-0.029296875 0.046875 0.4139404296875
0.033203125 0.0390625 -0.5762939453125
-0.150390625 -0.109375 0.5579833984375
-0.119140625 -0.1015625 0.5570068359375
-0.095703125 -0.08203125 0.5560302734375
-0.052734375 -0.046875 0.5560302734375
-0.005859375 -0.0078125 0.5550537109375
-0.021484375 -0.03515625 0.5550537109375
0.013671875 0.01171875 0.5550537109375
0.076171875 -0.03125 -0.5741729736328125
0.060546875 0.046875 0.5540771484375
0.044921875 0.0234375 0.5540771484375
0.029296875 -0.01953125 0.4710693359375
0.056640625 0.015625 0.5042724609375
0.087890625 0.0625 0.5540771484375
0.064453125 0.03515625 0.6029052734375
0.029296875 -0.04296875 0.5032958984375
0.134765625 0.08984375 0.6019287109375
0.107421875 0.03515625 0.6009521484375
0.185546875 0.12109375 0.6009521484375
0.169921875 0.09765625 0.6009521484375
0.173828125 -0.15625 -0.6029052734375
