WHEELED_DEVICE
-0.01953125 0.130859375 -0.5438041687011719
-0.01171875 0.134765625 -0.5593338012695312
-0.01171875 0.126953125 -0.0535736083984375
0.01171875 0.146484375 -0.0545501708984375
-0.0390625 0.111328125 0.3204498291015625
-0.0546875 0.083984375 0.3194732666015625
-0.01171875 0.091796875 0.0367584228515625
0.01171875 0.111328125 0.0352935791015625
-0.0390625 0.072265625 0.2843170166015625
-0.05859375 0.048828125 0.3180084228515625
0.0 0.111328125 0.3175201416015625
-0.1875 -0.099609375 0.5597076416015625
-0.01953125 0.060546875 0.1969146728515625
-0.00390625 0.115234375 0.4151763916015625
-0.0078125 0.083984375 0.2828521728515625
-0.03125 0.064453125 0.4141998291015625
0.02734375 0.056640625 -0.5758056640625
-0.1328125 -0.068359375 0.5099029541015625
-0.15234375 -0.091796875 0.5577545166015625
-0.03515625 0.029296875 0.4122467041015625
-0.109375 -0.056640625 0.5577545166015625
-0.125 -0.080078125 0.5577545166015625
0.03125 0.017578125 -0.581298828125
-0.05859375 -0.021484375 0.5567779541015625
-0.03125 -0.009765625 0.5558013916015625
0.01171875 0.033203125 0.5558013916015625
-0.0078125 0.005859375 0.5558013916015625
0.05859375 -0.013671875 -0.571807861328125
0.01171875 -0.001953125 0.4727935791015625
0.04296875 0.044921875 0.5548248291015625
0.02734375 -0.021484375 0.5040435791015625
0.06640625 0.048828125 0.6026763916015625
0.09375 0.076171875 0.5538482666015625
0.125 0.115234375 0.6026763916015625
0.140625 0.134765625 0.6026763916015625
0.05859375 -0.009765625 0.5020904541015625
0.1171875 0.044921875 0.6007232666015625
0.1875 0.134765625 0.6007232666015625
0.1640625 -0.146484375 -0.6026763916015625
