WHEELED_DEVICE
-0.1640625 0.283203125 -0.13226318359375
-0.14453125 0.306640625 -0.13226318359375
-0.125 0.263671875 0.00445556640625
-0.17578125 0.232421875 0.34136962890625
-0.1640625 0.240234375 0.37017822265625
-0.17578125 0.212890625 0.36871337890625
-0.14453125 0.244140625 0.33990478515625
-0.11328125 0.236328125 0.08843994140625
-0.13671875 0.220703125 0.24908447265625
-0.14453125 0.185546875 0.24761962890625
-0.16015625 0.193359375 0.46246337890625
-0.140625 0.216796875 0.46246337890625
-0.25390625 0.076171875 0.52838134765625
-0.26953125 0.052734375 0.52838134765625
-0.28515625 0.029296875 0.52740478515625
-0.21875 0.095703125 0.55670166015625
-0.1796875 0.142578125 0.55670166015625
-0.21875 0.083984375 0.52740478515625
-0.28515625 0.001953125 0.55572509765625
-0.1796875 0.126953125 0.52740478515625
-0.09765625 0.220703125 0.46051025390625
-0.22265625 0.064453125 0.55572509765625
-0.16796875 0.130859375 0.60455322265625
-0.2265625 0.029296875 0.55377197265625
-0.14453125 0.130859375 0.52642822265625
-0.125 0.154296875 0.52642822265625
-0.125 0.130859375 0.55377197265625
-0.09765625 0.162109375 0.52545166015625
-0.11328125 0.154296875 0.60260009765625
-0.078125 0.185546875 0.52545166015625
-0.08984375 0.173828125 0.55377197265625
-0.05859375 0.205078125 0.52545166015625
-0.07421875 0.197265625 0.60260009765625
-0.08984375 0.173828125 0.60162353515625
-0.0390625 0.240234375 0.60260009765625
-0.0546875 0.216796875 0.60260009765625
-0.01953125 0.263671875 0.60260009765625
0.0078125 0.275390625 0.60162353515625
0.02734375 0.298828125 0.60162353515625
0.04296875 0.060546875 -0.554168701171875
0.0390625 0.025390625 -0.558074951171875
0.04296875 -0.021484375 -0.56512451171875
0.14453125 -0.017578125 -0.550262451171875
0.12109375 -0.076171875 -0.554595947265625
0.140625 -0.056640625 -0.5545654296875
0.125 -0.119140625 -0.560302734375
0.28515625 -0.306640625 -0.60455322265625
