WHEELED_DEVICE
0.1201171875 0.02734375 -0.3975830078125
0.0869140625 0.03515625 -0.398193359375
0.0830078125 0.06640625 0.1942138671875
0.1337890625 0.02734375 -0.2161865234375
-0.0126953125 0.05859375 -0.4017333984375
0.1142578125 0.05078125 0.1942138671875
0.1435546875 0.04296875 0.1942138671875
0.0986328125 0.02734375 -0.2176513671875
0.0673828125 0.03515625 -0.2186279296875
0.1123046875 0.02734375 -0.1297607421875
0.0791015625 0.03515625 -0.1302490234375
0.0869140625 0.04296875 0.0555419921875
0.1435546875 0.01171875 -0.1297607421875
0.0458984375 0.05859375 0.1917724609375
0.0439453125 0.02734375 -0.403076171875
0.1376953125 0.02734375 0.1693115234375
0.1533203125 -0.00390625 -0.2191162109375
0.0087890625 0.05859375 0.1903076171875
0.0283203125 0.02734375 -0.2210693359375
0.0400390625 0.02734375 -0.1331787109375
0.1123046875 0.01953125 0.0545654296875
0.0439453125 0.03515625 0.0526123046875
0.1044921875 0.02734375 0.1688232421875
0.0732421875 0.03515625 0.1683349609375
0.1455078125 0.02734375 0.3040771484375
0.1357421875 -0.01171875 -0.4019775390625
0.1123046875 0.03515625 0.3031005859375
0.0771484375 0.04296875 0.3026123046875
-0.0087890625 0.02734375 -0.2230224609375
0.0029296875 0.02734375 -0.1351318359375
-0.0302734375 0.03515625 -0.1365966796875
0.0361328125 0.03515625 0.1673583984375
0.1376953125 0.02734375 0.3895263671875
0.0048828125 0.01171875 -0.40673828125
0.0849609375 0.04296875 0.4134521484375
-0.0302734375 0.05078125 0.1883544921875
0.0107421875 0.02734375 0.0511474609375
-0.0458984375 0.02734375 -0.2249755859375
0.0009765625 0.03515625 0.1663818359375
0.0693359375 0.03515625 0.3880615234375
0.0986328125 0.02734375 0.3885498046875
0.0478515625 0.04296875 0.4124755859375
0.0361328125 0.04296875 0.3875732421875
-0.0654296875 0.05078125 0.1873779296875
0.1298828125 -0.01171875 0.0516357421875
-0.0673828125 0.01953125 -0.4110107421875
-0.1005859375 0.05859375 0.1864013671875
-0.0263671875 0.02734375 0.0491943359375
-0.0673828125 0.02734375 -0.1392822265625
-0.1337890625 0.03515625 -0.413330078125
-0.0361328125 0.03515625 0.1644287109375
0.0361328125 0.02734375 0.3001708984375
0.1103515625 0.01953125 0.4129638671875
0.0146484375 0.04296875 0.4119873046875
-0.0830078125 0.01953125 -0.2274169921875
-0.1044921875 0.01953125 -0.4134521484375
-0.1357421875 0.05859375 0.1849365234375
-0.1162109375 0.02734375 -0.2288818359375
-0.0654296875 0.02734375 0.0477294921875
0.1533203125 -0.01953125 0.1893310546875
-0.1083984375 0.02734375 -0.1417236328125
-0.0986328125 0.03515625 0.0467529296875
-0.0712890625 0.03515625 0.1634521484375
-0.0009765625 0.02734375 0.2991943359375
-0.0322265625 0.03515625 0.2987060546875
-0.0009765625 0.03515625 0.3865966796875
-0.1533203125 0.02734375 -0.2308349609375
-0.1337890625 0.03515625 0.0452880859375
-0.1064453125 0.03515625 0.1619873046875
-0.0263671875 0.03515625 0.4100341796875
-0.0400390625 0.03515625 0.3856201171875
-0.1455078125 0.01953125 -0.1441650390625
0.1298828125 -0.01171875 0.4114990234375
-0.1416015625 0.03515625 0.1610107421875
-0.0732421875 0.02734375 0.2967529296875
-0.0634765625 0.03515625 0.4090576171875
-0.1103515625 0.03515625 0.2957763671875
0.1416015625 -0.06640625 -0.1390380859375
-0.1005859375 0.03515625 0.4080810546875
-0.1455078125 0.03515625 0.2943115234375
0.1396484375 -0.05859375 0.1634521484375
-0.0791015625 0.01953125 0.3841552734375
0.1435546875 -0.05078125 0.2977294921875
-0.1357421875 0.03515625 0.4066162109375
-0.1162109375 0.01953125 0.3831787109375
-0.1533203125 0.01953125 0.3817138671875
0.1357421875 -0.05859375 0.3846435546875
