WHEELED_DEVICE
-0.1796875 0.2734375 -0.100128173828125
-0.1484375 0.28515625 -0.102569580078125
-0.1484375 0.27734375 0.034393310546875
-0.16796875 0.26171875 0.363006591796875
-0.1796875 0.23046875 0.362030029296875
-0.14453125 0.2421875 0.119842529296875
-0.1796875 0.2265625 0.393768310546875
-0.12109375 0.2578125 0.118865966796875
-0.13671875 0.26953125 0.362030029296875
-0.1875 0.19921875 0.392791748046875
-0.12890625 0.2265625 0.274627685546875
-0.17578125 0.18359375 0.485565185546875
-0.15625 0.20703125 0.485565185546875
-0.12890625 0.22265625 0.484588623046875
-0.2890625 0.02734375 0.577850341796875
-0.25 0.0703125 0.545623779296875
-0.26953125 0.046875 0.577850341796875
-0.1953125 0.1328125 0.545623779296875
-0.16796875 0.1484375 0.545623779296875
-0.16015625 0.140625 0.576873779296875
-0.17578125 0.1171875 0.576873779296875
-0.12109375 0.17578125 0.544647216796875
-0.1328125 0.15625 0.543670654296875
-0.08203125 0.22265625 0.544647216796875
-0.09765625 0.1953125 0.543670654296875
-0.1328125 0.15234375 0.575897216796875
-0.18359375 0.08203125 0.574920654296875
-0.09765625 0.19140625 0.575897216796875
-0.109375 0.16796875 0.575897216796875
-0.04296875 0.22265625 0.574920654296875
0.01171875 0.28515625 0.542694091796875
-0.00390625 0.26171875 0.542694091796875
0.17578125 -0.0546875 -0.552001953125
0.1796875 -0.09765625 -0.558258056640625
0.171875 -0.12890625 -0.5614013671875
0.16015625 -0.16015625 -0.564544677734375
0.19140625 -0.2265625 -0.577850341796875
0.23828125 -0.203125 -0.5517578125
0.2265625 -0.234375 -0.553924560546875
0.2890625 -0.16796875 -0.553863525390625
0.2734375 -0.1953125 -0.555328369140625
0.23828125 -0.28515625 -0.561798095703125
