WHEELED_DEVICE
0.1015625 0.2705078125 -0.31573486328125
0.1171875 0.1162109375 -0.31573486328125
0.1015625 0.1962890625 -0.31597900390625
0.1171875 0.0419921875 -0.31622314453125
0.0703125 0.3466796875 -0.31683349609375
0.1328125 -0.1904296875 -0.31744384765625
0.0390625 0.4990234375 -0.31842041015625
0.0859375 -0.2822265625 -0.45263671875
0.1171875 -0.5107421875 -0.4520263671875
0.1015625 -0.4326171875 -0.32171630859375
0.0546875 -0.2607421875 -0.19085693359375
-0.0546875 0.5107421875 -0.19183349609375
0.0546875 -0.4443359375 -0.45562744140625
0.0234375 -0.3662109375 -0.4576416015625
-0.0859375 0.4111328125 -0.32623291015625
-0.1015625 0.5068359375 -0.06341552734375
-0.1015625 0.4970703125 0.06842041015625
-0.0546875 -0.2216796875 -0.46099853515625
-0.0234375 -0.4326171875 -0.19744873046875
-0.1328125 0.4189453125 0.19781494140625
-0.1328125 0.4384765625 0.32965087890625
-0.1328125 0.3837890625 0.46099853515625
