WHEELED_DEVICE
0.1533203125 0.517578125 -0.5234375
0.1767578125 0.501953125 -0.5242919921875
0.2041015625 0.478515625 -0.52587890625
0.2099609375 0.431640625 -0.53375244140625
-0.0732421875 -0.017578125 -0.60614013671875
0.0712890625 -0.416015625 -0.26922607421875
0.0849609375 -0.423828125 -0.09210205078125
0.0654296875 -0.392578125 0.33123779296875
0.0537109375 -0.416015625 -0.09259033203125
0.0361328125 -0.384765625 0.33074951171875
0.0185546875 -0.408203125 -0.09405517578125
0.0029296875 -0.408203125 -0.27288818359375
0.0400390625 -0.400390625 0.19110107421875
0.0947265625 -0.408203125 0.33123779296875
0.0302734375 -0.423828125 -0.27410888671875
0.0693359375 -0.416015625 0.19158935546875
0.0556640625 -0.423828125 0.00067138671875
0.0224609375 -0.416015625 -0.00030517578125
-0.0185546875 -0.408203125 -0.09600830078125
0.0908203125 -0.439453125 0.00115966796875
-0.0048828125 -0.392578125 0.32879638671875
-0.0087890625 -0.416015625 -0.00177001953125
0.0966796875 -0.416015625 0.44305419921875
-0.0009765625 -0.408203125 0.18865966796875
-0.0419921875 -0.384765625 0.32733154296875
0.0244140625 -0.408203125 0.29949951171875
-0.0751953125 -0.408203125 -0.27899169921875
0.0537109375 -0.423828125 0.29949951171875
-0.0576171875 -0.416015625 -0.09893798828125
-0.0478515625 -0.416015625 -0.00421142578125
-0.0380859375 -0.408203125 0.18670654296875
0.0244140625 -0.408203125 0.44158935546875
0.0849609375 -0.439453125 0.29949951171875
-0.0068359375 -0.400390625 0.44061279296875
0.1005859375 -0.470703125 -0.09649658203125
0.0830078125 -0.470703125 -0.27667236328125
-0.0107421875 -0.416015625 0.29803466796875
-0.0791015625 -0.392578125 0.32537841796875
0.0537109375 -0.423828125 0.44110107421875
-0.0458984375 -0.408203125 0.29705810546875
-0.0849609375 -0.416015625 -0.00567626953125
-0.1142578125 -0.384765625 0.32440185546875
0.0322265625 -0.408203125 0.55438232421875
-0.0009765625 -0.400390625 0.55389404296875
0.0849609375 -0.431640625 0.52362060546875
-0.0517578125 -0.439453125 -0.28143310546875
0.0830078125 -0.462890625 0.18719482421875
0.0517578125 -0.423828125 0.52313232421875
0.0205078125 -0.416015625 0.52264404296875
-0.0791015625 -0.416015625 0.18426513671875
-0.0810546875 -0.408203125 0.29608154296875
-0.0458984375 -0.408203125 0.43914794921875
-0.0380859375 -0.400390625 0.55291748046875
0.0576171875 -0.431640625 0.55389404296875
-0.1005859375 -0.431640625 -0.10235595703125
0.1064453125 -0.470703125 0.32635498046875
-0.0146484375 -0.416015625 0.52215576171875
-0.1572265625 -0.392578125 0.32196044921875
-0.1572265625 -0.423828125 -0.28692626953125
-0.0732421875 -0.400390625 0.55194091796875
-0.1923828125 -0.416015625 -0.2880859375
-0.1376953125 -0.431640625 -0.10430908203125
-0.1279296875 -0.431640625 -0.00982666015625
-0.1181640625 -0.423828125 0.18182373046875
-0.1689453125 -0.423828125 -0.10577392578125
-0.0556640625 -0.416015625 0.52069091796875
-0.1240234375 -0.416015625 0.29364013671875
-0.1630859375 -0.423828125 -0.01129150390625
-0.1533203125 -0.416015625 0.18084716796875
-0.0908203125 -0.416015625 0.43670654296875
-0.1591796875 -0.408203125 0.29266357421875
-0.1279296875 -0.447265625 -0.28753662109375
-0.1904296875 -0.408203125 0.17938232421875
0.0927734375 -0.509765625 -0.00665283203125
0.0830078125 -0.462890625 0.55291748046875
-0.0888671875 -0.416015625 0.52020263671875
-0.1982421875 -0.400390625 0.32000732421875
-0.1142578125 -0.408203125 0.55047607421875
-0.1279296875 -0.416015625 0.43524169921875
-0.1259765625 -0.408203125 0.51922607421875
0.0966796875 -0.486328125 0.43768310546875
-0.2080078125 -0.431640625 -0.10821533203125
-0.1474609375 -0.400390625 0.60614013671875
-0.2080078125 -0.431640625 -0.01470947265625
-0.2001953125 -0.416015625 0.29071044921875
-0.1533203125 -0.408203125 0.54901123046875
-0.1123046875 -0.416015625 0.60614013671875
-0.1689453125 -0.423828125 0.43328857421875
0.0849609375 -0.517578125 0.29364013671875
-0.1650390625 -0.423828125 0.51776123046875
-0.1962890625 -0.416015625 0.54705810546875
-0.2099609375 -0.423828125 0.43182373046875
0.0849609375 -0.509765625 0.51922607421875
-0.2021484375 -0.423828125 0.51678466796875
-0.1962890625 -0.423828125 0.60321044921875
