WHEELED_DEVICE
-0.193359375 0.302734375 -0.08130645751953125
-0.205078125 0.275390625 -0.08325958251953125
-0.224609375 0.216796875 0.27562713623046875
-0.205078125 0.232421875 0.27513885498046875
-0.232421875 0.189453125 0.27416229248046875
-0.162109375 0.244140625 0.03685760498046875
-0.212890625 0.220703125 0.34886932373046875
-0.185546875 0.220703125 0.12377166748046875
-0.205078125 0.232421875 0.38402557373046875
-0.185546875 0.232421875 0.34838104248046875
-0.154296875 0.224609375 0.12133026123046875
-0.208984375 0.193359375 0.38158416748046875
-0.220703125 0.166015625 0.38060760498046875
-0.255859375 0.126953125 0.46947479248046875
-0.267578125 0.064453125 0.46654510498046875
-0.095703125 0.212890625 0.5202560424804688
-0.158203125 0.142578125 0.5554122924804688
-0.193359375 0.087890625 0.5192794799804688
-0.173828125 0.107421875 0.5192794799804688
-0.115234375 0.177734375 0.5544357299804688
-0.095703125 0.197265625 0.5544357299804688
-0.099609375 0.181640625 0.5192794799804688
-0.048828125 0.244140625 0.5202560424804688
-0.033203125 0.263671875 0.5202560424804688
-0.177734375 0.091796875 0.5534591674804688
-0.056640625 0.236328125 0.5544357299804688
-0.041015625 0.255859375 0.5554122924804688
-0.185546875 0.060546875 0.5524826049804688
-0.013671875 0.267578125 0.5544357299804688
-0.056640625 0.193359375 0.5524826049804688
0.220703125 -0.244140625 -0.5522880554199219
0.240234375 -0.220703125 -0.5522975921630859
0.208984375 -0.271484375 -0.5554122924804688
0.244140625 -0.263671875 -0.5303726196289062
0.267578125 -0.248046875 -0.5311050415039062
0.240234375 -0.302734375 -0.535369873046875
