WHEELED_DEVICE
0.078125 0.240234375 -0.330322265625
0.046875 0.48046875 -0.3304443359375
0.078125 0.162109375 -0.3314208984375
0.078125 0.080078125 -0.33154296875
0.09375 -0.08203125 -0.332763671875
0.078125 -0.005859375 -0.3323974609375
0.125 -0.40625 -0.333740234375
0.109375 -0.32421875 -0.3331298828125
0.078125 -0.166015625 -0.3343505859375
0.078125 -0.22265625 -0.19775390625
0.109375 -0.48828125 -0.3348388671875
0.078125 -0.3046875 -0.198486328125
0.0625 -0.251953125 -0.33544921875
0.078125 -0.38671875 -0.199462890625
0.078125 -0.46484375 -0.2001953125
-0.046875 0.48828125 -0.064208984375
-0.046875 0.4140625 -0.2001953125
-0.046875 0.30859375 -0.3377685546875
-0.0625 0.48046875 0.07080078125
-0.09375 0.421875 0.341796875
-0.109375 0.3828125 -0.341796875
-0.125 0.39453125 0.20458984375
