WHEELED_DEVICE
0.06640625 0.1640625 -0.4052734375
0.046875 0.11328125 -0.1015625
0.0390625 0.0859375 -0.10400390625
-0.00390625 0.05859375 0.22998046875
0.03125 0.08984375 0.23046875
0.0234375 0.06640625 0.2294921875
0.08203125 0.09375 -0.001953125
0.06640625 0.07421875 -0.0029296875
0.0625 0.046875 0.08740234375
0.03125 0.04296875 0.2822265625
0.05078125 0.0625 0.28271484375
0.01953125 0.01953125 0.326171875
0.0390625 0.03515625 0.326171875
0.08203125 0.05859375 0.28076171875
-0.015625 -0.05078125 0.4052734375
-0.03125 -0.0703125 0.4052734375
-0.08203125 -0.125 0.404296875
-0.04296875 -0.09765625 0.4033203125
-0.0546875 -0.125 0.40234375
0.015625 -0.0546875 0.4033203125
-0.0859375 -0.1640625 0.4013671875
0.05859375 -0.03125 0.4033203125
0.0859375 -0.0234375 0.40234375
