WHEELED_DEVICE
0.03515625 0.138671875 -0.3927001953125
0.01953125 0.119140625 -0.3951416015625
0.0234375 0.123046875 -0.3934326171875
0.0546875 0.154296875 -0.3936767578125
0.0078125 0.099609375 -0.3948974609375
0.0625 0.146484375 -0.3939208984375
0.015625 0.087890625 -0.4000244140625
0.03125 0.068359375 -0.1004638671875
0.0546875 0.080078125 -0.1014404296875
0.015625 0.083984375 0.2301025390625
-0.015625 0.048828125 0.2286376953125
0.05859375 0.076171875 0.0001220703125
0.0078125 0.056640625 0.2276611328125
0.04296875 0.052734375 -0.0008544921875
0.08203125 0.076171875 -0.0013427734375
0.05078125 0.037109375 0.0885009765625
0.04296875 0.056640625 0.2789306640625
0.02734375 0.037109375 0.2784423828125
0.0703125 0.056640625 0.2237548828125
0.0234375 0.021484375 0.3223876953125
0.0703125 0.056640625 0.2774658203125
0.01171875 -0.001953125 0.3214111328125
0.046875 0.033203125 0.3223876953125
0.06640625 0.048828125 0.3223876953125
-0.078125 -0.115234375 0.3990478515625
-0.11328125 -0.154296875 0.3980712890625
-0.09375 -0.138671875 0.3980712890625
-0.0390625 -0.087890625 0.3990478515625
0.0 -0.060546875 0.3990478515625
0.015625 -0.044921875 0.3990478515625
0.03515625 -0.029296875 0.3990478515625
-0.046875 -0.119140625 0.3970947265625
0.08984375 0.017578125 0.4000244140625
0.0625 -0.025390625 0.3980712890625
0.11328125 0.025390625 0.3990478515625
0.08203125 -0.009765625 0.3980712890625
