WHEELED_DEVICE
-0.009765625 0.140625 -0.394775390625
-0.009765625 0.13671875 -0.3671875
0.009765625 0.15234375 -0.3671875
0.001953125 0.078125 -0.086181640625
-0.017578125 0.0703125 0.228759765625
-0.033203125 0.0546875 0.228271484375
0.001953125 0.08203125 0.228759765625
0.013671875 0.0625 0.096923828125
0.041015625 0.0703125 -0.013427734375
-0.001953125 0.04296875 0.095947265625
0.060546875 0.078125 -0.013916015625
0.013671875 0.07421875 0.262939453125
0.037109375 0.06640625 0.095947265625
-0.001953125 0.05078125 0.261962890625
-0.162109375 -0.09765625 0.317626953125
0.041015625 0.0625 0.224365234375
-0.103515625 -0.1015625 0.391845703125
0.068359375 0.0546875 0.394775390625
-0.119140625 -0.12109375 0.390869140625
-0.154296875 -0.15234375 0.390869140625
0.087890625 0.04296875 0.257080078125
-0.013671875 -0.03125 0.392822265625
-0.080078125 -0.09375 0.390869140625
-0.029296875 -0.05078125 0.391845703125
0.048828125 0.0 0.313720703125
0.044921875 0.00390625 0.391845703125
0.013671875 -0.02734375 0.391845703125
0.064453125 0.01953125 0.392822265625
0.033203125 -0.015625 0.391845703125
0.123046875 0.0546875 0.391845703125
0.142578125 0.06640625 0.391845703125
0.162109375 0.08203125 0.391845703125
