WHEELED_DEVICE
0.017578125 0.1328125 -0.3875732421875
-0.001953125 0.109375 -0.3582763671875
0.021484375 0.11328125 -0.3599853515625
0.025390625 0.06640625 -0.0826416015625
0.013671875 0.04296875 -0.0841064453125
-0.013671875 0.0390625 0.0994873046875
-0.033203125 0.03125 0.2254638671875
0.001953125 0.05859375 0.2259521484375
0.029296875 0.05859375 0.0980224609375
-0.013671875 0.0390625 0.2249755859375
0.044921875 0.0546875 -0.0137939453125
0.029296875 0.0390625 -0.0142822265625
0.013671875 0.0390625 0.0970458984375
0.025390625 0.046875 0.2547607421875
-0.166015625 -0.109375 0.3133544921875
0.013671875 0.0234375 0.2537841796875
-0.001953125 0.0078125 0.2532958984375
0.052734375 0.0234375 0.2196044921875
-0.130859375 -0.12109375 0.3104248046875
0.064453125 0.03125 0.2523193359375
-0.107421875 -0.1171875 0.3094482421875
0.021484375 -0.0234375 0.3865966796875
0.091796875 0.03515625 0.3875732421875
0.060546875 0.0 0.3865966796875
0.111328125 0.04296875 0.3875732421875
0.044921875 -0.01953125 0.3865966796875
0.146484375 0.0703125 0.3875732421875
-0.021484375 -0.08203125 0.3846435546875
0.166015625 0.08203125 0.3875732421875
-0.072265625 -0.1328125 0.3836669921875
0.087890625 0.0 0.3856201171875
0.060546875 -0.04296875 0.3074951171875
0.142578125 0.0390625 0.3856201171875
