WHEELED_DEVICE
0.2431640625 0.509765625 -0.5484619140625
0.1533203125 0.525390625 -0.5333251953125
0.1337890625 0.435546875 -0.549072265625
0.0283203125 0.470703125 -0.5777587890625
0.0498046875 -0.392578125 -0.27801513671875
0.0810546875 -0.384765625 0.3453369140625
0.0517578125 -0.384765625 0.2008056640625
0.0634765625 -0.408203125 -0.0989990234375
0.0126953125 -0.392578125 -0.28045654296875
-0.0224609375 -0.384765625 -0.2822265625
0.0263671875 -0.400390625 -0.0999755859375
0.0107421875 -0.369140625 0.3438720703125
0.0380859375 -0.384765625 0.3433837890625
-0.0107421875 -0.392578125 -0.1019287109375
-0.0244140625 -0.361328125 0.3424072265625
0.0380859375 -0.392578125 0.3092041015625
0.0107421875 -0.392578125 0.1983642578125
0.0009765625 -0.400390625 0.0010986328125
0.0341796875 -0.416015625 0.0015869140625
-0.0009765625 -0.384765625 0.3077392578125
-0.0322265625 -0.392578125 0.0001220703125
-0.0244140625 -0.384765625 0.1973876953125
0.0634765625 -0.431640625 0.0013427734375
-0.0458984375 -0.392578125 -0.1038818359375
0.0400390625 -0.392578125 0.4600830078125
0.0166015625 -0.376953125 0.5777587890625
-0.0673828125 -0.369140625 0.3404541015625
-0.0380859375 -0.384765625 0.3062744140625
0.0791015625 -0.455078125 -0.1024169921875
0.0322265625 -0.392578125 0.5401611328125
-0.0654296875 -0.384765625 0.1949462890625
0.0673828125 -0.416015625 0.4600830078125
-0.0751953125 -0.392578125 -0.0032958984375
-0.0849609375 -0.392578125 -0.1058349609375
-0.0009765625 -0.392578125 0.4586181640625
-0.1103515625 -0.361328125 0.3385009765625
0.0400390625 -0.400390625 0.5767822265625
-0.0361328125 -0.384765625 0.4576416015625
-0.0791015625 -0.408203125 -0.29010009765625
0.0869140625 -0.447265625 0.3409423828125
0.0576171875 -0.447265625 0.1959228515625
-0.0068359375 -0.392578125 0.5391845703125
0.0517578125 -0.439453125 0.3062744140625
-0.1083984375 -0.384765625 0.1925048828125
-0.1181640625 -0.392578125 -0.0059814453125
-0.0302734375 -0.384765625 0.5753173828125
-0.0791015625 -0.392578125 0.3043212890625
0.0478515625 -0.470703125 -0.28778076171875
-0.0771484375 -0.384765625 0.4561767578125
-0.1298828125 -0.400390625 -0.1090087890625
-0.0419921875 -0.392578125 0.5382080078125
0.0556640625 -0.431640625 0.5386962890625
-0.1513671875 -0.369140625 0.3360595703125
-0.1220703125 -0.384765625 0.3028564453125
-0.1533203125 -0.400390625 -0.29425048828125
-0.1474609375 -0.384765625 0.1905517578125
-0.1220703125 -0.416015625 -0.2943115234375
0.0732421875 -0.486328125 -0.0035400390625
-0.1533203125 -0.376953125 0.3023681640625
-0.1669921875 -0.400390625 -0.1114501953125
-0.1591796875 -0.400390625 -0.0089111328125
-0.0830078125 -0.392578125 0.5367431640625
-0.0751953125 -0.392578125 0.5733642578125
-0.1884765625 -0.369140625 0.3345947265625
-0.2255859375 -0.384765625 -0.2984619140625
-0.1904296875 -0.384765625 0.1881103515625
-0.1103515625 -0.384765625 0.5728759765625
-0.1220703125 -0.392578125 0.4542236328125
0.0478515625 -0.455078125 0.5738525390625
-0.2099609375 -0.400390625 -0.1143798828125
-0.1240234375 -0.392578125 0.5357666015625
0.0693359375 -0.478515625 0.4556884765625
-0.1982421875 -0.384765625 0.2999267578125
0.0595703125 -0.494140625 0.3023681640625
-0.2041015625 -0.408203125 -0.0128173828125
-0.1533203125 -0.384765625 0.5714111328125
-0.2041015625 -0.416015625 -0.30029296875
-0.1650390625 -0.392578125 0.4517822265625
0.0771484375 -0.525390625 -0.1102294921875
0.0576171875 -0.525390625 -0.29449462890625
-0.2373046875 -0.376953125 0.3316650390625
-0.2392578125 -0.400390625 -0.0142822265625
-0.2333984375 -0.392578125 0.1851806640625
-0.1630859375 -0.392578125 0.5347900390625
-0.2392578125 -0.384765625 0.2984619140625
-0.1923828125 -0.384765625 0.5699462890625
0.0595703125 -0.494140625 0.5357666015625
-0.2001953125 -0.392578125 0.5338134765625
0.0537109375 -0.525390625 0.1885986328125
-0.2060546875 -0.400390625 0.4498291015625
0.0771484375 -0.525390625 0.3341064453125
-0.2314453125 -0.384765625 0.5684814453125
-0.2431640625 -0.392578125 0.4488525390625
-0.2431640625 -0.392578125 0.5323486328125
0.0517578125 -0.525390625 0.5699462890625
