WHEELED_DEVICE
-0.125 0.236328125 -0.438018798828125
-0.10546875 0.236328125 -0.439117431640625
-0.146484375 0.232421875 0.005584716796875
-0.125 0.220703125 0.002166748046875
-0.0546875 0.228515625 -0.5160331726074219
-0.080078125 0.212890625 -0.446624755859375
-0.107421875 0.212890625 -0.036651611328125
-0.025390625 0.193359375 -0.5274238586425781
-0.107421875 0.208984375 0.296112060546875
-0.123046875 0.197265625 0.295135498046875
-0.16015625 0.189453125 0.404022216796875
-0.1328125 0.177734375 0.243377685546875
-0.158203125 0.169921875 0.293182373046875
-0.140625 0.177734375 0.293670654296875
-0.17578125 0.169921875 0.402069091796875
-0.138671875 0.185546875 0.403045654296875
-0.111328125 0.166015625 0.240936279296875
-0.119140625 0.185546875 0.402557373046875
-0.080078125 0.181640625 0.292205810546875
-0.115234375 0.173828125 0.510467529296875
-0.1484375 0.150390625 0.508514404296875
-0.130859375 0.158203125 0.509490966796875
0.048828125 0.150390625 -0.543975830078125
0.001953125 0.236328125 0.594451904296875
-0.18359375 0.123046875 0.506561279296875
-0.1640625 0.130859375 0.507537841796875
-0.091796875 0.146484375 0.397186279296875
0.03125 0.130859375 -0.5471038818359375
0.013671875 0.119140625 -0.5491790771484375
0.068359375 0.142578125 -0.5470733642578125
-0.013671875 0.212890625 0.592498779296875
-0.02734375 0.197265625 0.591522216796875
-0.06640625 0.130859375 0.394256591796875
-0.04296875 0.177734375 0.590545654296875
-0.060546875 0.166015625 0.589569091796875
-0.076171875 0.150390625 0.588592529296875
-0.11328125 0.130859375 0.587615966796875
-0.09375 0.138671875 0.587615966796875
-0.265625 0.037109375 0.516326904296875
-0.146484375 0.103515625 0.585662841796875
-0.08203125 0.119140625 0.504608154296875
-0.18359375 0.083984375 0.584686279296875
-0.126953125 0.107421875 0.585662841796875
-0.1640625 0.087890625 0.584686279296875
-0.19921875 0.068359375 0.582733154296875
-0.28125 0.009765625 0.514373779296875
-0.234375 0.037109375 0.580780029296875
0.103515625 0.091796875 -0.5626220703125
-0.25 0.017578125 0.579803466796875
-0.26953125 0.005859375 0.578826904296875
-0.0546875 0.087890625 0.516326904296875
-0.283203125 -0.017578125 0.576873779296875
-0.30078125 -0.033203125 0.575897216796875
0.1484375 0.013671875 -0.586456298828125
0.15625 -0.009765625 -0.5232315063476562
0.1015625 -0.044921875 -0.5286331176757812
0.138671875 -0.029296875 -0.5264701843261719
0.12109375 -0.041015625 -0.5286293029785156
0.083984375 -0.060546875 -0.5318756103515625
0.048828125 -0.083984375 -0.53619384765625
0.068359375 -0.076171875 -0.5351104736328125
0.18359375 -0.041015625 -0.5329360961914062
0.22265625 -0.103515625 -0.553436279296875
0.26171875 -0.169921875 -0.573944091796875
0.30078125 -0.236328125 -0.594451904296875
