WHEELED_DEVICE
-0.1435546875 0.26953125 -0.422393798828125
-0.1240234375 0.265625 -0.424591064453125
-0.1650390625 0.26171875 0.014251708984375
-0.1005859375 0.25 -0.429962158203125
-0.0751953125 0.25390625 -0.4992828369140625
-0.1435546875 0.24609375 0.010345458984375
-0.1279296875 0.23828125 -0.026275634765625
-0.1474609375 0.23046875 0.302825927734375
-0.1630859375 0.21875 0.301849365234375
-0.1787109375 0.19921875 0.299896240234375
-0.1787109375 0.21484375 0.407318115234375
-0.2138671875 0.19921875 0.405853271484375
-0.1591796875 0.22265625 0.407806396484375
-0.1259765625 0.21875 0.300872802734375
-0.1962890625 0.203125 0.406341552734375
-0.0419921875 0.19140625 -0.5179290771484375
-0.1337890625 0.19921875 0.247650146484375
-0.1513671875 0.1875 0.246185302734375
-0.1376953125 0.203125 0.404876708984375
-0.1708984375 0.19140625 0.513275146484375
-0.1533203125 0.1953125 0.513275146484375
-0.2060546875 0.16015625 0.510345458984375
-0.0185546875 0.2578125 0.596282958984375
-0.1865234375 0.1640625 0.510345458984375
-0.1318359375 0.1796875 0.511322021484375
-0.1123046875 0.16796875 0.399993896484375
-0.0341796875 0.23828125 0.595306396484375
-0.0673828125 0.21484375 0.593353271484375
-0.0498046875 0.21875 0.593353271484375
-0.0908203125 0.17578125 0.509368896484375
-0.1005859375 0.18359375 0.590423583984375
-0.1162109375 0.1640625 0.589447021484375
-0.0810546875 0.17578125 0.589447021484375
-0.1337890625 0.14453125 0.587493896484375
-0.1513671875 0.1328125 0.587493896484375
-0.1689453125 0.12109375 0.585540771484375
0.0556640625 0.109375 -0.544830322265625
0.0380859375 0.09765625 -0.5469207763671875
0.0185546875 0.0859375 -0.54901123046875
-0.2060546875 0.09375 0.583587646484375
0.0009765625 0.07421875 -0.5511016845703125
-0.0849609375 0.12890625 0.521087646484375
-0.1845703125 0.09765625 0.583587646484375
-0.2607421875 0.0625 0.581634521484375
-0.1025390625 0.1171875 0.521087646484375
-0.2861328125 0.0390625 0.517181396484375
-0.1220703125 0.10546875 0.520111083984375
-0.2216796875 0.07421875 0.582611083984375
0.0966796875 0.10546875 -0.54791259765625
-0.2763671875 0.0390625 0.579681396484375
-0.3037109375 0.01171875 0.515228271484375
-0.2939453125 0.02734375 0.578704833984375
-0.3115234375 0.0078125 0.576751708984375
-0.3271484375 -0.015625 0.575775146484375
0.1279296875 0.05859375 -0.562408447265625
0.1611328125 0.0078125 -0.57794189453125
0.1318359375 -0.04296875 -0.5228538513183594
0.0927734375 -0.0625 -0.526118278503418
0.0576171875 -0.08203125 -0.5293807983398438
0.1513671875 -0.0390625 -0.5228443145751953
0.0771484375 -0.07421875 -0.528289794921875
0.1708984375 -0.03125 -0.5217514038085938
0.1142578125 -0.05859375 -0.5261068344116211
0.1982421875 -0.06640625 -0.5325508117675781
0.2353515625 -0.14453125 -0.55633544921875
0.0634765625 -0.23046875 -0.571563720703125
0.2626953125 -0.1640625 -0.563873291015625
0.3271484375 -0.26953125 -0.596282958984375
