WHEELED_DEVICE
0.1484375 0.2568359375 -0.47882080078125
0.1484375 0.0634765625 -0.47918701171875
0.1171875 0.3505859375 -0.48028564453125
0.1328125 0.1591796875 -0.47955322265625
0.1484375 -0.0341796875 -0.47943115234375
0.1484375 -0.0498046875 -0.31805419921875
0.1484375 -0.1416015625 -0.31756591796875
0.1328125 -0.1279296875 -0.48052978515625
0.1328125 -0.2314453125 -0.48089599609375
0.1015625 0.0439453125 -0.31976318359375
0.1328125 -0.3251953125 -0.48162841796875
0.1171875 -0.4384765625 -0.32025146484375
-0.0078125 0.1337890625 -0.32464599609375
-0.0390625 0.3232421875 -0.32489013671875
-0.0546875 0.4345703125 -0.48834228515625
-0.0859375 0.4384765625 0.32525634765625
-0.1171875 0.4189453125 -0.32830810546875
-0.1171875 0.2177734375 -0.32904052734375
-0.1171875 0.3662109375 0.48834228515625
-0.1484375 0.4150390625 -0.16595458984375
