WHEELED_DEVICE
-0.02734375 0.3984375 -0.59161376953125
-0.04296875 0.328125 -0.60101318359375
0.16796875 0.140625 -0.59808349609375
0.19921875 0.109375 -0.59808349609375
0.1015625 0.1875 -0.60052490234375
0.2265625 0.0859375 -0.59747314453125
0.12890625 0.15625 -0.60052490234375
0.05859375 0.203125 -0.60296630859375
0.03515625 -0.15625 0.10198974609375
0.015625 -0.1640625 -0.374053955078125
0.05078125 -0.1953125 0.10052490234375
0.01953125 -0.1875 -0.07452392578125
0.01953125 -0.171875 0.24066162109375
0.0078125 -0.1875 -0.3114013671875
0.0078125 -0.1796875 0.11517333984375
-0.02734375 -0.15625 0.09783935546875
0.04296875 -0.203125 0.23968505859375
0.015625 -0.15625 0.52239990234375
-0.03125 -0.15625 0.11370849609375
0.01953125 -0.1796875 0.38031005859375
0.05078125 -0.2421875 -0.37798309326171875
0.01953125 -0.1796875 0.45062255859375
0.0625 -0.2421875 0.09783935546875
0.0546875 -0.2109375 0.45111083984375
0.0078125 -0.1796875 0.39447021484375
0.04296875 -0.1953125 0.52191162109375
0.02734375 -0.21875 0.11370849609375
-0.01953125 -0.1640625 0.37933349609375
0.0234375 -0.234375 -0.31402587890625
0.0078125 -0.171875 0.59124755859375
-0.03125 -0.1484375 0.52093505859375
0.01171875 -0.1796875 0.60296630859375
-0.0390625 -0.1640625 0.39300537109375
-0.0546875 -0.1875 -0.31707763671875
-0.046875 -0.171875 0.23626708984375
0.02734375 -0.21875 0.39349365234375
0.015625 -0.2421875 -0.07965087890625
-0.03125 -0.171875 0.44866943359375
-0.0859375 -0.15625 0.09368896484375
-0.0390625 -0.15625 0.59027099609375
-0.0546875 -0.1953125 -0.08135986328125
-0.03125 -0.1640625 0.60198974609375
0.02734375 -0.234375 0.37835693359375
0.0234375 -0.2109375 0.59027099609375
0.05859375 -0.2578125 0.44866943359375
0.02734375 -0.21875 0.60198974609375
0.04296875 -0.265625 0.23626708984375
-0.10546875 -0.171875 -0.3849372863769531
-0.09765625 -0.1640625 0.10980224609375
0.046875 -0.25 0.51995849609375
0.03125 -0.2734375 0.11077880859375
-0.08203125 -0.1640625 0.37640380859375
-0.1328125 -0.15625 -0.08453369140625
0.0625 -0.3046875 0.09320068359375
0.03515625 -0.265625 0.39154052734375
-0.1015625 -0.1875 -0.08453369140625
-0.1015625 -0.171875 0.39007568359375
-0.1484375 -0.15625 0.08953857421875
-0.109375 -0.1796875 0.23236083984375
0.015625 -0.3046875 -0.32122802734375
-0.1015625 -0.15625 0.58782958984375
-0.1015625 -0.1640625 0.51751708984375
-0.09375 -0.1796875 0.44525146484375
-0.09375 -0.1640625 0.60003662109375
0.0390625 -0.328125 -0.3863525390625
0.03125 -0.2890625 0.37542724609375
0.02734375 -0.265625 0.58831787109375
-0.15234375 -0.1640625 0.10638427734375
0.03125 -0.2734375 0.60052490234375
0.05859375 -0.3203125 0.44573974609375
0.04296875 -0.328125 0.23236083984375
-0.17578125 -0.1796875 -0.3918571472167969
-0.19921875 -0.1484375 0.08660888671875
0.046875 -0.3125 0.51702880859375
-0.1484375 -0.171875 0.37249755859375
-0.2109375 -0.15625 -0.3933525085449219
0.03125 -0.3515625 -0.3243408203125
0.02734375 -0.3359375 0.10638427734375
0.0625 -0.3671875 0.08929443359375
-0.16015625 -0.15625 0.51507568359375
-0.16796875 -0.1796875 0.22894287109375
-0.1640625 -0.171875 0.38763427734375
-0.1484375 -0.1640625 0.59857177734375
-0.15234375 -0.1796875 0.44232177734375
0.02734375 -0.359375 -0.08770751953125
0.03125 -0.3359375 0.38861083984375
-0.2109375 -0.1640625 0.10272216796875
0.03125 -0.34375 0.37249755859375
0.03125 -0.328125 0.58636474609375
-0.22265625 -0.1796875 -0.3319091796875
-0.16796875 -0.171875 0.58489990234375
0.03515625 -0.3359375 0.59906005859375
0.03125 -0.390625 -0.3927459716796875
0.046875 -0.3828125 0.22943115234375
-0.20703125 -0.171875 0.36956787109375
0.05859375 -0.3828125 0.44281005859375
-0.21875 -0.171875 0.38519287109375
-0.2265625 -0.1796875 0.22552490234375
0.04296875 -0.375 0.51409912109375
-0.2109375 -0.1796875 0.43988037109375
-0.2109375 -0.1640625 0.59661865234375
-0.22265625 -0.1640625 0.51214599609375
-0.2265625 -0.1640625 0.58245849609375
0.02734375 -0.3984375 0.38616943359375
0.02734375 -0.3984375 0.58343505859375
