WHEELED_DEVICE
0.13671875 0.046875 0.003082275390625
0.12109375 0.0234375 -0.4414825439453125
0.10546875 0.046875 0.013824462890625
0.15234375 0.0 0.000885009765625
0.12890625 0.0546875 0.459381103515625
0.09765625 0.0390625 -0.519317626953125
0.12109375 0.03125 0.153228759765625
0.12109375 0.0078125 -0.519744873046875
0.08203125 0.0546875 -0.000335693359375
0.14453125 0.0 0.153228759765625
-0.06640625 0.1875 -0.522918701171875
0.12890625 0.0234375 0.381744384765625
0.07421875 0.0390625 -0.190155029296875
0.12109375 0.0 0.012115478515625
0.14453125 0.0078125 0.458404541015625
0.09765625 0.0390625 0.315826416015625
0.05859375 0.0546875 0.011383056640625
0.08203125 0.046875 0.304595947265625
0.11328125 0.015625 0.304595947265625
0.07421875 0.0625 0.456939697265625
0.14453125 -0.015625 0.380767822265625
0.15234375 -0.0546875 -0.002288818359375
-0.12109375 0.203125 -0.526885986328125
0.03515625 0.046875 -0.524749755859375
0.10546875 0.03125 0.533111572265625
0.09765625 0.0390625 0.542388916015625
0.12109375 -0.0078125 0.314849853515625
0.05859375 0.0390625 0.150299072265625
0.08984375 -0.0078125 -0.191375732421875
0.07421875 0.0390625 0.379791259765625
0.05078125 0.0234375 -0.448638916015625
0.05078125 0.0546875 0.314361572265625
0.14453125 -0.0625 0.149810791015625
0.12109375 -0.03125 0.303131103515625
0.10546875 -0.046875 -0.4485015869140625
0.05859375 0.046875 0.532135009765625
0.11328125 -0.015625 0.532135009765625
0.15234375 -0.0703125 0.378814697265625
0.04296875 0.046875 0.540435791015625
-0.00390625 0.046875 -0.006683349609375
0.10546875 -0.015625 0.540924072265625
0.11328125 -0.0703125 0.008209228515625
0.01171875 0.046875 0.300689697265625
-0.01953125 0.0546875 0.006256103515625
-0.00390625 0.03125 -0.197113037109375
0.12890625 -0.0625 0.454986572265625
0.08984375 -0.0703125 -0.195648193359375
0.11328125 -0.0703125 0.312408447265625
-0.00390625 0.0625 0.529693603515625
0.14453125 -0.125 -0.007171630859375
-0.00390625 0.0390625 0.375885009765625
-0.02734375 0.0234375 -0.456268310546875
-0.01953125 0.046875 0.310455322265625
-0.05859375 0.0625 -0.010101318359375
0.12109375 -0.0703125 0.539947509765625
0.12109375 -0.09375 0.300201416015625
-0.01171875 0.0546875 0.538970947265625
-0.02734375 0.03125 0.144439697265625
-0.01953125 0.046875 0.452545166015625
-0.05078125 0.03125 -0.534088134765625
0.11328125 -0.078125 0.530181884765625
0.09765625 -0.1171875 -0.456024169921875
0.09765625 -0.1171875 -0.198577880859375
0.14453125 -0.1328125 0.376373291015625
-0.05859375 0.0546875 0.297271728515625
0.11328125 -0.1328125 0.004547119140625
0.12890625 -0.140625 0.144927978515625
-0.06640625 0.03125 -0.201873779296875
0.13671875 -0.171875 -0.532867431640625
-0.08984375 0.0546875 0.002105712890625
0.15234375 -0.1796875 -0.009613037109375
0.16015625 -0.203125 -0.533294677734375
0.12890625 -0.1328125 0.452545166015625
0.11328125 -0.1328125 0.309967041015625
0.11328125 -0.1640625 -0.45849609375
-0.08203125 0.0390625 0.141021728515625
-0.06640625 0.0390625 0.372955322265625
0.12109375 -0.1328125 0.528717041015625
-0.08203125 0.0546875 0.450103759765625
-0.07421875 0.0546875 0.526763916015625
-0.12890625 0.0625 -0.014984130859375
0.11328125 -0.1328125 0.537994384765625
0.11328125 -0.15625 0.296783447265625
-0.08203125 0.0546875 0.537017822265625
-0.09765625 0.046875 0.307525634765625
0.13671875 -0.1953125 0.142486572265625
0.15234375 -0.1953125 0.373931884765625
-0.09765625 0.0078125 -0.46441650390625
0.13671875 -0.1796875 0.451080322265625
0.09765625 -0.1875 -0.203704833984375
-0.12890625 0.0234375 -0.542388916015625
0.10546875 -0.1953125 0.000640869140625
-0.12890625 0.046875 0.292877197265625
-0.16015625 0.0546875 -0.002288818359375
-0.14453125 0.046875 0.137603759765625
0.11328125 -0.1953125 0.307525634765625
0.12109375 -0.1875 0.536529541015625
-0.15234375 0.0234375 -0.468017578125
-0.15234375 0.0234375 -0.209320068359375
-0.14453125 0.0546875 0.446685791015625
-0.16015625 0.046875 0.304595947265625
-0.14453125 0.03125 0.369049072265625
0.11328125 -0.203125 0.525787353515625
-0.15234375 0.046875 0.523345947265625
