WHEELED_DEVICE
0.01953125 0.375 -0.48810577392578125
-0.01953125 0.2890625 -0.49634552001953125
0.11328125 -0.109375 -0.29183197021484375
0.12109375 -0.09375 0.23844146728515625
0.14453125 -0.15625 -0.29232025146484375
0.09765625 -0.1015625 -0.26009368896484375
0.10546875 -0.125 -0.5106124877929688
0.10546875 -0.1171875 -0.11629486083984375
-0.11328125 0.1640625 -0.5123023986816406
0.11328125 -0.1015625 0.32535552978515625
0.11328125 -0.1015625 0.35660552978515625
0.11328125 -0.125 0.14859771728515625
0.09765625 -0.109375 0.09244537353515625
0.12890625 -0.1640625 -0.11653900146484375
0.10546875 -0.125 0.06021881103515625
-0.05859375 0.0703125 -0.5128669738769531
0.13671875 -0.15625 0.23697662353515625
0.13671875 -0.1640625 0.14859771728515625
0.12109375 -0.109375 0.5016250610351562
0.15234375 -0.2109375 -0.29415130615234375
0.10546875 -0.1171875 0.41275787353515625
0.05078125 -0.1015625 -0.5135536193847656
0.05859375 -0.09375 0.05826568603515625
0.09765625 -0.1015625 0.5318984985351562
0.06640625 -0.0625 0.5318984985351562
0.12109375 -0.1640625 0.32437896728515625
0.09765625 -0.171875 -0.26302337646484375
-0.11328125 0.1015625 -0.5162324905395508
0.11328125 -0.15625 0.35562896728515625
0.12890625 -0.1640625 0.5006484985351562
0.03515625 -0.1015625 -0.29769134521484375
0.12890625 -0.2265625 -0.11995697021484375
0.08984375 -0.1640625 0.09049224853515625
0.10546875 -0.1875 0.05777740478515625
0.05078125 -0.0859375 0.41129302978515625
0.13671875 -0.21875 0.23502349853515625
0.13671875 -0.2265625 0.14615631103515625
0.11328125 -0.171875 0.41129302978515625
0.01171875 -0.09375 -0.26522064208984375
0.10546875 -0.15625 0.5309219360351562
0.08984375 -0.203125 -0.5162687301635742
0.02734375 -0.09375 0.23404693603515625
0.14453125 -0.28125 -0.29842376708984375
0.04296875 -0.09375 0.49967193603515625
0.02734375 -0.09375 0.32242584228515625
0.02734375 -0.09375 0.35416412353515625
0.01171875 -0.1015625 0.08853912353515625
0.12109375 -0.2265625 0.32193756103515625
0.10546875 -0.2265625 0.08902740478515625
0.01171875 -0.1171875 -0.12215423583984375
0.12890625 -0.2265625 0.49869537353515625
0.08984375 -0.234375 -0.26644134521484375
0.13671875 -0.2890625 -0.12239837646484375
0.11328125 -0.2265625 0.35367584228515625
-0.02734375 -0.0859375 -0.30147552490234375
0.01953125 -0.125 0.14371490478515625
0.13671875 -0.2890625 0.14371490478515625
0.10546875 -0.2578125 0.05484771728515625
0.11328125 -0.2421875 0.40933990478515625
0.08984375 -0.265625 -0.52020263671875
0.10546875 -0.2265625 0.5299453735351562
0.12890625 -0.2890625 0.23209381103515625
0.11328125 -0.28125 0.08756256103515625
-0.05859375 -0.078125 -0.26949310302734375
-0.02734375 -0.0625 0.5289688110351562
0.12109375 -0.2890625 0.31998443603515625
0.09765625 -0.296875 -0.26863861083984375
-0.04296875 -0.1015625 0.05240631103515625
0.12890625 -0.2890625 0.49771881103515625
0.13671875 -0.3515625 -0.12508392333984375
-0.05078125 -0.0859375 0.23062896728515625
-0.05859375 -0.109375 -0.5237998962402344
0.11328125 -0.2890625 0.35221099853515625
0.12890625 -0.3515625 -0.30367279052734375
0.13671875 -0.3359375 0.23111724853515625
0.10546875 -0.3125 0.05240631103515625
-0.04296875 -0.09375 0.40787506103515625
0.13671875 -0.359375 0.14078521728515625
-0.07421875 -0.09375 0.08463287353515625
-0.07421875 -0.109375 -0.12825775146484375
-0.05078125 -0.09375 0.49576568603515625
-0.06640625 -0.09375 0.31851959228515625
-0.06640625 -0.09375 0.35074615478515625
0.09765625 -0.2890625 0.5279922485351562
0.11328125 -0.3515625 0.08512115478515625
0.09765625 -0.3125 0.40689849853515625
0.12109375 -0.3515625 0.31803131103515625
-0.06640625 -0.125 0.13883209228515625
0.09765625 -0.359375 -0.27193450927734375
0.12109375 -0.3515625 0.35074615478515625
0.07421875 -0.34375 -0.5262832641601562
0.11328125 -0.375 0.04996490478515625
0.12890625 -0.359375 0.49576568603515625
-0.12109375 -0.0625 0.5270156860351562
0.10546875 -0.375 0.40592193603515625
-0.13671875 -0.09375 0.04752349853515625
0.09765625 -0.359375 0.5270156860351562
-0.15234375 -0.109375 -0.5318984985351562
-0.13671875 -0.0859375 0.40396881103515625
-0.15234375 -0.0859375 0.34830474853515625
-0.15234375 -0.09375 0.31461334228515625
-0.14453125 -0.09375 0.49283599853515625
