WHEELED_DEVICE
0.09375 0.5078125 -0.5101051330566406
0.046875 0.421875 -0.5190620422363281
0.015625 0.3359375 -0.5271644592285156
-0.0390625 0.2421875 -0.5369834899902344
0.21875 -0.15625 -0.5367164611816406
0.171875 -0.125 -0.5393180847167969
0.0078125 -0.046875 -0.5496788024902344
-0.09375 0.0859375 -0.5510520935058594
-0.0625 0.0390625 -0.5514488220214844
-0.03125 -0.0078125 -0.5505638122558594
0.0390625 -0.1484375 -0.5530433654785156
0.046875 -0.1875 -0.3343238830566406
0.0703125 -0.234375 -0.3350563049316406
0.0859375 -0.296875 -0.3368873596191406
0.0703125 -0.2109375 0.5597190856933594
0.0234375 -0.21875 -0.3082008361816406
0.0625 -0.25 0.11147689819335938
0.0546875 -0.234375 0.20132064819335938
0.0546875 -0.2578125 0.021633148193359375
0.046875 -0.2578125 -0.15829849243164062
0.0546875 -0.2421875 0.2906761169433594
0.0625 -0.2421875 0.4698753356933594
0.0703125 -0.3046875 -0.15878677368164062
0.0390625 -0.2109375 0.4972190856933594
0.078125 -0.3046875 0.11050033569335938
0.015625 -0.2265625 0.049953460693359375
0.0078125 -0.2265625 0.020168304443359375
0.0703125 -0.296875 0.20034408569335938
0.1640625 -0.453125 -0.5597190856933594
0.046875 -0.25 0.3795433044433594
0.0234375 -0.2265625 0.3180198669433594
0.0390625 -0.2734375 0.049465179443359375
0.078125 -0.28125 0.5587425231933594
0.046875 -0.2734375 0.3180198669433594
0.0 -0.21875 0.3785667419433594
0.0703125 -0.3046875 0.4679222106933594
0.015625 -0.2890625 -0.3121070861816406
0.078125 -0.3671875 -0.16147232055664062
0.0546875 -0.3046875 0.2887229919433594
-0.015625 -0.1875 0.4962425231933594
0.046875 -0.2734375 0.4962425231933594
0.0703125 -0.3671875 -0.3420143127441406
-0.015625 -0.2265625 0.19839096069335938
-0.015625 -0.21875 0.2882347106933594
0.046875 -0.328125 0.018703460693359375
0.046875 -0.328125 0.048000335693359375
0.0390625 -0.3359375 -0.3127174377441406
-0.015625 -0.2421875 0.10757064819335938
0.0546875 -0.3125 0.3780784606933594
0.078125 -0.375 0.10805892944335938
0.0703125 -0.359375 0.19839096069335938
-0.015625 -0.2109375 0.5567893981933594
-0.015625 -0.2265625 0.4669456481933594
0.0859375 -0.421875 -0.3434791564941406
-0.0390625 -0.25 -0.16415786743164062
0.078125 -0.34375 0.5567893981933594
0.046875 -0.3359375 0.3165550231933594
-0.078125 -0.21875 -0.3154029846191406
-0.0703125 -0.21875 0.046047210693359375
0.0703125 -0.3671875 0.4669456481933594
0.0546875 -0.390625 0.016750335693359375
0.0546875 -0.375 0.2867698669433594
0.078125 -0.4140625 0.19692611694335938
-0.0625 -0.21875 0.3155784606933594
0.0390625 -0.3359375 0.4952659606933594
0.046875 -0.3984375 0.045558929443359375
0.078125 -0.4375 0.10610580444335938
0.0546875 -0.390625 0.3155784606933594
0.03125 -0.40625 -0.3163795471191406
0.046875 -0.3828125 0.3761253356933594
-0.09375 -0.2265625 0.013820648193359375
0.078125 -0.40625 0.5558128356933594
-0.1015625 -0.1796875 0.4942893981933594
0.0546875 -0.4453125 -0.16635513305664062
-0.1015625 -0.21875 0.19448471069335938
0.0625 -0.453125 0.014308929443359375
0.078125 -0.4921875 -0.3475074768066406
0.0703125 -0.4296875 0.4659690856933594
0.0546875 -0.4375 0.2848167419433594
-0.1015625 -0.2265625 0.3741722106933594
-0.109375 -0.2265625 0.2838401794433594
0.078125 -0.484375 0.19497299194335938
0.0390625 -0.40625 0.4942893981933594
-0.125 -0.2421875 -0.16952896118164062
-0.1015625 -0.2265625 0.4640159606933594
0.078125 -0.5 0.10366439819335938
0.0859375 -0.46875 0.5548362731933594
0.046875 -0.46875 0.043117523193359375
-0.109375 -0.2109375 0.5538597106933594
-0.1328125 -0.25 -0.3514137268066406
-0.1171875 -0.25 0.10171127319335938
0.046875 -0.4453125 0.3741722106933594
0.0625 -0.5078125 -0.16904067993164062
0.046875 -0.4609375 0.3136253356933594
0.0625 -0.4921875 0.2838401794433594
0.046875 -0.4609375 0.4933128356933594
-0.15625 -0.2109375 0.3126487731933594
-0.1640625 -0.2265625 0.040676116943359375
0.015625 -0.484375 -0.3208961486816406
-0.171875 -0.21875 0.009426116943359375
0.0625 -0.5 0.4640159606933594
-0.1875 -0.2265625 -0.3229713439941406
-0.1875 -0.21875 0.3707542419433594
-0.2109375 -0.234375 -0.3570289611816406
-0.2109375 -0.1796875 0.4913597106933594
-0.1953125 -0.21875 0.4610862731933594
-0.2109375 -0.2265625 0.18862533569335938
-0.21875 -0.2421875 -0.17563247680664062
-0.2109375 -0.2265625 0.2794456481933594
-0.203125 -0.2109375 0.5509300231933594
-0.21875 -0.2421875 0.09682846069335938
