WHEELED_DEVICE
0.15625 0.515625 -0.519561767578125
0.0703125 0.40234375 -0.5336227416992188
0.0078125 0.3046875 -0.5446996688842773
-0.0234375 0.22265625 -0.5523681640625
-0.078125 0.125 -0.562164306640625
0.078125 -0.265625 -0.3475799560546875
0.0703125 -0.2578125 -0.3197479248046875
0.1015625 -0.3125 -0.3483123779296875
0.0859375 -0.2734375 0.1067657470703125
0.0390625 -0.234375 -0.3494110107421875
0.078125 -0.2578125 0.1975860595703125
0.09375 -0.2421875 0.5598907470703125
0.078125 -0.2578125 0.2874298095703125
0.0390625 -0.25 -0.5736083984375
0.0234375 -0.2265625 -0.3213348388671875
0.0546875 -0.2109375 0.4944610595703125
0.0859375 -0.265625 0.4690704345703125
0.1015625 -0.328125 0.1057891845703125
0.0546875 -0.28125 -0.1681365966796875
0.1875 -0.46875 -0.57269287109375
0.0546875 -0.2734375 0.0418243408203125
0.0625 -0.2890625 0.0139923095703125
0.0546875 -0.296875 -0.5748748779296875
0.0625 -0.265625 0.3137969970703125
0.0859375 -0.3125 0.1961212158203125
0.0234375 -0.25 0.0130157470703125
0.09375 -0.296875 0.5589141845703125
0.03125 -0.234375 0.3767852783203125
0.1015625 -0.3203125 0.4680938720703125
0.0625 -0.265625 0.4944610595703125
0.0625 -0.28125 0.3767852783203125
0.0078125 -0.2421875 0.0403594970703125
0.0625 -0.328125 0.0403594970703125
0.0078125 -0.2421875 0.1941680908203125
0.0546875 -0.3359375 -0.3240203857421875
0.0078125 -0.234375 0.2854766845703125
0.09375 -0.390625 -0.3530731201171875
0.03125 -0.234375 0.5843048095703125
0.0234375 -0.2421875 0.4671173095703125
0.0625 -0.28125 0.5843048095703125
0.0625 -0.3515625 -0.1710662841796875
0.0078125 -0.2421875 0.3123321533203125
0.09375 -0.375 0.1941680908203125
0.0703125 -0.3359375 0.2854766845703125
0.0625 -0.3515625 0.0115509033203125
0.0625 -0.328125 0.3123321533203125
0.0 -0.265625 0.1018829345703125
0.0546875 -0.3671875 -0.5791168212890625
-0.015625 -0.265625 -0.1725311279296875
0.0 -0.2265625 0.5569610595703125
0.0625 -0.328125 0.4934844970703125
0.0859375 -0.3984375 0.1023712158203125
0.0625 -0.34375 0.3753204345703125
0.09375 -0.3671875 0.5579376220703125
0.0703125 -0.390625 0.0384063720703125
0.0703125 -0.40625 -0.1727752685546875
-0.0390625 -0.203125 0.4925079345703125
-0.0625 -0.234375 -0.3575897216796875
0.0625 -0.3359375 0.5833282470703125
0.0546875 -0.3984375 -0.3269500732421875
0.0859375 -0.390625 0.4661407470703125
0.0703125 -0.390625 0.2835235595703125
-0.1640625 -0.1171875 -0.5843048095703125
0.0703125 -0.3984375 0.3108673095703125
-0.0625 -0.2421875 0.0081329345703125
-0.0703125 -0.25 -0.5829925537109375
0.0625 -0.4140625 0.0095977783203125
-0.1328125 -0.1640625 -0.5838775634765625
0.09375 -0.4453125 0.1922149658203125
0.0859375 -0.46875 -0.5820770263671875
0.078125 -0.4609375 -0.3575897216796875
0.09375 -0.4609375 0.1004180908203125
0.1015625 -0.4296875 0.5559844970703125
0.0625 -0.40625 0.3738555908203125
-0.0859375 -0.25 -0.1764373779296875
-0.078125 -0.2265625 0.3094024658203125
0.0703125 -0.3984375 0.5833282470703125
0.0703125 -0.453125 0.0364532470703125
-0.0703125 -0.234375 0.3728790283203125
0.0703125 -0.46875 -0.1757049560546875
-0.09375 -0.234375 0.0354766845703125
0.0390625 -0.4375 -0.5842437744140625
0.0546875 -0.3984375 0.4915313720703125
-0.0625 -0.2265625 0.5823516845703125
0.078125 -0.453125 0.2820587158203125
-0.0859375 -0.2421875 0.1897735595703125
0.0859375 -0.453125 0.4651641845703125
0.0703125 -0.4765625 0.0071563720703125
-0.0859375 -0.2421875 0.2810821533203125
0.046875 -0.4609375 -0.3301239013671875
0.0703125 -0.453125 0.3098907470703125
-0.09375 -0.2578125 0.0974884033203125
0.09375 -0.5078125 0.1902618408203125
-0.0859375 -0.2265625 0.5550079345703125
-0.0859375 -0.2421875 0.4632110595703125
0.078125 -0.4609375 0.5823516845703125
0.0625 -0.46875 0.3723907470703125
0.09375 -0.4921875 0.5550079345703125
0.0859375 -0.515625 0.2805938720703125
-0.1328125 -0.203125 0.4905548095703125
0.0546875 -0.4609375 0.4905548095703125
-0.1640625 -0.2421875 0.0022735595703125
-0.1796875 -0.2421875 -0.1825408935546875
-0.1640625 -0.234375 0.3694610595703125
-0.1875 -0.25 -0.3679656982421875
-0.1796875 -0.234375 0.2771759033203125
-0.1640625 -0.2265625 0.5803985595703125
-0.1875 -0.234375 0.3059844970703125
-0.1875 -0.2421875 0.4602813720703125
