WHEELED_DEVICE
0.125 0.08203125 -0.498931884765625
0.1328125 0.08984375 0.058319091796875
0.1328125 0.07421875 -0.035919189453125
0.1328125 0.10546875 0.427459716796875
0.109375 0.07421875 -0.314971923828125
0.09375 0.10546875 -0.076446533203125
0.1328125 0.02734375 -0.501129150390625
0.1328125 0.08203125 0.334197998046875
0.1484375 0.01953125 -0.037384033203125
0.078125 0.11328125 -0.130157470703125
0.109375 0.08984375 0.149139404296875
0.1015625 0.10546875 0.199920654296875
0.046875 0.14453125 -0.448272705078125
0.109375 0.06640625 -0.129669189453125
0.1171875 0.05078125 -0.077423095703125
0.1328125 0.03515625 0.056854248046875
0.1015625 0.11328125 0.384490966796875
0.0703125 0.15234375 0.384490966796875
0.109375 0.11328125 0.519256591796875
0.109375 0.10546875 0.476287841796875
0.109375 0.07421875 0.240936279296875
0.140625 0.05078125 0.426483154296875
0.1328125 0.07421875 0.519256591796875
0.0546875 0.10546875 -0.503082275390625
0.1171875 0.05078125 0.198944091796875
0.09375 0.04296875 -0.449615478515625
0.0703125 0.11328125 0.240447998046875
0.0625 0.11328125 0.147674560546875
0.140625 0.01953125 0.332733154296875
0.0546875 0.11328125 0.054901123046875
0.1171875 0.02734375 0.147674560546875
0.1171875 0.00390625 -0.131134033203125
0.0625 0.11328125 0.332244873046875
0.0390625 0.12890625 0.197967529296875
0.1171875 0.01953125 0.239471435546875
0.0546875 0.12890625 0.425506591796875
0.140625 -0.04296875 -0.039337158203125
0.1328125 -0.02734375 0.054412841796875
0.0546875 0.12890625 0.475311279296875
0.09375 0.00390625 -0.318878173828125
0.1015625 0.04296875 0.383514404296875
0.0390625 0.08984375 -0.040802001953125
0.140625 -0.01171875 0.425506591796875
0.109375 0.03515625 0.475311279296875
0.015625 0.11328125 -0.080352783203125
0.1171875 -0.05078125 -0.506134033203125
0.1328125 0.00390625 0.517303466796875
0.1015625 -0.01953125 -0.080352783203125
0.125 -0.03515625 0.146209716796875
0.1171875 -0.01953125 0.197479248046875
0.0859375 -0.02734375 -0.452911376953125
0.1328125 -0.04296875 0.331268310546875
0.1171875 -0.06640625 -0.134063720703125
-0.0234375 0.12109375 -0.322296142578125
0.1015625 -0.05859375 -0.321563720703125
0.1171875 -0.02734375 0.474334716796875
0.140625 -0.11328125 -0.041778564453125
0.1015625 -0.01953125 0.382537841796875
0.125 -0.11328125 -0.508331298828125
-0.0234375 0.16015625 0.381561279296875
0.1328125 -0.09765625 0.052459716796875
0.0 0.06640625 -0.322540283203125
-0.0234375 0.10546875 -0.136505126953125
0.109375 -0.05859375 0.237518310546875
0.1328125 -0.05859375 0.516326904296875
0.140625 -0.08203125 0.424530029296875
-0.0234375 0.12109375 0.236541748046875
0.1171875 -0.12109375 -0.322784423828125
0.1171875 -0.08984375 0.196014404296875
0.09375 -0.09765625 -0.455841064453125
0.0 0.11328125 0.516326904296875
0.09375 -0.08984375 -0.082794189453125
0.1171875 -0.10546875 0.143768310546875
-0.046875 0.12109375 0.050018310546875
0.109375 -0.08203125 0.381561279296875
0.109375 -0.12890625 -0.136993408203125
0.125 -0.11328125 0.329315185546875
0.1328125 -0.16015625 0.050506591796875
-0.0546875 0.11328125 0.142303466796875
0.109375 -0.08984375 0.473358154296875
-0.046875 0.11328125 0.328338623046875
0.109375 -0.12109375 0.235565185546875
-0.0546875 0.12890625 0.422576904296875
0.1328125 -0.12890625 0.515350341796875
-0.0625 0.08984375 -0.046173095703125
-0.0859375 0.12109375 -0.085235595703125
-0.0703125 0.12109375 0.194061279296875
-0.078125 0.08984375 -0.514739990234375
0.1015625 -0.15234375 -0.084259033203125
0.1328125 -0.15234375 0.422576904296875
0.109375 -0.15234375 0.194549560546875
-0.0625 0.12109375 0.473358154296875
0.109375 -0.15234375 0.380584716796875
-0.1328125 0.11328125 -0.142852783203125
-0.1484375 0.11328125 -0.519256591796875
-0.1015625 0.12109375 0.513397216796875
-0.1328125 0.12109375 0.232147216796875
-0.1484375 0.15234375 0.378631591796875
-0.1484375 0.12109375 0.137908935546875
-0.1484375 0.10546875 0.324920654296875
