WHEELED_DEVICE
0.140625 0.078125 -0.52935791015625
0.1328125 0.0625 -0.06451416015625
0.0859375 0.109375 -0.47467041015625
0.125 0.078125 0.02972412109375
0.109375 0.125 0.36273193359375
0.1328125 0.09375 0.40277099609375
0.140625 0.015625 -0.53271484375
0.109375 0.0625 -0.34576416015625
0.1328125 0.0703125 0.30804443359375
0.0859375 0.1015625 -0.10260009765625
0.09375 0.109375 0.17620849609375
0.1171875 0.109375 0.49456787109375
0.09375 0.109375 0.21478271484375
0.0703125 0.1015625 -0.34674072265625
0.109375 0.0546875 -0.10308837890625
0.109375 0.0703125 0.12152099609375
0.1015625 0.046875 -0.47637939453125
0.078125 0.09375 -0.15948486328125
0.109375 0.046875 -0.15948486328125
0.1328125 0.0234375 0.02874755859375
0.0625 0.15625 0.36175537109375
0.0703125 0.109375 0.02825927734375
0.140625 0.0546875 0.49456787109375
0.0859375 0.109375 0.30706787109375
0.109375 0.0625 0.21429443359375
0.1015625 0.1015625 0.45452880859375
0.0703125 0.109375 0.12054443359375
0.1328125 0.0 -0.06646728515625
0.0546875 0.09375 -0.5350341796875
0.1171875 0.0 -0.34796142578125
0.109375 0.046875 0.17572021484375
0.1328125 0.03125 0.40081787109375
0.09375 0.1015625 0.54632568359375
0.0625 0.078125 -0.06793212890625
0.015625 0.125 -0.47930908203125
0.0625 0.1171875 0.40081787109375
0.1015625 0.0546875 0.36077880859375
0.125 0.0078125 0.30657958984375
0.109375 -0.0078125 -0.10455322265625
0.109375 0.0078125 0.11956787109375
0.140625 -0.046875 0.02679443359375
0.109375 -0.015625 -0.16168212890625
0.109375 0.0390625 0.45355224609375
0.09375 -0.015625 -0.47991943359375
0.125 -0.0625 -0.53765869140625
0.0078125 0.125 -0.10601806640625
0.0234375 0.125 0.17376708984375
0.109375 0.0390625 0.54632568359375
0.140625 -0.03125 0.39984130859375
0.1328125 -0.0078125 0.49359130859375
0.1328125 -0.0703125 -0.06890869140625
0.1015625 -0.0078125 0.21234130859375
0.1015625 -0.015625 0.17376708984375
0.0234375 0.125 0.45355224609375
0.03125 0.125 0.54534912109375
0.1484375 -0.109375 0.02484130859375
0.1328125 -0.0625 0.30511474609375
0.1015625 -0.015625 0.35980224609375
0.109375 -0.0703125 -0.10650634765625
0.109375 -0.015625 0.45355224609375
0.1171875 -0.0859375 -0.16412353515625
-0.015625 0.1015625 -0.16485595703125
0.109375 -0.0625 0.11810302734375
0.1484375 -0.09375 0.39886474609375
0.015625 0.109375 0.49163818359375
0.1171875 -0.078125 0.17279052734375
0.140625 -0.1328125 -0.07086181640625
0.109375 -0.0234375 0.54534912109375
-0.015625 0.1171875 0.21038818359375
0.125 -0.1328125 -0.5406494140625
0.09375 -0.0859375 -0.35357666015625
0.1328125 -0.078125 0.49163818359375
0.109375 -0.078125 0.21038818359375
-0.03125 0.109375 0.02288818359375
-0.03125 0.1171875 0.11663818359375
0.1171875 -0.1328125 -0.35382080078125
0.0859375 -0.09375 -0.48394775390625
-0.046875 0.09375 -0.5433349609375
-0.0234375 0.109375 0.30316162109375
0.1171875 -0.1171875 0.11663818359375
-0.03125 0.125 0.39788818359375
0.1015625 -0.078125 0.35882568359375
-0.0546875 0.1484375 0.35882568359375
0.125 -0.125 0.30364990234375
0.109375 -0.0859375 0.45257568359375
0.109375 -0.0859375 0.54534912109375
-0.1015625 0.1328125 -0.54632568359375
0.140625 -0.15625 0.39788818359375
0.1015625 -0.1484375 -0.10894775390625
0.09375 -0.15625 -0.48590087890625
-0.0546875 0.078125 -0.07427978515625
0.1015625 -0.15625 -0.16778564453125
0.1328125 -0.140625 0.49066162109375
0.109375 -0.140625 0.20941162109375
0.109375 -0.1484375 0.17132568359375
-0.0625 0.1328125 0.45159912109375
-0.0859375 0.125 0.16986083984375
0.1015625 -0.140625 0.35784912109375
-0.109375 0.1171875 -0.11187744140625
-0.0703125 0.125 0.54437255859375
-0.1171875 0.109375 -0.48919677734375
0.109375 -0.15625 0.45159912109375
-0.1171875 0.109375 -0.17095947265625
0.109375 -0.15625 0.54437255859375
-0.0859375 0.1171875 0.48968505859375
-0.109375 0.1171875 0.20648193359375
-0.109375 0.0546875 -0.36138916015625
-0.140625 0.1171875 0.01702880859375
-0.125 0.1171875 0.29974365234375
-0.140625 0.1171875 0.11126708984375
-0.1484375 0.125 0.39398193359375
