WHEELED_DEVICE
0.078125 0.392578125 -0.530914306640625
0.0390625 0.302734375 -0.538360595703125
0.140625 -0.150390625 -0.551422119140625
0.140625 -0.158203125 -0.081817626953125
0.140625 -0.119140625 0.387908935546875
0.125 -0.142578125 0.012420654296875
0.1171875 -0.158203125 -0.365509033203125
0.125 -0.142578125 0.105682373046875
0.1171875 -0.134765625 0.153533935546875
0.1328125 -0.134765625 0.433807373046875
-0.046875 0.060546875 -0.556732177734375
0.0859375 -0.142578125 -0.503936767578125
0.1484375 -0.220703125 -0.083282470703125
0.125 -0.150390625 0.293182373046875
0.09375 -0.142578125 -0.127716064453125
0.1328125 -0.220703125 -0.555511474609375
0.1171875 -0.119140625 0.480682373046875
0.078125 -0.080078125 0.340057373046875
0.1171875 -0.158203125 0.198944091796875
0.1328125 -0.205078125 0.010955810546875
0.140625 -0.166015625 0.480682373046875
0.1015625 -0.134765625 0.340057373046875
-0.09375 0.103515625 -0.558258056640625
0.140625 -0.189453125 0.386932373046875
0.078125 -0.119140625 0.197967529296875
0.109375 -0.197265625 -0.128692626953125
0.1171875 -0.142578125 0.526580810546875
0.140625 -0.212890625 0.292694091796875
0.125 -0.212890625 0.103729248046875
0.1171875 -0.197265625 0.152069091796875
0.0546875 -0.126953125 0.009002685546875
0.0546875 -0.126953125 0.103240966796875
0.0390625 -0.142578125 -0.559295654296875
0.1328125 -0.283203125 -0.558135986328125
0.0859375 -0.212890625 -0.507232666015625
0.0234375 -0.119140625 -0.507598876953125
0.1015625 -0.236328125 -0.369903564453125
0.0625 -0.111328125 0.432830810546875
0.0390625 -0.111328125 0.151580810546875
0.078125 -0.197265625 -0.180694580078125
0.109375 -0.197265625 0.339080810546875
0.1171875 -0.197265625 0.432830810546875
0.1328125 -0.267578125 0.008514404296875
0.0625 -0.103515625 0.525604248046875
0.140625 -0.228515625 0.479705810546875
0.1171875 -0.228515625 0.197479248046875
0.0546875 -0.126953125 0.291229248046875
0.140625 -0.291015625 -0.086212158203125
0.1015625 -0.244140625 -0.180938720703125
0.0390625 -0.150390625 -0.181182861328125
0.0234375 -0.126953125 -0.131134033203125
0.0390625 -0.150390625 -0.087188720703125
0.109375 -0.259765625 -0.130645751953125
0.1171875 -0.205078125 0.525604248046875
0.046875 -0.119140625 0.384979248046875
0.140625 -0.259765625 0.385955810546875
0.0234375 -0.150390625 -0.371612548828125
0.1171875 -0.291015625 -0.370880126953125
0.09375 -0.267578125 -0.508453369140625
0.140625 -0.283203125 0.290740966796875
-0.015625 -0.119140625 -0.562713623046875
0.1171875 -0.283203125 0.101776123046875
0.109375 -0.267578125 0.150604248046875
0.1171875 -0.259765625 0.338104248046875
0.140625 -0.330078125 0.007537841796875
0.1171875 -0.267578125 0.431854248046875
0.109375 -0.330078125 -0.510406494140625
-0.0234375 -0.072265625 0.338104248046875
0.1328125 -0.353515625 -0.088653564453125
0.1171875 -0.353515625 -0.562957763671875
0.109375 -0.298828125 0.195037841796875
0.109375 -0.330078125 -0.132598876953125
0.1328125 -0.322265625 0.384002685546875
0.109375 -0.275390625 0.524627685546875
0.0 -0.119140625 0.477752685546875
0.125 -0.306640625 0.477752685546875
-0.0625 -0.103515625 -0.512847900390625
0.1328125 -0.345703125 0.289276123046875
0.109375 -0.361328125 -0.374786376953125
-0.03125 -0.119140625 0.193572998046875
0.109375 -0.283203125 0.572479248046875
0.109375 -0.337890625 0.149139404296875
-0.046875 -0.119140625 0.004119873046875
0.109375 -0.345703125 0.099822998046875
-0.015625 -0.103515625 0.571502685546875
0.078125 -0.330078125 -0.185577392578125
-0.046875 -0.142578125 -0.186309814453125
-0.0390625 -0.119140625 0.287811279296875
0.140625 -0.384765625 0.383026123046875
0.109375 -0.361328125 0.193572998046875
-0.078125 -0.111328125 -0.135528564453125
0.109375 -0.392578125 -0.134552001953125
-0.0625 -0.119140625 0.097869873046875
-0.046875 -0.111328125 0.382049560546875
0.09375 -0.330078125 0.337127685546875
0.09375 -0.376953125 -0.186065673828125
-0.0703125 -0.111328125 0.147186279296875
-0.0546875 -0.103515625 0.430877685546875
0.109375 -0.337890625 0.524627685546875
0.125 -0.369140625 0.477752685546875
-0.0625 -0.150390625 -0.093048095703125
0.1015625 -0.345703125 0.430877685546875
-0.1015625 -0.103515625 -0.188507080078125
-0.0859375 -0.142578125 -0.379180908203125
-0.0546875 -0.111328125 0.523651123046875
0.1015625 -0.353515625 0.571502685546875
-0.140625 -0.119140625 -0.572479248046875
-0.1328125 -0.080078125 0.335174560546875
-0.1015625 -0.119140625 0.474822998046875
-0.1328125 -0.111328125 0.189666748046875
-0.1484375 -0.111328125 0.093963623046875
-0.140625 -0.095703125 0.428924560546875
-0.140625 -0.119140625 0.283905029296875
-0.1328125 -0.103515625 0.569549560546875
