WHEELED_DEVICE
0.12109375 0.447265625 -0.534210205078125
0.09765625 0.369140625 -0.539703369140625
0.05078125 0.283203125 -0.547515869140625
-0.00390625 0.189453125 -0.555572509765625
0.15234375 -0.111328125 -0.556793212890625
0.08203125 -0.021484375 -0.558380126953125
-0.02734375 0.115234375 -0.561187744140625
0.14453125 -0.181640625 -0.560455322265625
0.01171875 0.001953125 -0.562896728515625
-0.03515625 0.041015625 -0.565155029296875
-0.12109375 0.154296875 -0.522491455078125
0.10546875 -0.189453125 0.006072998046875
0.08203125 -0.181640625 -0.521148681640625
0.10546875 -0.158203125 0.329803466796875
0.12890625 -0.236328125 0.005584716796875
0.11328125 -0.173828125 0.384490966796875
0.10546875 -0.212890625 -0.090118408203125
0.08203125 -0.181640625 -0.142852783203125
0.12109375 -0.259765625 -0.566009521484375
0.08984375 -0.212890625 -0.376007080078125
0.09765625 -0.197265625 0.099822998046875
0.12890625 -0.267578125 -0.090118408203125
0.10546875 -0.197265625 0.289764404296875
0.09765625 -0.244140625 -0.522735595703125
0.12890625 -0.212890625 0.479217529296875
0.12890625 -0.228515625 0.384490966796875
0.09765625 -0.205078125 0.194549560546875
0.09765625 -0.236328125 -0.143341064453125
0.08203125 -0.189453125 0.140350341796875
0.09765625 -0.181640625 0.422576904296875
0.11328125 -0.251953125 0.099334716796875
0.09765625 -0.189453125 0.517303466796875
0.07421875 -0.228515625 -0.187286376953125
0.09765625 -0.275390625 -0.377960205078125
0.04296875 -0.181640625 -0.187286376953125
0.12109375 -0.259765625 0.289276123046875
0.09765625 -0.244140625 0.139373779296875
0.13671875 -0.275390625 0.478240966796875
0.09765625 -0.236328125 0.327850341796875
0.13671875 -0.291015625 0.383514404296875
0.10546875 -0.267578125 0.193084716796875
0.12890625 -0.330078125 -0.092071533203125
0.08984375 -0.197265625 0.572967529296875
0.11328125 -0.330078125 -0.569671630859375
0.12109375 -0.314453125 0.003143310546875
0.06640625 -0.181640625 0.478240966796875
0.02734375 -0.142578125 0.327850341796875
0.03515625 -0.173828125 0.192596435546875
0.09765625 -0.244140625 0.422576904296875
0.10546875 -0.244140625 0.516326904296875
0.10546875 -0.298828125 0.138397216796875
0.08984375 -0.298828125 -0.145782470703125
0.08203125 -0.291015625 -0.188751220703125
0.12890625 -0.322265625 0.288299560546875
0.11328125 -0.322265625 0.097869873046875
0.04296875 -0.158203125 0.572967529296875
0.02734375 -0.158203125 0.421600341796875
0.09765625 -0.337890625 -0.380401611328125
0.02734375 -0.181640625 0.287322998046875
0.11328125 -0.330078125 0.192108154296875
0.13671875 -0.392578125 -0.094024658203125
0.00390625 -0.181640625 0.001190185546875
0.09765625 -0.259765625 0.572967529296875
0.13671875 -0.337890625 0.477264404296875
0.09765625 -0.298828125 0.326873779296875
0.06640625 -0.314453125 -0.527618408203125
-0.00390625 -0.166015625 0.137420654296875
-0.02734375 -0.173828125 -0.528961181640625
0.10546875 -0.306640625 0.421600341796875
0.11328125 -0.392578125 -0.572967529296875
0.12109375 -0.376953125 0.001678466796875
0.00390625 -0.189453125 0.095916748046875
-0.01953125 -0.173828125 -0.147735595703125
0.09765625 -0.361328125 -0.147247314453125
0.10546875 -0.306640625 0.516326904296875
0.12890625 -0.361328125 0.382537841796875
0.01171875 -0.166015625 0.515350341796875
0.00390625 -0.173828125 0.381561279296875
-0.00390625 -0.212890625 -0.095977783203125
0.10546875 -0.369140625 0.137420654296875
0.08203125 -0.376953125 -0.529205322265625
0.10546875 -0.384765625 0.095428466796875
0.09765625 -0.361328125 0.325897216796875
0.08984375 -0.408203125 -0.383575439453125
0.09765625 -0.330078125 0.571990966796875
0.11328125 -0.392578125 0.286346435546875
-0.03515625 -0.220703125 -0.385040283203125
0.10546875 -0.369140625 0.420623779296875
-0.05859375 -0.126953125 0.325897216796875
0.12890625 -0.400390625 0.476287841796875
0.10546875 -0.400390625 0.190643310546875
0.11328125 -0.439453125 -0.000762939453125
0.05859375 -0.376953125 -0.193145751953125
0.12109375 -0.423828125 0.380584716796875
0.09765625 -0.376953125 0.515350341796875
-0.07421875 -0.189453125 -0.194610595703125
0.07421875 -0.423828125 -0.193634033203125
-0.04296875 -0.181640625 0.475311279296875
0.08203125 -0.439453125 -0.150177001953125
-0.08984375 -0.189453125 -0.387725830078125
0.07421875 -0.447265625 -0.532867431640625
-0.07421875 -0.173828125 0.188201904296875
-0.05859375 -0.150390625 0.571014404296875
0.09765625 -0.392578125 0.571014404296875
0.08984375 -0.439453125 0.135467529296875
0.09765625 -0.431640625 0.324920654296875
-0.09765625 -0.173828125 -0.004180908203125
-0.12109375 -0.166015625 -0.535186767578125
0.09765625 -0.439453125 0.419647216796875
-0.08203125 -0.181640625 0.283416748046875
-0.08984375 -0.158203125 0.419647216796875
0.09765625 -0.439453125 0.514373779296875
-0.10546875 -0.181640625 0.091033935546875
-0.11328125 -0.166015625 0.133514404296875
-0.12890625 -0.166015625 -0.153106689453125
-0.09765625 -0.166015625 0.378631591796875
-0.10546875 -0.205078125 -0.101348876953125
-0.11328125 -0.166015625 0.513397216796875
-0.15234375 -0.173828125 0.472381591796875
