WHEELED_DEVICE
0.2421875 0.458984375 -0.541748046875
0.1484375 0.369140625 -0.548095703125
0.2265625 -0.236328125 -0.5504150390625
0.0703125 0.27734375 -0.554443359375
0.1015625 -0.181640625 -0.556884765625
-0.0390625 0.17578125 -0.5616455078125
-0.0078125 -0.248046875 0.083984375
-0.0390625 -0.189453125 -0.435302734375
-0.0234375 -0.267578125 -0.435791015625
-0.1015625 0.083984375 -0.56689453125
-0.0234375 -0.220703125 0.21337890625
-0.0234375 -0.275390625 -0.0458984375
-0.0078125 -0.232421875 0.47314453125
-0.0234375 -0.291015625 0.0576171875
-0.0546875 -0.201171875 -0.046875
-0.0234375 -0.302734375 0.21337890625
-0.0234375 -0.333984375 0.0830078125
-0.0859375 -0.146484375 -0.5682373046875
-0.0546875 -0.185546875 0.34228515625
-0.0390625 -0.302734375 0.18603515625
-0.0703125 -0.181640625 0.08251953125
-0.0390625 -0.361328125 -0.04736328125
-0.0234375 -0.314453125 0.47216796875
-0.0546875 -0.349609375 -0.4375
-0.0859375 -0.205078125 -0.1787109375
-0.0546875 -0.263671875 0.34228515625
-0.0390625 -0.380859375 0.21240234375
-0.1484375 0.001953125 -0.57080078125
-0.0546875 -0.365234375 0.056640625
-0.0546875 -0.416015625 0.08154296875
-0.1171875 -0.201171875 -0.309814453125
-0.0390625 -0.404296875 0.47216796875
-0.0546875 -0.306640625 0.57080078125
-0.1015625 -0.283203125 -0.309814453125
-0.1015625 -0.287109375 -0.1796875
-0.0703125 -0.384765625 0.18505859375
-0.0703125 -0.353515625 0.34130859375
-0.0703125 -0.447265625 -0.04931640625
-0.0859375 -0.431640625 -0.4404296875
-0.1015625 -0.361328125 -0.310791015625
-0.1171875 -0.181640625 0.47119140625
-0.1640625 -0.134765625 -0.44189453125
-0.0703125 -0.380859375 0.57080078125
-0.0859375 -0.458984375 0.05517578125
-0.1328125 -0.380859375 -0.18212890625
-0.1640625 -0.134765625 0.34033203125
-0.1640625 -0.169921875 0.20947265625
-0.2109375 -0.064453125 -0.443359375
-0.1015625 -0.439453125 0.34033203125
-0.1953125 -0.154296875 -0.18310546875
-0.2265625 -0.142578125 -0.314697265625
-0.2421875 -0.162109375 -0.0537109375
