WHEELED_DEVICE
0.25 0.484375 -0.49761962890625
0.140625 0.37109375 -0.50445556640625
0.15625 -0.2421875 -0.50653076171875
0.015625 0.26171875 -0.51251220703125
-0.046875 0.171875 -0.51605224609375
0.015625 -0.18359375 -0.51434326171875
-0.109375 0.06640625 -0.52081298828125
-0.09375 -0.02734375 -0.51983642578125
-0.0625 -0.29296875 -0.07440185546875
-0.0625 -0.27734375 0.37237548828125
-0.078125 -0.26953125 0.07501220703125
-0.0625 -0.3203125 0.22393798828125
-0.046875 -0.3359375 0.52081298828125
-0.0625 -0.359375 0.07501220703125
-0.0625 -0.38671875 -0.07440185546875
-0.09375 -0.2890625 -0.37322998046875
-0.078125 -0.37109375 0.37237548828125
-0.078125 -0.4140625 0.22296142578125
-0.078125 -0.45703125 0.07452392578125
-0.125 -0.30859375 -0.22601318359375
-0.078125 -0.4375 0.52081298828125
-0.09375 -0.484375 -0.07586669921875
-0.140625 -0.38671875 -0.37615966796875
-0.140625 -0.26171875 0.51983642578125
-0.15625 -0.25390625 0.22100830078125
-0.140625 -0.3984375 -0.22674560546875
-0.109375 -0.46875 0.37139892578125
-0.1875 -0.22265625 -0.37786865234375
-0.1875 -0.2109375 0.36944580078125
-0.203125 -0.23046875 -0.22894287109375
-0.25 -0.234375 -0.08123779296875
-0.25 -0.21875 0.06866455078125
