STROLLER
-0.296875 0.046875 -0.24973487854003906
-0.296875 -0.0234375 -0.25303077697753906
-0.28125 -0.0078125 -0.38834571838378906
-0.3125 -0.09375 -0.25535011291503906
-0.21875 0.0546875 -0.25522804260253906
-0.28125 -0.140625 -0.39383888244628906
-0.25 -0.0859375 -0.39383888244628906
-0.109375 0.0625 0.13673973083496094
-0.09375 0.046875 0.11379051208496094
-0.0625 0.1015625 0.11330223083496094
-0.0625 0.1015625 0.13625144958496094
-0.078125 0.03125 0.009054183959960938
-0.046875 0.078125 -0.19748878479003906
-0.015625 0.1328125 -0.19651222229003906
-0.09375 -0.0234375 0.008810043334960938
-0.0625 0.0234375 -0.19773292541503906
-0.078125 -0.0390625 -0.19931983947753906
-0.03125 -0.140625 -0.20701026916503906
0.09375 0.0859375 0.0012416839599609375
0.015625 -0.15625 -0.0024204254150390625
0.046875 -0.125 -0.41992759704589844
0.09375 -0.078125 -0.42140769958496094
0.265625 0.171875 0.30373191833496094
0.3125 0.1640625 0.40627098083496094
0.21875 -0.1171875 0.42140769958496094
0.21875 -0.1484375 0.29836082458496094
0.265625 -0.171875 0.40041160583496094
0.296875 -0.125 0.29494285583496094
0.3125 -0.125 0.39992332458496094
