STROLLER
-0.328125 0.203125 0.3125
-0.3046875 0.1875 0.05224609375
-0.3203125 0.15625 0.0496826171875
-0.35546875 0.1171875 0.23193359375
-0.265625 0.1875 0.0484619140625
-0.359375 0.08984375 -0.3614501953125
-0.2890625 0.15234375 -0.35986328125
-0.33203125 0.109375 -0.3614501953125
-0.30859375 0.12890625 -0.3607177734375
-0.33984375 0.09765625 -0.3262939453125
-0.234375 0.1953125 0.046630859375
-0.3671875 0.046875 -0.3677978515625
-0.25 0.15625 -0.3638916015625
-0.2578125 0.16015625 0.302978515625
-0.20703125 0.19921875 0.302978515625
-0.2265625 0.171875 0.302001953125
-0.3203125 0.09375 0.480712890625
-0.3046875 0.08203125 0.039306640625
-0.16796875 0.20703125 -0.3653564453125
-0.21484375 0.16015625 -0.366943359375
-0.3359375 0.0390625 -0.3349609375
-0.18359375 0.18359375 0.04052734375
-0.16015625 0.19921875 0.04052734375
-0.16796875 0.203125 0.30029296875
-0.31640625 0.04296875 0.03564453125
-0.1796875 0.1640625 -0.370849609375
-0.13671875 0.20703125 0.29833984375
-0.359375 -0.01953125 -0.3795166015625
-0.328125 0.00390625 0.03125
-0.1015625 0.21875 0.296875
-0.328125 -0.02734375 -0.3458251953125
-0.0859375 0.20703125 0.03369140625
-0.3515625 -0.0859375 -0.3905029296875
-0.0546875 0.2109375 0.292236328125
-0.33203125 -0.0703125 -0.3516845703125
-0.03515625 0.1953125 0.027587890625
-0.07421875 0.1328125 -0.388916015625
0.0 0.18359375 0.28515625
-0.1953125 -0.01953125 0.462646484375
-0.00390625 0.09375 -0.4039306640625
0.05859375 0.12109375 0.457763671875
0.08203125 0.14453125 0.458251953125
-0.265625 -0.21875 -0.380615234375
-0.03125 0.0234375 0.455810546875
-0.00390625 0.04296875 0.455810546875
0.046875 0.0859375 0.455810546875
-0.11328125 -0.078125 0.452392578125
0.02734375 0.0546875 0.454345703125
-0.03515625 -0.01953125 0.452392578125
0.06640625 0.05859375 -0.41796875
-0.04296875 -0.0625 0.448974609375
0.16015625 0.1015625 -0.0025634765625
-0.0546875 -0.1015625 0.446044921875
0.3046875 -0.03515625 -0.462646484375
0.26953125 -0.15234375 -0.47607421875
0.3671875 -0.0625 -0.474609375
0.3125 -0.1484375 -0.480712890625
