STROLLER
-0.31640625 0.03125 -0.25787353515625
-0.29296875 0.03125 -0.36285400390625
-0.22265625 0.046875 -0.36767578125
-0.27734375 -0.0546875 -0.26470947265625
-0.30078125 -0.1015625 -0.26519775390625
-0.26953125 -0.046875 -0.36846923828125
-0.22265625 0.0390625 -0.26385498046875
-0.29296875 -0.109375 -0.36962890625
-0.16015625 0.0703125 -0.26715087890625
-0.12109375 0.0 0.01226806640625
-0.08984375 0.0546875 0.01226806640625
-0.04296875 0.078125 -0.18548583984375
-0.01171875 0.125 -0.38165283203125
-0.01171875 0.109375 -0.27593994140625
-0.05859375 0.0234375 -0.18621826171875
-0.02734375 0.0859375 0.01007080078125
0.01953125 0.1171875 -0.18743896484375
-0.08984375 -0.09375 -0.18963623046875
-0.02734375 -0.0625 -0.19183349609375
0.11328125 0.1328125 0.00274658203125
0.28515625 0.1953125 0.38165283203125
0.30078125 0.1328125 0.28839111328125
0.23828125 -0.171875 0.28253173828125
0.23828125 -0.1796875 0.37432861328125
0.28515625 -0.125 0.28253173828125
0.31640625 -0.1953125 0.37872314453125
