STROLLER
-0.1796875 0.171875 0.1219482421875
-0.19921875 0.15234375 0.1202392578125
-0.1640625 0.1640625 -0.20428466796875
-0.14453125 0.16796875 0.1187744140625
-0.12109375 0.18359375 0.1192626953125
-0.09765625 0.19921875 0.1199951171875
-0.0703125 0.203125 0.1185302734375
-0.0859375 0.19140625 0.2811279296875
-0.3515625 -0.00390625 -0.2539558410644531
-0.12109375 0.14453125 -0.2115478515625
-0.04296875 0.20703125 0.1173095703125
-0.13671875 0.1328125 -0.24646759033203125
-0.15234375 0.140625 0.2791748046875
-0.30078125 0.03125 0.1092529296875
-0.11328125 0.14453125 -0.24651336669921875
-0.10546875 0.16796875 0.2796630859375
-0.09765625 0.15234375 -0.211578369140625
-0.05859375 0.1953125 0.2801513671875
-0.31640625 0.01953125 0.2742919921875
-0.125 0.14453125 0.2781982421875
-0.35546875 -0.02734375 -0.22149658203125
-0.03515625 0.1796875 -0.24665069580078125
-0.06640625 0.15625 -0.213775634765625
-0.3671875 -0.04296875 -0.26020777225494385
0.015625 0.21875 0.1153564453125
-0.0078125 0.19921875 0.1141357421875
-0.0234375 0.1953125 0.2781982421875
0.0234375 0.2265625 0.2786865234375
0.04296875 0.2265625 0.1141357421875
0.0 0.203125 0.2772216796875
-0.37109375 -0.0390625 0.3343505859375
-0.0078125 0.171875 -0.21600341796875
0.0546875 0.22265625 0.2762451171875
0.00390625 0.16015625 -0.2537803649902344
-0.30078125 -0.03515625 0.0999755859375
-0.0625 0.1015625 -0.25837135314941406
0.0859375 0.20703125 0.1085205078125
-0.015625 0.12109375 -0.223968505859375
-0.06640625 0.109375 0.3358154296875
-0.3125 -0.08984375 0.0926513671875
-0.078125 0.0703125 0.3314208984375
-0.02734375 0.1015625 0.3323974609375
0.09375 0.16015625 -0.2269287109375
0.10546875 0.18359375 0.2689208984375
-0.01171875 0.0703125 -0.26866912841796875
0.140625 0.1875 0.2674560546875
0.1640625 0.203125 0.2679443359375
0.109375 0.13671875 -0.2672996520996094
-0.0859375 0.0234375 0.3265380859375
-0.109375 0.0 0.3250732421875
0.0703125 0.0859375 -0.272735595703125
0.08984375 0.1171875 0.3280029296875
0.0234375 0.0546875 0.3245849609375
0.0703125 0.0859375 0.3250732421875
0.1171875 0.1171875 0.3260498046875
-0.12109375 -0.05078125 0.3201904296875
0.1484375 0.11328125 0.3240966796875
0.05859375 0.0390625 0.3206787109375
-0.12890625 -0.09375 0.3153076171875
0.32421875 0.01953125 -0.307708740234375
0.3515625 0.0390625 -0.26911163330078125
0.3125 -0.01953125 -0.31317138671875
0.33984375 0.0 -0.274169921875
0.24609375 -0.0859375 -0.319366455078125
0.3046875 -0.06640625 -0.321014404296875
0.34375 -0.06640625 -0.2850341796875
0.23046875 -0.18359375 -0.3358154296875
0.21484375 -0.203125 -0.296539306640625
0.3046875 -0.140625 -0.3343505859375
0.33984375 -0.12109375 -0.293731689453125
0.31640625 -0.14453125 -0.295867919921875
0.24609375 -0.203125 -0.2994384765625
0.30078125 -0.1796875 -0.300201416015625
0.3203125 -0.2265625 0.0318603515625
0.37109375 -0.19140625 0.0328369140625
0.3515625 -0.21875 0.0303955078125
