STROLLER
-0.3515625 -0.15234375 -0.439483642578125
-0.3203125 -0.10546875 -0.439453125
-0.25 -0.01953125 -0.121612548828125
-0.2578125 -0.04296875 -0.217193603515625
-0.265625 -0.07421875 -0.443328857421875
-0.21875 0.00390625 -0.217926025390625
-0.171875 0.03515625 -0.220123291015625
-0.1328125 0.02734375 -0.127960205078125
-0.078125 0.11328125 -0.127471923828125
-0.1484375 -0.02734375 -0.129180908203125
-0.09375 0.05078125 -0.225372314453125
-0.0625 0.04296875 0.142547607421875
-0.0859375 -0.00390625 0.142547607421875
-0.03125 0.07421875 -0.229034423828125
-0.15625 -0.15234375 -0.134796142578125
-0.109375 -0.07421875 -0.044219970703125
-0.0234375 0.06640625 -0.044219970703125
-0.125 -0.12109375 -0.045196533203125
-0.03125 0.01171875 -0.046173095703125
0.03125 0.10546875 -0.046173095703125
-0.109375 -0.19921875 -0.236602783203125
-0.015625 -0.05859375 -0.050567626953125
0.125 0.05859375 -0.470733642578125
0.171875 0.09765625 -0.472869873046875
0.234375 0.15234375 0.315887451171875
0.296875 0.19921875 0.489715576171875
0.109375 -0.19140625 -0.484161376953125
0.328125 0.16796875 0.405731201171875
0.2890625 0.05859375 0.310516357421875
0.2421875 -0.08203125 -0.489715576171875
0.3515625 0.10546875 0.485809326171875
0.234375 -0.15234375 0.483367919921875
0.234375 -0.17578125 0.305145263671875
0.265625 -0.19140625 0.398406982421875
0.296875 -0.14453125 0.398406982421875
