STROLLER
-0.328125 0.0078125 -0.3115692138671875
-0.34375 -0.05078125 -0.3119354248046875
-0.265625 0.0390625 -0.428009033203125
-0.171875 0.13671875 -0.2289276123046875
-0.1875 0.078125 -0.43247222900390625
-0.171875 0.07421875 -0.2301483154296875
-0.265625 -0.20703125 -0.3233489990234375
-0.21875 -0.1015625 -0.43584442138671875
-0.25 -0.22265625 -0.437713623046875
-0.15625 0.00390625 -0.2338104248046875
-0.171875 -0.0546875 -0.2340545654296875
-0.1875 -0.109375 0.0778350830078125
-0.109375 0.0625 -0.0300750732421875
-0.140625 -0.1328125 -0.2379608154296875
-0.15625 -0.1875 -0.2386932373046875
-0.09375 -0.01171875 -0.0330047607421875
-0.109375 -0.06640625 0.0700225830078125
-0.046875 0.09375 0.0744171142578125
-0.0625 0.03515625 0.0739288330078125
-0.046875 0.078125 0.1710968017578125
0.0 0.15234375 -0.0344696044921875
-0.015625 0.078125 -0.44808197021484375
-0.046875 0.015625 0.1706085205078125
-0.015625 0.078125 -0.3337249755859375
-0.046875 -0.05078125 0.1691436767578125
0.03125 0.1328125 -0.2441864013671875
0.015625 0.08203125 0.0656280517578125
0.0 0.0234375 0.0651397705078125
-0.015625 -0.0390625 0.0641632080078125
0.078125 0.109375 -0.3396453857421875
0.015625 -0.05859375 0.0680694580078125
0.109375 0.16796875 -0.2493133544921875
0.125 0.22265625 0.0670928955078125
0.03125 -0.12109375 -0.0437469482421875
0.171875 0.21875 0.0587921142578125
0.171875 0.1953125 0.1613311767578125
0.203125 0.1953125 -0.46405029296875
0.1875 0.203125 0.3698272705078125
0.1875 0.13671875 -0.4640655517578125
0.171875 0.08203125 -0.4640655517578125
0.203125 0.078125 0.0536651611328125
0.234375 0.1796875 0.2614288330078125
0.25 0.18359375 0.3649444580078125
0.1875 -0.12109375 0.3649444580078125
0.28125 0.1015625 0.3620147705078125
0.3125 0.08984375 0.0543975830078125
0.25 -0.08203125 0.3605499267578125
0.234375 -0.1484375 0.2560577392578125
0.21875 -0.21484375 0.1505889892578125
0.25 -0.1484375 0.3600616455078125
0.3125 0.02734375 0.4640655517578125
0.34375 0.06640625 0.1491241455078125
0.34375 0.078125 0.4635772705078125
0.34375 -0.05078125 0.3571319580078125
0.34375 -0.05078125 0.3595733642578125
