STROLLER
-0.08984375 0.189453125 -0.23687744140625
-0.06640625 0.189453125 -0.23760986328125
-0.041015625 0.193359375 -0.23760986328125
-0.0703125 0.173828125 -0.20208740234375
-0.0859375 0.177734375 0.09246826171875
-0.04296875 0.173828125 -0.20281982421875
-0.01171875 0.181640625 -0.24005126953125
0.03125 0.189453125 -0.20220947265625
-0.111328125 0.138671875 -0.24627685546875
-0.05859375 0.166015625 0.09002685546875
0.013671875 0.173828125 -0.24237060546875
-0.087890625 0.138671875 -0.20782470703125
-0.03125 0.169921875 0.09002685546875
-0.0078125 0.177734375 0.09075927734375
-0.013671875 0.162109375 -0.20574951171875
0.01171875 0.169921875 -0.20513916015625
-0.1328125 0.111328125 -0.25177001953125
0.04296875 0.185546875 0.09075927734375
0.01953125 0.166015625 0.08831787109375
0.06640625 0.166015625 -0.24554443359375
0.04296875 0.150390625 -0.24786376953125
-0.2109375 0.064453125 -0.21783447265625
0.072265625 0.169921875 0.08831787109375
0.095703125 0.162109375 -0.24700927734375
-0.185546875 0.060546875 -0.21929931640625
-0.234375 0.044921875 -0.22064208984375
-0.23046875 0.037109375 -0.26434326171875
-0.107421875 0.072265625 -0.21942138671875
-0.255859375 0.021484375 -0.2667236328125
-0.009765625 0.126953125 0.23822021484375
0.015625 0.134765625 0.23822021484375
0.123046875 0.146484375 -0.25103759765625
0.09375 0.134765625 -0.21392822265625
-0.279296875 0.005859375 -0.2698974609375
0.0703125 0.123046875 -0.21527099609375
-0.203125 0.017578125 -0.268310546875
-0.03125 0.095703125 0.23480224609375
0.150390625 0.134765625 -0.25408935546875
0.103515625 0.130859375 0.08148193359375
0.1484375 0.130859375 -0.21685791015625
-0.0546875 0.076171875 0.23284912109375
0.125 0.115234375 -0.21893310546875
0.154296875 0.134765625 0.08099365234375
0.09375 0.123046875 0.23529052734375
-0.150390625 0.009765625 -0.22943115234375
-0.078125 0.052734375 0.23040771484375
0.12109375 0.119140625 0.23431396484375
0.130859375 0.111328125 0.07781982421875
0.046875 0.087890625 0.23187255859375
0.203125 0.119140625 -0.22052001953125
0.1484375 0.119140625 0.23333740234375
0.17578125 0.119140625 0.23284912109375
-0.099609375 0.013671875 0.22601318359375
0.076171875 0.072265625 0.22943115234375
-0.119140625 -0.025390625 -0.23675537109375
0.203125 0.111328125 0.23138427734375
0.2109375 0.076171875 -0.26751708984375
-0.12109375 -0.017578125 0.22259521484375
0.240234375 0.068359375 -0.23138427734375
0.240234375 0.060546875 -0.27142333984375
-0.140625 -0.080078125 0.21527099609375
0.279296875 0.001953125 -0.24444580078125
0.173828125 -0.044921875 0.27142333984375
0.15625 -0.111328125 0.26312255859375
0.134765625 -0.142578125 0.25970458984375
0.11328125 -0.193359375 0.25335693359375
