STROLLER
-0.33203125 -0.05078125 -0.4281463623046875
-0.25390625 0.01953125 -0.43072509765625
-0.26953125 -0.02734375 -0.4320220947265625
-0.30859375 -0.12890625 -0.4350433349609375
-0.34765625 -0.23046875 -0.4376373291015625
-0.12890625 0.10546875 -0.1291961669921875
-0.10546875 0.08203125 -0.2259979248046875
-0.13671875 -0.01171875 -0.1345672607421875
-0.05859375 0.11328125 -0.1338348388671875
-0.13671875 -0.01953125 -0.2292938232421875
-0.08203125 0.06640625 -0.0535125732421875
-0.04296875 0.10546875 -0.2296600341796875
-0.09765625 0.01171875 -0.2305145263671875
-0.09765625 0.02734375 0.1217803955078125
-0.11328125 -0.01953125 -0.4453887939453125
-0.08984375 0.01171875 -0.0549774169921875
-0.03515625 0.05859375 -0.44797515869140625
-0.09765625 -0.04296875 -0.0576629638671875
-0.12109375 -0.09765625 -0.0583953857421875
0.01953125 0.12890625 -0.0574188232421875
-0.12890625 -0.15234375 -0.1423797607421875
-0.09765625 -0.10546875 -0.1418914794921875
-0.03515625 -0.01171875 -0.4518585205078125
-0.08203125 -0.12109375 -0.2386932373046875
-0.08984375 -0.17578125 -0.2413787841796875
0.14453125 0.10546875 -0.0669403076171875
0.20703125 0.18359375 0.2863311767578125
0.18359375 0.12890625 0.2858428955078125
0.31640625 0.23046875 0.4518585205078125
0.34765625 0.20703125 0.3693389892578125
0.33203125 0.15234375 0.4494171142578125
0.19921875 -0.14453125 0.2755889892578125
0.25390625 -0.10546875 0.4459991455078125
0.23828125 -0.15234375 0.4450225830078125
0.30078125 -0.14453125 0.3610382080078125
0.33984375 -0.16015625 0.4489288330078125
