STROLLER
-0.2578125 -0.06640625 0.07196044921875
-0.2890625 -0.16796875 -0.23675537109375
-0.2109375 0.01953125 0.07147216796875
-0.2109375 0.01953125 0.11859130859375
-0.2109375 0.01953125 0.22528076171875
-0.1796875 0.09765625 0.22576904296875
-0.1640625 0.08203125 -0.08355712890625
-0.1484375 0.09765625 0.07025146484375
-0.1484375 0.09765625 0.11761474609375
-0.2109375 -0.08203125 -0.3401222229003906
-0.1796875 -0.01171875 -0.08453369140625
-0.1015625 0.17578125 0.11712646484375
-0.1015625 0.13671875 0.37615966796875
-0.1953125 -0.17578125 -0.3944091796875
-0.0546875 0.13671875 -0.08721923828125
-0.1015625 0.03515625 0.37420654296875
-0.1015625 -0.05859375 0.37322998046875
-0.1171875 -0.13671875 -0.08990478515625
-0.0390625 -0.13671875 -0.40252685546875
0.0703125 -0.08203125 -0.40838623046875
0.2890625 0.08984375 0.40838623046875
