STROLLER
-0.1640625 0.02734375 0.2223968505859375
-0.1484375 0.05078125 0.2028656005859375
-0.1796875 -0.01953125 0.2028656005859375
-0.1171875 0.10546875 0.0698089599609375
-0.1484375 0.03515625 0.0695648193359375
-0.2265625 -0.16015625 -0.1975250244140625
-0.1328125 0.01953125 -0.0652008056640625
-0.1640625 -0.04296875 0.0683441162109375
-0.1015625 0.08984375 0.2219085693359375
-0.2109375 -0.16796875 -0.3327484130859375
-0.0546875 0.16796875 0.0680999755859375
-0.0859375 0.09765625 0.2014007568359375
-0.0703125 0.08203125 -0.0669097900390625
-0.0390625 0.08203125 0.3327484130859375
-0.0390625 0.04296875 -0.1778717041015625
-0.0703125 -0.02734375 -0.1781158447265625
-0.0390625 -0.00390625 0.3312835693359375
-0.0703125 -0.09765625 -0.0715484619140625
0.1796875 0.06640625 0.3244476318359375
0.2265625 0.09765625 0.2092132568359375
