STROLLER
-0.33984375 -0.015625 -0.41143798828125
-0.33984375 -0.140625 -0.41998291015625
-0.30859375 -0.1015625 -0.41961669921875
-0.21484375 0.0078125 -0.42034912109375
-0.21484375 -0.0546875 -0.42462158203125
-0.13671875 0.0546875 -0.12713623046875
-0.13671875 0.0546875 -0.05706787109375
-0.23828125 -0.1015625 -0.12884521484375
-0.20703125 -0.0703125 -0.12908935546875
-0.09765625 0.078125 -0.22430419921875
-0.15234375 0.0 -0.05828857421875
-0.12109375 0.0390625 -0.22503662109375
-0.08984375 0.078125 -0.12884521484375
-0.08984375 0.078125 -0.05853271484375
-0.11328125 -0.0234375 -0.13250732421875
-0.11328125 -0.03125 -0.22869873046875
-0.02734375 0.0859375 -0.13226318359375
-0.08203125 -0.109375 -0.13934326171875
-0.08203125 -0.1171875 -0.23651123046875
0.08984375 0.125 -0.06781005859375
-0.08984375 -0.171875 -0.23919677734375
0.12109375 0.1484375 0.18634033203125
0.08984375 0.0703125 -0.07049560546875
0.14453125 0.1640625 0.18145751953125
0.16796875 0.1796875 0.18536376953125
0.21484375 0.140625 0.26007080078125
0.26171875 0.140625 0.17462158203125
0.31640625 0.1875 0.42462158203125
0.33203125 0.1796875 0.34014892578125
0.19140625 -0.1484375 0.25030517578125
0.19921875 -0.15625 0.17120361328125
0.23046875 -0.1171875 0.24981689453125
0.28515625 -0.15625 0.41632080078125
0.30859375 -0.171875 0.32989501953125
0.33203125 -0.1328125 0.41534423828125
0.33984375 -0.1875 0.41387939453125
