STROLLER
-0.2109375 0.21484375 0.3934783935546875
-0.2109375 0.19140625 0.2801971435546875
-0.1640625 0.25390625 0.0680389404296875
-0.1484375 0.26953125 0.0550994873046875
-0.1484375 0.26171875 -0.0581817626953125
-0.1796875 0.20703125 0.0543670654296875
-0.1796875 0.18359375 0.0660858154296875
-0.3046875 -0.04296875 -0.0606231689453125
-0.2109375 0.12109375 0.0658416748046875
-0.2421875 0.06640625 0.0655975341796875
-0.1484375 0.23828125 0.2787322998046875
-0.1171875 0.30078125 0.4003143310546875
-0.1796875 0.16796875 0.1649627685546875
-0.2265625 0.07421875 0.0521697998046875
-0.2578125 0.01953125 0.0526580810546875
-0.2109375 0.10546875 0.1649627685546875
-0.2421875 0.05078125 0.1644744873046875
-0.1953125 0.10546875 0.2772674560546875
-0.2734375 -0.06640625 -0.3827972412109375
-0.1171875 0.21484375 0.1634979248046875
-0.2734375 -0.07421875 -0.2901763916015625
-0.1796875 0.10546875 0.3895721435546875
-0.0703125 0.26953125 0.0638885498046875
-0.1328125 0.16015625 0.3978729248046875
-0.1796875 0.03515625 -0.0650177001953125
-0.2734375 -0.13671875 -0.0655059814453125
-0.2109375 -0.03515625 -0.3860321044921875
-0.1796875 0.02734375 0.3876190185546875
-0.0390625 0.23828125 0.1605682373046875
-0.1171875 0.08203125 -0.0667266845703125
-0.1171875 0.06640625 0.3949432373046875
-0.1328125 -0.01171875 -0.3902740478515625
-0.1640625 -0.06640625 -0.2982940673828125
-0.0546875 0.12109375 -0.0689239501953125
-0.0078125 0.15234375 0.3929901123046875
-0.0546875 0.01953125 -0.3941802978515625
0.0234375 0.12890625 0.3822479248046875
0.0234375 0.05078125 -0.3987274169921875
0.1171875 0.15234375 -0.4003143310546875
0.1640625 0.12109375 0.2621307373046875
0.2890625 0.06640625 -0.0918731689453125
0.3046875 0.05859375 0.0233612060546875
0.2265625 -0.30078125 -0.1015167236328125
