STROLLER
-0.3359375 0.04296875 -0.48565673828125
-0.34375 -0.01171875 -0.22979736328125
-0.3359375 -0.01953125 -0.49072265625
-0.2890625 0.00390625 -0.23272705078125
-0.234375 0.01171875 -0.23699951171875
-0.34375 -0.13671875 -0.23846435546875
-0.3125 -0.10546875 -0.50030517578125
-0.1953125 0.06640625 0.04022216796875
-0.3046875 -0.10546875 -0.23919677734375
-0.1640625 0.09765625 0.03997802734375
-0.1875 0.04296875 -0.23870849609375
-0.3203125 -0.16015625 -0.503875732421875
-0.203125 0.01171875 0.03778076171875
-0.1328125 0.09765625 -0.04937744140625
-0.140625 0.05859375 -0.24114990234375
-0.1484375 0.04296875 -0.05157470703125
-0.2109375 -0.04296875 0.03485107421875
-0.171875 0.00390625 -0.05206298828125
-0.1015625 0.07421875 0.10443115234375
-0.1796875 -0.05078125 -0.05450439453125
-0.0625 0.05078125 -0.24835205078125
-0.0078125 0.12109375 -0.511016845703125
-0.0078125 0.11328125 -0.05743408203125
0.0 0.12890625 0.03192138671875
-0.03125 0.06640625 -0.05841064453125
0.0390625 0.15234375 -0.508056640625
0.0078125 0.06640625 0.02777099609375
0.09375 0.08203125 -0.06646728515625
0.15625 0.16796875 0.33197021484375
0.1640625 0.16015625 0.25091552734375
0.203125 0.19140625 0.33099365234375
0.21875 0.18359375 0.32904052734375
0.140625 0.00390625 -0.52972412109375
0.046875 -0.16015625 -0.53411865234375
0.2734375 0.16796875 0.40325927734375
0.09375 -0.14453125 -0.53741455078125
0.078125 -0.19140625 -0.5447998046875
0.1328125 -0.17578125 -0.54876708984375
0.2421875 -0.01953125 0.00897216796875
0.15625 -0.12890625 0.31927490234375
0.15625 -0.12890625 0.32025146484375
0.1953125 -0.10546875 0.31976318359375
0.21875 -0.12109375 0.31683349609375
0.34375 0.04296875 0.39544677734375
0.21875 -0.15234375 0.39349365234375
0.25 -0.12109375 0.39349365234375
0.3203125 -0.14453125 0.54876708984375
0.328125 -0.17578125 0.46966552734375
