STROLLER
-0.22265625 0.2578125 0.40521240234375
-0.19921875 0.234375 -0.10211181640625
-0.15234375 0.25 -0.10467529296875
-0.20703125 0.1796875 -0.10650634765625
-0.17578125 0.1796875 0.24114990234375
-0.20703125 0.140625 0.08294677734375
-0.20703125 0.140625 0.12322998046875
-0.23828125 0.1015625 0.08197021484375
-0.12890625 0.1875 0.12225341796875
-0.16015625 0.15625 0.12200927734375
-0.12109375 0.1953125 0.23919677734375
-0.25390625 0.0625 0.23773193359375
-0.25390625 0.0546875 0.07928466796875
-0.22265625 0.0859375 0.12054443359375
-0.25390625 0.0546875 0.11932373046875
-0.18359375 0.125 0.23870849609375
-0.15234375 0.1484375 0.08050537109375
-0.11328125 0.171875 0.07977294921875
-0.27734375 0.0078125 0.07733154296875
-0.26953125 0.0 0.11688232421875
-0.06640625 0.1875 0.11883544921875
-0.05078125 0.1796875 0.23480224609375
-0.13671875 0.0859375 0.39202880859375
-0.02734375 0.140625 0.07196044921875
0.01171875 0.1640625 0.11370849609375
-0.14453125 0.0078125 0.38763427734375
0.04296875 0.140625 0.22747802734375
0.04296875 0.1328125 0.06756591796875
-0.15234375 -0.0546875 0.38470458984375
0.07421875 0.1484375 0.10931396484375
0.02734375 0.03125 0.38177490234375
-0.18359375 -0.2265625 -0.14239501953125
-0.18359375 -0.234375 -0.4119873046875
0.15234375 0.0859375 0.21868896484375
-0.13671875 -0.2265625 -0.41497802734375
0.19921875 0.1015625 0.21673583984375
0.26171875 0.140625 0.41497802734375
-0.09765625 -0.2578125 -0.15093994140625
0.27734375 0.109375 -0.14605712890625
0.24609375 0.0234375 0.09222412109375
0.23828125 -0.0234375 0.04437255859375
0.21484375 -0.046875 0.36907958984375
