STROLLER
-0.189453125 0.2109375 0.365631103515625
-0.181640625 0.125 -0.098480224609375
-0.197265625 0.078125 -0.101409912109375
-0.064453125 0.171875 -0.339141845703125
-0.212890625 0.0703125 0.215728759765625
-0.173828125 0.078125 0.071197509765625
-0.173828125 0.0859375 0.214752197265625
-0.103515625 0.125 0.071685791015625
-0.134765625 0.1015625 0.214263916015625
-0.197265625 0.0390625 0.069732666015625
-0.119140625 0.078125 0.068756103515625
-0.048828125 0.1171875 0.067779541015625
-0.197265625 -0.0078125 -0.108978271484375
-0.244140625 -0.0546875 0.064361572265625
-0.072265625 0.0859375 0.210357666015625
-0.205078125 -0.078125 -0.115325927734375
0.013671875 0.09375 0.063385009765625
-0.267578125 -0.140625 -0.117279052734375
-0.056640625 0.0078125 -0.116058349609375
-0.173828125 -0.0703125 0.204498291015625
-0.009765625 0.0078125 -0.118743896484375
0.005859375 0.03125 0.203521728515625
-0.279296875 -0.2109375 -0.365631103515625
0.083984375 0.0703125 0.058013916015625
0.060546875 0.0234375 0.200592041015625
0.154296875 0.0390625 0.051666259765625
0.068359375 -0.0390625 -0.127777099609375
0.138671875 -0.015625 0.194732666015625
0.146484375 -0.078125 -0.135101318359375
0.216796875 -0.0546875 0.187896728515625
0.279296875 -0.0703125 0.183990478515625
0.263671875 -0.1796875 -0.151214599609375
