STROLLER
-0.34765625 0.046875 -0.4723930358886719
-0.32421875 0.0 -0.4619560241699219
-0.33203125 -0.0546875 -0.4660453796386719
-0.19921875 0.0859375 0.020801544189453125
-0.32421875 -0.09375 -0.4875144958496094
-0.22265625 0.046875 0.019336700439453125
-0.34765625 -0.125 -0.4880790710449219
-0.32421875 -0.1171875 -0.4726982116699219
-0.19921875 0.046875 -0.044139862060546875
-0.23828125 -0.0234375 -0.4720268249511719
-0.15234375 0.09375 0.018360137939453125
-0.19921875 0.0 -0.4734916687011719
-0.15234375 0.0625 -0.046337127685546875
-0.13671875 0.0703125 -0.22651290893554688
-0.12109375 0.09375 -0.046337127685546875
-0.19921875 -0.0390625 -0.4932594299316406
-0.14453125 0.015625 -0.4930915832519531
-0.16796875 -0.015625 -0.4936714172363281
-0.08984375 0.09375 0.014942169189453125
-0.11328125 0.046875 -0.4930076599121094
-0.13671875 0.0078125 -0.23090744018554688
-0.13671875 0.0 -0.4790000915527344
-0.01953125 0.140625 -0.4927558898925781
-0.07421875 0.0625 -0.4949226379394531
-0.04296875 0.1015625 -0.4943351745605469
-0.05859375 0.0625 -0.23334884643554688
-0.13671875 -0.046875 -0.23579025268554688
0.02734375 0.09375 0.007617950439453125
0.05859375 0.1328125 0.008106231689453125
0.05078125 0.1015625 -0.057567596435546875
-0.11328125 -0.1328125 -0.24335861206054688
-0.14453125 -0.171875 -0.24433517456054688
0.04296875 0.0546875 -0.060253143310546875
0.19140625 0.171875 0.2927742004394531
0.17578125 0.1328125 0.23564529418945312
0.16015625 0.0625 -0.06757736206054688
0.23828125 0.1875 0.2913093566894531
0.22265625 0.140625 0.23320388793945312
0.26953125 0.171875 0.3074226379394531
0.34765625 0.1875 0.3791999816894531
0.32421875 0.1484375 0.3787117004394531
0.34765625 0.15625 0.3030281066894531
0.18359375 -0.1171875 0.2810554504394531
0.17578125 -0.171875 0.22050857543945312
0.21484375 -0.140625 0.22050857543945312
0.24609375 -0.1171875 0.2957038879394531
0.23046875 -0.1484375 0.2952156066894531
0.27734375 -0.171875 0.3679695129394531
0.33984375 -0.1640625 0.3655281066894531
0.32421875 -0.1875 0.4949226379394531
