STROLLER
-0.1162109375 0.265625 0.001434326171875
-0.0537109375 0.28125 -0.070098876953125
-0.1279296875 0.2578125 0.359100341796875
-0.0693359375 0.2578125 0.206268310546875
-0.1025390625 0.2421875 0.205047607421875
-0.1904296875 0.2109375 0.356170654296875
-0.1591796875 0.21875 0.356170654296875
-0.0302734375 0.25 0.204559326171875
-0.1357421875 0.2109375 0.202850341796875
-0.1103515625 0.2265625 0.363006591796875
-0.0400390625 0.2421875 0.363494873046875
-0.1416015625 0.203125 0.362030029296875
-0.0732421875 0.2265625 0.363006591796875
-0.0498046875 0.234375 0.355194091796875
-0.0810546875 0.21875 0.354705810546875
0.0087890625 0.2421875 0.203338623046875
-0.1630859375 0.171875 0.198944091796875
-0.0654296875 0.1953125 -0.008087158203125
-0.1748046875 0.140625 -0.084259033203125
-0.1337890625 0.15625 -0.011749267578125
0.0849609375 0.2421875 0.201141357421875
0.0498046875 0.2265625 0.200653076171875
-0.1357421875 0.1484375 -0.084747314453125
-0.1923828125 0.1171875 0.193817138671875
-0.0009765625 0.1875 0.350311279296875
-0.0205078125 0.15625 -0.014678955078125
0.0146484375 0.1640625 -0.014678955078125
0.0380859375 0.1796875 0.348358154296875
0.0537109375 0.15625 -0.016143798828125
0.0556640625 0.171875 0.356170654296875
-0.1552734375 0.078125 -0.021270751953125
0.0771484375 0.15625 0.345916748046875
0.0947265625 0.15625 0.353729248046875
0.0966796875 0.125 -0.021759033203125
0.1201171875 0.140625 0.343963623046875
0.1396484375 0.1328125 0.351287841796875
0.1396484375 0.1015625 -0.025421142578125
-0.2041015625 -0.0625 -0.108306884765625
-0.2294921875 -0.078125 -0.346832275390625
-0.1884765625 -0.109375 -0.352386474609375
0.0341796875 -0.0703125 -0.352996826171875
-0.1435546875 -0.1484375 -0.360443115234375
-0.1025390625 -0.1484375 -0.361663818359375
-0.0673828125 -0.140625 -0.361053466796875
-0.0283203125 -0.1484375 -0.363494873046875
0.1162109375 -0.1015625 -0.360382080078125
0.0810546875 -0.1171875 -0.361663818359375
0.1123046875 -0.1171875 -0.123077392578125
0.1572265625 -0.109375 -0.362274169921875
0.1904296875 -0.1015625 -0.362274169921875
0.0927734375 -0.1953125 -0.132476806640625
0.1728515625 -0.1953125 -0.134429931640625
0.2294921875 -0.28125 -0.146148681640625
