STROLLER
-0.141845703125 0.23828125 -0.065032958984375
-0.182373046875 0.22265625 -0.004486083984375
-0.108642578125 0.19921875 -0.069549560546875
-0.159423828125 0.19921875 0.347320556640625
-0.107177734375 0.19140625 0.196929931640625
-0.152099609375 0.15234375 -0.013031005859375
-0.145263671875 0.16015625 0.193023681640625
-0.197998046875 0.16015625 0.343414306640625
-0.175537109375 0.16015625 0.355133056640625
-0.128173828125 0.15234375 0.343414306640625
-0.183837890625 0.13671875 0.190582275390625
-0.241455078125 0.12109375 0.339019775390625
-0.105224609375 0.12890625 0.352691650390625
-0.224365234375 0.08984375 0.184722900390625
-0.216552734375 0.09765625 0.349273681640625
0.322021484375 0.10546875 -0.31125640869140625
-0.126708984375 0.06640625 -0.023773193359375
-0.268798828125 0.03515625 0.178619384765625
0.268310546875 -0.01953125 -0.030609130859375
-0.290283203125 -0.07421875 -0.043792724609375
0.275146484375 -0.05078125 -0.3358306884765625
-0.322021484375 -0.12109375 -0.35498046875
-0.284912109375 -0.12109375 -0.354400634765625
-0.244873046875 -0.12109375 -0.35321044921875
-0.100830078125 -0.13671875 -0.35333251953125
-0.139404296875 -0.14453125 -0.355133056640625
-0.026611328125 -0.13671875 -0.352783203125
-0.062744140625 -0.14453125 -0.353973388671875
0.160888671875 -0.14453125 -0.351715087890625
0.195068359375 -0.14453125 -0.35113525390625
-0.283935546875 -0.19140625 -0.118865966796875
0.231201171875 -0.15234375 -0.351776123046875
-0.102783203125 -0.23828125 -0.123870849609375
