STROLLER
-0.22119140625 0.28125 -0.40020751953125
-0.18408203125 0.2734375 -0.39959716796875
-0.10888671875 0.2578125 -0.397705078125
-0.14990234375 0.2578125 -0.40020751953125
0.25634765625 0.171875 -0.39404296875
0.17919921875 0.1796875 -0.39654541015625
0.21826171875 0.171875 -0.39532470703125
0.14208984375 0.1796875 -0.39715576171875
0.31494140625 0.15625 -0.12640380859375
0.28857421875 0.1484375 -0.39532470703125
0.30029296875 0.09375 -0.09295654296875
0.17431640625 0.1171875 0.27813720703125
0.11376953125 0.1015625 0.11602783203125
0.19287109375 0.1015625 0.31085205078125
0.15185546875 0.09375 0.11651611328125
0.21044921875 0.09375 0.27716064453125
0.18798828125 0.078125 0.11651611328125
0.22119140625 0.0625 0.11529541015625
0.23291015625 0.0234375 0.40020751953125
0.19189453125 0.015625 0.39874267578125
0.23388671875 -0.0390625 0.30059814453125
-0.31494140625 -0.140625 -0.18157958984375
0.00244140625 -0.234375 -0.14447021484375
0.04052734375 -0.25 -0.14447021484375
0.07666015625 -0.265625 -0.14495849609375
0.11376953125 -0.28125 -0.14556884765625
