STROLLER
0.1640625 0.13671875 -0.3326416015625
0.0625 0.16796875 0.1759033203125
0.09765625 0.13671875 0.1759033203125
0.15625 0.08203125 -0.0826416015625
0.015625 0.18359375 0.1749267578125
-0.0234375 0.20703125 0.1744384765625
-0.06640625 0.22265625 0.2530517578125
-0.0078125 0.16796875 0.0137939453125
-0.05078125 0.19140625 0.0128173828125
0.06640625 0.11328125 0.0137939453125
-0.078125 0.21484375 0.1729736328125
0.02734375 0.13671875 0.0133056640625
0.10546875 0.08203125 0.0142822265625
0.11328125 0.08203125 0.1734619140625
-0.10546875 0.19921875 0.0103759765625
0.13671875 0.05859375 0.2276611328125
0.11328125 0.07421875 0.2530517578125
0.08203125 0.06640625 -0.0875244140625
0.1328125 0.05859375 0.3326416015625
0.09375 0.07421875 0.2271728515625
-0.0546875 0.16796875 0.2506103515625
0.125 0.03515625 0.0118408203125
-0.1640625 0.20703125 -0.1519775390625
0.0625 0.08203125 0.2510986328125
0.0390625 0.08984375 0.2257080078125
0.03125 0.07421875 -0.0894775390625
-0.02734375 0.12890625 0.2501220703125
-0.00390625 0.10546875 0.2252197265625
0.0078125 0.09765625 0.2496337890625
-0.0859375 0.15234375 0.2242431640625
-0.046875 0.12109375 0.2242431640625
-0.01953125 0.08203125 -0.0911865234375
-0.10546875 0.12890625 -0.0928955078125
-0.14453125 0.15234375 -0.0933837890625
-0.01953125 0.09765625 0.3287353515625
0.109375 0.00390625 0.1690673828125
-0.06640625 0.09765625 -0.0928955078125
0.1328125 -0.02734375 0.0084228515625
-0.15234375 0.14453125 -0.1558837890625
-0.078125 0.08984375 -0.1556396484375
-0.1171875 0.11328125 -0.1558837890625
0.1328125 -0.02734375 0.2237548828125
0.1171875 -0.04296875 -0.1539306640625
-0.00390625 0.04296875 0.3272705078125
-0.08203125 0.08984375 0.3262939453125
0.03515625 0.01171875 0.3267822265625
-0.12890625 0.11328125 0.3258056640625
0.0234375 -0.01171875 -0.1568603515625
-0.03125 0.00390625 -0.1590576171875
-0.0703125 0.02734375 -0.1595458984375
0.04296875 -0.22265625 -0.1082763671875
0.03515625 -0.22265625 -0.1717529296875
