STROLLER
-0.25 -0.2734375 -0.343536376953125
-0.125 -0.421875 -0.3460693359375
-0.125 0.03125 -0.2435455322265625
-0.09375 -0.0703125 -0.3495941162109375
-0.09375 0.15625 -0.0556793212890625
-0.09375 0.2109375 -0.2451324462890625
0.0 -0.1328125 -0.2457427978515625
-0.0625 0.2578125 0.3495941162109375
-0.03125 0.15625 0.2382659912109375
-0.03125 0.421875 -0.2486114501953125
0.15625 -0.34375 0.2368011474609375
0.21875 -0.3515625 0.0490570068359375
0.1875 -0.21875 0.3481292724609375
0.15625 -0.0546875 0.3476409912109375
0.1875 -0.15625 0.2358245849609375
0.25 -0.3046875 -0.0608062744140625
0.21875 -0.171875 0.0485687255859375
0.21875 -0.1484375 -0.0608062744140625
0.25 -0.25 -0.2514801025390625
0.1875 0.015625 0.0475921630859375
0.1875 0.0234375 -0.0610504150390625
