STROLLER
-0.34375 -0.19140625 -0.39688873291015625
-0.25 -0.33984375 -0.39826202392578125
-0.21875 0.16796875 -0.40480804443359375
-0.125 0.31640625 0.05690765380859375
-0.03125 0.16015625 -0.21482086181640625
0.09375 -0.30078125 -0.21457672119140625
-0.03125 0.18359375 0.05544281005859375
0.125 -0.29296875 0.32424163818359375
0.0625 0.01953125 -0.21591949462890625
0.125 -0.11328125 0.40480804443359375
0.03125 0.33984375 -0.21762847900390625
0.1875 -0.25390625 0.05324554443359375
0.1875 -0.26171875 0.40431976318359375
0.125 0.03515625 -0.14182281494140625
0.1875 -0.11328125 -0.21787261962890625
0.1875 -0.11328125 0.32277679443359375
0.1875 -0.04296875 0.13088226318359375
0.15625 0.19921875 -0.14377593994140625
0.25 -0.10546875 -0.14475250244140625
0.25 -0.07421875 0.05153656005859375
0.28125 -0.18359375 0.12941741943359375
0.21875 0.08203125 0.05104827880859375
0.21875 0.14453125 0.12844085693359375
0.3125 0.12109375 0.40041351318359375
0.34375 0.11328125 0.31935882568359375
