STROLLER
-0.359375 -0.1328125 -0.386383056640625
-0.296875 -0.28125 -0.386627197265625
-0.296875 0.03125 -0.3896484375
-0.171875 0.234375 -0.396148681640625
0.078125 -0.3203125 -0.242401123046875
-0.015625 0.15625 -0.243988037109375
-0.015625 0.3203125 -0.245086669921875
0.078125 0.0234375 -0.245574951171875
0.171875 -0.265625 0.282379150390625
0.171875 -0.1875 0.396148681640625
0.171875 -0.1171875 -0.246673583984375
0.109375 0.203125 0.017486572265625
0.140625 0.1015625 -0.138763427734375
0.234375 -0.234375 0.017242431640625
0.265625 -0.28125 0.128082275390625
0.203125 -0.0234375 0.395172119140625
0.140625 0.265625 -0.139495849609375
0.203125 0.0234375 0.127593994140625
0.234375 -0.0859375 0.280914306640625
0.203125 0.078125 0.016021728515625
0.265625 -0.078125 0.015289306640625
0.203125 0.1953125 0.126617431640625
0.203125 0.2265625 0.279937744140625
0.296875 -0.1171875 0.126617431640625
0.328125 -0.1875 -0.142181396484375
0.296875 0.09375 0.278961181640625
0.359375 -0.0078125 -0.143890380859375
