STROLLER
-0.287109375 0.04296875 -0.243255615234375
-0.345703125 -0.03515625 -0.4696044921875
-0.240234375 0.05078125 -0.245697021484375
-0.208984375 0.06640625 -0.246307373046875
-0.173828125 0.08203125 -0.247283935546875
-0.166015625 0.07421875 -0.172576904296875
-0.130859375 0.08984375 -0.249725341796875
-0.181640625 0.04296875 0.033233642578125
-0.150390625 0.06640625 0.033233642578125
-0.263671875 -0.05078125 -0.254119873046875
-0.201171875 0.01171875 0.031524658203125
-0.119140625 0.07421875 -0.176239013671875
-0.283203125 -0.08984375 -0.256072998046875
-0.216796875 -0.02734375 0.028839111328125
-0.162109375 0.01171875 -0.179901123046875
-0.068359375 0.06640625 -0.181365966796875
-0.169921875 -0.04296875 -0.184783935546875
-0.021484375 0.07421875 0.025909423828125
-0.029296875 0.01953125 0.021026611328125
0.064453125 0.08984375 0.021514892578125
-0.150390625 -0.13671875 -0.196014404296875
-0.205078125 -0.19140625 -0.197479248046875
0.166015625 0.16796875 0.300811767578125
-0.162109375 -0.19140625 -0.200653076171875
0.212890625 0.16796875 0.298370361328125
0.236328125 0.15234375 0.422393798828125
0.275390625 0.16796875 0.421905517578125
0.306640625 0.19140625 0.421417236328125
0.314453125 0.18359375 0.483917236328125
0.345703125 0.20703125 0.483917236328125
0.001953125 -0.20703125 -0.522796630859375
0.041015625 -0.19921875 -0.525238037109375
0.080078125 -0.19140625 -0.528350830078125
0.181640625 -0.16015625 0.278839111328125
0.181640625 -0.15234375 0.407745361328125
0.283203125 -0.14453125 0.468292236328125
0.330078125 -0.15234375 0.465850830078125
0.330078125 -0.19140625 0.528350830078125
