STROLLER
-0.34375 0.03125 -0.3995361328125
-0.3125 0.1953125 -0.40234375
-0.1875 -0.1796875 -0.2640380859375
-0.125 -0.3046875 -0.2650146484375
-0.25 0.1015625 -0.0360107421875
-0.21875 0.0859375 0.0562744140625
-0.21875 0.15625 -0.1749267578125
-0.125 -0.1328125 0.4190673828125
-0.03125 -0.2421875 0.4180908203125
-0.15625 0.28125 0.1895751953125
0.03125 -0.265625 0.0528564453125
-0.0625 0.09375 0.2833251953125
0.0 -0.0625 -0.1798095703125
0.0625 -0.2890625 0.2833251953125
-0.03125 0.03125 0.1885986328125
0.09375 -0.3671875 0.1881103515625
-0.09375 0.28125 -0.2701416015625
-0.125 0.3671875 0.2828369140625
0.0625 -0.2265625 0.1881103515625
-0.09375 0.34375 -0.1798095703125
0.0625 -0.1640625 0.2823486328125
0.125 -0.34375 0.4161376953125
0.0625 -0.078125 -0.0418701171875
0.0625 -0.0859375 0.1876220703125
0.03125 0.1015625 -0.1815185546875
0.0625 -0.015625 0.2818603515625
0.09375 -0.1015625 0.0504150390625
0.125 0.078125 -0.0443115234375
0.15625 0.0546875 0.0479736328125
0.28125 -0.2578125 -0.1856689453125
0.3125 -0.3046875 -0.2769775390625
0.3125 -0.28125 -0.0457763671875
0.28125 -0.1484375 -0.0462646484375
0.34375 -0.3203125 -0.4190673828125
0.34375 -0.3203125 0.0465087890625
