STROLLER
-0.375 -0.296875 -0.3970947265625
-0.28125 -0.40625 -0.3988037109375
-0.15625 -0.0546875 -0.2620849609375
-0.21875 0.1875 -0.4071044921875
-0.125 -0.0234375 0.4071044921875
-0.03125 -0.1328125 0.4061279296875
-0.125 0.3203125 0.2664794921875
0.03125 -0.140625 -0.2662353515625
-0.0625 0.171875 -0.1861572265625
-0.125 0.3984375 -0.0421142578125
0.0 0.0078125 -0.0421142578125
-0.0625 0.1875 0.2664794921875
-0.03125 0.125 0.1815185546875
0.09375 -0.1875 0.2659912109375
0.125 -0.25 0.1810302734375
0.125 -0.234375 0.4051513671875
-0.0625 0.390625 0.0394287109375
0.0625 0.0 0.0389404296875
-0.03125 0.40625 -0.2691650390625
0.125 -0.1015625 0.1800537109375
0.09375 0.03125 0.1800537109375
0.09375 0.0703125 -0.1895751953125
0.125 -0.0234375 0.2645263671875
0.09375 0.109375 0.2645263671875
0.21875 -0.21875 -0.2711181640625
0.21875 -0.09375 0.0360107421875
0.21875 -0.0625 -0.0465087890625
0.28125 -0.25 0.2625732421875
0.15625 0.1796875 0.0350341796875
0.15625 0.203125 -0.0465087890625
0.34375 -0.1640625 -0.0484619140625
0.375 -0.25 -0.1949462890625
0.34375 -0.125 -0.1949462890625
0.375 -0.1875 0.0330810546875
