STROLLER
-0.4375 -0.19921875 -0.207061767578125
-0.25 -0.27734375 -0.211456298828125
-0.125 -0.36328125 -0.214874267578125
-0.15625 0.02734375 -0.218048095703125
-0.1875 0.12890625 0.115692138671875
-0.0625 -0.11328125 0.541473388671875
-0.125 0.12109375 -0.004913330078125
-0.09375 0.06640625 0.212371826171875
-0.125 0.18359375 -0.221466064453125
-0.0625 0.01171875 -0.005401611328125
0.0 -0.20703125 0.541473388671875
0.0625 -0.20703125 0.426727294921875
0.125 -0.32421875 0.326141357421875
0.09375 -0.19921875 0.326141357421875
0.0625 -0.08203125 -0.007843017578125
0.09375 -0.18359375 0.112274169921875
0.125 -0.27734375 0.209442138671875
0.03125 0.05078125 0.326141357421875
0.125 -0.18359375 -0.103546142578125
0.09375 -0.05078125 -0.104278564453125
0.125 -0.12890625 0.208465576171875
0.0625 0.06640625 0.425262451171875
-0.03125 0.36328125 0.207977294921875
0.1875 -0.29296875 0.425262451171875
0.125 -0.05078125 0.324676513671875
0.15625 -0.01953125 0.109344482421875
0.15625 -0.02734375 0.423797607421875
0.1875 0.12890625 0.107879638671875
0.21875 0.03515625 0.205535888671875
0.3125 -0.23828125 0.107391357421875
0.34375 -0.26171875 -0.013214111328125
0.375 -0.32421875 0.204071044921875
0.375 -0.25390625 -0.541473388671875
0.40625 -0.34765625 0.106414794921875
0.4375 -0.31640625 -0.234405517578125
0.375 -0.12109375 -0.015655517578125
