STROLLER
-0.29296875 -0.0078125 -0.450286865234375
-0.19140625 0.0859375 0.034820556640625
-0.2265625 0.0390625 -0.246673583984375
-0.21484375 0.0546875 0.033843994140625
-0.1953125 0.0546875 -0.247161865234375
-0.15625 0.09375 0.033843994140625
-0.15625 0.078125 -0.165130615234375
-0.16015625 0.0625 -0.248626708984375
-0.09375 0.1171875 -0.165618896484375
-0.1171875 0.1015625 0.032379150390625
-0.12890625 0.078125 -0.249114990234375
-0.35546875 -0.109375 -0.458831787109375
-0.0703125 0.1171875 -0.249114990234375
-0.22265625 0.0078125 0.029449462890625
-0.046875 0.1171875 -0.453521728515625
-0.27734375 -0.0625 -0.172454833984375
-0.0703125 0.0859375 -0.455963134765625
-0.23046875 -0.046875 -0.460723876953125
-0.05078125 0.1015625 -0.169525146484375
-0.15625 0.0078125 -0.172454833984375
-0.21875 -0.046875 -0.255950927734375
-0.2421875 -0.0703125 -0.257415771484375
0.01171875 0.125 -0.253997802734375
0.01953125 0.140625 0.027984619140625
-0.21875 -0.0859375 -0.179534912109375
0.05859375 0.140625 0.026031494140625
-0.17578125 -0.0859375 -0.182220458984375
0.13671875 0.1796875 0.169586181640625
0.18359375 0.1796875 0.286285400390625
0.21484375 0.1953125 0.286285400390625
-0.109375 -0.140625 -0.192230224609375
0.2734375 0.1875 0.402984619140625
0.12890625 0.015625 -0.273529052734375
0.30078125 0.203125 0.402984619140625
0.3359375 0.2265625 0.463043212890625
0.0234375 -0.078125 0.007965087890625
0.3125 0.203125 0.462554931640625
0.01171875 -0.109375 -0.488494873046875
0.35546875 0.1953125 0.406890869140625
0.08984375 -0.1171875 0.000640869140625
-0.00390625 -0.2265625 -0.502593994140625
0.125 -0.125 0.268218994140625
0.16015625 -0.1171875 0.267730712890625
0.19140625 -0.1015625 0.266754150390625
0.22265625 -0.1328125 0.386383056640625
0.296875 -0.1015625 0.394195556640625
0.26953125 -0.140625 0.384429931640625
0.27734375 -0.140625 0.445465087890625
0.34375 -0.1015625 0.392730712890625
0.3125 -0.1328125 0.444976806640625
0.3125 -0.1796875 0.502593994140625
