STROLLER
0.3463134765625 0.19140625 0.35986328125
0.1658935546875 0.13671875 0.24560546875
0.2161865234375 0.12890625 0.275390625
-0.0269775390625 0.09765625 -0.072509765625
-0.0020751953125 0.05078125 -0.107177734375
-0.0108642578125 0.04296875 -0.07861328125
0.0262451171875 0.03515625 -0.108154296875
0.2611083984375 0.04296875 0.26953125
-0.0352783203125 0.03515625 -0.109375
-0.1119384765625 0.04296875 -0.083251953125
0.1717529296875 0.04296875 0.2373046875
-0.2340087890625 0.04296875 -0.3494873046875
0.0140380859375 0.02734375 -0.079833984375
-0.2677001953125 0.04296875 -0.351318359375
-0.2012939453125 0.03515625 -0.3482666015625
-0.3033447265625 0.03515625 -0.353759765625
-0.1490478515625 0.02734375 -0.086181640625
-0.1734619140625 0.01953125 -0.349609375
-0.0841064453125 0.01953125 -0.084228515625
0.0496826171875 0.00390625 -0.111572265625
-0.0762939453125 0.01171875 -0.11376953125
-0.1856689453125 0.01953125 -0.088623046875
-0.1446533203125 0.00390625 -0.3502197265625
-0.3463134765625 0.01171875 -0.35986328125
-0.1217041015625 -0.01953125 -0.3533935546875
0.0667724609375 -0.05859375 -0.11865234375
-0.1949462890625 -0.03515625 0.08642578125
-0.1016845703125 -0.06640625 -0.35888671875
-0.0411376953125 -0.08203125 -0.3590087890625
0.0638427734375 -0.13671875 -0.0986328125
-0.2081298828125 -0.12109375 -0.13427734375
0.2921142578125 -0.12890625 0.3330078125
0.1800537109375 -0.16015625 0.21875
0.1434326171875 -0.16796875 0.21728515625
0.2740478515625 -0.18359375 0.25146484375
0.3104248046875 -0.19140625 0.328125
