STROLLER
0.34765625 0.22265625 0.47501373291015625
0.3046875 0.23828125 0.47403717041015625
0.265625 0.19140625 0.40860748291015625
0.3125 0.10546875 -0.39730072021484375
0.2890625 0.15234375 0.40811920166015625
0.33984375 0.06640625 -0.39879608154296875
0.30078125 0.05078125 -0.39098358154296875
0.1640625 0.19140625 0.31876373291015625
0.16796875 0.19140625 0.39200592041015625
0.34375 0.01171875 -0.40282440185546875
0.19921875 0.16015625 0.39249420166015625
0.23046875 0.03515625 -0.39821624755859375
0.16015625 0.03515625 -0.40447235107421875
0.3046875 -0.04296875 0.38809967041015625
0.1171875 0.05078125 -0.40682220458984375
0.08984375 0.06640625 0.10489654541015625
0.01171875 0.11328125 0.10294342041015625
0.0390625 0.08203125 0.10294342041015625
0.0234375 0.07421875 -0.41249847412109375
0.02734375 0.08203125 0.00821685791015625
0.0234375 0.07421875 0.15665435791015625
-0.0546875 0.12890625 0.00553131103515625
-0.03125 0.08984375 0.00479888916015625
0.2578125 -0.12109375 0.39493560791015625
0.078125 -0.00390625 0.10001373291015625
0.19921875 -0.12890625 0.39249420166015625
-0.00390625 -0.00390625 0.00040435791015625
-0.140625 0.08203125 -0.18953704833984375
0.06640625 -0.07421875 0.09513092041015625
0.0546875 -0.07421875 -0.00032806396484375
-0.08203125 0.03515625 0.14835357666015625
-0.11328125 0.04296875 -0.18978118896484375
0.14453125 -0.13671875 0.37686920166015625
-0.015625 -0.02734375 0.14835357666015625
-0.046875 -0.01953125 -0.18929290771484375
-0.0859375 0.00390625 -0.19075775146484375
-0.203125 0.08203125 -0.19417572021484375
-0.01171875 -0.08203125 -0.00521087646484375
0.0625 -0.14453125 0.09073638916015625
-0.15234375 0.02734375 0.14347076416015625
-0.02734375 -0.12109375 -0.19539642333984375
-0.28515625 0.06640625 -0.20186614990234375
-0.078125 -0.11328125 -0.19881439208984375
-0.33203125 -0.03515625 -0.46897125244140625
-0.3359375 -0.09765625 -0.47501373291015625
-0.34765625 -0.23828125 -0.47130584716796875
