STROLLER
0.1796875 0.1875 0.312713623046875
0.140625 0.1953125 0.366912841796875
0.015625 0.078125 0.026580810546875
-0.0703125 0.109375 -0.347686767578125
-0.078125 0.125 0.022918701171875
-0.03125 0.0703125 -0.025909423828125
-0.0859375 0.09375 -0.027862548828125
-0.0625 0.0703125 0.020721435546875
-0.1328125 0.125 -0.352386474609375
0.0078125 -0.0234375 -0.028106689453125
-0.03125 0.0078125 -0.028839111328125
-0.0859375 0.0546875 -0.147491455078125
-0.1328125 0.0859375 -0.149200439453125
0.0234375 -0.0703125 -0.029815673828125
-0.0703125 0.015625 -0.148712158203125
-0.1796875 0.109375 -0.151397705078125
-0.0390625 -0.03125 0.017059326171875
-0.0546875 -0.0390625 -0.150421142578125
-0.0390625 -0.09375 0.014129638671875
-0.078125 -0.0859375 -0.361785888671875
-0.078125 -0.1484375 -0.365631103515625
-0.0546875 -0.1953125 -0.366912841796875
