STROLLER
0.35546875 0.16015625 0.4720001220703125
0.30078125 0.19140625 0.4710235595703125
0.14453125 0.16796875 0.3113555908203125
0.12890625 -0.08203125 -0.0790252685546875
0.03515625 0.04296875 -0.0128631591796875
0.00390625 0.08984375 0.0291290283203125
-0.01171875 0.08984375 -0.0133514404296875
0.06640625 -0.08984375 0.0271759033203125
-0.07421875 0.12890625 0.0257110595703125
0.02734375 -0.03515625 -0.0157928466796875
-0.05859375 0.02734375 -0.0858612060546875
-0.02734375 -0.02734375 -0.0861053466796875
0.02734375 -0.11328125 -0.0177459716796875
-0.10546875 0.08203125 -0.0870819091796875
-0.08984375 0.01953125 -0.1964569091796875
-0.06640625 -0.01953125 0.0222930908203125
-0.12890625 0.06640625 -0.1969451904296875
-0.03515625 -0.07421875 0.0222930908203125
-0.08203125 -0.05078125 -0.1981658935546875
0.00390625 -0.19140625 -0.4500579833984375
-0.04296875 -0.11328125 -0.0892791748046875
-0.09765625 -0.12890625 -0.2018280029296875
-0.25390625 -0.13671875 -0.4317474365234375
-0.34765625 -0.02734375 -0.4676666259765625
-0.35546875 -0.10546875 -0.4720001220703125
