STROLLER
0.3125 0.16015625 0.3939208984375
0.171875 0.06640625 0.2645263671875
0.109375 -0.16015625 -0.1741943359375
0.078125 -0.15234375 -0.2462158203125
0.015625 -0.04296875 -0.1756591796875
0.046875 -0.10546875 -0.1756591796875
-0.03125 0.01171875 -0.1768798828125
-0.046875 -0.01953125 0.0028076171875
0.015625 -0.16015625 -0.1234130859375
-0.0625 -0.01953125 -0.1234130859375
-0.03125 -0.08984375 -0.1239013671875
-0.046875 -0.09765625 0.0008544921875
-0.125 0.03515625 -0.1253662109375
-0.078125 -0.06640625 -0.2530517578125
-0.046875 -0.12890625 -0.2525634765625
-0.125 0.01171875 0.1258544921875
-0.125 -0.02734375 0.1907958984375
-0.15625 0.01171875 -0.0015869140625
-0.15625 -0.01953125 -0.2562255859375
-0.3125 -0.08203125 -0.3939208984375
