STROLLER
-0.359375 0.068359375 0.155426025390625
-0.296875 0.146484375 0.298980712890625
-0.34375 -0.095703125 -0.427581787109375
-0.34375 -0.119140625 -0.138153076171875
-0.265625 0.146484375 -0.282989501953125
-0.265625 0.130859375 -0.250030517578125
-0.25 0.123046875 0.006256103515625
-0.3125 -0.107421875 -0.28448486328125
-0.28125 -0.138671875 -0.254180908203125
-0.171875 0.208984375 -0.433013916015625
-0.203125 0.041015625 -0.433807373046875
-0.1875 0.107421875 0.148345947265625
-0.171875 0.103515625 0.177398681640625
-0.1875 -0.009765625 0.437652587890625
-0.234375 -0.220703125 -0.437652587890625
-0.109375 0.177734375 0.291656494140625
-0.078125 0.169921875 0.173980712890625
-0.078125 0.150390625 -0.002288818359375
-0.09375 0.076171875 -0.148162841796875
-0.0625 0.162109375 0.143463134765625
-0.046875 0.154296875 -0.262786865234375
0.046875 0.220703125 0.169342041015625
0.109375 0.212890625 0.283843994140625
0.15625 0.072265625 0.427398681640625
0.296875 -0.060546875 0.421051025390625
0.359375 0.119140625 -0.28680419921875
