STROLLER
-0.375 0.087890625 0.30462646484375
-0.328125 0.087890625 -0.2694091796875
-0.328125 0.044921875 -0.24810791015625
-0.3125 0.044921875 0.17620849609375
-0.296875 0.052734375 0.01458740234375
-0.34375 -0.193359375 -0.12969970703125
-0.25 0.107421875 -0.25115966796875
-0.265625 0.056640625 0.15618896484375
-0.28125 -0.013671875 -0.41748046875
-0.3125 -0.181640625 -0.27508544921875
-0.296875 -0.134765625 -0.25311279296875
-0.1875 0.107421875 0.00970458984375
-0.171875 0.134765625 -0.278411865234375
-0.171875 0.119140625 0.15277099609375
-0.1875 0.025390625 -0.13458251953125
-0.25 -0.201171875 -0.42364501953125
-0.171875 0.044921875 -0.42388916015625
-0.15625 0.119140625 0.29632568359375
-0.15625 0.087890625 0.17083740234375
-0.078125 0.146484375 0.16815185546875
-0.078125 0.107421875 -0.42864990234375
-0.0625 0.162109375 0.00482177734375
-0.0625 0.076171875 -0.14068603515625
-0.03125 0.166015625 0.14739990234375
-0.03125 0.166015625 0.29193115234375
0.0625 0.201171875 0.16351318359375
0.0625 0.103515625 -0.26953125
0.125 0.107421875 -0.15142822265625
0.15625 -0.005859375 0.42864990234375
0.203125 0.115234375 -0.301300048828125
0.375 0.099609375 -0.28839111328125
