STROLLER
-0.34375 0.076171875 -0.266754150390625
-0.296875 0.134765625 0.295806884765625
-0.3125 0.048828125 0.154205322265625
-0.25 0.134765625 -0.271148681640625
-0.328125 -0.134765625 -0.130096435546875
-0.34375 -0.208984375 -0.130584716796875
-0.25 0.091796875 -0.244964599609375
-0.296875 -0.119140625 -0.273468017578125
-0.21875 0.099609375 0.009185791015625
-0.28125 -0.123046875 -0.415985107421875
-0.234375 0.017578125 -0.133148193359375
-0.203125 0.099609375 0.149566650390625
-0.1875 0.083984375 0.172760009765625
-0.1875 0.025390625 -0.419342041015625
-0.234375 -0.173828125 -0.250396728515625
-0.125 0.142578125 -0.251007080078125
-0.078125 0.162109375 0.287506103515625
-0.078125 0.134765625 0.168853759765625
-0.09375 0.056640625 -0.140472412109375
-0.0625 0.138671875 0.001617431640625
-0.0625 0.146484375 0.143951416015625
0.015625 0.208984375 -0.001068115234375
0.046875 0.201171875 0.139801025390625
0.03125 0.107421875 -0.146087646484375
0.0625 0.185546875 0.164459228515625
0.09375 0.193359375 0.281158447265625
0.171875 0.048828125 0.419342041015625
0.234375 0.134765625 -0.157806396484375
0.34375 0.130859375 -0.30877685546875
