STROLLER
-0.21875 -0.083984375 -0.055908203125
-0.234375 -0.162109375 -0.190948486328125
-0.1875 -0.013671875 -0.056640625
-0.203125 -0.091796875 -0.19122314453125
-0.125 0.123046875 -0.462158203125
-0.15625 -0.048828125 0.2093505859375
-0.140625 -0.041015625 0.3431396484375
-0.109375 -0.037109375 -0.1968231201171875
-0.140625 -0.138671875 -0.0360107421875
-0.09375 0.017578125 0.3641357421875
-0.078125 0.013671875 0.2069091796875
-0.09375 -0.064453125 0.0711669921875
-0.078125 -0.080078125 -0.038330078125
-0.03125 0.009765625 0.3392333984375
-0.03125 0.005859375 0.4739990234375
0.046875 0.162109375 -0.4739990234375
0.03125 -0.001953125 -0.20522308349609375
0.078125 0.048828125 0.1993408203125
0.0625 -0.041015625 -0.0460205078125
0.09375 0.044921875 0.0628662109375
0.09375 0.041015625 0.3568115234375
0.125 0.041015625 0.3323974609375
0.15625 0.033203125 0.4671630859375
0.234375 0.025390625 -0.08154296875
