STROLLER
-0.3359375 0.044921875 0.403564453125
-0.2734375 -0.044921875 -0.11480712890625
-0.2421875 0.025390625 -0.1153564453125
-0.2265625 0.080078125 0.270751953125
-0.2421875 0.001953125 0.140869140625
-0.1484375 0.044921875 0.0335693359375
-0.1640625 -0.013671875 -0.3812255859375
-0.1796875 -0.080078125 -0.3812255859375
-0.1484375 0.044921875 0.417236328125
-0.0703125 0.201171875 -0.3831787109375
-0.1328125 -0.013671875 0.005615234375
-0.1015625 0.048828125 0.392822265625
-0.0703125 0.052734375 0.0037841796875
-0.0234375 0.080078125 0.412353515625
0.0078125 0.142578125 -0.48828125
0.0234375 0.095703125 -0.0013427734375
0.0234375 0.080078125 0.258056640625
0.0390625 0.068359375 0.126708984375
0.0390625 0.076171875 0.386962890625
0.1953125 0.087890625 0.404052734375
0.2265625 0.158203125 -0.5048828125
0.2578125 0.228515625 -0.50537109375
0.1953125 -0.037109375 -0.14605712890625
0.1484375 -0.228515625 -0.510009765625
0.2265625 0.017578125 0.510009765625
0.2109375 -0.080078125 -0.509765625
0.3359375 -0.005859375 -0.15472412109375
