STROLLER
-0.3046875 0.11328125 -0.15699005126953125
-0.2890625 0.1328125 0.2294921875
-0.2890625 0.09765625 0.318115234375
-0.3359375 -0.09765625 -0.1597747802734375
-0.2421875 0.1015625 0.19677734375
-0.2734375 -0.01953125 -0.24713134765625
-0.2734375 -0.046875 -0.403564453125
-0.1484375 0.2109375 -0.40625
-0.2421875 -0.140625 -0.409423828125
-0.2578125 -0.2109375 -0.41015625
-0.2109375 -0.125 -0.25469970703125
-0.1328125 0.06640625 -0.2559814453125
-0.1015625 0.13671875 0.21826171875
-0.2109375 -0.1953125 -0.2569580078125
-0.1015625 0.125 0.189453125
-0.1015625 0.1171875 -0.412841796875
-0.0703125 0.08984375 0.3056640625
-0.0078125 0.171875 0.1845703125
0.0546875 0.15625 0.210205078125
0.0390625 0.08984375 -0.26776123046875
0.0546875 0.125 0.29931640625
0.1796875 0.0078125 0.412841796875
0.2890625 -0.01953125 -0.205230712890625
0.3359375 0.04296875 -0.20721435546875
