STROLLER
-0.28125 0.05859375 -0.415771484375
-0.296875 -0.07421875 0.0472412109375
-0.15625 0.21484375 -0.42138671875
-0.265625 -0.12109375 -0.069061279296875
-0.109375 0.26953125 -0.422607421875
-0.28125 -0.18359375 -0.0709228515625
-0.15625 0.12890625 -0.16693115234375
-0.125 0.0703125 -0.4296875
-0.21875 -0.18359375 0.03759765625
-0.078125 0.11328125 -0.4326171875
-0.015625 0.15234375 0.24560546875
0.015625 0.1953125 0.0325927734375
0.0 0.16015625 0.338134765625
0.0 0.1015625 -0.081390380859375
0.015625 0.12890625 -0.181060791015625
-0.140625 -0.26953125 -0.444091796875
0.046875 0.19140625 0.3486328125
0.09375 0.19140625 0.333984375
0.09375 0.1796875 0.23974609375
0.09375 0.125 -0.08831787109375
0.1875 0.2109375 0.3408203125
0.1875 0.125 -0.19671630859375
0.203125 0.10546875 0.444091796875
0.296875 0.109375 -0.10411834716796875
