STROLLER
-0.2421875 -0.13671875 -0.06536865234375
-0.1171875 0.16796875 -0.41748046875
-0.0703125 0.21875 -0.419677734375
-0.2265625 -0.20703125 -0.06842041015625
-0.1171875 -0.03125 -0.425537109375
-0.0859375 0.0234375 -0.426025390625
-0.1796875 -0.21875 0.0322265625
-0.0234375 0.125 0.34130859375
-0.0390625 0.0703125 -0.42919921875
0.0234375 0.1015625 0.234619140625
0.0546875 0.1328125 0.329833984375
0.0703125 0.140625 0.02490234375
0.0859375 0.1484375 0.335693359375
0.0703125 0.08203125 -0.1841888427734375
0.1171875 0.10546875 -0.0853271484375
0.1328125 0.12890625 0.22900390625
0.1796875 0.140625 0.322509765625
0.2265625 0.15625 0.32763671875
0.2109375 0.0859375 -0.1968994140625
0.2421875 0.0625 0.42919921875
0.2265625 0.00390625 0.4287109375
