STROLLER
-0.265625 -0.09765625 -0.04583740234375
-0.078125 0.26171875 -0.40374755859375
-0.140625 0.02734375 -0.40789794921875
-0.109375 0.078125 -0.40838623046875
-0.0625 0.19140625 -0.40850830078125
-0.203125 -0.1875 -0.05413818359375
-0.109375 0.02734375 -0.05377197265625
-0.015625 0.171875 0.33966064453125
-0.015625 0.10546875 -0.41619873046875
0.015625 0.1640625 0.34014892578125
0.015625 0.15234375 0.23638916015625
0.03125 0.16015625 -0.06060791015625
0.03125 0.1328125 -0.1719512939453125
0.0625 0.19140625 0.33526611328125
0.078125 0.1796875 0.02923583984375
0.09375 0.1953125 0.33673095703125
-0.078125 -0.26171875 -0.42657470703125
0.109375 0.17578125 0.23101806640625
0.1875 0.15625 -0.0723876953125
0.203125 0.19921875 0.32696533203125
0.234375 0.1953125 0.32891845703125
0.21875 0.109375 0.42657470703125
0.203125 0.05078125 0.42608642578125
0.265625 0.1015625 -0.19256210327148438
