STROLLER
-0.28125 -0.09765625 -0.34356117248535156
-0.25 -0.03515625 -0.34356117248535156
-0.21875 0.01953125 -0.34356117248535156
-0.234375 -0.02734375 -0.11828041076660156
-0.171875 0.07421875 -0.34581947326660156
-0.171875 0.01171875 -0.12121009826660156
-0.1875 -0.02734375 0.030401229858398438
-0.140625 0.06640625 -0.12121009826660156
-0.078125 0.11328125 -0.12340736389160156
-0.09375 0.06640625 0.027959823608398438
-0.0625 0.12890625 0.027959823608398438
-0.078125 0.08203125 0.09998130798339844
-0.09375 0.01171875 0.09851646423339844
-0.046875 0.10546875 -0.012323379516601562
-0.015625 0.16796875 -0.012323379516601562
-0.046875 0.08203125 -0.35424232482910156
-0.0625 0.03515625 -0.013055801391601562
-0.046875 0.07421875 0.21130943298339844
-0.078125 -0.01953125 0.024785995483398438
0.015625 0.12890625 -0.35747718811035156
-0.109375 -0.17578125 -0.13097572326660156
0.046875 0.14453125 -0.42109107971191406
-0.03125 -0.05078125 -0.017206192016601562
0.046875 0.10546875 0.09412193298339844
0.125 0.17578125 -0.42566490173339844
0.015625 -0.12109375 0.08972740173339844
0.203125 0.08984375 0.08533287048339844
0.203125 -0.11328125 0.42566490173339844
0.28125 -0.06640625 0.42420005798339844
