STROLLER
-0.21875 0.0625 -0.36248779296875
-0.21875 -0.05078125 -0.36431884765625
-0.1875 0.046875 -0.1829986572265625
-0.15625 -0.06640625 -0.1842803955078125
-0.15625 -0.1640625 -0.1853485107421875
-0.125 -0.00390625 0.03436279296875
-0.09375 -0.109375 0.03179931640625
-0.0625 0.04296875 0.17645263671875
-0.0625 -0.0625 -0.00726318359375
0.0 0.09375 0.03094482421875
0.03125 0.12109375 -0.37701416015625
0.0625 0.12890625 -0.01202392578125
0.03125 -0.20703125 -0.37969970703125
0.0625 -0.203125 -0.01397705078125
0.09375 -0.09375 0.16937255859375
0.1875 0.21875 0.16815185546875
0.21875 0.19921875 -0.38665771484375
0.1875 0.03515625 0.38665771484375
0.15625 -0.17578125 0.38616943359375
0.15625 -0.21875 0.16571044921875
0.1875 -0.07421875 0.38616943359375
