STROLLER
-0.36328125 0.01953125 -0.3193359375
-0.32421875 0.0546875 -0.32183837890625
-0.29296875 0.0703125 0.13629150390625
-0.23046875 0.09375 0.20391845703125
-0.23046875 0.046875 -0.3319091796875
-0.26171875 -0.05078125 -0.35308837890625
-0.23828125 -0.015625 -0.35345458984375
-0.20703125 0.0234375 -0.35443115234375
-0.16015625 0.0625 -0.3389892578125
-0.19140625 -0.0234375 -0.07232666015625
-0.16796875 0.015625 -0.07281494140625
-0.15234375 0.046875 0.28521728515625
-0.14453125 0.0390625 -0.35931396484375
-0.12109375 0.08203125 0.19561767578125
-0.12890625 0.046875 -0.07489013671875
-0.11328125 0.078125 0.12261962890625
-0.10546875 0.07421875 0.28277587890625
-0.05859375 0.09765625 0.11895751953125
-0.06640625 0.04296875 -0.36822509765625
-0.04296875 0.08984375 0.19049072265625
-0.05078125 0.0546875 -0.35162353515625
-0.05078125 0.0546875 -0.08123779296875
-0.03515625 0.0859375 0.27838134765625
-0.01171875 0.0703125 -0.37164306640625
0.01953125 0.109375 0.18707275390625
0.07421875 0.078125 0.27008056640625
0.12109375 -0.109375 0.42340087890625
0.19921875 -0.04296875 -0.38555908203125
0.36328125 -0.1015625 -0.42340087890625
