STROLLER
-0.33203125 0.056640625 0.335693359375
-0.35546875 -0.025390625 -0.0860595703125
-0.31640625 0.052734375 0.399169921875
-0.23046875 0.158203125 -0.43408203125
-0.27734375 0.068359375 -0.10223388671875
-0.30078125 0.029296875 -0.10272216796875
-0.25390625 0.103515625 -0.102203369140625
-0.31640625 -0.009765625 -0.103729248046875
-0.26953125 0.072265625 0.397216796875
-0.30078125 -0.005859375 0.15283203125
-0.30078125 -0.013671875 -0.09063720703125
-0.27734375 0.021484375 -0.09063720703125
-0.26171875 0.060546875 0.33056640625
-0.26953125 0.021484375 0.151611328125
-0.23046875 0.091796875 0.395263671875
-0.20703125 0.087890625 -0.444091796875
-0.19921875 0.021484375 0.14501953125
-0.12890625 0.138671875 -0.448974609375
-0.13671875 0.068359375 -0.11651611328125
-0.13671875 0.037109375 0.140869140625
-0.14453125 0.025390625 0.3193359375
-0.14453125 -0.017578125 -0.107269287109375
-0.10546875 0.048828125 0.3173828125
-0.04296875 0.134765625 -0.460693359375
-0.08984375 0.037109375 0.383056640625
-0.05078125 0.064453125 0.314208984375
-0.05078125 0.068359375 0.382080078125
-0.11328125 -0.048828125 0.460693359375
-0.00390625 0.087890625 0.379638671875
-0.05078125 -0.029296875 -0.118377685546875
-0.02734375 0.009765625 -0.11737060546875
-0.03515625 -0.048828125 0.455322265625
0.05859375 0.033203125 -0.13922882080078125
0.05859375 0.044921875 0.304931640625
0.03515625 -0.044921875 0.450927734375
0.05859375 -0.005859375 0.451416015625
0.11328125 0.056640625 0.370361328125
0.08984375 -0.021484375 -0.13250732421875
0.10546875 0.017578125 0.448974609375
0.16015625 -0.060546875 0.108642578125
0.22265625 -0.001953125 -0.1451263427734375
0.21484375 -0.048828125 -0.14714813232421875
0.25390625 -0.158203125 -0.1728515625
0.30078125 -0.103515625 0.09375
0.32421875 -0.095703125 -0.17578125
0.35546875 -0.064453125 -0.1767578125
