STROLLER
-0.3125 0.052734375 -0.34515380859375
-0.328125 -0.044921875 -0.34527587890625
-0.234375 0.208984375 -0.40606689453125
-0.21875 -0.060546875 0.13043212890625
-0.21875 -0.189453125 -0.41180419921875
-0.1875 -0.111328125 0.07501220703125
-0.15625 -0.025390625 0.07452392578125
-0.171875 -0.166015625 -0.35577392578125
-0.125 0.056640625 -0.251922607421875
-0.125 -0.009765625 -0.41534423828125
-0.078125 0.052734375 0.07135009765625
-0.109375 -0.154296875 -0.25604248046875
-0.015625 0.091796875 -0.36187744140625
0.0 0.091796875 0.12286376953125
0.0 -0.005859375 0.12213134765625
0.0 -0.072265625 -0.09686279296875
0.046875 0.126953125 0.06622314453125
0.078125 -0.189453125 -0.10223388671875
0.125 -0.103515625 -0.2685585021972656
0.171875 -0.173828125 -0.43621826171875
0.25 0.208984375 -0.43634033203125
0.265625 0.189453125 0.22222900390625
0.234375 -0.103515625 0.22174072265625
0.296875 0.083984375 0.22052001953125
0.25 -0.146484375 0.38409423828125
0.25 -0.208984375 0.21978759765625
0.28125 -0.076171875 0.43634033203125
0.328125 0.044921875 0.38311767578125
