STROLLER
-0.28125 0.0078125 -0.350067138671875
-0.234375 0.09765625 -0.396270751953125
-0.25 -0.08984375 0.117462158203125
-0.203125 0.0625 -0.240966796875
-0.171875 0.1484375 -0.241851806640625
-0.171875 -0.0390625 -0.243804931640625
-0.171875 -0.140625 -0.244781494140625
-0.109375 0.046875 -0.086883544921875
-0.046875 -0.0390625 0.109161376953125
-0.0625 -0.13671875 -0.364654541015625
-0.015625 0.0546875 0.109649658203125
-0.015625 0.03125 0.227325439453125
0.015625 0.02734375 0.066192626953125
0.0 -0.06640625 0.065948486328125
0.015625 -0.078125 -0.094696044921875
0.0625 0.12890625 -0.414886474609375
0.015625 -0.14453125 -0.415313720703125
0.15625 0.2109375 0.104034423828125
0.1875 0.1875 0.060089111328125
0.25 0.08984375 0.098663330078125
0.25 0.04296875 0.377716064453125
0.28125 0.1640625 0.216583251953125
0.21875 -0.2109375 0.216094970703125
0.25 -0.05078125 0.376739501953125
0.234375 -0.1484375 0.376739501953125
0.265625 -0.015625 0.415313720703125
