BICYCLIST
0.296875 0.01171875 0.491943359375
0.296875 0.10546875 0.367919921875
0.234375 0.19921875 0.131591796875
0.171875 -0.00390625 0.366455078125
0.171875 0.04296875 0.599853515625
0.234375 0.26953125 0.365966796875
0.203125 0.17578125 0.599853515625
0.140625 0.12890625 -0.5732421875
0.140625 0.17578125 0.720947265625
0.046875 -0.08203125 0.598876953125
-0.015625 -0.16015625 0.127685546875
0.078125 0.23046875 -0.4414825439453125
-0.078125 -0.21484375 0.362060546875
-0.046875 -0.08984375 0.362060546875
-0.015625 0.06640625 -0.10986328125
-0.046875 0.03515625 -0.580322265625
-0.015625 0.17578125 -0.34490966796875
-0.015625 0.20703125 -0.110595703125
-0.171875 -0.26953125 0.124267578125
-0.109375 0.04296875 -0.3466796875
-0.078125 0.22265625 -0.820556640625
-0.171875 -0.07421875 -0.34796142578125
-0.265625 -0.16015625 -0.11572265625
-0.296875 -0.19140625 -0.3509521484375
-0.234375 0.05859375 0.828369140625
-0.296875 0.00390625 -0.11767578125
-0.265625 0.12109375 -0.828369140625
