BICYCLIST
0.328125 0.01953125 0.5115966796875
0.296875 0.11328125 0.1356201171875
0.203125 -0.09765625 0.5101318359375
0.234375 0.05859375 0.3778076171875
0.234375 0.19921875 0.3763427734375
0.109375 -0.06640625 0.3758544921875
0.203125 0.28515625 0.1322021484375
0.078125 -0.01171875 0.6175537109375
0.109375 0.13671875 0.6170654296875
0.015625 -0.01953125 -0.1131591796875
-0.078125 -0.16015625 0.3724365234375
-0.109375 -0.25390625 0.6160888671875
-0.015625 0.13671875 -0.1163330078125
-0.140625 -0.29296875 0.3719482421875
0.015625 0.29296875 -0.1168212890625
-0.109375 -0.02734375 -0.359832763671875
-0.109375 0.12890625 -0.361541748046875
-0.109375 0.12890625 -0.6064453125
-0.140625 0.09765625 0.8558349609375
-0.171875 0.16015625 -0.8541259765625
-0.265625 -0.12890625 -0.36463165283203125
-0.234375 0.02734375 -0.8558349609375
-0.328125 -0.23046875 -0.1219482421875
-0.265625 0.01171875 -0.611328125
-0.296875 -0.08203125 -0.1229248046875
-0.265625 -0.01171875 0.8548583984375
