BICYCLIST
0.34375 0.06640625 0.59130859375
0.21875 0.01171875 0.148193359375
0.25 0.26171875 0.42333984375
0.1875 0.09765625 0.42236328125
0.1875 0.19921875 0.146240234375
0.09375 -0.03515625 0.4208984375
0.0625 -0.11328125 0.14453125
0.0625 0.01171875 0.69580078125
0.0625 0.19140625 0.6953125
-0.0625 -0.25390625 0.141357421875
-0.0625 -0.12109375 0.6943359375
-0.09375 -0.17578125 0.41796875
-0.09375 0.13671875 -0.4124755859375
-0.09375 0.19140625 -0.13800048828125
-0.15625 -0.00390625 -0.4140625
-0.125 0.14453125 -0.69091796875
-0.25 -0.25390625 0.69140625
-0.25 -0.16015625 -0.41650390625
-0.25 0.01171875 -0.69580078125
-0.34375 -0.26171875 -0.14385986328125
-0.3125 -0.08984375 -0.14385986328125
