BICYCLIST
0.34375 0.05078125 0.631103515625
0.28125 0.01171875 0.1572265625
0.28125 0.10546875 0.439697265625
0.28125 0.17578125 0.156005859375
0.25 0.27734375 0.438232421875
0.125 -0.03515625 0.436767578125
0.09375 -0.11328125 0.15234375
0.0 -0.27734375 0.15087890625
0.0625 0.02734375 0.718505859375
-0.03125 -0.18359375 0.434326171875
-0.0625 0.03515625 -0.1373138427734375
-0.09375 -0.11328125 0.716552734375
-0.03125 0.19140625 -0.136932373046875
-0.125 -0.18359375 -0.421875
-0.0625 0.15234375 -0.42236328125
-0.125 -0.01171875 -0.422607421875
-0.09375 0.16015625 -0.709228515625
-0.25 -0.09765625 -0.1424102783203125
-0.3125 -0.26171875 -0.14347076416015625
-0.34375 0.04296875 -0.718505859375
