BICYCLIST
0.21875 -0.2490234375 0.22528076171875
0.15625 -0.0244140625 0.65740966796875
0.125 0.1044921875 0.65740966796875
0.125 -0.1572265625 0.65643310546875
0.0625 0.1416015625 0.43963623046875
0.03125 0.0205078125 0.43865966796875
0.03125 -0.1728515625 -0.43243408203125
0.03125 -0.2314453125 -0.21466064453125
0.0 -0.1904296875 0.00262451171875
-0.03125 0.2490234375 0.22088623046875
0.0 -0.1123046875 0.43865966796875
-0.03125 0.0205078125 -0.21588134765625
-0.0625 0.1494140625 -0.21685791015625
-0.125 -0.0380859375 -0.65740966796875
-0.125 -0.0537109375 -0.43817138671875
-0.15625 0.0771484375 -0.43890380859375
-0.125 -0.1044921875 0.60272216796875
-0.1875 0.0478515625 -0.00323486328125
-0.1875 -0.0205078125 0.21649169921875
-0.21875 0.0966796875 0.21600341796875
