BICYCLIST
0.265625 -0.0234375 -0.202850341796875
0.109375 0.3203125 0.225616455078125
0.140625 0.0390625 0.657745361328125
0.140625 -0.091796875 0.657745361328125
0.140625 -0.3203125 0.225128173828125
0.078125 -0.16796875 -0.209442138671875
0.078125 -0.224609375 -0.644622802734375
0.046875 0.208984375 0.439971923828125
0.046875 0.09375 0.439971923828125
0.015625 0.18359375 0.223175048828125
0.046875 -0.298828125 0.439483642578125
0.015625 -0.041015625 0.439483642578125
0.015625 -0.23046875 -0.429168701171875
-0.015625 0.083984375 -0.212371826171875
0.015625 -0.169921875 0.439483642578125
-0.046875 0.119140625 0.004425048828125
-0.046875 -0.095703125 -0.649078369140625
-0.078125 -0.109375 -0.433319091796875
-0.140625 -0.0859375 0.608917236328125
-0.140625 -0.271484375 3.0517578125e-05
-0.171875 0.0390625 0.218780517578125
-0.203125 0.015625 -0.656097412109375
-0.203125 -0.01171875 -0.000946044921875
-0.203125 -0.087890625 0.217803955078125
-0.234375 0.14453125 -0.657745361328125
-0.265625 0.009765625 -0.439422607421875
