BICYCLIST
-0.171875 0.122314453125 0.1359405517578125
-0.171875 0.042236328125 0.2086944580078125
-0.140625 0.318603515625 0.1359405517578125
-0.140625 -0.084716796875 0.1354522705078125
-0.140625 -0.165771484375 0.2082061767578125
-0.078125 -0.112060546875 -0.1926727294921875
-0.078125 0.106689453125 0.4635772705078125
-0.078125 -0.469482421875 0.1349639892578125
-0.046875 -0.364013671875 0.5387725830078125
-0.015625 0.032470703125 0.5387725830078125
-0.015625 -0.288818359375 0.4635772705078125
0.015625 -0.493896484375 -0.5231170654296875
0.015625 -0.483154296875 -0.1243133544921875
0.046875 -0.100341796875 -0.5236053466796875
0.046875 0.236572265625 0.2062530517578125
0.078125 0.279541015625 -0.1956024169921875
0.078125 0.062744140625 -0.7895965576171875
0.078125 -0.287841796875 -0.5243377685546875
0.078125 -0.313232421875 -0.1956024169921875
0.078125 -0.500732421875 -0.1956024169921875
0.109375 0.500732421875 -0.5251922607421875
0.109375 0.251220703125 -0.79052734375
0.109375 0.091064453125 -0.1956024169921875
0.109375 -0.335693359375 -0.7900390625
0.109375 0.138916015625 0.7917022705078125
0.171875 0.459716796875 -0.7917022705078125
