BICYCLIST
0.34375 0.2646484375 -0.092254638671875
0.34375 0.1376953125 -0.092742919921875
0.1875 0.0087890625 -0.098114013671875
0.15625 0.3115234375 0.115264892578125
0.125 -0.2529296875 -0.101043701171875
0.0625 -0.3115234375 0.324737548828125
0.0 0.1943359375 0.324737548828125
-0.0625 0.0107421875 0.538604736328125
-0.09375 -0.0009765625 -0.536895751953125
-0.09375 -0.1416015625 -0.106414794921875
-0.125 0.1376953125 -0.537689208984375
-0.125 0.0673828125 -0.321258544921875
-0.125 0.0693359375 0.322296142578125
-0.125 0.1357421875 0.537628173828125
-0.09375 -0.2412109375 0.537628173828125
-0.125 -0.1201171875 -0.538604736328125
-0.125 -0.0751953125 0.321319580078125
-0.1875 0.1572265625 0.106475830078125
-0.25 -0.1962890625 -0.326385498046875
-0.3125 0.0185546875 0.103057861328125
-0.3125 -0.0791015625 -0.328826904296875
-0.34375 0.0068359375 0.514190673828125
-0.34375 -0.2451171875 0.101593017578125
-0.34375 -0.1279296875 0.514190673828125
