BICYCLIST
0.375 0.2578125 -0.089141845703125
0.28125 0.30859375 0.119354248046875
0.15625 0.119140625 -0.096954345703125
0.0625 0.1953125 0.326873779296875
0.09375 -0.30859375 0.326873779296875
0.03125 -0.27734375 -0.101348876953125
0.0 -0.2421875 0.540252685546875
-0.03125 -0.15234375 -0.102325439453125
-0.0625 0.009765625 0.539276123046875
-0.09375 -0.00390625 -0.533599853515625
-0.09375 -0.029296875 -0.104278564453125
-0.09375 0.130859375 0.539276123046875
-0.125 0.0625 -0.318878173828125
-0.125 0.046875 0.323455810546875
-0.125 -0.134765625 -0.535125732421875
-0.125 -0.076171875 0.322967529296875
-0.1875 0.146484375 0.107635498046875
-0.21875 -0.267578125 -0.540252685546875
-0.25 -0.08203125 -0.323272705078125
-0.28125 0.00390625 0.105682373046875
-0.3125 -0.2109375 -0.326446533203125
-0.34375 0.025390625 0.511932373046875
-0.34375 -0.109375 0.511932373046875
-0.375 -0.232421875 0.510955810546875
