BICYCLIST
0.359375 0.306640625 0.119720458984375
0.328125 -0.201171875 0.118743896484375
0.234375 0.05078125 0.116790771484375
0.171875 -0.306640625 0.325775146484375
0.078125 -0.08984375 0.112396240234375
0.078125 0.005859375 0.748626708984375
-0.015625 -0.279296875 -0.102935791015625
-0.046875 0.24609375 0.535736083984375
-0.046875 -0.068359375 -0.316070556640625
-0.046875 0.130859375 0.534759521484375
-0.015625 -0.2421875 0.535736083984375
-0.046875 -0.154296875 -0.103912353515625
-0.078125 0.001953125 0.534759521484375
-0.078125 -0.125 0.534759521484375
-0.140625 0.12109375 -0.746490478515625
-0.171875 -0.00390625 -0.748626708984375
-0.171875 -0.03515625 -0.106842041015625
-0.171875 -0.19921875 -0.320465087890625
-0.203125 0.16796875 0.319915771484375
-0.265625 0.044921875 -0.323150634765625
-0.265625 -0.09375 0.317962646484375
-0.296875 0.119140625 0.504486083984375
-0.296875 0.037109375 0.317474365234375
-0.328125 -0.01953125 0.503509521484375
-0.359375 -0.14453125 0.503509521484375
-0.359375 -0.2734375 0.503509521484375
