BICYCLIST
0.359375 0.3134765625 0.0152587890625
0.359375 0.1904296875 0.0152587890625
0.390625 -0.2998046875 0.0147705078125
0.078125 0.0029296875 0.6343994140625
0.046875 0.1904296875 0.2174072265625
0.046875 -0.2119140625 0.0074462890625
0.046875 -0.1181640625 0.6334228515625
-0.046875 0.1005859375 -0.2034912109375
-0.046875 0.1337890625 0.4234619140625
-0.015625 -0.3134765625 0.2144775390625
-0.078125 -0.0283203125 -0.2044677734375
-0.046875 -0.2431640625 0.4234619140625
-0.109375 0.1845703125 -0.4156494140625
-0.078125 -0.1494140625 -0.2054443359375
-0.078125 0.0107421875 0.4234619140625
-0.109375 0.1181640625 -0.6248779296875
-0.078125 -0.2763671875 -0.2059326171875
-0.078125 -0.1142578125 0.4234619140625
-0.140625 0.0634765625 -0.4168701171875
-0.203125 -0.1337890625 -0.6287841796875
-0.234375 0.0400390625 0.2115478515625
-0.234375 -0.0849609375 0.2115478515625
-0.265625 -0.0732421875 -0.4215087890625
-0.265625 0.0126953125 0.0006103515625
-0.328125 0.0927734375 0.3658447265625
-0.328125 -0.2724609375 -0.6343994140625
-0.359375 -0.2119140625 -0.4244384765625
-0.359375 -0.0361328125 0.3658447265625
-0.390625 -0.1650390625 0.3648681640625
