BICYCLIST
0.390625 -0.1904296875 0.125
0.359375 -0.3154296875 0.1240234375
0.296875 0.2861328125 0.123046875
0.265625 0.1611328125 0.1220703125
0.046875 0.3154296875 0.322265625
-0.015625 0.0478515625 0.732421875
-0.015625 -0.0771484375 0.732421875
-0.015625 -0.2841796875 0.525390625
-0.078125 0.2021484375 0.525390625
-0.140625 0.0771484375 0.5234375
-0.171875 0.1416015625 -0.3052978515625
-0.140625 -0.0458984375 0.5234375
-0.203125 0.0146484375 -0.306640625
-0.234375 0.0009765625 0.10693359375
-0.234375 -0.1708984375 -0.1005859375
-0.265625 0.0830078125 -0.100830078125
-0.265625 -0.1162109375 -0.310302734375
-0.265625 -0.1962890625 -0.7265625
-0.296875 0.1611328125 0.3134765625
-0.296875 -0.2431640625 -0.311767578125
-0.328125 -0.0478515625 -0.10400390625
-0.328125 -0.1064453125 -0.5213623046875
-0.359375 0.0107421875 -0.521759033203125
-0.359375 0.0302734375 0.31201171875
-0.390625 -0.0830078125 -0.732421875
-0.390625 -0.0927734375 0.310546875
-0.390625 -0.2333984375 -0.525299072265625
