BICYCLIST
0.34375 0.28125 0.01433563232421875
0.34375 0.15625 0.01335906982421875
0.375 -0.19140625 0.01384735107421875
0.375 -0.314453125 0.01335906982421875
0.21875 -0.083984375 0.00945281982421875
0.1875 0.033203125 0.00847625732421875
0.15625 0.314453125 0.21160125732421875
-0.03125 0.208984375 0.41033172607421875
0.0 -0.279296875 0.41033172607421875
-0.09375 0.033203125 -0.6149215698242188
-0.0625 -0.21484375 0.6149215698242188
-0.125 0.041015625 0.6139450073242188
-0.15625 0.01171875 -0.41278839111328125
-0.15625 0.08203125 0.40837860107421875
-0.1875 0.14453125 -0.41327667236328125
-0.1875 0.08984375 -0.20709991455078125
-0.15625 -0.166015625 0.40789031982421875
-0.1875 0.146484375 0.6129684448242188
-0.1875 -0.056640625 0.40740203857421875
-0.21875 -0.05078125 -0.20929718017578125
-0.25 -0.17578125 -0.21002960205078125
-0.34375 0.15625 0.19939422607421875
-0.375 0.02734375 0.19841766357421875
-0.375 -0.119140625 -0.42182159423828125
