BICYCLIST
0.359375 -0.224609375 0.015380859375
0.296875 0.251953125 0.014404296875
0.078125 0.130859375 0.213623046875
-0.015625 0.048828125 -0.198974609375
-0.015625 -0.046875 0.623779296875
-0.015625 -0.17578125 0.623779296875
-0.078125 0.072265625 0.416748046875
-0.109375 0.193359375 0.416748046875
-0.109375 -0.115234375 -0.407958984375
-0.109375 -0.0546875 0.416748046875
-0.109375 -0.171875 0.416748046875
-0.140625 -0.181640625 -0.6160888671875
-0.140625 -0.244140625 -0.40966796875
-0.171875 -0.126953125 0.208740234375
-0.171875 -0.251953125 0.208740234375
-0.203125 -0.009765625 0.208740234375
-0.203125 -0.216796875 -0.205322265625
-0.234375 -0.06640625 -0.6199951171875
-0.234375 -0.08984375 -0.205810546875
-0.265625 0.072265625 0.001220703125
-0.328125 -0.017578125 -0.4150390625
-0.328125 -0.05078125 -0.000244140625
-0.359375 0.04296875 -0.623779296875
