BICYCLIST
0.328125 0.302734375 0.11490631103515625
0.328125 0.171875 0.11490631103515625
0.359375 -0.193359375 0.11490631103515625
0.359375 -0.302734375 0.11490631103515625
0.078125 0.09765625 -0.09651947021484375
0.046875 0.173828125 0.31314849853515625
0.015625 -0.009765625 0.7242813110351562
0.015625 -0.134765625 0.7242813110351562
-0.078125 -0.12109375 -0.7224807739257812
-0.109375 0.111328125 0.5172500610351562
-0.109375 -0.015625 0.5172500610351562
-0.109375 -0.26171875 -0.7242813110351562
-0.140625 0.224609375 0.5172500610351562
-0.140625 -0.015625 -0.5169296264648438
-0.109375 -0.138671875 0.5172500610351562
-0.140625 -0.046875 -0.10335540771484375
-0.140625 -0.140625 -0.5172958374023438
-0.203125 -0.091796875 0.30826568603515625
-0.234375 0.025390625 0.30826568603515625
-0.234375 -0.21875 -0.31356048583984375
-0.234375 -0.30078125 -0.10726165771484375
-0.265625 -0.09765625 -0.31478118896484375
-0.265625 -0.27734375 -0.5226669311523438
-0.265625 -0.220703125 0.30728912353515625
-0.328125 0.021484375 -0.31649017333984375
-0.328125 -0.01171875 0.09879302978515625
-0.359375 0.14453125 -0.31697845458984375
