BICYCLIST
-0.171875 -0.26983642578125 -0.270751953125
-0.140625 -0.203125 -0.350341796875
-0.140625 -0.35498046875 -0.042236328125
-0.140625 -0.497802734375 0.038818359375
-0.109375 -0.3680419921875 0.266357421875
-0.109375 -0.18310546875 0.266357421875
-0.109375 -0.326934814453125 0.350341796875
-0.078125 -0.2947998046875 0.660888671875
-0.046875 -0.37372589111328125 -0.660888671875
-0.046875 -0.0029296875 -0.66015625
-0.046875 -0.017578125 -0.351318359375
-0.046875 -0.5135498046875 0.349365234375
-0.046875 -0.14990234375 0.573974609375
-0.015625 -0.06396484375 -0.273681640625
-0.015625 0.122802734375 -0.273681640625
0.015625 -0.4376220703125 -0.274658203125
0.015625 -0.540283203125 -0.044189453125
0.046875 -0.38806915283203125 -0.353271484375
0.046875 0.168701171875 -0.353271484375
0.046875 0.353759765625 -0.352783203125
0.046875 0.291748046875 -0.274658203125
0.046875 0.497314453125 -0.274658203125
0.046875 0.212646484375 0.574951171875
0.078125 0.053955078125 0.036865234375
0.078125 0.540283203125 -0.353271484375
0.109375 0.00732421875 -0.045166015625
0.109375 -0.1424560546875 0.036376953125
0.171875 0.193603515625 -0.045166015625
