BICYCLIST
0.390625 -0.15234375 0.2515869140625
0.171875 -0.04296875 0.2476806640625
0.046875 0.392578125 0.4801025390625
0.046875 0.04296875 0.0108642578125
0.015625 0.099609375 0.2447509765625
-0.015625 -0.111328125 0.0084228515625
-0.078125 0.33984375 0.7095947265625
-0.078125 0.244140625 0.4781494140625
-0.078125 0.19921875 0.7086181640625
-0.109375 0.056640625 0.7086181640625
-0.140625 0.046875 -0.4619140625
-0.171875 0.0625 -0.69775390625
-0.203125 0.107421875 0.4752197265625
-0.234375 0.181640625 -0.4638671875
-0.234375 0.111328125 -0.2315673828125
-0.234375 -0.029296875 -0.2315673828125
-0.265625 0.25 -0.2318115234375
-0.265625 0.181640625 -0.7020263671875
-0.328125 0.3203125 -0.70361328125
-0.296875 -0.103515625 -0.704833984375
-0.296875 -0.228515625 -0.7044677734375
-0.359375 0.294921875 0.6080322265625
-0.328125 -0.123046875 0.6070556640625
-0.359375 0.1484375 0.6080322265625
-0.359375 0.013671875 0.6070556640625
-0.390625 -0.392578125 -0.7095947265625
