BICYCLIST
-0.375 0.15625 -0.11993408203125
-0.40625 0.328125 -0.64794921875
-0.28125 0.0625 0.04345703125
-0.25 0.0390625 -0.650634765625
-0.1875 -0.203125 0.14111328125
-0.1875 -0.0703125 -0.48193359375
-0.09375 -0.375 0.56494140625
-0.0625 -0.21875 0.0394287109375
-0.0625 -0.1875 0.5634765625
-0.03125 -0.1796875 0.301025390625
-0.0625 -0.0234375 0.56298828125
0.03125 -0.03125 0.0355224609375
-0.03125 0.2578125 -0.6630859375
0.125 0.0234375 0.29638671875
0.15625 -0.109375 0.6630859375
0.21875 -0.2578125 0.66259765625
0.15625 0.1171875 -0.1365966796875
0.1875 0.0625 0.662109375
0.15625 0.21875 0.66162109375
0.125 0.375 0.66162109375
0.28125 -0.1796875 0.39501953125
0.28125 -0.0078125 -0.140045166015625
0.25 0.1484375 -0.40673828125
0.34375 0.0078125 -0.4093017578125
0.34375 0.09375 0.124267578125
0.40625 0.0078125 0.39111328125
