BICYCLIST
-0.5 -0.046875 -0.77392578125
-0.375 -0.484375 0.072021484375
-0.34375 0.0859375 0.067138671875
-0.03125 -0.5234375 0.52294921875
-0.1875 0.140625 0.29345703125
-0.03125 -0.375 0.29296875
-0.03125 -0.390625 0.5224609375
0.0 -0.234375 0.52099609375
-0.0625 0.0390625 0.52099609375
0.0 -0.09375 0.059326171875
0.0 -0.09375 0.52099609375
0.0625 -0.03125 -0.1031494140625
0.03125 0.0234375 0.82958984375
0.15625 -0.1796875 0.28759765625
0.125 -0.09375 0.82861328125
0.25 -0.4609375 -0.4056396484375
0.25 -0.3203125 -0.406829833984375
0.25 -0.328125 0.595703125
0.21875 -0.171875 0.0537109375
0.21875 -0.1953125 0.595703125
0.1875 0.0078125 -0.34024810791015625
0.3125 -0.4453125 0.052490234375
0.15625 0.125 0.361328125
0.21875 -0.0625 0.59521484375
0.375 -0.3984375 0.283203125
0.375 -0.390625 0.359375
0.3125 -0.1015625 -0.110595703125
0.375 -0.2265625 -0.814697265625
0.40625 -0.2421875 0.35791015625
0.375 -0.0703125 -0.5823974609375
0.46875 -0.3359375 -0.583251953125
0.4375 -0.21875 -0.1134033203125
0.28125 0.3359375 -0.819091796875
0.4375 -0.140625 0.12060546875
0.5 -0.3359375 -0.3483295440673828
0.46875 -0.203125 -0.3478507995605469
0.46875 -0.1953125 -0.5848388671875
0.46875 0.15625 0.117919921875
0.4375 0.5234375 -0.82958984375
