BICYCLIST
0.3125 0.2783203125 0.1419677734375
0.125 0.1142578125 0.1370849609375
0.03125 0.3056640625 0.3900146484375
0.03125 0.0458984375 -0.1197509765625
0.0 0.2041015625 -0.1207275390625
0.03125 -0.3056640625 0.3895263671875
-0.03125 -0.2197265625 0.6444091796875
-0.09375 0.1513671875 -0.379150390625
-0.09375 -0.0009765625 -0.3787841796875
-0.09375 0.2275390625 0.6434326171875
-0.09375 -0.1064453125 -0.1236572265625
-0.09375 0.0830078125 0.6434326171875
-0.09375 -0.0732421875 0.6434326171875
-0.125 0.1357421875 0.3870849609375
-0.125 -0.1904296875 0.1312255859375
-0.15625 -0.0478515625 0.1307373046875
-0.1875 -0.0126953125 0.3861083984375
-0.1875 -0.1767578125 0.3856201171875
-0.28125 -0.0986328125 -0.6436767578125
-0.28125 -0.2451171875 -0.6444091796875
-0.3125 -0.1689453125 -0.38726806640625
