BICYCLIST
-0.5078125 -0.41015625 -0.2056732177734375
-0.3515625 -0.53515625 0.23681640625
-0.3203125 -0.58984375 0.236328125
-0.2578125 -0.49609375 0.1962890625
-0.1484375 -0.49609375 0.564208984375
-0.1171875 -0.55078125 0.564208984375
-0.3828125 -0.00390625 0.2216796875
-0.2265625 -0.29296875 0.787841796875
-0.1953125 -0.34765625 0.787841796875
-0.3359375 -0.05078125 0.220947265625
-0.0546875 -0.52734375 -0.232696533203125
-0.0859375 -0.46484375 -0.233367919921875
-0.0859375 -0.47265625 0.300537109375
-0.1171875 -0.39453125 0.560302734375
-0.0546875 -0.46484375 0.183837890625
-0.1796875 -0.19921875 0.065673828125
-0.1015625 -0.30859375 0.558349609375
-0.1171875 -0.23046875 0.556884765625
-0.1640625 -0.10546875 0.555419921875
-0.1328125 -0.16015625 0.555908203125
-0.2109375 0.01171875 0.1767578125
0.0703125 -0.46484375 0.408935546875
-0.2265625 0.08984375 0.174560546875
-0.1171875 -0.09765625 0.755615234375
0.1015625 -0.43359375 -0.410400390625
0.1015625 -0.44921875 0.523193359375
0.0703125 -0.36328125 -0.4114990234375
-0.1640625 0.05859375 0.552001953125
-0.0234375 -0.20703125 0.755126953125
0.1484375 -0.50390625 0.522216796875
0.0234375 -0.23828125 -0.2506103515625
-0.0078125 -0.17578125 0.05419921875
-0.0078125 -0.19921875 0.637939453125
0.1328125 -0.41796875 0.0552978515625
0.0234375 -0.25390625 0.754150390625
-0.1328125 0.06640625 0.286376953125
0.1796875 -0.45703125 0.207763671875
0.1484375 -0.38671875 0.206298828125
0.1640625 -0.41015625 0.286376953125
0.1640625 -0.39453125 -0.18231201171875
0.1328125 -0.35546875 0.519775390625
0.0703125 -0.23046875 0.635986328125
0.1015625 -0.29296875 0.752685546875
0.0703125 -0.19921875 0.20458984375
0.1484375 -0.34765625 0.402099609375
0.1484375 -0.33203125 0.051025390625
0.1796875 -0.41796875 0.636474609375
0.1484375 -0.35546875 0.636474609375
0.1953125 -0.39453125 0.167724609375
0.1328125 -0.26953125 0.517822265625
0.2421875 -0.44921875 0.400146484375
0.1484375 -0.26953125 0.634521484375
0.1953125 -0.30078125 -0.18818116188049316
0.1640625 -0.23046875 -0.4256591796875
0.0703125 -0.07421875 0.633056640625
0.0390625 0.00390625 0.397216796875
0.1796875 -0.24609375 0.398193359375
0.1484375 -0.16015625 -0.19144821166992188
0.1328125 -0.10546875 0.513916015625
0.1640625 -0.16015625 0.513427734375
0.1015625 -0.03515625 0.395751953125
0.2109375 -0.20703125 -0.19404983520507812
0.0703125 0.02734375 0.512939453125
0.1796875 -0.16015625 0.395751953125
0.1171875 -0.03515625 0.512939453125
0.1640625 -0.08203125 0.394287109375
0.3515625 -0.37890625 0.157958984375
0.3515625 -0.34765625 0.542724609375
0.2890625 -0.16796875 0.27294921875
-0.1171875 0.58984375 -0.734619140625
0.3359375 -0.13671875 0.0325927734375
0.4453125 -0.32421875 0.269775390625
0.4921875 -0.38671875 0.151123046875
0.3359375 -0.06640625 0.14892578125
-0.0234375 0.57421875 -0.742919921875
0.5078125 -0.37109375 0.26806640625
0.4765625 -0.29296875 -0.447998046875
0.5078125 -0.27734375 -0.741943359375
0.1171875 0.57421875 -0.755126953125
0.4140625 0.06640625 0.259521484375
0.2265625 0.56640625 -0.764892578125
0.3671875 0.55859375 -0.777099609375
0.4921875 0.55078125 -0.787841796875
