BICYCLIST
-0.15625 -0.310546875 0.3875732421875
-0.09375 0.306640625 0.2684326171875
-0.09375 0.158203125 0.3880615234375
-0.09375 0.060546875 -0.4912109375
-0.09375 0.017578125 0.0035400390625
-0.09375 -0.150390625 -0.37884521484375
-0.09375 -0.083984375 0.3875732421875
-0.09375 -0.150390625 0.2684326171875
-0.03125 0.447265625 0.0018310546875
-0.03125 0.486328125 0.6512451171875
-0.03125 0.072265625 0.2674560546875
-0.03125 0.029296875 -0.1119384765625
0.03125 0.470703125 -0.1131591796875
0.03125 0.263671875 -0.1131591796875
0.03125 0.263671875 0.6512451171875
0.03125 0.130859375 0.7703857421875
0.03125 -0.064453125 -0.7669677734375
0.03125 0.037109375 0.6512451171875
0.03125 -0.197265625 -0.1138916015625
0.03125 -0.236328125 0.0008544921875
0.03125 -0.271484375 -0.7664794921875
0.09375 0.482421875 -0.494873046875
0.03125 -0.392578125 -0.38275146484375
0.03125 -0.419921875 -0.494415283203125
0.09375 0.392578125 -0.7674560546875
0.09375 0.298828125 -0.3828125
0.03125 -0.513671875 -0.7667236328125
0.09375 0.255859375 -0.49444580078125
0.09375 0.220703125 0.0003662109375
0.09375 0.064453125 -0.38360595703125
0.09375 -0.181640625 -0.4947509765625
0.15625 0.513671875 -0.3841552734375
0.15625 0.158203125 -0.7703857421875
