BICYCLIST
-0.25 -0.361328125 -0.40533447265625
-0.25 -0.466796875 0.17034912109375
-0.25 -0.22265625 0.11956787109375
-0.21875 -0.384765625 0.11859130859375
-0.21875 -0.298828125 0.45941162109375
-0.21875 -0.125 0.45941162109375
-0.1875 -0.392578125 -0.45489501953125
-0.1875 -0.267578125 -0.69683837890625
-0.1875 -0.0625 -0.16802978515625
-0.1875 -0.22265625 0.40374755859375
-0.1875 -0.05078125 0.40374755859375
-0.15625 -0.056640625 -0.45513916015625
-0.125 -0.392578125 0.40374755859375
-0.09375 -0.181640625 -0.40875244140625
-0.0625 -0.228515625 -0.16998291015625
-0.0625 0.12109375 -0.45782470703125
-0.0625 -0.26171875 0.74749755859375
-0.0625 -0.0859375 0.74749755859375
0.0 -0.244140625 -0.74749755859375
0.0 0.11328125 -0.12115478515625
0.0 0.15234375 0.69085693359375
0.03125 0.2890625 -0.12213134765625
0.03125 0.326171875 0.69085693359375
0.0625 0.287109375 -0.17193603515625
0.09375 0.466796875 -0.46124267578125
0.1875 0.05859375 0.16448974609375
0.25 0.146484375 0.11468505859375
