BICYCLIST
-0.265625 -0.4013671875 0.1871337890625
-0.265625 -0.2373046875 0.1861572265625
-0.203125 -0.1884765625 -0.0867919921875
-0.203125 -0.2138671875 0.0943603515625
-0.203125 -0.0751953125 0.4595947265625
-0.171875 -0.2099609375 -0.6341552734375
-0.171875 -0.0439453125 -0.6348876953125
-0.171875 -0.2373046875 0.4595947265625
-0.140625 -0.2939453125 -0.3612060546875
-0.140625 -0.2255859375 0.3648681640625
-0.140625 -0.0673828125 -0.1776123046875
-0.109375 -0.3447265625 -0.0882568359375
-0.109375 -0.3681640625 0.0938720703125
-0.140625 -0.0478515625 0.3648681640625
-0.109375 -0.0712890625 -0.721435546875
-0.109375 -0.0595703125 -0.4493408203125
-0.078125 -0.3955078125 -0.7218017578125
-0.109375 -0.0439453125 0.0928955078125
-0.046875 -0.3642578125 -0.6373291015625
-0.109375 0.2958984375 0.0924072265625
-0.046875 -0.2216796875 -0.1785888671875
-0.015625 -0.4482421875 -0.3636474609375
-0.078125 0.3154296875 -0.0897216796875
-0.046875 -0.0087890625 -0.0897216796875
-0.046875 0.1201171875 -0.4512939453125
-0.046875 -0.0322265625 0.7320556640625
-0.046875 0.1357421875 0.7320556640625
0.015625 -0.2412109375 -0.7247314453125
-0.015625 0.1083984375 -0.1800537109375
0.015625 -0.2021484375 -0.4520263671875
-0.015625 0.1513671875 0.6363525390625
-0.015625 0.4287109375 -0.1805419921875
0.046875 0.1630859375 -0.0921630859375
0.046875 0.1201171875 0.1822509765625
0.078125 0.1083984375 -0.7275390625
0.078125 0.3076171875 -0.6427001953125
0.078125 0.2958984375 -0.4547119140625
0.109375 0.2841796875 -0.1824951171875
0.140625 0.4482421875 -0.4566650390625
0.203125 0.4482421875 -0.7320556640625
0.265625 0.1552734375 0.0885009765625
