BICYCLIST
-0.28125 -0.330078125 -0.50494384765625
-0.28125 -0.361328125 0.26385498046875
-0.25 -0.474609375 -0.50469970703125
-0.28125 -0.201171875 0.51971435546875
-0.28125 -0.041015625 0.26287841796875
-0.21875 -0.408203125 -0.24884033203125
-0.1875 -0.486328125 0.26190185546875
-0.21875 -0.208984375 0.17498779296875
-0.21875 -0.056640625 0.17498779296875
-0.1875 -0.345703125 0.51873779296875
-0.15625 -0.388671875 -0.58966064453125
-0.21875 -0.037109375 0.51873779296875
-0.21875 0.099609375 0.17401123046875
-0.15625 -0.201171875 0.42889404296875
-0.09375 -0.537109375 -0.58990478515625
-0.15625 -0.158203125 0.77459716796875
-0.15625 -0.048828125 0.42889404296875
-0.15625 0.087890625 -0.08087158203125
-0.15625 0.107421875 0.42889404296875
-0.09375 -0.232421875 -0.25323486328125
-0.15625 0.240234375 -0.08135986328125
-0.09375 -0.150390625 -0.51055908203125
-0.15625 0.255859375 0.42791748046875
-0.15625 0.287109375 0.25994873046875
-0.0625 -0.267578125 0.00360107421875
-0.0625 -0.205078125 -0.08184814453125
-0.0625 0.009765625 -0.51275634765625
-0.03125 -0.123046875 0.00311279296875
-0.0625 0.009765625 0.77459716796875
-0.09375 0.427734375 0.17205810546875
-0.0625 0.134765625 0.68377685546875
-0.0625 0.169921875 0.77459716796875
0.0 -0.064453125 -0.25567626953125
0.0 -0.048828125 -0.08331298828125
0.03125 -0.201171875 -0.59552001953125
0.0625 -0.384765625 -0.7720947265625
-0.03125 0.380859375 -0.7728271484375
0.0625 -0.228515625 -0.7724609375
-0.03125 0.302734375 0.68280029296875
0.03125 0.080078125 -0.77398681640625
-0.03125 0.537109375 -0.7734375
0.0625 -0.041015625 -0.59722900390625
0.03125 0.244140625 -0.7740478515625
0.09375 -0.060546875 -0.77459716796875
0.0 0.458984375 0.68280029296875
0.09375 0.291015625 -0.34259033203125
0.125 0.267578125 -0.25958251953125
0.125 0.341796875 -0.51910400390625
0.25 0.181640625 0.25604248046875
0.28125 0.447265625 -0.60552978515625
