BICYCLIST
-0.234375 -0.271484375 0.25335693359375
-0.203125 -0.123046875 0.25238037109375
-0.203125 -0.107421875 0.15570068359375
-0.203125 -0.119140625 0.50238037109375
-0.140625 -0.416015625 0.25140380859375
-0.203125 0.033203125 0.50238037109375
-0.078125 -0.529296875 -0.50054931640625
-0.203125 0.185546875 0.50238037109375
-0.140625 -0.099609375 0.40472412109375
-0.109375 -0.162109375 -0.24957275390625
-0.046875 -0.470703125 -0.75238037109375
-0.140625 0.048828125 0.40472412109375
-0.046875 -0.447265625 -0.25054931640625
-0.078125 -0.244140625 0.15472412109375
-0.078125 -0.240234375 0.40472412109375
-0.078125 -0.251953125 0.50238037109375
-0.109375 0.056640625 0.15472412109375
-0.140625 0.349609375 0.40570068359375
-0.015625 -0.216796875 -0.50347900390625
-0.015625 -0.189453125 -0.00103759765625
-0.078125 0.083984375 0.75238037109375
0.015625 -0.345703125 -0.00103759765625
0.015625 -0.287109375 -0.25201416015625
0.015625 -0.232421875 -0.34429931640625
-0.015625 -0.037109375 -0.00103759765625
-0.078125 0.240234375 0.75238037109375
-0.046875 0.201171875 -0.09527587890625
-0.015625 0.056640625 -0.34429931640625
-0.078125 0.517578125 0.15472412109375
0.046875 -0.095703125 -0.09625244140625
0.046875 0.060546875 -0.59649658203125
-0.015625 0.423828125 -0.00250244140625
-0.046875 0.525390625 0.65374755859375
0.015625 0.244140625 0.65374755859375
0.078125 0.068359375 -0.09674072265625
0.109375 -0.064453125 -0.34722900390625
0.078125 0.232421875 -0.34674072265625
0.140625 0.115234375 -0.50958251953125
0.109375 0.291015625 -0.00396728515625
0.078125 0.529296875 -0.09771728515625
0.140625 0.376953125 -0.09820556640625
0.234375 0.416015625 -0.35113525390625
