BICYCLIST
-0.140625 -0.412109375 0.125244140625
-0.140625 -0.259765625 0.370361328125
-0.140625 0.029296875 0.370361328125
-0.109375 -0.119140625 0.370361328125
-0.078125 -0.220703125 0.017822265625
-0.078125 -0.220703125 0.261962890625
-0.078125 -0.107421875 0.124267578125
-0.078125 -0.076171875 0.261962890625
-0.015625 -0.388671875 0.369384765625
-0.109375 0.216796875 0.261962890625
-0.078125 0.083984375 0.261962890625
-0.078125 0.193359375 0.124267578125
-0.046875 0.083984375 0.016845703125
-0.015625 -0.033203125 -0.121826171875
0.015625 -0.185546875 -0.121337890625
0.046875 -0.345703125 0.016845703125
-0.046875 0.083984375 0.614501953125
-0.015625 -0.064453125 0.613525390625
0.046875 -0.201171875 -0.61328125
-0.015625 0.099609375 0.504150390625
0.015625 0.068359375 -0.226806640625
0.046875 -0.068359375 -0.226806640625
-0.015625 0.240234375 0.614501953125
0.078125 -0.056640625 -0.614501953125
-0.015625 0.388671875 0.015869140625
0.015625 0.248046875 0.504150390625
0.015625 0.412109375 0.504150390625
0.140625 0.404296875 -0.230224609375
