BICYCLIST
-0.0625 -0.28515625 0.001953125
-0.09375 -0.00390625 0.244140625
0.0 -0.42578125 0.001953125
-0.0625 -0.13671875 0.244140625
-0.03125 -0.27734375 0.244140625
-0.03125 -0.19921875 0.1435546875
-0.03125 -0.12890625 0.0009765625
0.0 -0.19921875 -0.0966796875
-0.0625 0.08984375 0.1435546875
-0.03125 -0.05859375 0.1435546875
-0.03125 -0.09765625 0.4853515625
0.0 -0.07421875 -0.24169921875
0.0 -0.05078125 -0.0966796875
-0.03125 0.11328125 0.3837890625
-0.0625 0.37890625 0.1435546875
0.0 0.05078125 0.4853515625
0.0 0.16015625 0.0009765625
0.0625 -0.05859375 -0.33837890625
0.09375 -0.16015625 -0.4853515625
0.0 0.39453125 -0.09765625
0.03125 0.20703125 0.4853515625
0.03125 0.26953125 0.3837890625
0.0625 0.42578125 0.3837890625
0.09375 0.37890625 -0.24462890625
