BICYCLIST
-0.046875 -0.3046875 0.035400390625
-0.015625 -0.4453125 0.035400390625
-0.046875 -0.296875 0.274658203125
-0.109375 0.1171875 0.274658203125
-0.078125 -0.0078125 0.274658203125
-0.046875 -0.1484375 0.274658203125
-0.015625 -0.1484375 -0.033935546875
0.015625 -0.2734375 -0.033935546875
-0.046875 -0.0078125 0.202392578125
-0.015625 -0.1484375 0.202392578125
0.015625 -0.28125 0.202392578125
-0.078125 0.265625 0.202392578125
-0.046875 0.1484375 0.033447265625
0.015625 -0.1328125 0.033447265625
0.078125 -0.359375 -0.204345703125
0.078125 -0.3203125 -0.444580078125
0.015625 -0.1171875 0.512939453125
0.046875 -0.1484375 -0.272705078125
-0.015625 0.1328125 0.202392578125
0.046875 0.015625 -0.034912109375
0.046875 0.03125 0.439697265625
0.046875 0.0390625 0.512939453125
0.046875 0.1875 0.439697265625
0.109375 0.015625 -0.512939453125
0.046875 0.1875 0.512939453125
0.046875 0.359375 -0.206787109375
0.078125 0.3359375 0.439697265625
0.109375 0.4453125 -0.275634765625
