BICYCLIST
-0.03125 -0.3125 0.151611328125
-0.03125 -0.2578125 -0.075439453125
-0.0625 -0.125 -0.075927734375
0.03125 -0.421875 0.150634765625
-0.03125 -0.15625 0.150634765625
-0.03125 -0.0703125 -0.151123046875
0.03125 -0.265625 -0.534423828125
0.0 -0.1640625 0.075439453125
0.09375 -0.5 -0.076904296875
-0.03125 -0.03125 0.075439453125
0.0 -0.1640625 0.380126953125
-0.03125 -0.0234375 0.379150390625
-0.125 0.3515625 0.075439453125
0.03125 -0.1875 -0.151611328125
-0.0625 0.203125 -0.152099609375
-0.0625 0.2265625 -0.379150390625
0.09375 -0.359375 -0.077392578125
0.0 -0.0390625 0.302001953125
0.0625 -0.1796875 -0.607666015625
-0.03125 0.09375 0.302001953125
0.0 0.0234375 0.607666015625
0.0 0.109375 0.074462890625
-0.03125 0.2421875 0.302001953125
0.0 0.15625 0.607666015625
-0.0625 0.5 -0.153564453125
0.0 0.265625 0.528564453125
0.125 0.0234375 0.148681640625
0.125 0.21875 -0.080810546875
0.125 0.421875 -0.384521484375
0.125 0.40625 -0.156005859375
