BICYCLIST
-0.09375 -0.29296875 0.330596923828125
-0.09375 -0.26171875 0.118194580078125
-0.15625 -0.05859375 -0.095672607421875
-0.1875 0.04296875 0.541534423828125
0.0 -0.35546875 -0.309295654296875
-0.125 -0.06640625 0.540557861328125
0.0 -0.35546875 0.116729736328125
-0.0625 -0.16796875 -0.096649169921875
-0.125 -0.02734375 0.248565673828125
-0.15625 0.08984375 0.037628173828125
0.03125 -0.39453125 0.329620361328125
-0.0625 -0.14453125 0.248077392578125
-0.25 0.33984375 0.459503173828125
-0.1875 0.21484375 0.036651611328125
0.0 -0.29296875 0.540557861328125
-0.25 0.37890625 0.115753173828125
-0.09375 -0.00390625 0.036651611328125
-0.125 0.08984375 -0.175750732421875
-0.03125 -0.18359375 0.540557861328125
-0.1875 0.23828125 0.459503173828125
-0.125 0.12109375 0.459503173828125
-0.0625 -0.01171875 0.328643798828125
-0.25 0.46484375 0.247589111328125
-0.1875 0.33203125 -0.099090576171875
0.0625 -0.26171875 -0.099090576171875
-0.03125 -0.00390625 -0.176727294921875
0.0 -0.09765625 0.458526611328125
0.0625 -0.20703125 -0.313201904296875
0.0625 -0.21484375 0.035675048828125
-0.03125 0.01171875 0.458526611328125
-0.0625 0.12890625 0.247100830078125
0.03125 -0.08984375 0.035186767578125
0.21875 -0.51953125 -0.741485595703125
0.1875 -0.39453125 -0.527557373046875
0.15625 -0.26953125 -0.527435302734375
0.25 -0.51171875 -0.527191162109375
-0.03125 0.15234375 0.670440673828125
-0.0625 0.22265625 0.753448486328125
0.0 0.12890625 -0.101531982421875
0.03125 0.07421875 -0.316131591796875
0.0 0.10546875 0.753448486328125
-0.03125 0.26171875 -0.102508544921875
0.125 -0.08203125 -0.604766845703125
0.15625 -0.12890625 -0.529876708984375
-0.03125 0.28515625 0.670440673828125
-0.0625 0.36328125 0.753448486328125
0.1875 -0.18359375 -0.605438232421875
-0.0625 0.41015625 0.670440673828125
0.125 0.05859375 -0.606353759765625
0.0 0.42578125 -0.182586669921875
0.1875 -0.00390625 -0.319793701171875
0.125 0.20703125 -0.609466552734375
0.03125 0.51953125 -0.751220703125
0.09375 0.37890625 0.108428955078125
0.125 0.41015625 -0.753448486328125
0.1875 0.22265625 0.322784423828125
0.15625 0.33984375 -0.611907958984375
