BICYCLIST
-0.15625 0.08984375 0.3682861328125
-0.15625 -0.353515625 0.3673095703125
-0.09375 0.142578125 0.3404541015625
-0.09375 -0.080078125 0.3399658203125
-0.09375 -0.283203125 0.3399658203125
-0.03125 -0.083984375 -0.7349853515625
-0.03125 -0.064453125 0.0006103515625
-0.03125 -0.107421875 -0.39111328125
-0.03125 -0.111328125 -0.0257568359375
-0.03125 -0.224609375 -0.3668212890625
-0.03125 -0.138671875 0.3668212890625
-0.03125 -0.123046875 0.7349853515625
0.03125 0.32421875 -0.0257568359375
0.03125 0.125 0.7027587890625
0.03125 0.072265625 0.7349853515625
0.03125 -0.095703125 0.7027587890625
0.03125 -0.279296875 -0.0008544921875
0.03125 -0.322265625 -0.393310546875
0.03125 -0.333984375 -0.0267333984375
0.03125 -0.427734375 -0.36962890625
0.09375 0.37890625 -0.0013427734375
0.09375 0.23046875 -0.36962890625
0.09375 0.16015625 -0.0013427734375
0.09375 0.115234375 -0.3931884765625
0.09375 0.087890625 -0.0277099609375
0.09375 -0.013671875 -0.369873046875
0.15625 0.427734375 -0.3704833984375
