BICYCLIST
-0.203125 -0.296875 0.0069122314453125
-0.125 -0.390625 0.0064239501953125
-0.125 -0.34375 0.2075958251953125
-0.0625 -0.4375 0.2075958251953125
-0.203125 -0.171875 0.0049591064453125
-0.109375 -0.234375 0.4073028564453125
-0.046875 -0.328125 0.4073028564453125
-0.125 -0.1875 0.2056427001953125
-0.15625 -0.125 0.4073028564453125
0.046875 -0.421875 0.0030059814453125
0.03125 -0.390625 -0.1988983154296875
0.015625 -0.359375 -0.6016082763671875
-0.15625 -0.078125 -0.1996307373046875
-0.140625 -0.109375 0.1289825439453125
-0.125 -0.109375 -0.0731658935546875
-0.046875 -0.21875 -0.0736541748046875
0.109375 -0.453125 -0.6034698486328125
-0.171875 0.0 -0.0736541748046875
0.125 -0.46875 0.2041778564453125
-0.1875 0.015625 0.4063262939453125
-0.171875 0.015625 0.1280059814453125
-0.09375 -0.109375 0.6065216064453125
-0.1875 0.0625 0.2036895751953125
0.015625 -0.21875 -0.6056060791015625
0.015625 -0.21875 -0.4026336669921875
-0.078125 -0.078125 0.3291778564453125
-0.015625 -0.171875 0.3286895751953125
-0.015625 -0.15625 0.1275177001953125
-0.03125 -0.109375 -0.6065216064453125
0.046875 -0.234375 -0.2023162841796875
0.015625 -0.203125 0.6055450439453125
-0.125 0.046875 0.3286895751953125
-0.171875 0.15625 0.3282012939453125
0.140625 -0.28125 -0.4050750732421875
-0.078125 0.09375 0.5293731689453125
-0.046875 0.046875 0.6045684814453125
0.0625 -0.078125 -0.2059783935546875
0.109375 -0.09375 -0.4822235107421875
0.0625 0.0 -0.4821014404296875
-0.1875 0.421875 -0.0800018310546875
-0.0625 0.28125 -0.2093963623046875
-0.046875 0.25 0.5283966064453125
-0.046875 0.40625 0.5274200439453125
-0.015625 0.40625 0.1206817626953125
0.03125 0.375 -0.4160614013671875
0.203125 0.171875 0.1949005126953125
0.1875 0.234375 -0.0106658935546875
0.09375 0.46875 -0.0868377685546875
