BICYCLIST
-0.109375 -0.3515625 0.10430908203125
-0.171875 -0.2578125 0.10479736328125
-0.140625 -0.3046875 0.30596923828125
0.03125 -0.4609375 -0.5017242431640625
-0.03125 -0.3828125 0.30499267578125
-0.15625 -0.1484375 -0.30084228515625
-0.078125 -0.2578125 -0.70489501953125
-0.0625 -0.2890625 0.50567626953125
0.046875 -0.3984375 0.10137939453125
-0.15625 -0.1015625 0.10186767578125
-0.109375 -0.1796875 0.50469970703125
-0.109375 -0.1484375 0.30303955078125
-0.03125 -0.2421875 -0.10052490234375
-0.140625 -0.0703125 0.50372314453125
-0.09375 -0.1171875 0.00421142578125
-0.171875 -0.0078125 0.20538330078125
0.0625 -0.3359375 -0.10150146484375
-0.078125 -0.1015625 -0.5073013305664062
-0.140625 -0.0078125 0.00274658203125
-0.078125 -0.1015625 0.20538330078125
0.140625 -0.4140625 0.30157470703125
0.0 -0.1796875 -0.30560302734375
0.015625 -0.1953125 0.00274658203125
-0.1875 0.1015625 0.30108642578125
-0.109375 0.0078125 -0.4007568359375
0.09375 -0.2578125 -0.30670166015625
-0.09375 0.0390625 0.40509033203125
-0.046875 -0.0390625 0.70489501953125
-0.015625 -0.0546875 0.40557861328125
0.046875 -0.1171875 0.70489501953125
-0.125 0.1640625 0.40411376953125
-0.125 0.1796875 0.20196533203125
0.09375 -0.1171875 0.20245361328125
-0.171875 0.2734375 0.40362548828125
-0.0625 0.1953125 -0.40704345703125
0.0 0.1328125 0.60528564453125
0.0 0.1484375 0.70391845703125
-0.046875 0.2421875 0.60528564453125
-0.03125 0.2578125 0.70294189453125
-0.125 0.4609375 -0.00555419921875
-0.015625 0.3828125 -0.41363525390625
-0.015625 0.3984375 -0.31903076171875
0.0 0.4140625 0.19610595703125
-0.015625 0.4296875 0.60333251953125
0.171875 0.2109375 0.29278564453125
0.046875 0.4296875 -0.00946044921875
0.1875 0.2890625 0.08673095703125
