BICYCLIST
-0.1171875 -0.40625 0.1080322265625
0.0078125 -0.5 -0.501042366027832
-0.0546875 -0.421875 0.3082275390625
-0.1171875 -0.3125 -0.703369140625
-0.1171875 -0.3125 0.3077392578125
-0.0078125 -0.453125 0.1055908203125
0.0234375 -0.484375 -0.2999267578125
-0.0546875 -0.3125 0.5079345703125
0.0234375 -0.375 -0.0980224609375
-0.1171875 -0.171875 -0.0982666015625
0.0234375 -0.359375 -0.7081298828125
0.0078125 -0.328125 -0.4547119140625
0.1015625 -0.453125 0.3057861328125
0.0546875 -0.390625 0.5069580078125
-0.0859375 -0.1875 0.5069580078125
-0.1328125 -0.109375 0.1519775390625
-0.1015625 -0.109375 -0.0509033203125
-0.0859375 -0.140625 0.3043212890625
-0.1328125 -0.078125 0.5059814453125
0.0546875 -0.3125 -0.0501708984375
-0.0390625 -0.1875 0.1514892578125
-0.1640625 0.015625 0.1505126953125
-0.1484375 0.0 -0.0516357421875
-0.1328125 -0.015625 0.3033447265625
-0.0703125 -0.078125 0.3516845703125
-0.1796875 0.078125 0.3028564453125
-0.1640625 0.0625 0.5050048828125
0.0234375 -0.171875 -0.0521240234375
0.0390625 -0.15625 0.3511962890625
-0.0859375 0.0625 0.3502197265625
-0.0546875 0.109375 0.5509033203125
-0.1171875 0.203125 0.3487548828125
-0.1796875 0.296875 0.3482666015625
-0.1796875 0.328125 0.1451416015625
0.0078125 0.109375 -0.466766357421875
0.0078125 0.109375 -0.314453125
0.0859375 0.03125 -0.5195159912109375
-0.0078125 0.140625 0.7081298828125
0.0703125 0.046875 0.7081298828125
-0.0078125 0.21875 -0.1099853515625
0.0859375 0.078125 0.5499267578125
-0.0234375 0.265625 -0.4701385498046875
-0.0078125 0.296875 0.5489501953125
-0.0078125 0.296875 0.7071533203125
-0.1328125 0.5 -0.0623779296875
0.0078125 0.4375 -0.0643310546875
0.1796875 0.421875 -0.0682373046875
0.1796875 0.4375 0.1368408203125
