BICYCLIST
-0.1484375 -0.390625 0.37059783935546875
-0.0546875 -0.453125 0.36962127685546875
-0.0703125 -0.375 0.5737228393554688
-0.1328125 -0.25 0.5737228393554688
-0.0859375 -0.28125 0.16210174560546875
-0.1328125 -0.21875 0.36864471435546875
0.1015625 -0.5 0.36864471435546875
-0.0859375 -0.203125 0.28173065185546875
0.0390625 -0.34375 0.16112518310546875
0.0546875 -0.34375 -0.25318145751953125
0.0859375 -0.40625 0.5727462768554688
-0.1484375 -0.109375 0.5727462768554688
-0.1015625 -0.140625 0.16014862060546875
0.0078125 -0.265625 -0.04688262939453125
-0.0078125 -0.1875 -0.46131134033203125
0.0703125 -0.28125 -0.46094512939453125
0.1171875 -0.34375 -0.04785919189453125
-0.1953125 0.015625 0.5717697143554688
0.0390625 -0.25 0.28075408935546875
-0.0546875 -0.140625 0.48680877685546875
0.1640625 -0.359375 -0.46167755126953125
-0.1015625 -0.046875 0.28026580810546875
-0.1015625 -0.03125 0.48680877685546875
-0.0859375 -0.03125 0.07323455810546875
-0.1640625 0.078125 0.07274627685546875
0.0078125 -0.109375 -0.04981231689453125
-0.1640625 0.09375 0.36473846435546875
0.0390625 -0.09375 0.07225799560546875
0.0546875 -0.09375 -0.5493850708007812
0.1328125 -0.1875 -0.13574981689453125
-0.1171875 0.125 0.48583221435546875
-0.1640625 0.234375 -0.05274200439453125
0.0078125 0.03125 -0.13770294189453125
-0.1171875 0.1875 0.15575408935546875
-0.1640625 0.234375 0.48485565185546875
0.1484375 -0.140625 0.48583221435546875
-0.0234375 0.171875 -0.13916778564453125
-0.1171875 0.28125 0.27684783935546875
-0.1328125 0.34375 0.15331268310546875
0.1953125 0.03125 -0.14160919189453125
0.0234375 0.28125 -0.26685333251953125
0.0234375 0.25 0.6909103393554688
-0.1171875 0.453125 0.06639862060546875
0.1171875 0.21875 0.15087127685546875
-0.0078125 0.390625 0.6909103393554688
0.1015625 0.40625 -0.6909103393554688
0.1171875 0.5 0.06200408935546875
