BICYCLIST
-0.203125 -0.3125 0.03704833984375
-0.140625 0.296875 0.31927490234375
-0.140625 -0.126953125 0.31927490234375
-0.140625 -0.173828125 0.39154052734375
-0.109375 0.048828125 -0.38787841796875
-0.109375 -0.2578125 -0.32086181640625
-0.109375 -0.341796875 0.31878662109375
-0.109375 -0.388671875 0.39105224609375
-0.078125 -0.1640625 -0.38873291015625
-0.046875 0.45703125 -0.03521728515625
-0.078125 -0.36328125 -0.68060302734375
-0.078125 -0.396484375 -0.74407958984375
-0.046875 -0.478515625 -0.32293701171875
0.015625 0.25390625 -0.6822509765625
-0.015625 -0.37109375 -0.39080810546875
0.015625 0.0625 -0.6822509765625
0.046875 0.478515625 -0.68304443359375
0.015625 -0.1640625 -0.68280029296875
0.015625 -0.189453125 -0.74688720703125
0.046875 0.150390625 -0.32427978515625
0.046875 -0.064453125 -0.32452392578125
0.046875 0.03515625 0.67376708984375
0.078125 0.232421875 -0.74798583984375
0.078125 0.0 -0.74798583984375
0.109375 0.462890625 -0.39251708984375
0.078125 0.0234375 0.74798583984375
0.109375 0.25 -0.39263916015625
0.109375 0.236328125 -0.03765869140625
0.109375 0.0234375 -0.03765869140625
0.171875 0.263671875 0.67279052734375
0.203125 0.369140625 -0.32745361328125
