BICYCLIST
-0.1171875 -0.3984375 0.3853759765625
0.0546875 -0.5078125 -0.7060546875
0.0859375 -0.4765625 -0.4888916015625
-0.0703125 -0.3046875 0.1651611328125
0.0546875 -0.4296875 0.3839111328125
-0.1484375 -0.1953125 0.1646728515625
0.0390625 -0.3828125 0.1651611328125
-0.0859375 -0.2578125 0.6007080078125
0.0234375 -0.3359375 0.5997314453125
0.0234375 -0.3046875 -0.0555419921875
-0.1328125 -0.1328125 0.2950439453125
-0.1640625 -0.0859375 0.3819580078125
-0.1328125 -0.1171875 0.5997314453125
0.1171875 -0.3359375 -0.2762451171875
-0.0078125 -0.1953125 0.2945556640625
-0.1171875 -0.0546875 -0.0579833984375
-0.0234375 -0.1484375 -0.0579833984375
-0.1484375 -0.0234375 0.1617431640625
0.1171875 -0.2578125 -0.4962158203125
0.0390625 -0.1640625 -0.49700927734375
-0.1484375 0.0546875 0.0733642578125
-0.2265625 0.1484375 -0.718994140625
-0.0546875 -0.0390625 0.5118408203125
-0.0859375 0.0703125 -0.1483154296875
0.1796875 -0.2109375 0.2926025390625
-0.0078125 -0.0078125 0.0723876953125
-0.0859375 0.0859375 -0.72137451171875
-0.1171875 0.1015625 0.5118408203125
0.1015625 -0.1015625 -0.1478271484375
0.0703125 -0.0859375 0.5118408203125
-0.1796875 0.2578125 -0.0633544921875
-0.1484375 0.2265625 0.0709228515625
-0.1328125 0.2109375 0.1578369140625
0.1484375 -0.0546875 -0.5891265869140625
0.0546875 0.0546875 -0.59002685546875
-0.1328125 0.2421875 0.5108642578125
0.0703125 0.0703125 -0.7259521484375
0.0078125 0.1328125 -0.2850341796875
-0.2109375 0.3671875 0.5098876953125
-0.1640625 0.3984375 0.2886962890625
0.2265625 0.0390625 -0.7296142578125
-0.0078125 0.3203125 -0.2894287109375
0.0078125 0.3671875 -0.1558837890625
-0.0703125 0.5078125 0.7296142578125
