BICYCLIST
-0.09375 -0.3984375 0.395751953125
0.09375 -0.5234375 0.173583984375
-0.078125 -0.3359375 0.173095703125
0.109375 -0.4921875 -0.7169189453125
0.046875 -0.4453125 0.394287109375
0.03125 -0.4140625 -0.271728515625
-0.171875 -0.1953125 -0.7181396484375
-0.15625 -0.2109375 0.172119140625
-0.0625 -0.2734375 -0.718994140625
-0.078125 -0.2578125 0.615966796875
0.03125 -0.3359375 0.615966796875
0.15625 -0.4296875 -0.49737548828125
-0.15625 -0.1171875 -0.052490234375
0.078125 -0.3515625 0.170654296875
0.046875 -0.2890625 -0.052490234375
-0.046875 -0.1953125 0.281005859375
0.0625 -0.2578125 0.058349609375
-0.109375 -0.1015625 0.614990234375
0.109375 -0.2890625 -0.5001220703125
0.109375 -0.2734375 -0.724365234375
0.09375 -0.2265625 0.280029296875
-0.09375 -0.0390625 0.390869140625
-0.171875 0.0390625 0.614013671875
-0.171875 0.0546875 0.279541015625
-0.078125 -0.0234375 0.056396484375
0.0625 -0.1328125 -0.5035400390625
0.03125 -0.0859375 0.501708984375
-0.15625 0.1015625 0.389892578125
0.0625 -0.0859375 -0.615570068359375
0.15625 -0.1796875 -0.168212890625
-0.015625 0.0078125 -0.169189453125
-0.046875 0.0234375 0.501708984375
-0.109375 0.1640625 0.500732421875
-0.140625 0.2109375 0.164306640625
-0.15625 0.2734375 -0.060791015625
-0.15625 0.3046875 0.499755859375
-0.015625 0.2265625 -0.062744140625
-0.125 0.3359375 0.275146484375
0.015625 0.2421875 -0.174560546875
0.015625 0.3671875 -0.291259765625
-0.140625 0.5234375 0.047607421875
0.078125 0.3515625 0.724365234375
0.0 0.4609375 0.723388671875
0.171875 0.3203125 0.157958984375
0.015625 0.4765625 0.046142578125
