BICYCLIST
-0.046875 -0.4375 0.282684326171875
-0.125 -0.328125 0.282196044921875
-0.140625 -0.265625 0.057586669921875
0.109375 -0.46875 0.281219482421875
-0.046875 -0.296875 0.505340576171875
0.03125 -0.3125 -0.393585205078125
-0.140625 -0.140625 0.280242919921875
0.03125 -0.296875 0.055633544921875
-0.109375 -0.15625 -0.169464111328125
-0.046875 -0.203125 -0.394805908203125
0.09375 -0.359375 0.504364013671875
-0.09375 -0.15625 0.504364013671875
0.0 -0.21875 -0.170440673828125
-0.015625 -0.203125 0.173797607421875
0.046875 -0.25 -0.620574951171875
0.109375 -0.3125 -0.170440673828125
-0.109375 -0.109375 0.173309326171875
0.015625 -0.171875 -0.051788330078125
0.109375 -0.25 -0.051788330078125
-0.140625 -0.015625 0.503387451171875
-0.15625 0.046875 -0.053253173828125
0.140625 -0.234375 0.172332763671875
0.171875 -0.21875 -0.279083251953125
0.046875 -0.109375 0.396942138671875
-0.046875 -0.015625 0.395965576171875
-0.125 0.078125 0.277313232421875
-0.015625 -0.015625 -0.054229736328125
0.125 -0.078125 -0.281524658203125
-0.09375 0.125 0.394989013671875
-0.0625 0.140625 -0.282501220703125
-0.171875 0.25 -0.056671142578125
-0.140625 0.296875 0.394012451171875
-0.125 0.328125 0.047332763671875
-0.078125 0.328125 0.166961669921875
-0.03125 0.421875 -0.410919189453125
0.078125 0.328125 0.620574951171875
-0.015625 0.4375 0.620574951171875
0.046875 0.46875 -0.292022705078125
