BICYCLIST
0.015625 -0.515625 -0.3360748291015625
-0.09375 -0.328125 0.1907806396484375
-0.1875 -0.203125 0.1898040771484375
0.203125 -0.453125 -0.4456939697265625
0.078125 -0.359375 0.1898040771484375
-0.015625 -0.265625 -0.3412017822265625
-0.125 -0.140625 -0.3424224853515625
0.078125 -0.265625 -0.0772857666015625
0.03125 -0.234375 0.4539642333984375
-0.078125 -0.140625 0.4529876708984375
0.0 -0.140625 -0.6102142333984375
-0.09375 -0.046875 0.0818939208984375
0.046875 -0.109375 0.0814056396484375
-0.171875 0.109375 0.0799407958984375
0.21875 -0.140625 0.0804290771484375
0.234375 -0.140625 -0.4537506103515625
-0.234375 0.203125 0.4510345458984375
0.125 -0.046875 -0.4542388916015625
0.09375 -0.015625 0.3465423583984375
-0.03125 0.078125 0.3455657958984375
0.0 0.078125 -0.4546051025390625
0.125 -0.015625 -0.1873931884765625
0.0 0.109375 -0.1881256103515625
-0.125 0.203125 -0.1886138916015625
-0.09375 0.203125 -0.3509674072265625
-0.1875 0.421875 0.3436126708984375
-0.140625 0.453125 0.0750579833984375
0.046875 0.390625 -0.4635162353515625
0.078125 0.515625 0.6102142333984375
