BICYCLIST
-0.0546875 -0.53125 -0.3396759033203125
-0.1328125 -0.3125 0.1918182373046875
0.0234375 -0.34375 0.1908416748046875
-0.2109375 -0.15625 0.1898651123046875
-0.0703125 -0.25 -0.3455352783203125
-0.0390625 -0.25 0.4569549560546875
-0.1640625 -0.125 -0.3467559814453125
0.0390625 -0.25 -0.0786895751953125
-0.1171875 -0.125 0.4559783935546875
0.1953125 -0.3125 -0.0796661376953125
-0.0078125 -0.125 0.0848846435546875
-0.1328125 -0.03125 0.0848846435546875
-0.0078125 -0.09375 -0.6190643310546875
0.1640625 -0.1875 0.0839080810546875
0.0390625 -0.03125 0.3519744873046875
0.2265625 -0.125 -0.4567413330078125
-0.0703125 0.09375 0.3514862060546875
0.0859375 0.0 -0.4572296142578125
0.0859375 0.0 -0.1870880126953125
-0.0234375 0.125 -0.4580841064453125
-0.0546875 0.3125 -0.3594512939453125
-0.2265625 0.4375 0.3490447998046875
-0.1796875 0.46875 0.0780487060546875
0.0234375 0.53125 0.6190643310546875
0.1640625 0.4375 0.6190643310546875
