BICYCLIST
-0.0078125 -0.453125 -0.35498809814453125
-0.1484375 -0.328125 0.19384002685546875
-0.0078125 -0.421875 0.19432830810546875
-0.2421875 -0.171875 0.19286346435546875
-0.0703125 -0.296875 0.46825408935546875
-0.0859375 -0.265625 -0.35816192626953125
0.1484375 -0.390625 -0.08350372314453125
0.1015625 -0.359375 0.46727752685546875
0.0390625 -0.296875 -0.6352462768554688
-0.1328125 -0.109375 0.46630096435546875
-0.1015625 -0.078125 0.08544158935546875
0.0546875 -0.171875 0.08544158935546875
-0.1171875 -0.015625 -0.36377716064453125
0.0546875 -0.109375 0.36083221435546875
-0.1953125 0.078125 0.08397674560546875
0.0859375 -0.109375 -0.19239044189453125
-0.0234375 -0.015625 -0.46997833251953125
0.2421875 -0.203125 -0.46949005126953125
0.2421875 -0.203125 0.08397674560546875
-0.0546875 0.015625 0.36034393310546875
0.1171875 -0.078125 -0.47083282470703125
-0.0234375 0.046875 -0.19336700439453125
-0.1953125 0.203125 0.18700408935546875
-0.0390625 0.234375 -0.09229278564453125
-0.1953125 0.390625 -0.19849395751953125
-0.0546875 0.359375 -0.37390899658203125
-0.1328125 0.453125 0.07811737060546875
0.0234375 0.390625 0.6352462768554688
0.1796875 0.328125 0.6352462768554688
