BICYCLIST
-0.0234375 -0.4375 -0.083404541015625
-0.1171875 -0.375 0.193939208984375
-0.0546875 -0.375 0.470306396484375
0.0546875 -0.4375 0.192962646484375
0.0703125 -0.4375 -0.363189697265625
-0.0546875 -0.34375 -0.363189697265625
-0.2265625 -0.21875 0.192474365234375
0.0390625 -0.375 -0.642181396484375
-0.1015625 -0.25 -0.085845947265625
0.1328125 -0.375 0.469329833984375
0.1953125 -0.40625 -0.086822509765625
-0.1171875 -0.1875 0.469329833984375
-0.0859375 -0.125 0.087005615234375
0.0546875 -0.21875 0.087005615234375
-0.1953125 0.0 0.086029052734375
0.0546875 -0.15625 0.364837646484375
0.2109375 -0.25 0.086029052734375
0.2265625 -0.25 -0.473052978515625
0.0859375 -0.125 -0.194000244140625
-0.0546875 -0.03125 0.364349365234375
-0.0390625 -0.03125 -0.193756103515625
-0.0234375 -0.03125 -0.474029541015625
0.1328125 -0.125 -0.474639892578125
0.0078125 0.21875 -0.096588134765625
-0.0546875 0.28125 -0.378082275390625
-0.1171875 0.4375 0.078704833984375
0.0078125 0.34375 0.642181396484375
