MOTORCYCLE
-0.13671875 -0.009765625 0.5902099609375
0.11328125 -0.005859375 -0.0377197265625
0.38671875 0.072265625 0.7005615234375
0.09765625 -0.130859375 -0.0240478515625
-0.30859375 -0.076171875 -0.356201171875
1.05859375 -0.064453125 -0.5799560546875
-0.64453125 -0.134765625 0.3109130859375
0.08984375 -0.244140625 -0.0128173828125
-0.70703125 -0.009765625 0.3065185546875
-0.26171875 0.068359375 0.0008544921875
-0.87109375 -0.228515625 -0.7435302734375
-0.47265625 -0.181640625 -0.1632080078125
-0.20703125 -0.150390625 -0.2032470703125
-0.83203125 -0.267578125 -0.7442626953125
0.43359375 -0.080078125 0.1839599609375
-0.87109375 -0.228515625 -0.7435302734375
-0.12890625 -0.076171875 0.5936279296875
0.45703125 0.294921875 0.4681396484375
0.39453125 0.111328125 0.6981201171875
-0.20703125 -0.150390625 -0.2032470703125
0.09765625 -0.087890625 -0.0284423828125
0.45703125 0.037109375 0.6976318359375
-0.84765625 -0.248046875 -0.7445068359375
0.43359375 -0.048828125 0.3597412109375
-0.8828125 -0.205078125 -0.7454833984375
0.38671875 0.072265625 0.7005615234375
0.09765625 -0.193359375 -0.40692138671875
0.51171875 -0.150390625 0.5955810546875
0.41015625 0.087890625 0.3529052734375
-0.52734375 -0.021484375 -0.328857421875
-0.9296875 -0.142578125 -0.7476806640625
0.45703125 -0.107421875 0.4906005859375
0.69140625 -0.150390625 -0.09814453125
0.48828125 -0.126953125 0.5960693359375
-0.12109375 0.080078125 0.5848388671875
0.42578125 -0.158203125 -0.46484375
0.45703125 -0.107421875 0.4906005859375
-0.9453125 -0.119140625 -0.7489013671875
-0.01953125 0.337890625 0.1973876953125
-0.87109375 -0.228515625 -0.7435302734375
-0.75390625 0.021484375 0.3074951171875
0.45703125 0.294921875 0.4681396484375
0.82421875 -0.173828125 -0.5281982421875
0.64453125 -0.142578125 -0.092041015625
0.38671875 0.072265625 0.7005615234375
-0.01171875 -0.244140625 -0.22015380859375
0.44140625 -0.189453125 0.4964599609375
-0.13671875 -0.107421875 0.2620849609375
0.45703125 -0.064453125 0.4881591796875
-0.9296875 -0.142578125 -0.7476806640625
0.45703125 0.001953125 0.6995849609375
-1.02734375 -0.013671875 -0.7532958984375
-0.12890625 0.107421875 0.5838623046875
-0.98828125 -0.052734375 -0.7530517578125
0.48046875 0.060546875 0.5877685546875
-0.26171875 0.068359375 0.0008544921875
0.43359375 -0.154296875 0.4949951171875
0.07421875 -0.169921875 -0.40618896484375
-0.11328125 0.162109375 0.5794677734375
-0.74609375 -0.009765625 0.3099365234375
-0.42578125 -0.287109375 -0.156494140625
0.42578125 -0.158203125 -0.46484375
-0.9140625 -0.166015625 -0.7467041015625
0.55859375 -0.154296875 0.1763916015625
-0.48828125 -0.228515625 -0.1552734375
0.51171875 0.158203125 0.5809326171875
0.45703125 0.294921875 0.4681396484375
0.00390625 -0.263671875 0.2425537109375
-0.01171875 -0.244140625 -0.22015380859375
-0.85546875 -0.119140625 -0.119140625
-0.03515625 -0.138671875 0.2547607421875
-0.22265625 0.134765625 -0.0096435546875
-0.67578125 0.166015625 0.2889404296875
-0.9296875 -0.142578125 -0.7476806640625
0.01953125 -0.138671875 0.2498779296875
-0.23046875 -0.025390625 0.0057373046875
0.43359375 0.013671875 0.7532958984375
0.48046875 0.263671875 0.4681396484375
0.47265625 0.220703125 0.4710693359375
-0.47265625 -0.251953125 -0.154541015625
-0.9296875 -0.142578125 -0.7476806640625
-0.51953125 -0.244140625 0.3089599609375
0.36328125 -0.126953125 -0.4586181640625
-0.8203125 -0.291015625 -0.7423095703125
-0.17578125 -0.134765625 0.0103759765625
0.18359375 0.017578125 -0.4462890625
-0.77734375 -0.357421875 -0.7388916015625
0.00390625 -0.263671875 0.2425537109375
0.43359375 -0.048828125 0.3597412109375
-0.77734375 -0.357421875 -0.7388916015625
-0.22265625 0.134765625 -0.0096435546875
0.44921875 0.130859375 0.4779052734375
0.45703125 -0.103515625 0.1829833984375
0.49609375 -0.083984375 0.5936279296875
0.42578125 -0.017578125 0.3582763671875
-0.84765625 -0.248046875 -0.7445068359375
-0.10546875 -0.205078125 0.5989990234375
-0.18359375 -0.056640625 -0.37890625
-0.67578125 0.166015625 0.2889404296875
0.48046875 0.060546875 0.5877685546875
-0.8828125 -0.205078125 -0.7454833984375
-0.18359375 -0.158203125 -0.2060546875
0.62109375 -0.150390625 -0.4969482421875
0.64453125 -0.142578125 -0.092041015625
0.82421875 -0.173828125 -0.5281982421875
-0.9453125 0.017578125 -0.12451171875
-0.9296875 -0.142578125 -0.7476806640625
-0.66015625 -0.044921875 0.3055419921875
-0.8828125 -0.205078125 -0.7454833984375
-0.18359375 -0.056640625 -0.37890625
0.55859375 -0.154296875 0.1763916015625
-0.64453125 -0.134765625 0.3109130859375
0.17578125 -0.248046875 -0.24652099609375
0.45703125 -0.216796875 0.4964599609375
0.48046875 0.060546875 0.5877685546875
0.44921875 0.162109375 0.4764404296875
0.43359375 -0.154296875 0.4949951171875
-0.92578125 0.072265625 -0.1346435546875
0.02734375 -0.068359375 0.3963623046875
0.09765625 -0.193359375 -0.40692138671875
-0.10546875 -0.205078125 0.5989990234375
-0.66015625 -0.044921875 0.3055419921875
-0.79296875 -0.166015625 -0.1219482421875
-0.87109375 -0.095703125 -0.119873046875
-0.79296875 -0.166015625 -0.1219482421875
-0.14453125 -0.201171875 -0.20599365234375
0.64453125 -0.142578125 -0.092041015625
-0.70703125 -0.009765625 0.3065185546875
-0.23046875 -0.126953125 -0.362396240234375
0.42578125 -0.017578125 0.3582763671875
-0.22265625 0.134765625 -0.0096435546875
-0.09765625 -0.119140625 0.2596435546875
0.28515625 -0.302734375 0.3885498046875
-0.42578125 -0.287109375 -0.156494140625
0.82421875 -0.173828125 -0.5281982421875
-0.98828125 -0.052734375 -0.7530517578125
-0.90234375 -0.189453125 -0.7445068359375
0.62890625 -0.154296875 0.3489990234375
-0.52734375 -0.021484375 -0.328857421875
-0.10546875 0.279296875 0.5731201171875
0.55859375 -0.162109375 0.5931396484375
-0.9140625 -0.025390625 -0.1229248046875
0.48828125 -0.119140625 0.1810302734375
0.42578125 0.064453125 0.3529052734375
0.03515625 -0.138671875 0.4002685546875
-0.46484375 -0.048828125 -0.334320068359375
-0.98828125 -0.052734375 -0.7530517578125
0.37890625 0.091796875 0.7532958984375
-0.9453125 0.017578125 -0.12451171875
-0.13671875 0.029296875 0.5882568359375
-0.20703125 -0.146484375 -0.36395263671875
-0.11328125 0.236328125 0.5755615234375
-0.10546875 0.279296875 0.5731201171875
0.00390625 -0.298828125 0.2449951171875
-0.13671875 -0.009765625 0.5902099609375
0.73828125 -0.150390625 -0.5166015625
-0.87109375 -0.228515625 -0.7435302734375
0.44921875 0.044921875 0.4827880859375
0.76953125 -0.169921875 -0.5196533203125
0.16015625 -0.189453125 -0.4171142578125
-0.45703125 -0.275390625 -0.1544189453125
-0.09765625 -0.037109375 0.2352294921875
-0.43359375 -0.060546875 -0.3389892578125
-0.52734375 -0.021484375 -0.328857421875
0.46484375 -0.017578125 0.4847412109375
-0.27734375 -0.005859375 0.2669677734375
-0.09765625 -0.076171875 0.2381591796875
-0.10546875 0.205078125 0.5765380859375
0.69140625 -0.150390625 -0.09814453125
0.02734375 -0.251953125 -0.22442626953125
-0.45703125 -0.263671875 0.3050537109375
-0.13671875 -0.154296875 0.5985107421875
0.08984375 -0.126953125 -0.41326904296875
0.08984375 -0.244140625 -0.0128173828125
0.43359375 -0.154296875 0.4949951171875
0.62890625 -0.154296875 0.3489990234375
-0.84765625 -0.248046875 -0.7445068359375
-0.50390625 -0.037109375 -0.330413818359375
-0.13671875 -0.021484375 0.2376708984375
0.48828125 0.107421875 0.5848388671875
-0.87109375 -0.095703125 -0.119873046875
-1.05859375 -0.009765625 -0.7481689453125
0.44921875 0.044921875 0.4827880859375
0.12109375 -0.146484375 -0.0257568359375
0.01953125 -0.138671875 0.2498779296875
-0.47265625 -0.251953125 -0.154541015625
0.46484375 -0.017578125 0.4847412109375
-0.10546875 0.205078125 0.5765380859375
0.38671875 0.310546875 0.3406982421875
-1.0078125 -0.033203125 -0.7532958984375
-0.98828125 -0.052734375 -0.7530517578125
-0.9140625 -0.166015625 -0.7467041015625
0.39453125 0.111328125 0.6981201171875
-0.55078125 0.072265625 -0.33758544921875
-0.01953125 -0.166015625 0.2366943359375
0.18359375 0.052734375 -0.4503173828125
0.05859375 -0.142578125 0.2464599609375
0.18359375 0.017578125 -0.4462890625
0.60546875 -0.162109375 0.1719970703125
-0.66015625 0.146484375 0.2884521484375
