MOTORCYCLE
-0.542724609375 -0.3671875 0.1383056640625
-0.213623046875 -0.203125 -0.4320068359375
0.257080078125 0.4765625 0.0943603515625
-0.369873046875 -0.234375 -0.2581787109375
-0.466552734375 -0.328125 0.1627197265625
-0.637939453125 -0.4921875 0.2720947265625
0.350830078125 0.5 0.0953369140625
-0.196044921875 0.3671875 0.3843994140625
-0.514404296875 -0.34375 -0.0345458984375
0.215087890625 0.328125 -0.0233154296875
-0.261474609375 -0.5546875 -0.4696044921875
0.038330078125 0.21875 0.0787353515625
-0.759521484375 -0.640625 -0.0330810546875
0.451416015625 0.4296875 0.1451416015625
-0.047607421875 0.3671875 0.5181884765625
-0.514404296875 -0.34375 -0.0345458984375
-0.288818359375 -0.078125 -0.1658935546875
-0.087646484375 -0.015625 -0.1600341796875
0.564697265625 0.3046875 0.2740478515625
-0.206787109375 -0.0859375 -0.0194091796875
-0.528076171875 -0.421875 0.2750244140625
-0.121826171875 0.09375 -0.2630615234375
0.332275390625 0.1953125 -0.2532958984375
-0.427490234375 -0.15625 -0.1727294921875
0.106689453125 0.15625 -0.2567138671875
0.926025390625 0.7578125 -0.5504150390625
-0.483154296875 -0.1875 -0.0032958984375
0.245361328125 0.28125 0.0015869140625
-0.528076171875 -0.421875 0.2750244140625
0.027587890625 0.1484375 -0.2274169921875
0.013916015625 0.3984375 0.4117431640625
0.451416015625 0.4296875 0.1451416015625
0.580322265625 0.71875 0.0035400390625
0.059814453125 0.2109375 0.0240478515625
0.318603515625 0.5234375 0.0963134765625
0.939697265625 0.7734375 -0.5037841796875
-0.510498046875 -0.328125 -0.3040771484375
-0.451904296875 -0.1875 -0.0599365234375
0.433837890625 0.4765625 0.1724853515625
0.382080078125 0.328125 0.0308837890625
-0.532958984375 -0.3671875 -0.0731201171875
0.345947265625 0.5078125 0.0426025390625
0.685791015625 0.8203125 -0.0936279296875
0.046142578125 0.3984375 0.4117431640625
-0.440185546875 -0.296875 -0.2640380859375
-0.138427734375 -0.0703125 -0.0184326171875
0.560791015625 0.421875 0.1695556640625
-0.663818359375 -0.5234375 -0.3236083984375
0.310791015625 0.3515625 -0.0213623046875
0.121337890625 0.328125 0.2486572265625
-0.510498046875 -0.328125 -0.3040771484375
0.515869140625 0.59375 -0.1927490234375
-0.417724609375 -0.1484375 -0.0574951171875
0.478759765625 0.59375 -0.2166748046875
-0.401123046875 -0.3515625 0.1617431640625
-0.163818359375 0.359375 0.3843994140625
-0.768798828125 -0.5234375 0.0933837890625
0.398681640625 0.5625 0.3873291015625
0.746337890625 0.7578125 -0.1810302734375
-0.255615234375 -0.0546875 -0.1634521484375
-0.511474609375 -0.3125 0.1051025390625
-0.038818359375 0.0625 -0.4027099609375
-0.528076171875 -0.421875 0.2750244140625
-0.584716796875 -0.40625 -0.3118896484375
-0.591552734375 -0.453125 0.2525634765625
-0.451904296875 -0.1875 -0.0599365234375
-0.310302734375 -0.1328125 0.0015869140625
-0.775634765625 -0.796875 -0.4993896484375
-0.056396484375 -0.0234375 -0.1605224609375
-0.605224609375 -0.40625 0.2174072265625
-0.489013671875 -0.2265625 -0.0633544921875
-0.198974609375 -0.0859375 0.0611572265625
0.014892578125 0.203125 -0.1419677734375
0.670166015625 0.5859375 -0.1947021484375
-0.110107421875 0.2890625 -0.5997314453125
0.037353515625 0.421875 0.4390869140625
0.629150390625 0.6796875 0.0230712890625
0.451416015625 0.4921875 0.2799072265625
0.340087890625 0.3125 0.0035400390625
-0.131591796875 0.3828125 0.3843994140625
0.057861328125 0.2734375 0.3287353515625
-0.025146484375 0.375 0.4381103515625
0.294189453125 0.3046875 0.4371337890625
-0.437255859375 -0.265625 -0.2977294921875
0.294189453125 0.3046875 0.4371337890625
0.494384765625 0.578125 -0.0062255859375
-0.303466796875 -0.1328125 0.0582275390625
0.014892578125 0.203125 -0.1419677734375
-0.047607421875 0.3671875 0.5181884765625
-0.072998046875 0.140625 -0.0062255859375
-0.036865234375 0.2734375 0.1646728515625
0.218994140625 0.2109375 -0.3865966796875
0.168212890625 0.3203125 0.4371337890625
-0.475341796875 -0.3203125 -0.2659912109375
-0.440185546875 -0.296875 -0.2640380859375
-0.045654296875 0.4296875 0.4127197265625
-0.896728515625 -0.6953125 0.0230712890625
0.424072265625 0.5546875 -0.1136474609375
0.294189453125 0.3046875 0.4371337890625
-0.155029296875 0.0703125 -0.2655029296875
-0.569091796875 -0.3671875 0.2193603515625
-0.100341796875 0.1640625 0.1607666015625
-0.881591796875 -0.78125 0.1207275390625
0.308837890625 0.2265625 0.5718994140625
-0.759521484375 -0.5546875 0.1304931640625
0.724853515625 0.671875 -0.1883544921875
0.322509765625 0.5703125 0.2818603515625
-0.684326171875 -0.453125 0.1558837890625
0.123291015625 0.4375 -0.3621826171875
0.245361328125 0.4453125 0.3853759765625
0.635009765625 0.5703125 -0.2196044921875
0.208251953125 0.453125 0.1998291015625
-0.706298828125 -0.8359375 -0.5028076171875
0.375244140625 0.3984375 0.2515869140625
-0.321044921875 -0.3125 -0.4442138671875
0.368408203125 0.1953125 -0.1429443359375
-0.034912109375 0.265625 0.0269775390625
-0.300537109375 -0.15625 -0.2523193359375
-0.768798828125 -0.5234375 0.0933837890625
-0.581787109375 -0.4140625 -0.2738037109375
0.387939453125 0.125 -0.2303466796875
0.607666015625 0.7421875 0.0054931640625
-0.734619140625 -0.6875 -0.2972412109375
0.188720703125 0.4296875 0.0377197265625
-0.466552734375 -0.328125 0.1627197265625
-0.484130859375 -0.3671875 0.2554931640625
0.182861328125 0.2578125 0.0006103515625
-0.697998046875 -0.6015625 -0.2103271484375
-0.199951171875 -0.09375 0.1500244140625
-0.138427734375 0.03125 0.0123291015625
-0.662353515625 -0.6953125 -0.0965576171875
-0.096435546875 0.1796875 0.0767822265625
-0.228271484375 -0.0859375 0.1177978515625
0.201416015625 0.2734375 0.4635009765625
-0.194091796875 -0.0859375 0.1177978515625
0.373291015625 0.3515625 0.3570556640625
0.276611328125 0.4296875 0.3316650390625
0.715087890625 0.828125 -0.0926513671875
-0.896728515625 -0.6953125 0.0230712890625
-0.332763671875 -0.3828125 0.1607666015625
-0.007568359375 0.3046875 0.2476806640625
0.356689453125 0.3984375 0.1431884765625
-0.234130859375 -0.1640625 0.1470947265625
0.083251953125 0.3359375 0.1939697265625
0.093017578125 0.21875 0.0250244140625
0.676025390625 0.6875 -0.3372802734375
0.127197265625 0.2578125 0.3824462890625
0.152587890625 0.296875 -0.0252685546875
-0.138427734375 -0.0703125 -0.0184326171875
0.221923828125 0.4296875 0.3052978515625
-0.437255859375 -0.265625 -0.2977294921875
0.127197265625 0.25 0.0269775390625
-0.703369140625 -0.65625 -0.0535888671875
0.006103515625 0.3984375 0.4381103515625
-0.557373046875 -0.6171875 -0.2108154296875
-0.477294921875 -0.265625 -0.0301513671875
-0.447998046875 -0.171875 -0.0013427734375
0.187744140625 0.1796875 -0.2249755859375
0.367431640625 0.421875 0.0093994140625
0.241455078125 0.46875 0.1998291015625
-0.706298828125 -0.8359375 -0.5028076171875
-0.663330078125 -0.5 0.2506103515625
-0.544677734375 -0.59375 -0.4759521484375
-0.743896484375 -0.65625 -0.3363037109375
-0.443115234375 -0.3203125 0.1051025390625
-0.198974609375 -0.0859375 0.0611572265625
-0.022216796875 0.34375 0.4644775390625
0.816650390625 0.8671875 -0.3192138671875
-0.069091796875 0.234375 0.1636962890625
-0.110107421875 0.2890625 -0.5997314453125
-0.068115234375 0.3984375 0.3843994140625
0.433837890625 0.4765625 0.1724853515625
-0.269287109375 -0.1484375 0.0572509765625
-0.439208984375 -0.1875 0.0543212890625
0.713134765625 0.8046875 -0.1981201171875
-0.806884765625 -0.6875 -0.0970458984375
-0.437255859375 -0.265625 -0.2977294921875
0.160400390625 0.25 0.3824462890625
0.287353515625 0.1171875 -0.3968505859375
0.215087890625 0.328125 -0.0233154296875
-0.451904296875 -0.1875 -0.0599365234375
-0.162841796875 0.0078125 0.0670166015625
-0.299560546875 -0.2734375 0.1431884765625
-0.002685546875 0.25 0.2994384765625
-0.010498046875 0.3671875 0.4918212890625
0.152587890625 0.296875 -0.0252685546875
-0.442138671875 -0.21875 -0.0272216796875
-0.483154296875 -0.1875 -0.0032958984375
-0.489013671875 -0.2265625 -0.0633544921875
-0.194091796875 -0.0859375 0.1177978515625
0.090087890625 0.1953125 -0.3885498046875
0.799072265625 0.8671875 -0.1927490234375
-0.373779296875 -0.3125 0.1051025390625
0.046142578125 0.3203125 0.2750244140625
-0.055419921875 0.3125 0.1383056640625
-0.377685546875 -0.1328125 0.0006103515625
-0.483154296875 -0.1875 -0.0032958984375
-0.059326171875 0.21875 0.0787353515625
-0.548583984375 -0.359375 -0.3070068359375
-0.742919921875 -0.7109375 -0.2196044921875
