MOTORCYCLE
-0.685546875 -0.1953125 0.1025390625
-0.5546875 -0.23046875 0.110595703125
0.0673828125 -0.16015625 0.123046875
0.5205078125 -0.08984375 0.072265625
-0.3271484375 -0.23828125 -0.627685546875
-0.0166015625 -0.19921875 0.137939453125
0.6416015625 -0.1328125 0.073486328125
-0.55859375 -0.1484375 0.486328125
-0.3125 -0.23828125 -0.627685546875
-0.0654296875 -0.21484375 0.14453125
-0.51953125 -0.21484375 -0.62939453125
-0.1005859375 -0.2421875 0.154296875
-0.1416015625 -0.2578125 0.108642578125
0.5126953125 -0.11328125 0.035400390625
-0.5341796875 -0.23828125 0.1669921875
0.4423828125 -0.06640625 0.0283203125
0.0126953125 -0.27734375 -0.634521484375
-0.36328125 -0.08203125 0.44287109375
-0.1083984375 -0.2421875 0.103515625
-0.4306640625 -0.17578125 0.4609375
0.4755859375 -0.07421875 0.072265625
0.6162109375 -0.09765625 0.02392578125
0.5654296875 -0.16015625 0.043701171875
0.1552734375 -0.125 0.10791015625
-0.5048828125 -0.24609375 0.169189453125
0.4404296875 -0.01171875 0.014892578125
0.3837890625 0.01171875 0.42431640625
0.4970703125 -0.0625 0.06689453125
-0.4462890625 -0.25 0.168212890625
-0.5341796875 -0.23828125 0.1669921875
-0.525390625 -0.23046875 0.110595703125
0.4501953125 -0.23046875 0.443359375
-0.55859375 -0.1484375 0.486328125
-0.1767578125 -0.24609375 0.158447265625
-0.509765625 -0.2265625 0.109619140625
-0.5068359375 -0.20703125 0.46728515625
0.0830078125 -0.29296875 -0.6328125
0.6962890625 -0.0546875 0.006591796875
0.0556640625 -0.2890625 -0.6328125
-0.400390625 -0.22265625 -0.631103515625
-0.1923828125 -0.2421875 0.158447265625
-0.6552734375 -0.18359375 0.4638671875
-0.1064453125 -0.265625 -0.62939453125
0.0869140625 -0.16015625 0.073486328125
-0.46484375 -0.21484375 0.10546875
-0.541015625 -0.13671875 0.48388671875
-0.3056640625 -0.3203125 0.184326171875
-0.31640625 -0.234375 0.107666015625
0.4990234375 -0.09765625 0.0322265625
0.1220703125 -0.140625 0.06640625
-0.41796875 -0.26171875 0.17138671875
-0.267578125 -0.25 0.162841796875
0.1689453125 -0.12890625 0.10791015625
-0.6064453125 -0.2109375 -0.62939453125
0.4853515625 -0.26171875 0.47119140625
-0.63671875 -0.20703125 -0.62939453125
-0.5888671875 -0.16796875 0.49072265625
0.5126953125 -0.11328125 0.035400390625
-0.0830078125 -0.2265625 0.14892578125
-0.4794921875 -0.10546875 0.4765625
0.1044921875 -0.15234375 0.070556640625
0.0830078125 -0.1640625 0.123046875
-0.0634765625 -0.234375 0.099365234375
-0.611328125 -0.2109375 0.4677734375
-0.1240234375 -0.24609375 0.10546875
0.0830078125 -0.1640625 0.123046875
0.4990234375 -0.09765625 0.0322265625
-0.6484375 -0.16796875 0.49169921875
-0.359375 -0.26953125 0.17138671875
-0.49609375 -0.125 0.48046875
-0.4306640625 -0.22265625 -0.62939453125
-0.0947265625 -0.2421875 0.103515625
0.5107421875 -0.234375 0.44140625
-0.5478515625 -0.2109375 -0.62939453125
-0.3857421875 -0.2265625 -0.62939453125
-0.2236328125 -0.25390625 0.162841796875
-0.37890625 -0.09375 0.4453125
0.0263671875 -0.28125 -0.6328125
-0.2236328125 -0.25390625 0.162841796875
-0.52734375 -0.140625 0.484375
0.0712890625 -0.1640625 0.07568359375
-0.4609375 -0.2421875 0.1669921875
-0.5068359375 -0.20703125 0.46728515625
-0.619140625 -0.171875 0.49169921875
0.5126953125 -0.11328125 0.035400390625
-0.1845703125 -0.25 0.108642578125
-0.685546875 -0.1640625 0.4599609375
-0.359375 -0.26953125 0.17138671875
-0.0908203125 -0.26171875 -0.6328125
0.6162109375 -0.09765625 0.02392578125
-0.240234375 -0.265625 0.166015625
-0.4013671875 -0.18359375 0.46142578125
-0.55859375 -0.1484375 0.486328125
-0.5810546875 -0.2109375 0.4677734375
0.1220703125 -0.140625 0.06640625
-0.41796875 -0.26171875 0.17138671875
0.4208984375 0.3203125 0.6396484375
0.0029296875 -0.20703125 0.090087890625
0.4423828125 -0.06640625 0.0283203125
-0.0634765625 -0.27734375 -0.627685546875
0.6669921875 -0.09375 0.018798828125
-0.0634765625 -0.234375 0.099365234375
-0.50390625 -0.2109375 -0.631103515625
0.0537109375 -0.18359375 0.080810546875
0.4501953125 -0.23046875 0.443359375
0.0341796875 -0.19921875 0.0859375
-0.458984375 -0.21484375 -0.631103515625
-0.1923828125 -0.2421875 0.158447265625
-0.6484375 -0.16796875 0.49169921875
0.0341796875 -0.171875 0.12841796875
-0.5341796875 -0.2109375 -0.631103515625
0.4189453125 -0.1015625 0.44384765625
0.5517578125 -0.1484375 0.04150390625
-0.2216796875 -0.23046875 -0.63623046875
-0.1455078125 -0.234375 0.154296875
-0.1884765625 -0.30859375 -0.602294921875
-0.5732421875 -0.16015625 0.4892578125
0.5498046875 -0.10546875 0.074462890625
-0.1552734375 -0.25390625 0.108642578125
-0.521484375 -0.20703125 0.46728515625
-0.3125 -0.23828125 -0.627685546875
0.5498046875 -0.10546875 0.074462890625
0.3759765625 -0.140625 0.431640625
0.4736328125 -0.078125 0.029296875
-0.5341796875 -0.2109375 -0.631103515625
0.6396484375 -0.125 0.029052734375
-0.40234375 -0.26171875 0.17041015625
-0.4306640625 -0.22265625 -0.62939453125
-0.6259765625 -0.20703125 0.4677734375
-0.0478515625 -0.26953125 -0.631103515625
-0.5693359375 -0.22265625 0.108642578125
0.1357421875 -0.1328125 0.111083984375
0.6162109375 -0.09765625 0.02392578125
-0.0341796875 -0.27734375 -0.62939453125
-0.3896484375 -0.2734375 0.173583984375
-0.521484375 -0.20703125 0.46728515625
0.5654296875 -0.16015625 0.043701171875
-0.4912109375 -0.20703125 0.46630859375
0.4853515625 -0.26171875 0.47119140625
0.4775390625 -0.0078125 0.40380859375
0.6650390625 -0.1171875 0.06689453125
-0.2314453125 -0.26953125 0.11474609375
-0.6083984375 -0.2421875 0.169189453125
-0.296875 -0.234375 -0.631103515625
-0.4892578125 -0.21875 -0.627685546875
0.5576171875 -0.13671875 0.08203125
-0.296875 -0.234375 -0.631103515625
-0.6337890625 -0.1796875 0.4931640625
-0.296875 -0.234375 -0.631103515625
-0.216796875 -0.26953125 0.11474609375
-0.1923828125 -0.2421875 0.158447265625
0.1572265625 -0.30859375 -0.6328125
0.4326171875 -0.21875 0.4658203125
0.5205078125 -0.08984375 0.072265625
-0.4892578125 -0.234375 0.1650390625
-0.521484375 -0.20703125 0.46728515625
0.6650390625 -0.1171875 0.06689453125
-0.0908203125 -0.26171875 -0.6328125
-0.3056640625 -0.3203125 0.184326171875
0.0556640625 -0.2890625 -0.6328125
-0.685546875 -0.1640625 0.4599609375
-0.5517578125 -0.20703125 0.46728515625
-0.1142578125 -0.2265625 0.14990234375
0.0341796875 -0.19921875 0.0859375
-0.6064453125 -0.2109375 -0.62939453125
-0.31640625 -0.28125 0.173583984375
-0.537109375 -0.2109375 0.4677734375
-0.44921875 -0.203125 0.1025390625
0.0263671875 -0.28125 -0.6328125
-0.4912109375 -0.20703125 0.46630859375
-0.1142578125 -0.2265625 0.14990234375
-0.509765625 -0.2265625 0.109619140625
0.4599609375 -0.0625 0.026123046875
0.4990234375 -0.09765625 0.0322265625
0.4736328125 -0.078125 0.029296875
0.5126953125 -0.11328125 0.035400390625
-0.5888671875 -0.16796875 0.49072265625
0.4775390625 -0.0078125 0.40380859375
-0.51953125 -0.23828125 0.1669921875
-0.4609375 -0.2421875 0.1669921875
0.0517578125 -0.1640625 0.125244140625
-0.537109375 -0.2109375 0.4677734375
-0.37890625 -0.09375 0.4453125
-0.5888671875 -0.16796875 0.49072265625
-0.4013671875 -0.18359375 0.46142578125
0.0712890625 -0.29296875 -0.6328125
0.6240234375 -0.13671875 0.07666015625
-0.595703125 -0.20703125 0.46728515625
-0.3447265625 -0.26953125 0.17138671875
-0.1083984375 -0.2421875 0.103515625
0.5400390625 -0.12890625 0.037353515625
-0.3125 -0.23828125 -0.627685546875
0.6650390625 -0.1171875 0.06689453125
-0.3603515625 -0.21484375 0.103515625
-0.3046875 -0.26171875 0.11474609375
0.4736328125 -0.078125 0.029296875
-0.0634765625 -0.234375 0.099365234375
-0.41796875 -0.26171875 0.17138671875
0.0029296875 -0.20703125 0.090087890625
-0.240234375 -0.265625 0.166015625
