MOTORCYCLE
-0.7002754211425781 -0.546875 -0.630126953125
0.15909957885742188 0.15625 -0.391845703125
-0.24324417114257812 -0.0703125 -0.124267578125
-0.7442207336425781 -0.5859375 0.014892578125
-0.011310577392578125 0.1796875 -0.048583984375
0.6017265319824219 0.4453125 -0.026123046875
0.7604179382324219 0.8203125 -0.213623046875
0.24064254760742188 0.203125 -0.385986328125
0.3773612976074219 0.21875 0.505126953125
0.20939254760742188 0.265625 0.057861328125
0.07462692260742188 0.296875 0.129150390625
-0.3389472961425781 -0.34375 0.039306640625
0.13175582885742188 0.2421875 -0.099365234375
0.15909957885742188 0.15625 -0.391845703125
-0.4512519836425781 -0.6171875 -0.6298828125
-0.13093948364257812 0.421875 0.393798828125
0.5289726257324219 0.390625 0.025634765625
0.08536911010742188 0.1953125 -0.343505859375
0.7048759460449219 0.65625 -0.467041015625
-0.2774238586425781 -0.0546875 -0.183349609375
-0.5762519836425781 -0.4453125 0.155517578125
0.11417770385742188 0.3359375 0.074462890625
-0.7393379211425781 -0.671875 -0.169677734375
0.2821464538574219 0.484375 0.027587890625
-0.22175979614257812 -0.1796875 0.035400390625
-0.16121292114257812 -0.0859375 -0.135498046875
0.14738082885742188 0.171875 -0.344482421875
0.032146453857421875 0.0625 -0.286376953125
-0.10554885864257812 0.3828125 0.243408203125
0.24894332885742188 0.171875 -0.529052734375
0.2743339538574219 0.2890625 -0.109130859375
-0.09090042114257812 0.1328125 -0.399169921875
0.4423027038574219 0.4765625 0.176025390625
0.4100761413574219 0.5703125 0.232666015625
-0.24129104614257812 -0.109375 -0.137939453125
0.3915214538574219 0.53125 0.177978515625
0.5021171569824219 0.4296875 0.026611328125
-0.5303535461425781 -0.3671875 0.025634765625
0.3382987976074219 0.515625 0.139892578125
0.24357223510742188 0.421875 0.228759765625
-0.07820510864257812 0.3984375 0.412353515625
0.24064254760742188 0.171875 -0.274169921875
-0.3194160461425781 -0.15625 -0.311279296875
-0.001544952392578125 0.3203125 0.016845703125
-0.9102363586425781 -0.765625 -0.050537109375
0.24406051635742188 0.3046875 -0.108154296875
-0.4541816711425781 -0.328125 -0.450439453125
-0.5791816711425781 -0.359375 -0.025146484375
0.2831230163574219 0.453125 0.082275390625
0.16642379760742188 0.25 -0.155029296875
0.4630546569824219 0.3984375 0.174072265625
-0.06990432739257812 0.375 0.282470703125
-0.3438301086425781 -0.2109375 -0.436767578125
0.4862480163574219 0.4609375 0.067626953125
-0.4541816711425781 -0.328125 -0.450439453125
-0.5762519836425781 -0.4453125 0.155517578125
-0.19246292114257812 -0.0859375 -0.421630859375
0.3798027038574219 0.546875 0.141845703125
0.4042167663574219 0.4765625 0.193603515625
-0.3643379211425781 -0.1796875 -0.313720703125
-0.3291816711425781 -0.2890625 -0.018310546875
-0.5362129211425781 -0.3359375 -0.084716796875
0.20597457885742188 0.1796875 -0.274169921875
-0.2774238586425781 -0.0546875 -0.183349609375
0.4095878601074219 0.4765625 -0.026123046875
0.4154472351074219 0.4921875 0.177001953125
-0.7022285461425781 -0.6796875 -0.169677734375
0.5643730163574219 0.40625 -0.360595703125
0.042400360107421875 0.296875 -0.154052734375
0.008220672607421875 0.359375 0.338134765625
-0.20515823364257812 -0.109375 -0.067138671875
-0.13093948364257812 0.421875 0.393798828125
0.2884941101074219 0.4453125 0.247314453125
-0.2559394836425781 -0.328125 0.041259765625
-0.009357452392578125 0.25 -0.157958984375
0.3773612976074219 0.21875 0.505126953125
-0.6807441711425781 -0.4921875 0.018798828125
-0.011310577392578125 0.1796875 -0.048583984375
-0.5762519836425781 -0.4453125 0.155517578125
0.3451347351074219 0.40625 0.284423828125
0.6012382507324219 0.5703125 -0.304931640625
-0.4864082336425781 -0.34375 0.038330078125
0.5626640319824219 0.390625 0.025634765625
-0.8028144836425781 -0.5078125 -0.62890625
-0.8448066711425781 -0.515625 -0.630859375
-0.6866035461425781 -0.5 -0.220947265625
0.4100761413574219 0.5703125 0.232666015625
-0.3526191711425781 -0.40625 0.097900390625
0.21671676635742188 0.4375 0.135986328125
0.8194999694824219 0.8046875 -0.214599609375
0.3050956726074219 0.2734375 -0.109130859375
0.16300582885742188 0.234375 -0.524169921875
-0.7139472961425781 -0.640625 -0.485107421875
0.037517547607421875 0.140625 -0.348876953125
-0.4053535461425781 -0.328125 0.039306640625
0.5472831726074219 0.6171875 -0.342041015625
0.050701141357421875 0.2890625 0.184814453125
-0.4053535461425781 -0.328125 0.039306640625
0.2826347351074219 0.2109375 -0.270263671875
0.2821464538574219 0.3046875 -0.150146484375
-0.018146514892578125 0.359375 0.411376953125
0.5153007507324219 0.453125 0.067626953125
-0.035236358642578125 0.390625 0.393798828125
-0.24129104614257812 -0.109375 -0.137939453125
-0.7705879211425781 -0.5234375 -0.6298828125
-0.4424629211425781 -0.2890625 -0.020263671875
-0.043048858642578125 0.2109375 0.052978515625
0.2821464538574219 0.3046875 -0.150146484375
0.3568534851074219 0.109375 -0.392333984375
0.16349411010742188 0.15625 -0.276611328125
-0.5528144836425781 -0.4140625 0.144775390625
-0.19734573364257812 -0.0859375 -0.135986328125
-0.011310577392578125 0.1796875 -0.048583984375
-0.3965644836425781 -0.265625 -0.018310546875
-0.050861358642578125 0.015625 -0.291748046875
0.5402030944824219 0.4140625 0.082275390625
0.7008476257324219 0.5859375 -0.302001953125
0.13761520385742188 0.3203125 0.017822265625
0.3407402038574219 0.2109375 0.505126953125
0.06876754760742188 0.1171875 0.220947265625
-0.3428535461425781 -0.1640625 -0.132080078125
0.4051933288574219 0.359375 -0.088623046875
0.24894332885742188 0.171875 -0.529052734375
0.06876754760742188 0.1171875 0.220947265625
0.09952926635742188 0.265625 -0.112060546875
0.6080741882324219 0.6171875 -0.085693359375
0.16300582885742188 0.234375 -0.524169921875
-0.3272285461425781 -0.140625 -0.071044921875
0.4796562194824219 0.578125 -0.237060546875
0.14738082885742188 0.171875 -0.344482421875
0.17911911010742188 0.1484375 -0.345458984375
0.06486129760742188 0.4140625 0.301025390625
-0.4561347961425781 -0.375 0.097900390625
-0.18562698364257812 -0.0703125 -0.301513671875
0.15275192260742188 0.421875 0.189697265625
0.11417770385742188 0.1796875 -0.344482421875
0.11564254760742188 0.09375 -0.282470703125
0.3177909851074219 0.453125 0.229736328125
0.7008476257324219 0.5859375 -0.302001953125
0.4159355163574219 0.4453125 0.230712890625
0.5670585632324219 0.53125 -0.239990234375
-0.07820510864257812 0.3984375 0.301025390625
-0.10261917114257812 0.3671875 0.281494140625
0.5475273132324219 0.625 -0.301025390625
0.3924980163574219 0.375 -0.255615234375
0.5123710632324219 0.609375 -0.343017578125
0.3915214538574219 0.53125 0.177978515625
0.3915214538574219 0.53125 0.177978515625
0.3514823913574219 0.4375 0.247314453125
0.3382987976074219 0.390625 0.063720703125
0.7008476257324219 0.5859375 -0.302001953125
-0.4756660461425781 -0.2734375 -0.020263671875
0.5023612976074219 0.5390625 -0.240478515625
-0.8233222961425781 -0.8125 -0.186279296875
-0.5225410461425781 -0.59375 -0.62939453125
0.011150360107421875 0.3359375 0.074462890625
-0.3272285461425781 -0.140625 -0.071044921875
0.6632499694824219 0.765625 -0.113037109375
0.15470504760742188 0.2109375 -0.114990234375
0.7291679382324219 0.828125 -0.213623046875
0.5756034851074219 0.6015625 -0.302490234375
0.2826347351074219 0.2109375 -0.270263671875
0.2919120788574219 0.3828125 0.022705078125
0.18595504760742188 0.3203125 0.226806640625
-0.4483222961425781 -0.3359375 -0.396240234375
-0.9014472961425781 -0.6875 -0.180908203125
-0.6807441711425781 -0.4921875 0.018798828125
0.10294723510742188 0.2734375 0.129150390625
0.3690605163574219 0.578125 0.178955078125
0.3055839538574219 0.2578125 -0.334716796875
0.18888473510742188 0.53125 -0.026123046875
0.7101249694824219 0.4296875 -0.676025390625
0.24894332885742188 0.171875 -0.529052734375
0.4796562194824219 0.578125 -0.237060546875
0.010662078857421875 0.3046875 0.056884765625
-0.12410354614257812 0.40625 0.449462890625
0.2938652038574219 0.1328125 0.636962890625
-0.4756660461425781 -0.2734375 -0.020263671875
0.5023612976074219 0.5390625 -0.240478515625
0.5472831726074219 0.6171875 -0.342041015625
0.4796562194824219 0.578125 -0.237060546875
-0.16121292114257812 -0.0859375 -0.135498046875
0.4174003601074219 0.4453125 0.066650390625
0.9102363586425781 0.7265625 -0.6591796875
0.6005058288574219 0.3984375 -0.318603515625
0.5375175476074219 0.3984375 0.065673828125
-0.5567207336425781 -0.4765625 -0.154541015625
0.3773612976074219 0.21875 0.505126953125
-0.3907051086425781 -0.265625 0.030517578125
0.011150360107421875 0.4296875 0.245361328125
-0.3828926086425781 -0.6484375 -0.630859375
0.15275192260742188 0.421875 0.189697265625
0.4012870788574219 0.171875 0.505126953125
-0.06697463989257812 0.40625 0.393798828125
0.21525192260742188 0.171875 -0.529052734375
0.2562675476074219 0.4296875 0.190673828125
-0.5996894836425781 -0.5859375 -0.225341796875
0.6551933288574219 0.4375 -0.080810546875
-0.3428535461425781 -0.1640625 -0.132080078125
0.4383964538574219 0.4296875 0.026611328125
