MOTORCYCLE
1.015625 0.03125 -0.0228271484375
1.0 0.015625 -0.339111328125
0.921875 -0.03125 -0.3402099609375
0.96875 0.046875 -0.18172454833984375
1.046875 0.140625 0.134521484375
0.84375 -0.09375 -0.18256759643554688
0.84375 -0.09375 -0.3424072265625
1.015625 0.125 -0.3421630859375
0.890625 -0.015625 -0.1829833984375
1.015625 0.140625 -0.1494140625
0.765625 -0.140625 -0.18407440185546875
1.015625 0.15625 0.323486328125
0.953125 0.09375 -0.150299072265625
0.8125 -0.046875 -0.15142822265625
0.734375 -0.140625 -0.34619140625
0.875 0.03125 -0.151641845703125
0.65625 -0.1875 -0.18772315979003906
0.96875 0.1875 -0.0294189453125
0.71875 -0.09375 -0.153656005859375
0.75 0.0 -0.0323486328125
0.59375 -0.15625 -0.352294921875
0.65625 -0.0625 0.318115234375
0.65625 -0.046875 -0.034912109375
0.59375 -0.109375 -0.1588134765625
0.515625 -0.203125 -0.193756103515625
0.8125 0.1875 0.284912109375
0.546875 -0.078125 0.315185546875
0.59375 0.0 0.282958984375
0.65625 0.078125 0.282958984375
0.71875 0.15625 0.282958984375
0.453125 -0.125 -0.1651153564453125
0.515625 -0.046875 -0.041015625
0.5625 0.03125 0.443115234375
0.328125 -0.1875 -0.20290374755859375
0.390625 -0.09375 0.310302734375
0.421875 0.0 0.27783203125
0.375 0.046875 0.437255859375
0.234375 -0.09375 0.30615234375
0.15625 -0.15625 0.109619140625
0.1875 -0.046875 0.108154296875
0.109375 -0.125 0.270263671875
0.109375 -0.109375 -0.1808624267578125
0.109375 -0.109375 -0.0565185546875
0.140625 -0.0625 -0.3795166015625
0.21875 0.03125 0.27001953125
0.078125 -0.109375 -0.217315673828125
0.125 -0.015625 0.267822265625
0.125 0.0 -0.18402099609375
0.109375 0.0 -0.06005859375
0.171875 0.078125 0.430908203125
-0.0625 -0.109375 0.263916015625
0.171875 0.203125 0.099609375
-0.015625 -0.015625 0.29638671875
-0.15625 -0.171875 0.262451171875
0.078125 0.140625 0.097900390625
-0.015625 0.09375 0.425537109375
-0.15625 -0.0625 -0.23077392578125
-0.109375 0.015625 -0.3963623046875
-0.296875 -0.203125 0.2587890625
-0.171875 -0.015625 0.29150390625
-0.1875 -0.015625 -0.07208251953125
-0.25 0.0 -0.4033203125
-0.296875 -0.0625 0.28857421875
-0.390625 -0.109375 0.286865234375
-0.359375 -0.0625 -0.406005859375
-0.421875 -0.125 -0.406982421875
-0.421875 -0.09375 0.0859375
-0.375 0.0 -0.08062744140625
-0.40625 0.0 -0.24444580078125
-0.578125 -0.140625 -0.414306640625
-0.4375 0.046875 -0.2105712890625
-0.515625 -0.015625 -0.2121429443359375
-0.53125 -0.03125 -0.250640869140625
-0.53125 -0.015625 -0.08746337890625
-0.453125 0.1875 -0.2162017822265625
-0.53125 0.109375 0.076171875
-0.734375 -0.140625 -0.42333984375
-0.484375 0.1875 0.0751953125
-0.953125 -0.203125 0.236083984375
-0.984375 -0.203125 -0.26605224609375
-0.921875 -0.078125 0.269287109375
-1.0 -0.171875 0.06591796875
-1.015625 -0.125 -0.231231689453125
-0.984375 -0.078125 -0.27032470703125
-0.96875 -0.0625 0.400634765625
-0.9375 0.0 -0.27093505859375
-1.046875 -0.140625 -0.10546875
-0.921875 0.03125 0.266845703125
-0.9375 0.015625 0.231201171875
-1.0 -0.0625 0.231201171875
-0.921875 0.046875 -0.2325439453125
-0.984375 -0.03125 -0.2327880859375
-1.0 -0.046875 0.062255859375
-1.015625 -0.03125 -0.1070556640625
-1.046875 -0.046875 -0.443115234375
-0.921875 0.15625 0.263671875
-1.0 0.078125 0.0582275390625
-0.9375 0.171875 -0.237274169921875
-0.984375 0.1875 0.0560302734375
-1.046875 0.109375 -0.11334228515625
