MOTORCYCLE
-0.63818359375 -0.65234375 -0.2086181640625
0.38330078125 0.42578125 0.1077880859375
-0.81201171875 -0.79296875 -0.1563720703125
0.42138671875 0.43359375 0.2523193359375
-0.00048828125 0.05078125 -0.2686767578125
0.41845703125 0.43359375 0.0863037109375
-0.17822265625 -0.05859375 -0.1602783203125
-0.53466796875 -0.38671875 0.1243896484375
0.587890625 0.28515625 0.1595458984375
-0.36181640625 -0.19140625 -0.1280517578125
0.34326171875 0.18359375 -0.3258056640625
0.00537109375 0.12109375 -0.3380126953125
0.56591796875 0.34765625 0.0843505859375
0.42041015625 0.51953125 -0.1109619140625
0.658203125 0.62109375 -0.4547119140625
0.49560546875 0.56640625 -0.2178955078125
-0.49169921875 -0.36328125 0.0628662109375
0.53759765625 0.61328125 -0.3233642578125
0.39892578125 0.39453125 0.0501708984375
0.77392578125 0.48828125 -0.2188720703125
0.76416015625 0.81640625 -0.3004150390625
0.33056640625 0.48046875 0.0872802734375
0.49267578125 0.45703125 0.0872802734375
0.29248046875 0.35546875 0.1038818359375
0.22802734375 0.32421875 0.3626708984375
-0.53076171875 -0.58203125 -0.6148681640625
0.31201171875 0.23828125 -0.3624267578125
-0.04931640625 0.12890625 -0.3814697265625
0.38818359375 0.30859375 -0.1256103515625
0.39892578125 0.39453125 0.0501708984375
0.32177734375 0.44921875 0.2523193359375
-0.65771484375 -0.50390625 0.0384521484375
-0.16064453125 -0.08984375 -0.2833251953125
0.39599609375 0.12109375 -0.3297119140625
-0.40283203125 -0.41015625 0.1673583984375
0.25634765625 0.15234375 -0.2550048828125
-0.32568359375 -0.31640625 0.0052490234375
-0.38818359375 -0.28515625 0.0501708984375
0.33740234375 0.30078125 -0.2418212890625
-0.31103515625 -0.15234375 -0.0474853515625
0.46044921875 0.09765625 0.4993896484375
0.587890625 0.28515625 0.1595458984375
-0.67724609375 -0.66796875 -0.1461181640625
0.44677734375 0.44140625 0.1976318359375
0.00537109375 0.12109375 -0.3380126953125
0.23193359375 0.20703125 -0.3677978515625
0.39892578125 0.39453125 0.0501708984375
-0.39990234375 -0.19140625 -0.0504150390625
0.14501953125 0.16015625 -0.3736572265625
0.587890625 0.28515625 0.1595458984375
-0.35400390625 -0.16796875 -0.0494384765625
0.22607421875 0.34765625 0.2738037109375
0.08544921875 0.14453125 -0.0836181640625
0.28076171875 0.30859375 -0.1275634765625
0.03857421875 0.34765625 0.0999755859375
0.64208984375 0.65234375 -0.0660400390625
-0.31689453125 -0.16796875 -0.1265869140625
-0.04931640625 0.12890625 -0.3814697265625
-0.65380859375 -0.45703125 -0.0064697265625
0.80419921875 0.81640625 -0.1920166015625
-0.71826171875 -0.66796875 -0.1470947265625
0.11474609375 0.36328125 0.1019287109375
0.02685546875 0.35546875 0.3626708984375
0.02685546875 0.35546875 0.3626708984375
-0.67724609375 -0.66796875 -0.1461181640625
0.11376953125 0.12890625 -0.1026611328125
0.27978515625 0.20703125 -0.3253173828125
-0.54443359375 -0.37109375 -0.0006103515625
0.33544921875 0.16015625 0.5003662109375
0.08642578125 0.24609375 -0.0767822265625
0.18408203125 0.23828125 -0.5084228515625
0.18994140625 0.23046875 -0.0767822265625
-0.09619140625 0.10546875 -0.3853759765625
-0.64794921875 -0.78515625 -0.1656494140625
0.02392578125 0.26953125 -0.0767822265625
0.51220703125 0.41796875 0.0521240234375
0.21240234375 0.31640625 0.2493896484375
0.591796875 0.56640625 -0.3267822265625
0.28662109375 0.43359375 0.3079833984375
0.59033203125 0.54296875 -0.2174072265625
-0.90576171875 -0.80078125 -0.2247314453125
0.34130859375 0.30078125 -0.0894775390625
0.44580078125 0.44140625 -0.0035400390625
0.06201171875 0.28515625 -0.0758056640625
-0.03466796875 0.37109375 0.3880615234375
-0.30908203125 -0.27734375 0.0511474609375
0.32177734375 0.48046875 -0.0025634765625
0.60546875 0.37890625 -0.3428955078125
0.16943359375 0.40234375 -0.4923095703125
0.59619140625 0.60546875 -0.2877197265625
-0.62451171875 -0.48828125 0.1634521484375
-0.81982421875 -0.50390625 -0.6173095703125
-0.27587890625 -0.16796875 -0.3668212890625
-0.03466796875 0.37109375 0.3880615234375
0.18701171875 0.23828125 0.0765380859375
0.03564453125 0.23046875 -0.0982666015625
-0.33349609375 -0.23046875 -0.4210205078125
-0.46044921875 -0.36328125 -0.4366455078125
0.28857421875 0.37890625 0.0472412109375
-0.27587890625 -0.16796875 -0.3668212890625
0.53173828125 0.46484375 -0.2247314453125
0.23583984375 0.16796875 -0.5137939453125
-0.23583984375 -0.16796875 -0.0465087890625
0.11474609375 0.36328125 0.1019287109375
-0.82373046875 -0.78515625 0.0404052734375
0.53564453125 0.38671875 0.0511474609375
0.41845703125 0.43359375 0.0863037109375
0.44189453125 0.11328125 0.5325927734375
0.42138671875 0.43359375 0.2523193359375
0.16943359375 0.30078125 0.0784912109375
0.6416015625 0.39453125 -0.3033447265625
0.53759765625 0.61328125 -0.3233642578125
0.37841796875 0.41796875 0.0853271484375
0.72021484375 0.70703125 -0.0611572265625
-0.81201171875 -0.79296875 -0.1563720703125
-0.75537109375 -0.74609375 -0.1656494140625
-0.46240234375 -0.37890625 -0.3126220703125
0.37646484375 0.19140625 0.4427490234375
0.14501953125 0.16015625 -0.3736572265625
0.80419921875 0.81640625 -0.1920166015625
0.36474609375 0.39453125 0.0491943359375
-0.15673828125 -0.03515625 -0.3541259765625
-0.44873046875 -0.40234375 0.1868896484375
0.55908203125 0.29296875 0.1605224609375
0.60546875 0.37890625 -0.3428955078125
-0.04248046875 0.40234375 0.2738037109375
-0.45068359375 -0.33203125 0.0023193359375
-0.11279296875 -0.05859375 -0.2799072265625
-0.38720703125 -0.41015625 0.1243896484375
0.31201171875 0.23828125 -0.3624267578125
0.09033203125 0.27734375 -0.1329345703125
0.57470703125 0.41015625 -0.3414306640625
0.03759765625 0.41796875 0.2747802734375
0.35791015625 0.08984375 0.6478271484375
0.7568359375 0.61328125 -0.4532470703125
-0.82373046875 -0.82421875 -0.1710205078125
0.36474609375 0.39453125 0.0491943359375
0.39599609375 0.12109375 -0.3297119140625
-0.58544921875 -0.40234375 0.0599365234375
0.6162109375 0.30859375 0.1947021484375
-0.46044921875 -0.36328125 -0.4366455078125
0.587890625 0.28515625 0.1595458984375
-0.46240234375 -0.37890625 -0.3126220703125
0.03564453125 0.23046875 -0.0982666015625
-0.05419921875 0.37890625 0.4193115234375
-0.81787109375 -0.78515625 -0.2218017578125
0.43994140625 0.12109375 0.4749755859375
-0.31103515625 -0.15234375 -0.0474853515625
0.6591796875 0.66796875 -0.2066650390625
0.587890625 0.28515625 0.1595458984375
0.43115234375 0.31640625 -0.0670166015625
0.33740234375 0.30078125 -0.2418212890625
0.23193359375 0.20703125 -0.3677978515625
0.06103515625 0.33984375 0.0423583984375
0.18408203125 0.23828125 -0.5084228515625
0.16943359375 0.40234375 -0.4923095703125
0.38623046875 0.51953125 0.1673583984375
0.26318359375 0.19921875 -0.3668212890625
0.6142578125 0.40234375 0.0863037109375
0.61669921875 0.26171875 0.1595458984375
0.591796875 0.56640625 -0.3267822265625
0.06591796875 0.36328125 0.3626708984375
-0.09619140625 0.10546875 -0.3853759765625
0.09326171875 0.37890625 0.2738037109375
-0.56982421875 -0.58203125 -0.6160888671875
0.38330078125 0.42578125 0.1077880859375
-0.53662109375 -0.33203125 -0.0611572265625
0.09326171875 0.30078125 0.1907958984375
-0.11865234375 0.37890625 0.3060302734375
0.02294921875 0.27734375 0.0755615234375
0.11669921875 0.26171875 -0.0953369140625
-0.37548828125 -0.36328125 0.0638427734375
0.23193359375 0.20703125 -0.3677978515625
0.19482421875 0.26953125 -0.1319580078125
-0.42041015625 -0.06640625 -0.2877197265625
-0.86083984375 -0.71484375 -0.1529541015625
0.44482421875 0.39453125 0.3079833984375
0.13818359375 0.35546875 0.0443115234375
0.13037109375 0.31640625 0.3294677734375
0.44580078125 0.44140625 -0.0035400390625
0.41845703125 0.43359375 0.0863037109375
-0.18896484375 -0.14453125 0.0570068359375
-0.00341796875 0.40234375 0.2738037109375
0.40478515625 0.34765625 -0.0660400390625
-0.01513671875 0.30078125 0.0980224609375
-0.58349609375 -0.41015625 0.0423583984375
0.6640625 0.75390625 -0.0914306640625
-0.00537109375 0.34765625 0.3870849609375
0.44189453125 0.11328125 0.5325927734375
-0.54833984375 -0.51171875 -0.4005126953125
0.27880859375 0.41796875 0.2513427734375
-0.00341796875 0.40234375 0.2738037109375
0.35009765625 0.22265625 0.4427490234375
0.18408203125 0.23828125 -0.5084228515625
0.08544921875 0.14453125 -0.0836181640625
0.728515625 0.41796875 -0.6612548828125
0.80419921875 0.81640625 -0.1920166015625
0.15576171875 0.24609375 -0.0758056640625
-0.27587890625 -0.16796875 -0.3668212890625
-0.58740234375 -0.42578125 0.1224365234375
