MOTORCYCLE
1.078125 -0.0390625 -0.366455078125
1.140625 0.1484375 -0.5263671875
0.984375 0.0703125 -0.5322265625
0.890625 -0.0859375 -0.150634765625
0.859375 -0.1015625 0.07220458984375
0.921875 0.1015625 0.1285400390625
0.890625 0.0546875 -0.1524658203125
0.796875 -0.1171875 0.12744140625
0.859375 0.0703125 0.069091796875
0.921875 0.2421875 0.1253662109375
0.734375 -0.0234375 0.291259765625
0.828125 0.2265625 0.06500244140625
0.734375 0.1328125 0.28857421875
0.328125 -0.0703125 0.11065673828125
0.296875 -0.1015625 -0.1749267578125
0.265625 -0.1015625 0.278076171875
0.203125 -0.0703125 0.04754638671875
0.109375 -0.1640625 -0.18115234375
0.109375 -0.1640625 0.27392578125
0.046875 -0.1484375 0.043548583984375
-0.296875 -0.1328125 0.260498046875
-0.484375 -0.2265625 0.256591796875
-0.421875 -0.0703125 -0.2059326171875
-0.359375 0.1015625 0.08428955078125
-0.453125 -0.0703125 0.0233306884765625
-0.421875 0.1484375 0.5322265625
-0.578125 -0.0703125 0.0794677734375
-0.609375 -0.1328125 -0.443115234375
-0.640625 -0.1328125 0.018035888671875
-0.703125 -0.2421875 -0.213134765625
-0.640625 0.0234375 -0.44775390625
-0.765625 -0.2265625 0.0147247314453125
-0.703125 -0.0703125 0.4716796875
-0.640625 0.1015625 0.52783203125
-0.765625 -0.1328125 0.0743408203125
-0.765625 0.0078125 0.52587890625
-0.734375 0.2265625 -0.4580078125
-1.140625 -0.0390625 -0.47119140625
