MOTORCYCLE
0.2470703125 0.46875 0.3087158203125
0.4208984375 0.359375 0.3077392578125
0.09375 0.390625 0.0372314453125
-0.060546875 0.4375 0.3067626953125
-0.453125 -0.3125 -0.4012451171875
-0.431640625 -0.2890625 0.0587158203125
0.7939453125 0.5859375 -0.6636962890625
0.7939453125 0.5859375 -0.6636962890625
0.44140625 0.5234375 0.2540283203125
-0.779296875 -0.5625 -0.0906982421875
0.396484375 0.625 0.2237548828125
-0.47265625 -0.2109375 -0.1922607421875
0.26171875 0.515625 0.1036376953125
-0.51953125 -0.3828125 -0.4622802734375
-0.861328125 -0.78125 -0.2386474609375
-0.265625 -0.0234375 -0.1751708984375
0.37890625 0.453125 0.0450439453125
-0.029296875 0.2421875 -0.5389404296875
0.111328125 0.3984375 0.1553955078125
0.34375 0.5625 -0.0076904296875
-0.5390625 -0.3359375 0.0391845703125
0.3759765625 0.4453125 0.0811767578125
0.4150390625 0.3671875 -0.0941162109375
0.6259765625 0.6796875 -0.4710693359375
0.5546875 0.65625 -0.2991943359375
-0.439453125 -0.3671875 0.1651611328125
0.6171875 0.765625 -0.1029052734375
0.41015625 0.46875 0.2188720703125
-0.435546875 -0.28125 -0.4505615234375
-0.74609375 -0.5 -0.0213623046875
-0.07421875 0.453125 0.3897705078125
0.0546875 0.109375 -0.2796630859375
0.69140625 0.671875 -0.4691162109375
0.44140625 0.5234375 0.2540283203125
-0.40234375 -0.03125 -0.3035888671875
-0.47265625 -0.2109375 -0.1922607421875
0.052734375 0.46875 0.3321533203125
0.078125 0.21875 -0.0911865234375
-0.087890625 0.046875 -0.2884521484375
0.3505859375 0.09375 0.6827392578125
0.15234375 0.359375 0.0362548828125
0.3779296875 0.5625 -0.0067138671875
0.4169921875 0.5546875 0.2550048828125
0.57421875 0.3515625 0.1593017578125
0.6611328125 0.6875 -0.4691162109375
0.162109375 0.25 -0.5311279296875
0.078125 0.34375 0.1895751953125
-0.060546875 0.4375 0.3067626953125
0.7724609375 0.53125 -0.2283935546875
-0.48828125 -0.3125 0.0401611328125
0.353515625 0.453125 0.1602783203125
0.2109375 0.21875 -0.3861083984375
0.4150390625 0.3671875 -0.0941162109375
0.05078125 0.3828125 0.0362548828125
-0.453125 -0.3125 -0.4012451171875
0.396484375 0.625 0.2237548828125
0.5908203125 0.453125 -0.3138427734375
0.390625 0.1484375 0.5382080078125
-0.451171875 -0.3828125 0.1817626953125
0.3935546875 0.1953125 0.4454345703125
0.3916015625 0.3984375 -0.0926513671875
0.4267578125 0.453125 0.1612548828125
0.283203125 0.3046875 -0.0999755859375
0.267578125 0.46875 0.1944580078125
-0.04296875 0.4375 0.3897705078125
0.267578125 0.46875 0.1944580078125
0.4736328125 0.3828125 0.1593017578125
0.26953125 0.28125 0.3878173828125
-0.033203125 0.078125 -0.2845458984375
0.01171875 0.34375 0.0723876953125
0.490234375 0.46875 0.0469970703125
-0.380859375 -0.2421875 0.0450439453125
-0.32421875 -0.125 -0.3084716796875
0.4267578125 0.453125 0.1612548828125
-0.767578125 -0.6875 -0.1634521484375
0.71875 0.7578125 -0.1014404296875
0.0546875 0.109375 -0.2796630859375
0.47265625 0.5078125 0.2540283203125
0.09765625 0.375 0.0743408203125
0.205078125 0.484375 0.1944580078125
0.2109375 0.21875 -0.2674560546875
-0.244140625 -0.109375 -0.0555419921875
0.5537109375 0.4453125 0.0469970703125
0.23046875 0.46875 0.1944580078125
0.15625 0.2578125 -0.1048583984375
-0.005859375 0.265625 -0.0301513671875
0.26953125 0.28125 0.3878173828125
-0.392578125 -0.2265625 -0.1278076171875
-0.435546875 -0.28125 -0.4505615234375
0.4326171875 0.515625 -0.0086669921875
-0.48046875 -0.3046875 0.0567626953125
0.005859375 0.1484375 -0.3524169921875
0.279296875 0.4609375 0.1016845703125
0.171875 0.375 0.0753173828125
0.328125 0.5078125 0.0821533203125
-0.8828125 -0.734375 -0.2362060546875
0.52734375 0.46875 0.0831298828125
-0.74609375 -0.5 -0.0213623046875
0.236328125 0.4921875 0.2178955078125
0.5009765625 0.4921875 0.0841064453125
-0.78515625 -0.4453125 -0.6380615234375
0.0234375 0.2421875 -0.0311279296875
0.076171875 0.3046875 -0.0858154296875
-0.916015625 -0.7734375 -0.0369873046875
0.4013671875 0.1015625 0.5040283203125
0.044921875 0.328125 -0.1444091796875
-0.650390625 -0.515625 -0.2161865234375
0.47265625 0.5078125 0.2540283203125
0.57421875 0.3515625 0.1593017578125
0.2109375 0.375 0.1553955078125
0.7314453125 0.6796875 -0.4671630859375
-0.51953125 -0.3828125 -0.4622802734375
0.916015625 0.734375 -0.6685791015625
-0.658203125 -0.6015625 -0.4290771484375
-0.06640625 0.15625 -0.3543701171875
0.390625 0.46875 -0.2430419921875
0.763671875 0.671875 -0.4671630859375
0.5927734375 0.3046875 0.1573486328125
-0.34765625 -0.265625 -0.0028076171875
0.197265625 0.234375 -0.5311279296875
-0.388671875 -0.2578125 -0.3948974609375
0.380859375 0.2578125 0.4454345703125
0.5185546875 0.4453125 0.0460205078125
-0.34765625 -0.265625 -0.0028076171875
0.916015625 0.734375 -0.6685791015625
-0.00390625 0.421875 0.3302001953125
-0.48046875 -0.3046875 0.0567626953125
0.66796875 0.796875 -0.0999755859375
-0.3984375 -0.3671875 0.1661376953125
0.2578125 0.328125 -0.0989990234375
0.373046875 0.515625 0.1055908203125
0.505859375 0.5859375 -0.2308349609375
-0.595703125 -0.4921875 -0.6343994140625
0.4091796875 0.4453125 0.0450439453125
-0.71484375 -0.6171875 -0.4891357421875
-0.361328125 -0.203125 -0.4417724609375
-0.595703125 -0.3828125 0.0518798828125
0.4111328125 0.640625 0.2569580078125
0.3359375 0.421875 0.3087158203125
0.4736328125 0.3828125 0.1593017578125
0.3720703125 0.390625 -0.0740966796875
0.7041015625 0.8046875 -0.0985107421875
0.349609375 0.171875 -0.3416748046875
0.283203125 0.3671875 -0.1365966796875
0.52734375 0.46875 0.0831298828125
0.3505859375 0.09375 0.6827392578125
0.109375 0.3828125 0.2716064453125
0.373046875 0.515625 0.1055908203125
-0.013671875 0.140625 -0.4002685546875
0.3359375 0.4375 0.0430908203125
-0.435546875 -0.3125 0.1212158203125
0.181640625 0.3046875 -0.1429443359375
-0.2265625 -0.0546875 -0.3743896484375
0.236328125 0.4921875 0.2178955078125
0.330078125 0.1640625 0.6231689453125
-0.42578125 -0.25 -0.0028076171875
0.126953125 0.3828125 0.0372314453125
0.13671875 0.359375 0.2706298828125
-0.392578125 -0.2265625 -0.1278076171875
-0.240234375 -0.0703125 -0.1151123046875
-0.490234375 -0.296875 -0.1483154296875
-0.373046875 -0.125 -0.0584716796875
0.4013671875 0.53125 -0.0086669921875
0.5185546875 0.4453125 0.0460205078125
0.625 0.4453125 -0.3133544921875
0.4150390625 0.3671875 -0.0941162109375
0.5908203125 0.4375 -0.3553466796875
0.05859375 0.1953125 -0.3480224609375
0.162109375 0.1953125 -0.3900146484375
0.2109375 0.375 0.1553955078125
-0.27734375 -0.1015625 -0.4305419921875
-0.3984375 -0.3671875 0.1661376953125
0.181640625 0.3046875 -0.1429443359375
0.15234375 0.359375 0.0362548828125
0.328125 0.5078125 0.0821533203125
-0.873046875 -0.6328125 -0.1629638671875
0.2978515625 0.515625 0.0821533203125
-0.779296875 -0.5625 -0.0906982421875
0.076171875 0.3046875 -0.0858154296875
0.490234375 0.46875 0.0469970703125
-0.271484375 -0.078125 -0.0545654296875
-0.712890625 -0.46875 -0.6370849609375
0.474609375 0.546875 0.2218017578125
0.763671875 0.671875 -0.4671630859375
0.4267578125 0.453125 0.1612548828125
-0.912109375 -0.6328125 -0.1634521484375
-0.083984375 0.15625 -0.4012451171875
0.2109375 0.21875 -0.3861083984375
-0.197265625 -0.0625 -0.1297607421875
0.171875 0.375 0.0753173828125
0.154296875 0.328125 0.2481689453125
-0.380859375 -0.2421875 0.0450439453125
-0.3984375 -0.28125 -0.0047607421875
0.671875 0.5234375 -0.1175537109375
-0.361328125 -0.203125 -0.4417724609375
0.380859375 0.2578125 0.4454345703125
0.037109375 0.3828125 0.3643798828125
0.068359375 0.109375 -0.5482177734375
0.451171875 0.4609375 0.0460205078125
-0.404296875 -0.1875 -0.1405029296875
