MOTORCYCLE
1.0546875 -0.171875 -0.5400390625
0.9765625 -0.234375 -0.54248046875
1.0234375 0.03125 0.19970703125
1.0078125 0.03125 0.03466796875
0.9296875 -0.046875 0.03411865234375
1.0546875 0.125 -0.4619140625
0.9765625 0.046875 -0.1322021484375
0.9140625 -0.03125 -0.132568359375
0.8515625 -0.109375 -0.1334228515625
0.9296875 0.015625 0.09783935546875
0.7578125 -0.15625 -0.1358642578125
0.9921875 0.171875 0.19378662109375
0.9453125 0.140625 0.0945892333984375
0.9921875 0.234375 0.09314727783203125
0.7578125 -0.03125 0.025146484375
0.6171875 -0.1875 -0.1416015625
0.8046875 0.046875 -0.4736328125
0.6640625 -0.078125 0.0224609375
0.7109375 0.0625 0.0862579345703125
0.6328125 0.0 0.085235595703125
0.5234375 -0.109375 0.016845703125
0.5859375 -0.015625 0.515380859375
0.5859375 0.0 0.3485107421875
0.5234375 -0.046875 0.082183837890625
0.4453125 -0.109375 0.0807037353515625
0.5390625 0.0625 0.576171875
0.3203125 -0.140625 0.07562255859375
0.3828125 0.015625 0.3402099609375
0.1484375 -0.203125 0.170166015625
0.1640625 -0.15625 0.069671630859375
0.1796875 -0.125 -0.167724609375
0.3046875 0.046875 0.50439453125
0.1484375 -0.09375 -0.00225830078125
0.0859375 -0.171875 -0.00274658203125
0.1328125 -0.046875 0.164031982421875
0.2578125 0.140625 0.5654296875
0.1484375 0.0625 0.16119384765625
0.1484375 0.0625 0.330078125
0.1171875 0.0625 0.49755859375
0.1171875 0.125 0.561279296875
0.1171875 0.1875 0.15576171875
-0.2734375 -0.046875 -0.0247802734375
-0.4140625 -0.125 0.04193115234375
-0.3671875 -0.03125 0.0408935546875
-0.3203125 0.0625 0.04083251953125
-0.4296875 -0.0625 -0.202880859375
-0.4296875 -0.046875 -0.0321044921875
-0.4609375 -0.015625 0.136993408203125
-0.4140625 0.046875 -0.2060546875
-0.3671875 0.140625 -0.207275390625
-0.5234375 0.140625 0.12933349609375
-0.8671875 -0.109375 0.2947998046875
-0.8984375 -0.109375 -0.57373046875
-0.8515625 0.015625 0.292236328125
-0.7421875 0.15625 -0.576171875
-1.0078125 -0.171875 -0.230224609375
-1.0078125 -0.140625 0.116729736328125
-1.0078125 -0.140625 0.2906494140625
-0.9609375 -0.078125 -0.230712890625
-0.9140625 -0.015625 0.53271484375
-0.9609375 -0.0625 0.1165313720703125
-0.9609375 -0.0625 0.463623046875
-1.0546875 -0.140625 -0.059326171875
-0.9296875 0.03125 -0.233642578125
-1.0234375 -0.078125 0.0128173828125
-1.0234375 -0.03125 -0.0615234375
-0.9921875 0.03125 0.01092529296875
-0.9921875 0.09375 0.10953712463378906
-0.9921875 0.15625 0.0068359375
-1.0390625 0.09375 -0.06689453125
