MOTORCYCLE
1.203125 0.0078125 -0.190093994140625
1.109375 -0.0859375 -0.192535400390625
1.140625 0.0703125 -0.264801025390625
1.109375 0.0234375 -0.424468994140625
0.921875 -0.0390625 -0.432281494140625
0.796875 -0.1015625 0.021087646484375
0.859375 0.0390625 -0.278472900390625
0.765625 -0.0859375 0.247406005859375
0.828125 0.0390625 0.019622802734375
0.765625 -0.0859375 -0.210113525390625
0.765625 -0.0546875 0.4026374816894531
0.796875 0.0390625 0.246795654296875
0.796875 0.0546875 0.40240478515625
0.828125 0.1953125 0.4005699157714844
0.703125 -0.0546875 -0.283843994140625
0.796875 0.1953125 0.013763427734375
0.609375 -0.1484375 -0.286773681640625
0.765625 0.2109375 0.242279052734375
0.390625 -0.0546875 0.38916015625
0.328125 -0.1640625 -0.300933837890625
0.203125 -0.1484375 0.225921630859375
0.203125 -0.1328125 -0.237945556640625
0.171875 -0.1015625 -0.008697509765625
-0.140625 -0.1015625 -0.326812744140625
-0.328125 -0.0546875 -0.031890869140625
-0.359375 -0.0234375 0.361419677734375
-0.296875 0.1171875 0.361328125
-0.390625 -0.0234375 0.198822021484375
-0.453125 -0.1484375 0.199310302734375
-0.390625 -0.0234375 -0.270660400390625
-0.484375 -0.1328125 -0.273590087890625
-0.453125 0.0078125 0.432281494140625
-0.671875 -0.2109375 -0.281402587890625
-0.640625 -0.0546875 -0.046783447265625
-0.671875 -0.0546875 0.4256439208984375
-0.859375 -0.1328125 0.4202728271484375
-0.859375 -0.1171875 -0.055084228515625
-0.921875 0.1015625 -0.372711181640625
-1.078125 0.0078125 0.3355712890625
-1.140625 -0.0078125 0.168792724609375
-1.203125 -0.1171875 -0.072174072265625
-1.140625 0.1953125 0.329620361328125
