MOTORCYCLE
-1.103515625 -0.072265625 -0.359619140625
-0.958984375 -0.146484375 -0.36328125
-0.998046875 -0.087890625 -0.3675537109375
-1.037109375 -0.033203125 -0.37255859375
-0.955078125 -0.083984375 -0.3726806640625
-0.900390625 -0.123046875 -0.3726806640625
-0.982421875 -0.009765625 -0.3812255859375
-0.822265625 -0.060546875 -0.389892578125
-0.775390625 -0.099609375 0.1685791015625
-0.794921875 -0.068359375 0.1666259765625
-0.744140625 -0.115234375 0.1676025390625
-0.775390625 -0.052734375 -0.396484375
-0.685546875 -0.146484375 0.1671142578125
-0.740234375 -0.060546875 -0.3985595703125
-0.818359375 0.009765625 0.1602783203125
-0.787109375 -0.005859375 0.1597900390625
-0.623046875 -0.123046875 -0.4014892578125
-0.595703125 -0.146484375 -0.40087890625
-0.818359375 0.068359375 0.1544189453125
-0.833984375 0.107421875 0.1514892578125
-0.552734375 -0.142578125 -0.4058837890625
-0.626953125 -0.068359375 -0.409423828125
-0.525390625 -0.154296875 -0.4073486328125
-0.490234375 -0.158203125 0.1539306640625
-0.482421875 -0.154296875 -0.412353515625
-0.462890625 -0.177734375 0.1539306640625
-0.619140625 -0.005859375 -0.4195556640625
-0.642578125 0.017578125 -0.4202880859375
-0.419921875 -0.173828125 0.1505126953125
-0.435546875 -0.146484375 -0.4180908203125
-0.384765625 -0.142578125 -0.4246826171875
-0.353515625 -0.146484375 0.1424560546875
-0.470703125 -0.025390625 -0.5584716796875
-0.345703125 -0.142578125 -0.428955078125
-0.439453125 -0.041015625 -0.5594482421875
-0.396484375 -0.052734375 -0.126953125
-0.388671875 -0.033203125 -0.5672607421875
-0.271484375 -0.146484375 0.1365966796875
-0.404296875 -0.005859375 -0.13189697265625
-0.416015625 -0.001953125 0.1326904296875
-0.353515625 -0.048828125 -0.13128662109375
-0.291015625 -0.119140625 0.1351318359375
-0.326171875 -0.068359375 -0.13189697265625
-0.416015625 0.037109375 -0.13616943359375
-0.341796875 -0.025390625 -0.5743408203125
-0.298828125 -0.029296875 -0.5789794921875
-0.212890625 -0.083984375 -0.4520263671875
-0.197265625 -0.103515625 0.1268310546875
-0.134765625 -0.197265625 0.5296630859375
-0.111328125 -0.220703125 0.5296630859375
-0.251953125 -0.025390625 -0.5853271484375
-0.224609375 -0.048828125 -0.5853271484375
-0.072265625 -0.228515625 0.5281982421875
-0.115234375 -0.138671875 -0.14361572265625
-0.087890625 -0.162109375 -0.14361572265625
-0.185546875 -0.060546875 -0.14605712890625
-0.146484375 -0.099609375 0.1224365234375
-0.052734375 -0.173828125 -0.14605712890625
-0.126953125 -0.134765625 0.5247802734375
-0.150390625 -0.072265625 -0.14849853515625
-0.220703125 0.009765625 -0.151611328125
-0.142578125 -0.095703125 0.5233154296875
-0.138671875 -0.060546875 0.1302490234375
-0.162109375 -0.064453125 0.5223388671875
-0.162109375 -0.029296875 0.1292724609375
-0.107421875 -0.080078125 0.1297607421875
-0.080078125 -0.095703125 0.1292724609375
-0.177734375 0.005859375 0.1268310546875
-0.052734375 -0.119140625 0.1292724609375
-0.095703125 -0.064453125 -0.1546630859375
-0.158203125 -0.005859375 0.5179443359375
0.013671875 -0.173828125 0.5203857421875
-0.205078125 0.083984375 0.1212158203125
-0.314453125 0.193359375 0.1058349609375
-0.041015625 -0.076171875 0.1119384765625
-0.173828125 0.064453125 0.1207275390625
0.158203125 -0.310546875 0.5853271484375
0.013671875 -0.115234375 0.1114501953125
-0.166015625 0.041015625 0.5155029296875
-0.005859375 -0.087890625 0.1104736328125
-0.169921875 0.087890625 0.5125732421875
-0.044921875 -0.005859375 0.3148193359375
0.080078125 -0.091796875 0.1046142578125
-0.173828125 0.142578125 0.5091552734375
0.150390625 -0.158203125 0.1165771484375
0.005859375 -0.001953125 0.3109130859375
0.181640625 -0.166015625 0.1141357421875
0.166015625 -0.146484375 0.1026611328125
0.037109375 -0.017578125 0.3099365234375
-0.033203125 0.064453125 0.3079833984375
0.150390625 -0.099609375 0.1112060546875
0.228515625 -0.173828125 0.4544677734375
0.236328125 -0.158203125 0.1090087890625
0.220703125 -0.134765625 0.0972900390625
0.236328125 -0.115234375 -0.18182373046875
0.212890625 -0.076171875 -0.18426513671875
-0.138671875 0.251953125 0.4998779296875
-0.154296875 0.291015625 0.4984130859375
0.041015625 0.103515625 0.4456787109375
0.283203125 -0.115234375 0.0904541015625
0.205078125 0.001953125 -0.5113525390625
0.228515625 -0.017578125 -0.5120849609375
0.322265625 -0.115234375 0.0980224609375
0.267578125 -0.029296875 -0.5147705078125
0.361328125 -0.126953125 0.0958251953125
0.345703125 -0.091796875 0.0831298828125
0.337890625 -0.095703125 0.4417724609375
0.486328125 -0.208984375 -0.196624755859375
0.322265625 -0.025390625 -0.5213623046875
0.392578125 -0.091796875 -0.200927734375
0.384765625 -0.103515625 0.4398193359375
0.470703125 -0.166015625 -0.2003173828125
0.423828125 -0.111328125 -0.2015380859375
0.486328125 -0.205078125 0.4403076171875
0.455078125 -0.130859375 -0.202789306640625
0.384765625 -0.052734375 -0.204620361328125
0.517578125 -0.228515625 0.4403076171875
0.431640625 -0.099609375 0.0867919921875
0.369140625 -0.021484375 -0.5279541015625
0.494140625 -0.154296875 0.5574951171875
0.416015625 -0.025390625 -0.5321044921875
0.478515625 -0.115234375 0.5560302734375
0.525390625 -0.166015625 0.5560302734375
0.416015625 -0.021484375 0.2835693359375
0.580078125 -0.212890625 0.4354248046875
0.447265625 -0.033203125 0.2825927734375
0.517578125 -0.119140625 0.4324951171875
0.455078125 -0.025390625 0.0682373046875
0.501953125 -0.076171875 0.0787353515625
0.501953125 -0.083984375 0.2825927734375
0.408203125 0.025390625 0.2806396484375
0.478515625 -0.056640625 0.4305419921875
0.572265625 -0.169921875 0.5540771484375
0.486328125 -0.044921875 0.2806396484375
0.392578125 0.060546875 0.2791748046875
0.541015625 -0.095703125 0.2811279296875
0.486328125 -0.048828125 0.5511474609375
0.517578125 -0.060546875 0.4285888671875
0.220703125 0.259765625 0.4237060546875
0.173828125 0.314453125 0.4227294921875
0.337890625 0.173828125 0.0684814453125
0.587890625 -0.087890625 0.0726318359375
0.587890625 -0.095703125 0.2772216796875
0.400390625 0.130859375 0.2728271484375
0.626953125 -0.103515625 0.0711669921875
0.712890625 -0.177734375 -0.2243499755859375
0.345703125 0.236328125 -0.2353973388671875
0.517578125 0.048828125 -0.5552978515625
0.751953125 -0.185546875 -0.22805023193359375
0.650390625 -0.083984375 0.2718505859375
0.400390625 0.189453125 0.2679443359375
0.869140625 -0.314453125 -0.5482177734375
0.689453125 -0.095703125 -0.23111724853515625
0.689453125 -0.095703125 0.0650634765625
0.900390625 -0.337890625 -0.5489501953125
0.455078125 0.142578125 0.4183349609375
0.853515625 -0.279296875 -0.5509033203125
0.416015625 0.212890625 -0.23909950256347656
0.720703125 -0.115234375 -0.23174285888671875
0.455078125 0.138671875 0.5413818359375
0.845703125 -0.236328125 -0.5552978515625
0.798828125 -0.177734375 -0.5574951171875
0.775390625 -0.150390625 -0.5589599609375
0.728515625 -0.095703125 -0.5604248046875
0.806640625 -0.177734375 -0.23421096801757812
0.705078125 -0.068359375 -0.5611572265625
0.759765625 -0.123046875 0.0614013671875
0.759765625 -0.119140625 -0.5604248046875
0.830078125 -0.197265625 -0.5589599609375
0.712890625 -0.072265625 0.2664794921875
0.697265625 -0.029296875 -0.5653076171875
0.400390625 0.291015625 -0.5753173828125
0.462890625 0.197265625 0.5374755859375
0.673828125 0.001953125 -0.5667724609375
0.650390625 0.033203125 -0.5689697265625
0.603515625 0.087890625 -0.5711669921875
0.853515625 -0.185546875 -0.2385272979736328
0.431640625 0.283203125 -0.24895477294921875
0.634765625 0.064453125 -0.5711669921875
0.845703125 -0.138671875 0.0548095703125
0.470703125 0.259765625 0.5335693359375
0.923828125 -0.166015625 -0.248382568359375
0.470703125 0.337890625 0.4031982421875
0.501953125 0.306640625 0.4036865234375
0.478515625 0.330078125 0.5281982421875
0.923828125 -0.119140625 0.0467529296875
0.939453125 0.005859375 0.2437744140625
1.017578125 -0.068359375 0.0335693359375
1.087890625 -0.048828125 0.0255126953125
1.087890625 0.001953125 0.2330322265625
1.103515625 0.072265625 0.2261962890625
