MOTORCYCLE
1.09375 0.015625 -0.3308529853820801
0.9375 -0.078125 -0.04447603225708008
0.875 -0.0625 0.18782377243041992
0.8125 -0.171875 0.3613162040710449
0.90625 0.09375 0.3608889579772949
0.90625 0.09375 -0.04935884475708008
0.875 0.09375 0.18513822555541992
0.8125 -0.03125 0.4211850166320801
0.65625 -0.265625 -0.2883725166320801
0.71875 -0.125 -0.3459897041320801
0.875 0.265625 0.3571352958679199
0.40625 -0.15625 0.3469424247741699
0.3125 -0.125 0.16499662399291992
0.1875 -0.21875 -0.07621431350708008
0.25 -0.078125 -0.07621431350708008
0.09375 -0.171875 -0.3220639228820801
-0.09375 -0.078125 0.3268008232116699
-0.28125 -0.015625 0.13789701461791992
-0.34375 -0.140625 -0.10331392288208008
-0.34375 -0.140625 -0.3455014228820801
-0.3125 -0.015625 0.3790774345397949
-0.375 -0.125 0.13618803024291992
-0.5625 -0.0625 0.3708376884460449
-0.65625 -0.15625 -0.11796236038208008
-0.625 0.015625 -0.4211850166320801
-0.75 -0.140625 0.3648867607116699
-0.875 -0.078125 0.11397123336791992
-1.0 -0.171875 -0.13505220413208008
-0.96875 -0.015625 0.2939028739929199
-1.09375 0.203125 0.2848696708679199
