MOTORCYCLE
0.859375 -0.296875 0.16015625
1.046875 -0.015625 0.15972900390625
1.03125 -0.015625 -0.023193359375
1.0 -0.03125 -0.392822265625
0.9375 -0.109375 -0.2109375
0.859375 -0.1875 -0.212158203125
0.96875 -0.015625 -0.212646484375
0.75 -0.25 -0.216064453125
0.953125 0.09375 -0.058349609375
0.875 0.0 -0.05908203125
0.828125 -0.03125 0.3330078125
0.796875 -0.078125 -0.06103515625
0.609375 -0.296875 -0.2216796875
0.734375 -0.09375 -0.03564453125
0.703125 -0.140625 -0.062744140625
0.828125 0.09375 0.329833984375
0.640625 -0.15625 -0.03759765625
0.9375 0.296875 0.512939453125
0.671875 -0.0625 0.32757568359375
0.546875 -0.171875 -0.0693359375
0.640625 0.03125 0.479248046875
0.578125 -0.03125 -0.419189453125
0.640625 0.0625 -0.418701171875
0.5625 0.015625 0.506591796875
0.484375 -0.078125 0.506103515625
0.421875 -0.046875 0.31744384765625
0.40625 0.046875 0.4705810546875
0.28125 -0.140625 -0.08349609375
0.21875 -0.234375 -0.083740234375
0.234375 -0.203125 -0.432861328125
0.125 -0.234375 -0.06201171875
0.109375 -0.25 -0.251953125
0.109375 -0.21875 0.12310791015625
0.15625 -0.125 0.1224365234375
0.125 -0.109375 -0.0654296875
0.171875 0.0 0.11956787109375
0.15625 0.0 0.492431640625
0.125 0.09375 0.4599609375
-0.03125 -0.015625 0.486328125
-0.265625 -0.125 0.103515625
-0.171875 0.078125 0.289794921875
-0.328125 0.03125 0.284393310546875
-0.453125 -0.15625 0.0958251953125
-0.4375 -0.09375 -0.12158203125
-0.421875 -0.03125 -0.095947265625
-0.4375 -0.03125 0.282257080078125
-0.515625 -0.15625 -0.290283203125
-0.578125 -0.234375 0.28155517578125
-0.46875 -0.046875 -0.291259765625
-0.53125 -0.109375 -0.099365234375
-0.5625 -0.109375 0.27880859375
-0.46875 0.046875 -0.127197265625
-0.921875 -0.28125 0.26873779296875
-0.84375 -0.125 0.43115234375
-0.828125 0.0 0.4288330078125
-0.8125 0.015625 -0.504638671875
-0.984375 -0.234375 0.0732421875
-0.875 -0.03125 0.07275390625
-0.953125 -0.15625 -0.314208984375
-0.953125 -0.125 0.0714111328125
-0.90625 -0.0625 -0.507568359375
-0.8125 0.125 0.426513671875
-1.046875 -0.203125 -0.122314453125
-0.96875 -0.046875 -0.149658203125
-1.0 -0.09375 -0.123291015625
-1.03125 -0.109375 -0.512939453125
-0.9375 0.0625 -0.15087890625
