MOTORCYCLE
1.015625 -0.0078125 -0.2099609375
1.015625 0.0078125 -0.4619140625
0.859375 0.0703125 0.0057373046875
0.796875 -0.0703125 0.0352783203125
0.765625 0.0859375 0.031982421875
0.703125 -0.0234375 0.0015869140625
0.703125 0.0078125 0.285888671875
0.671875 -0.0234375 -0.478515625
0.640625 0.1796875 0.282073974609375
0.515625 -0.1171875 -0.00439453125
0.359375 -0.2265625 -0.48974609375
0.359375 -0.0703125 -0.49365234375
0.171875 -0.1796875 -0.24462890625
0.140625 -0.1171875 0.26885986328125
0.109375 -0.1328125 0.0086669921875
-0.109375 -0.2265625 -0.257568359375
-0.359375 -0.1171875 -0.0106201171875
-0.359375 0.2265625 0.475830078125
-0.484375 -0.0390625 0.2461700439453125
-0.546875 -0.1796875 0.24530029296875
-0.578125 -0.0078125 -0.048583984375
-0.671875 -0.1640625 -0.0224609375
-0.734375 -0.1171875 -0.05224609375
-0.828125 0.0703125 0.4644775390625
-0.921875 -0.1484375 0.49365234375
-1.015625 -0.0390625 -0.3017578125
