MOTORCYCLE
0.8203125 0.0439453125 -0.3128662109375
0.7890625 0.0087890625 -0.315338134765625
0.78125 0.0498046875 -0.26275634765625
0.6953125 0.0380859375 -0.27337646484375
0.6484375 0.0126953125 -0.331939697265625
0.640625 0.0087890625 -0.621337890625
0.6171875 0.0595703125 -0.6268310546875
0.4921875 -0.2998046875 -0.6300048828125
0.578125 -0.0087890625 -0.33978271484375
0.5859375 0.0283203125 -0.2860107421875
0.484375 -0.2568359375 -0.6324462890625
0.4921875 -0.2138671875 -0.6336669921875
0.546875 -0.0458984375 -0.342254638671875
0.5078125 -0.1279296875 -0.6348876953125
0.5625 0.0361328125 -0.0501708984375
0.484375 -0.1669921875 -0.6361083984375
0.5078125 -0.0849609375 -0.6368408203125
0.53125 -0.0029296875 -0.6373291015625
0.5 -0.0380859375 -0.6405029296875
0.53125 0.1337890625 -0.6441650390625
0.4453125 -0.0654296875 -0.29913330078125
0.46875 0.0185546875 -0.30010986328125
0.5546875 0.2568359375 -0.6458740234375
0.5234375 0.1767578125 -0.6466064453125
0.5703125 0.2998046875 -0.6458740234375
0.578125 0.3388671875 -0.6470947265625
0.53125 0.2177734375 -0.6470947265625
0.4296875 -0.0517578125 0.1158447265625
0.4375 -0.0087890625 0.1151123046875
0.421875 -0.0087890625 -0.30419921875
0.4296875 -0.0107421875 0.1495361328125
0.4375 0.0361328125 0.1138916015625
0.3984375 -0.0400390625 -0.3598175048828125
0.40625 -0.0458984375 0.1480712890625
0.421875 0.0341796875 -0.0648193359375
0.3828125 -0.0869140625 0.1470947265625
0.3671875 -0.1240234375 0.1470947265625
0.3984375 0.0458984375 0.1456298828125
0.2890625 -0.3251953125 0.4718017578125
0.296875 -0.2822265625 0.4718017578125
0.2890625 -0.1943359375 -0.31329345703125
0.296875 -0.1513671875 -0.313812255859375
0.28125 -0.2822265625 0.4337158203125
0.296875 -0.1025390625 -0.3696441650390625
0.28125 -0.2373046875 0.4327392578125
0.28125 -0.2294921875 0.4703369140625
0.3046875 -0.1494140625 0.4698486328125
0.2890625 -0.1904296875 0.4698486328125
0.296875 -0.0634765625 -0.317840576171875
0.2421875 -0.2216796875 -0.3722209930419922
0.34375 -0.0205078125 0.4698486328125
0.25 -0.1767578125 -0.37217140197753906
0.2734375 -0.1884765625 0.4317626953125
0.265625 -0.1376953125 0.1397705078125
0.2109375 -0.2568359375 -0.3742126226425171
0.3046875 -0.0126953125 0.2491455078125
0.2890625 -0.0537109375 0.2491455078125
0.2734375 -0.0966796875 0.2491455078125
0.265625 -0.1416015625 0.4302978515625
0.28125 -0.0126953125 -0.0772705078125
0.3046875 0.0380859375 0.2476806640625
0.3046875 0.0283203125 0.3941650390625
0.234375 -0.0908203125 -0.32440185546875
0.21875 -0.1220703125 -0.3779640197753906
0.28125 -0.0087890625 0.4288330078125
0.265625 -0.0458984375 0.3927001953125
0.1875 -0.3466796875 0.6470947265625
0.328125 0.2021484375 -0.0792236328125
0.2421875 -0.0849609375 0.3922119140625
0.203125 -0.2001953125 0.5377197265625
0.2421875 0.0458984375 -0.0836181640625
0.109375 -0.2724609375 -0.38594818115234375
0.1796875 -0.1142578125 0.3883056640625
0.2109375 -0.0283203125 0.4620361328125
0.2578125 0.1845703125 0.4605712890625
0.1953125 0.0576171875 0.4234619140625
0.2265625 0.1474609375 0.4595947265625
0.2265625 0.1904296875 0.4224853515625
0.0234375 -0.2939453125 -0.3952484130859375
0.15625 0.1240234375 0.4556884765625
0.125 0.1318359375 0.4180908203125
0.21875 0.3466796875 0.6026611328125
0.1953125 0.2880859375 0.6402587890625
0.015625 -0.0634765625 0.0794677734375
-0.0390625 -0.1884765625 -0.3542327880859375
-0.078125 -0.3095703125 -0.406982421875
0.109375 0.2724609375 0.4151611328125
-0.046875 -0.0888671875 0.0740966796875
-0.0703125 -0.1279296875 0.0733642578125
0.109375 0.3271484375 0.4488525390625
-0.09375 -0.1689453125 0.0723876953125
-0.0859375 -0.1240234375 0.1114501953125
-0.140625 -0.2060546875 -0.1153564453125
0.0703125 0.3310546875 0.4117431640625
-0.09375 -0.0791015625 0.1097412109375
-0.1484375 -0.2041015625 -0.3668670654296875
-0.1328125 -0.1181640625 -0.1165771484375
-0.1875 -0.2412109375 -0.369903564453125
-0.1875 -0.2431640625 -0.1187744140625
-0.15625 -0.1513671875 0.1063232421875
-0.1796875 -0.1923828125 0.1058349609375
-0.234375 -0.2724609375 -0.37546539306640625
-0.21875 -0.2314453125 0.1036376953125
-0.21875 -0.2255859375 0.0626220703125
-0.265625 -0.3056640625 -0.428924560546875
-0.265625 -0.2587890625 0.0589599609375
-0.2734375 -0.2587890625 0.0997314453125
-0.3125 -0.2548828125 -0.132080078125
-0.328125 -0.2958984375 -0.3855743408203125
-0.34375 -0.2861328125 0.0948486328125
-0.375 -0.2744140625 0.0491943359375
-0.4296875 -0.3076171875 -0.44842529296875
-0.4296875 -0.3076171875 0.0882568359375
-0.4453125 -0.2626953125 -0.1453857421875
-0.5234375 -0.2333984375 0.1890869140625
-0.5390625 -0.2783203125 0.1890869140625
-0.5078125 -0.1923828125 0.4205322265625
-0.5234375 -0.1923828125 0.3424072265625
-0.5390625 -0.2314453125 0.4195556640625
-0.5390625 -0.1826171875 0.1871337890625
-0.5625 -0.2763671875 0.3419189453125
-0.53125 -0.1376953125 0.1871337890625
-0.5546875 -0.2314453125 0.3858642578125
-0.609375 -0.3076171875 0.1842041015625
-0.546875 -0.0849609375 0.1842041015625
-0.546875 -0.0361328125 0.1832275390625
-0.5546875 -0.0869140625 0.3389892578125
-0.6328125 -0.3056640625 0.3370361328125
-0.546875 0.0107421875 0.1822509765625
-0.5546875 -0.0380859375 0.3375244140625
-0.6484375 -0.2568359375 -0.425994873046875
-0.5234375 0.1005859375 0.1822509765625
-0.546875 0.0615234375 0.1807861328125
-0.640625 -0.2509765625 0.4132080078125
-0.6640625 -0.2490234375 0.3795166015625
-0.5703125 0.0595703125 0.3345947265625
-0.6953125 -0.2900390625 0.3785400390625
-0.6953125 -0.2861328125 0.4102783203125
-0.6953125 -0.2294921875 0.4879150390625
-0.7578125 -0.2685546875 0.0616455078125
-0.7265625 -0.1240234375 0.4844970703125
-0.7421875 -0.1689453125 0.4844970703125
-0.71875 -0.0791015625 0.4844970703125
-0.8203125 -0.2529296875 0.0089111328125
-0.7421875 -0.0244140625 0.4820556640625
-0.8203125 -0.2451171875 0.4810791015625
