MOTORCYCLE
0.98046875 -0.013671875 -0.3275146484375
0.98828125 0.044921875 -0.3304443359375
0.90234375 -0.021484375 -0.3358154296875
0.94140625 0.126953125 0.2459716796875
0.82421875 -0.033203125 0.2449951171875
0.73828125 -0.099609375 -0.347412109375
0.85546875 0.068359375 0.2427978515625
0.70703125 -0.138671875 -0.348388671875
0.87890625 0.111328125 0.2427978515625
0.66015625 -0.169921875 -0.351806640625
0.62109375 -0.205078125 -0.353759765625
0.73046875 -0.037109375 -0.352783203125
0.89453125 0.216796875 0.2388916015625
0.70703125 0.037109375 -0.359619140625
0.46484375 -0.173828125 -0.371826171875
0.43359375 -0.212890625 -0.372802734375
0.39453125 -0.080078125 0.5592041015625
0.30078125 -0.193359375 -0.3883056640625
0.41015625 -0.033203125 0.5587158203125
0.40234375 -0.017578125 0.2147216796875
0.37109375 -0.060546875 0.2144775390625
0.42578125 0.025390625 0.2144775390625
0.43359375 0.017578125 0.5587158203125
0.34765625 -0.111328125 0.5582275390625
0.30859375 -0.146484375 0.5572509765625
0.36328125 -0.021484375 -0.4124755859375
0.43359375 0.076171875 0.5567626953125
0.37890625 0.025390625 -0.4141845703125
0.41015625 0.091796875 0.2108154296875
0.28515625 -0.072265625 0.2083740234375
0.42578125 0.146484375 0.2095947265625
0.42578125 0.138671875 0.5543212890625
0.25390625 -0.025390625 -0.4241943359375
0.41796875 0.205078125 0.5518798828125
0.26171875 0.033203125 -0.133758544921875
0.19140625 -0.072265625 0.2017822265625
0.09765625 -0.177734375 -0.4324951171875
0.26171875 0.091796875 -0.1371917724609375
0.28515625 0.138671875 -0.137176513671875
0.16796875 -0.029296875 -0.13980865478515625
0.11328125 -0.087890625 0.1968994140625
0.03515625 -0.205078125 -0.4378662109375
0.15234375 -0.013671875 0.075439453125
0.11328125 -0.068359375 -0.4373779296875
0.35546875 0.302734375 0.5460205078125
0.09765625 -0.044921875 0.0728759765625
0.02734375 -0.158203125 0.1937255859375
0.05078125 -0.119140625 0.1939697265625
0.03515625 -0.080078125 -0.1497211456298828
0.18359375 0.146484375 0.0706787109375
0.15234375 0.099609375 0.0706787109375
-0.05078125 -0.212890625 -0.4471435546875
0.03515625 -0.072265625 0.069091796875
-0.01171875 -0.138671875 -0.4254150390625
0.08203125 0.013671875 -0.4466552734375
0.16015625 0.208984375 -0.4500732421875
-0.08203125 -0.162109375 -0.4312744140625
-0.08984375 -0.130859375 -0.15877532958984375
-0.06640625 -0.083984375 0.0609130859375
-0.16796875 -0.216796875 -0.4603271484375
-0.16796875 -0.150390625 -0.1652374267578125
-0.10546875 0.056640625 -0.16949462890625
-0.22265625 -0.111328125 0.2288818359375
-0.19921875 -0.068359375 0.4083251953125
-0.20703125 -0.064453125 0.2281494140625
-0.17578125 -0.025390625 0.4088134765625
-0.26171875 -0.154296875 0.4971923828125
-0.20703125 -0.060546875 0.4971923828125
-0.23828125 -0.107421875 0.4971923828125
-0.19140625 -0.009765625 0.2271728515625
-0.16015625 0.029296875 0.4073486328125
-0.30078125 -0.197265625 0.4962158203125
-0.25390625 -0.099609375 0.4063720703125
-0.19921875 -0.005859375 0.4962158203125
-0.28515625 -0.111328125 -0.4561767578125
-0.30078125 -0.138671875 0.4049072265625
-0.33203125 -0.185546875 0.4044189453125
-0.33984375 -0.181640625 -0.4815673828125
-0.16015625 0.095703125 0.4053955078125
-0.19921875 0.052734375 0.2242431640625
-0.19921875 0.056640625 0.4942626953125
-0.33203125 -0.119140625 0.2213134765625
-0.31640625 -0.064453125 0.03955078125
-0.39453125 -0.208984375 0.4010009765625
-0.16796875 0.162109375 0.4024658203125
-0.42578125 -0.251953125 0.4903564453125
-0.20703125 0.123046875 0.2208251953125
-0.19921875 0.119140625 0.4918212890625
-0.33984375 -0.083984375 0.1644287109375
-0.28515625 0.033203125 -0.1854248046875
-0.37890625 -0.091796875 0.0355224609375
-0.45703125 -0.240234375 0.3980712890625
-0.44140625 -0.189453125 -0.4927978515625
-0.21484375 0.185546875 0.2178955078125
-0.24609375 0.205078125 0.4869384765625
-0.46484375 -0.107421875 0.029052734375
-0.56640625 -0.244140625 0.3912353515625
-0.54296875 -0.130859375 0.0238037109375
-0.27734375 0.283203125 0.3917236328125
-0.52734375 -0.072265625 0.2056884765625
-0.60546875 -0.158203125 0.0194091796875
-0.58203125 -0.107421875 0.2027587890625
-0.62890625 -0.146484375 0.2008056640625
-0.65234375 -0.142578125 -0.5196533203125
-0.60546875 -0.060546875 -0.4940185546875
-0.69921875 -0.177734375 -0.5225830078125
-0.61328125 0.005859375 -0.4984130859375
-0.75390625 -0.205078125 0.00927734375
-0.67578125 -0.064453125 -0.21820068359375
-0.80859375 -0.302734375 0.3780517578125
-0.75390625 -0.048828125 -0.5101318359375
-0.90234375 -0.076171875 -0.2392578125
-0.98828125 -0.150390625 -0.012451171875
-0.94140625 -0.041015625 0.1739501953125
-0.98046875 -0.099609375 -0.5592041015625
