MOTORCYCLE
0.75 -0.33203125 -0.5545654296875
0.7421875 -0.287109375 -0.5570068359375
0.7421875 -0.244140625 -0.5589599609375
0.75 -0.201171875 -0.560791015625
0.75 -0.158203125 -0.56201171875
0.75 -0.11328125 -0.564453125
0.8046875 0.044921875 -0.22467041015625
0.7421875 -0.0703125 -0.56689453125
0.7578125 -0.0078125 -0.2850341796875
0.7421875 -0.025390625 -0.5693359375
0.7421875 0.01953125 -0.57177734375
0.75 0.060546875 -0.5723876953125
0.7734375 0.142578125 -0.5736083984375
0.7578125 0.103515625 -0.5736083984375
0.7734375 0.1875 -0.5755615234375
0.78125 0.23046875 -0.5767822265625
0.8125 0.345703125 -0.577392578125
0.78125 0.2734375 -0.57861328125
0.796875 0.314453125 -0.57861328125
0.640625 0.056640625 -0.007568359375
0.6015625 -0.001953125 -0.303558349609375
0.5859375 -0.041015625 -0.3035888671875
0.5546875 -0.07421875 -0.30657958984375
0.59375 0.02734375 -0.011474609375
0.578125 -0.01171875 -0.011474609375
0.5859375 0.02734375 -0.2498779296875
0.5078125 0.009765625 -0.25897216796875
0.4296875 -0.048828125 0.151611328125
0.40625 -0.07421875 -0.324127197265625
0.4140625 -0.05078125 -0.2685546875
0.40625 -0.0859375 0.150146484375
0.4453125 0.033203125 0.150634765625
0.4296875 0.005859375 0.18359375
0.3828125 -0.068359375 0.181640625
0.3671875 -0.107421875 0.18115234375
0.3359375 -0.1640625 -0.031005859375
0.390625 0.001953125 -0.031005859375
0.34375 -0.146484375 0.18017578125
0.3984375 0.005859375 0.29248046875
0.375 0.0078125 -0.275634765625
0.375 -0.03125 0.29150390625
0.3203125 -0.09375 -0.3329315185546875
0.3359375 -0.064453125 0.2890625
0.3046875 -0.107421875 -0.03662109375
0.3125 -0.1015625 0.28759765625
0.2578125 -0.18359375 -0.28271484375
0.2421875 -0.345703125 0.578125
0.296875 -0.142578125 0.50537109375
0.2890625 -0.1796875 0.57861328125
0.2734375 -0.13671875 0.1396484375
0.2890625 -0.05859375 -0.28271484375
0.2578125 -0.26171875 0.578125
0.2578125 -0.138671875 -0.283721923828125
0.2421875 -0.30078125 0.57763671875
0.2265625 -0.220703125 -0.28472900390625
0.3359375 0.072265625 0.28564453125
0.2734375 -0.12890625 0.4658203125
0.203125 -0.240234375 -0.3418769836425781
0.1640625 -0.275390625 -0.34532928466796875
0.2578125 -0.001953125 -0.044677734375
0.2265625 -0.16796875 0.501953125
0.2109375 -0.080078125 -0.29180908203125
0.25 -0.04296875 0.5009765625
0.2578125 -0.033203125 0.57421875
0.2109375 -0.033203125 -0.048583984375
0.1875 -0.1484375 0.4609375
0.2578125 0.048828125 0.49951171875
0.21875 -0.033203125 0.42578125
0.234375 0.01953125 0.4609375
0.1953125 -0.072265625 0.498046875
0.109375 -0.232421875 -0.298370361328125
0.1953125 -0.060546875 0.46044921875
0.2265625 0.01953125 0.57177734375
0.1328125 -0.08203125 -0.3558502197265625
0.2109375 0.0703125 0.56982421875
0.2265625 0.203125 0.568359375
0.1875 0.125 0.45654296875
0.0234375 -0.25390625 -0.3084716796875
0.203125 0.166015625 0.5673828125
0.03125 -0.14453125 -0.3656768798828125
0.1328125 0.140625 0.56396484375
-0.0078125 -0.087890625 0.15185546875
-0.0859375 -0.26953125 -0.32110595703125
-0.0390625 -0.13671875 0.11181640625
-0.046875 -0.123046875 0.149169921875
-0.046875 -0.08984375 0.1103515625
-0.078125 -0.16015625 0.1474609375
-0.1328125 -0.203125 0.10546875
-0.1640625 -0.240234375 0.103271484375
-0.1640625 -0.228515625 0.142333984375
-0.1953125 -0.283203125 -0.3347358703613281
-0.1796875 -0.2421875 -0.08251953125
-0.15625 -0.18359375 0.14208984375
-0.1640625 -0.107421875 -0.0849609375
-0.1796875 -0.150390625 -0.0849609375
-0.2109375 -0.26171875 0.139404296875
-0.25 -0.263671875 0.09619140625
-0.3046875 -0.30078125 -0.34735870361328125
-0.296875 -0.255859375 -0.094482421875
-0.3046875 -0.28125 0.132080078125
-0.359375 -0.287109375 -0.10009765625
-0.390625 -0.306640625 0.1259765625
-0.3828125 -0.2734375 0.084716796875
-0.3515625 -0.138671875 0.23681640625
-0.4140625 -0.3125 0.08251953125
-0.3828125 -0.224609375 0.236328125
-0.3828125 -0.177734375 0.23486328125
-0.34375 -0.044921875 0.23486328125
-0.359375 -0.08984375 0.23486328125
-0.34375 0.001953125 0.23388671875
-0.4140625 -0.15625 -0.41790771484375
-0.4375 -0.2578125 0.23291015625
-0.3515625 0.048828125 0.23291015625
-0.4609375 -0.19140625 -0.42181396484375
-0.5 -0.2890625 0.228515625
-0.5625 -0.318359375 0.22412109375
-0.546875 -0.279296875 0.37890625
-0.5234375 -0.228515625 0.53369140625
-0.5234375 -0.19140625 0.37890625
-0.53125 -0.232421875 0.4560546875
-0.5546875 -0.2734375 0.45556640625
-0.59375 -0.203125 -0.43792724609375
-0.5546875 -0.0859375 0.37451171875
-0.578125 -0.171875 0.4521484375
-0.625 -0.3046875 0.3740234375
-0.5703125 -0.119140625 0.41845703125
-0.546875 -0.037109375 0.45166015625
-0.5625 -0.080078125 0.45166015625
-0.59375 -0.158203125 0.41748046875
-0.5625 -0.037109375 0.37353515625
-0.578125 -0.068359375 0.4169921875
-0.6484375 -0.296875 0.4501953125
-0.53125 0.099609375 0.373046875
-0.546875 0.056640625 0.37255859375
-0.578125 0.029296875 0.41552734375
-0.7421875 -0.3203125 0.4443359375
-0.765625 -0.205078125 -0.45794677734375
-0.8125 -0.294921875 0.5185546875
