MOTORCYCLE
1.00390625 -0.00390625 0.032470703125
1.03515625 0.11328125 0.0306396484375
0.87109375 -0.07421875 0.02490234375
0.98046875 0.20703125 0.0233154296875
0.79296875 -0.10546875 0.0196533203125
0.69140625 -0.125 0.0128173828125
0.61328125 -0.03125 0.417236328125
0.57421875 -0.08203125 0.416259765625
0.62109375 0.03125 0.416259765625
0.61328125 0.1015625 0.414306640625
0.49609375 -0.11328125 0.412841796875
0.45703125 -0.16015625 0.411865234375
0.61328125 0.16796875 0.412353515625
0.40234375 -0.2109375 0.410400390625
0.44140625 -0.03515625 -0.41357421875
0.46484375 0.0234375 -0.41357421875
0.43359375 0.04296875 -0.1577606201171875
0.43359375 0.11328125 -0.160247802734375
0.28515625 -0.16796875 -0.423583984375
0.32421875 -0.0390625 0.0479736328125
0.28515625 -0.10546875 -0.42578125
0.28515625 -0.09765625 0.046875
0.48828125 0.296875 0.403076171875
0.34765625 0.08984375 0.0452880859375
0.23046875 -0.13671875 0.0439453125
0.19921875 -0.203125 -0.430419921875
0.19921875 -0.12890625 -0.1717529296875
0.24609375 -0.015625 -0.43310546875
0.21484375 -0.0703125 -0.172393798828125
0.26953125 0.05078125 0.041015625
0.14453125 -0.17578125 0.0386962890625
0.08203125 -0.20703125 0.393310546875
0.15234375 -0.0234375 -0.030517578125
0.03515625 -0.1953125 0.0308837890625
0.02734375 -0.10546875 -0.037109375
-0.01171875 -0.18359375 -0.452392578125
0.01953125 -0.0390625 0.455322265625
-0.01953125 -0.09375 0.454833984375
-0.03515625 -0.1015625 0.345947265625
-0.01171875 -0.04296875 0.345947265625
0.01953125 0.0234375 0.454345703125
-0.01953125 -0.0390625 0.238037109375
-0.06640625 -0.140625 0.452880859375
-0.00390625 0.0234375 0.2373046875
-0.05859375 -0.08984375 0.236572265625
-0.08984375 -0.1484375 0.343994140625
-0.01171875 0.02734375 0.344482421875
-0.05859375 -0.078125 0.559814453125
0.01953125 0.1015625 0.452392578125
-0.12109375 -0.1875 0.450927734375
-0.12890625 -0.1875 0.381103515625
-0.09765625 -0.12890625 0.558837890625
-0.04296875 -0.01171875 0.559326171875
-0.00390625 0.09765625 0.2353515625
-0.02734375 0.05078125 0.558837890625
-0.18359375 -0.23828125 0.448974609375
-0.02734375 0.1015625 0.341796875
-0.03515625 0.12890625 0.556884765625
-0.03515625 0.1796875 0.231201171875
-0.18359375 -0.10546875 0.22900390625
-0.18359375 -0.08984375 -0.052978515625
-0.05078125 0.19921875 0.446533203125
-0.03515625 0.25 0.22900390625
-0.06640625 0.1875 0.33740234375
-0.07421875 0.21484375 0.553466796875
-0.31640625 -0.26171875 0.3330078125
-0.26953125 -0.06640625 -0.21392822265625
-0.10546875 0.29296875 0.441650390625
-0.34765625 -0.18359375 0.329345703125
-0.26953125 0.0 -0.2164306640625
-0.41015625 -0.2109375 0.436279296875
-0.37109375 -0.10546875 -0.49072265625
-0.37890625 -0.09765625 0.21630859375
-0.47265625 -0.25390625 0.433349609375
-0.48828125 -0.1171875 -0.01055908203125
-0.55859375 -0.234375 -0.0126953125
-0.72265625 -0.296875 0.421142578125
-0.68359375 -0.109375 -0.24847412109375
-0.78515625 -0.140625 -0.25592041015625
-0.86328125 -0.17578125 -0.03729248046875
-0.92578125 -0.15625 -0.2681884765625
-0.89453125 -0.0390625 -0.544677734375
-0.95703125 0.0625 -0.5556640625
-1.03515625 -0.046875 -0.559814453125
