MOTORCYCLE
0.97265625 0.17578125 -0.005035400390625
0.94140625 0.11328125 -0.00506591796875
0.76953125 -0.0234375 -0.0138092041015625
0.54296875 -0.00390625 -0.0316009521484375
0.46484375 -0.046875 0.413330078125
0.48046875 0.015625 0.412841796875
0.40234375 -0.09765625 0.4111328125
0.48046875 0.08984375 0.411376953125
0.41796875 -0.02734375 -0.04001426696777344
0.46484375 0.16015625 0.4091796875
0.35546875 -0.0703125 -0.043578147888183594
0.33984375 -0.05859375 -0.2113037109375
0.33984375 0.01953125 -0.214599609375
0.23046875 -0.08984375 0.239501953125
0.24609375 -0.0234375 0.238525390625
0.24609375 -0.02734375 -0.503662109375
0.21484375 -0.078125 -0.2216796875
0.26171875 0.046875 0.008392333984375
0.16796875 -0.13671875 0.00616455078125
0.24609375 0.05078125 0.236328125
0.32421875 0.2421875 -0.2235107421875
0.29296875 0.1796875 -0.2235107421875
0.24609375 0.12109375 0.235107421875
0.21484375 0.05078125 -0.5087890625
0.12109375 -0.1171875 -0.2275390625
0.23046875 0.13671875 -0.22802734375
0.08984375 -0.17578125 -0.22900390625
0.13671875 -0.0625 -0.51220703125
0.04296875 -0.234375 -0.23046875
0.23046875 0.20703125 0.231689453125
0.08984375 -0.04296875 -0.06396484375
0.02734375 -0.15625 -0.00384521484375
-0.05078125 -0.203125 -0.008026123046875
-0.14453125 -0.078125 0.44873046875
-0.12890625 -0.0078125 0.4482421875
-0.17578125 -0.07421875 0.328857421875
-0.14453125 -0.00390625 0.563232421875
-0.17578125 -0.0703125 0.563720703125
-0.16015625 -0.01171875 0.328369140625
-0.20703125 -0.12890625 0.446533203125
-0.19140625 -0.078125 0.2119140625
-0.20703125 -0.1328125 0.563232421875
-0.12890625 0.06640625 0.44677734375
-0.22265625 -0.13671875 0.327880859375
-0.17578125 -0.01171875 0.21142578125
-0.25390625 -0.1953125 -0.2581787109375
-0.14453125 0.07421875 0.561767578125
-0.16015625 0.0625 0.327392578125
-0.25390625 -0.1328125 0.20947265625
-0.26953125 -0.18359375 0.561279296875
-0.23828125 -0.0625 -0.088226318359375
-0.14453125 0.1484375 0.443603515625
-0.28515625 -0.171875 0.44287109375
-0.30078125 -0.18359375 0.324951171875
-0.17578125 0.16015625 0.559326171875
-0.19140625 0.15234375 0.322998046875
-0.36328125 -0.23046875 -0.2659912109375
-0.36328125 -0.21875 0.43994140625
-0.42578125 -0.30078125 -0.558837890625
-0.36328125 -0.08984375 -0.096649169921875
-0.22265625 0.25 0.554931640625
-0.44140625 -0.21875 -0.563720703125
-0.42578125 -0.140625 0.198486328125
-0.55078125 -0.171875 0.1910400390625
-0.34765625 0.30078125 0.4296875
-0.62890625 -0.13671875 -0.053253173828125
-0.66015625 -0.19921875 -0.29248046875
-0.75390625 -0.234375 -0.2998046875
-0.83203125 -0.19140625 0.413818359375
-0.97265625 -0.15625 -0.078765869140625
-0.95703125 -0.09375 0.283447265625
