MOTORCYCLE
1.0625 0.0234375 -0.18072509765625
1.015625 -0.03125 -0.18359375
1.0625 0.1015625 -0.18408203125
1.03125 0.265625 -0.19110107421875
1.046875 0.33203125 -0.1915283203125
0.875 -0.05859375 -0.19293212890625
0.8125 -0.109375 -0.19580078125
0.78125 -0.17578125 -0.196044921875
0.9375 0.2265625 -0.1968994140625
0.515625 -0.15234375 -0.2177734375
0.546875 -0.01171875 0.2674560546875
0.515625 -0.078125 0.2672119140625
0.5625 0.0625 0.2667236328125
0.5 -0.0234375 -0.4141845703125
0.546875 0.13671875 0.2642822265625
0.4375 -0.1328125 0.2647705078125
0.453125 -0.08203125 -0.4166259765625
0.34375 -0.1640625 -0.2301025390625
0.5 0.23046875 0.2601318359375
0.375 0.03515625 -0.1802978515625
0.28125 -0.09375 0.1893310546875
0.265625 -0.08984375 0.063720703125
0.203125 -0.2265625 -0.4334716796875
0.28125 -0.015625 0.1873779296875
0.296875 0.05859375 0.1859130859375
0.234375 0.0 0.059326171875
0.203125 -0.06640625 -0.4388427734375
0.25 0.07421875 0.0587158203125
0.15625 -0.12890625 -0.19134521484375
0.15625 -0.10546875 0.2486572265625
0.140625 -0.12890625 0.057373046875
0.078125 -0.25390625 -0.1943359375
0.109375 -0.16015625 -0.248779296875
0.09375 -0.1796875 -0.19451904296875
0.0625 -0.25390625 -0.4451904296875
0.09375 -0.16796875 0.2467041015625
0.203125 0.16796875 -0.4471435546875
0.0625 -0.17578125 0.052490234375
0.046875 -0.09375 0.1746826171875
-0.125 -0.265625 -0.4617919921875
-0.0625 -0.0390625 0.2943115234375
-0.0625 -0.03515625 0.4190673828125
-0.09375 -0.09765625 0.4190673828125
-0.046875 0.03515625 0.2935791015625
-0.109375 -0.1015625 0.2930908203125
-0.078125 -0.03125 0.5440673828125
-0.109375 -0.1015625 0.5440673828125
-0.140625 -0.171875 0.5435791015625
-0.140625 -0.16015625 0.4176025390625
-0.0625 0.046875 0.4176025390625
-0.1875 -0.2421875 -0.21484375
-0.15625 -0.14453125 -0.269287109375
-0.140625 -0.1015625 0.163818359375
-0.0625 0.12109375 0.2904052734375
-0.09375 0.05078125 0.5421142578125
-0.1875 -0.16796875 0.162841796875
-0.203125 -0.22265625 0.4158935546875
-0.25 -0.2890625 0.5406494140625
-0.09375 0.1328125 0.4149169921875
-0.109375 0.1328125 0.5401611328125
-0.265625 -0.20703125 0.2864990234375
-0.34375 -0.1953125 0.153564453125
-0.171875 0.24609375 0.4083251953125
-0.1875 0.24609375 0.5347900390625
-0.46875 -0.22265625 -0.237548828125
-0.484375 -0.23046875 0.1456298828125
-0.484375 -0.0703125 0.01446533203125
-0.578125 -0.25390625 0.3978271484375
-0.5625 -0.19921875 -0.5023193359375
-0.65625 -0.3125 0.3958740234375
-0.59375 -0.11328125 0.00811767578125
-0.84375 -0.33203125 0.3868408203125
-0.859375 -0.17578125 -0.2684326171875
-0.828125 -0.09375 0.2532958984375
-0.90625 -0.16796875 -0.01068115234375
-1.015625 -0.12890625 -0.5440673828125
-1.0625 -0.19140625 -0.28369140625
