MOTORCYCLE
1.09375 0.0234375 -0.4400634765625
1.125 0.1328125 -0.2535400390625
0.90625 -0.0859375 -0.1693115234375
0.84375 0.0703125 0.28662109375
0.8125 0.0 0.1019287109375
0.875 0.21875 0.286865234375
0.8125 0.0703125 -0.2645263671875
0.8125 0.125 -0.1756591796875
0.78125 0.1796875 0.0990447998046875
0.6875 -0.0625 -0.2674560546875
0.25 -0.1640625 0.0848236083984375
0.15625 -0.1875 -0.1966552734375
-0.28125 -0.0859375 -0.3048095703125
-0.40625 -0.125 0.0634765625
-0.40625 0.109375 0.5357666015625
-0.5 -0.140625 -0.2222900390625
-0.4375 0.1484375 0.25146484375
-0.625 -0.28125 -0.2252197265625
-0.59375 -0.109375 -0.5118408203125
-0.71875 -0.1171875 0.3385009765625
-0.6875 0.0234375 0.5306396484375
-0.6875 0.0625 0.2451171875
-0.6875 0.1015625 -0.5186767578125
-0.625 0.28125 -0.5196533203125
-1.03125 -0.078125 0.04241943359375
-1.125 -0.1015625 -0.5357666015625
