MOTORCYCLE
-0.609375 -0.1328125 -0.59771728515625
-0.421875 -0.0078125 -0.60198974609375
-0.265625 0.140625 -0.60687255859375
-0.359375 -0.28125 -0.370361328125
-0.234375 -0.1171875 -0.06842041015625
-0.171875 -0.15625 -0.375244140625
-0.046875 0.0234375 -0.30889892578125
-0.046875 0.0234375 -0.07208251953125
-0.015625 0.0234375 0.23187255859375
-0.046875 -0.15625 0.23187255859375
-0.015625 -0.0234375 0.60687255859375
0.015625 0.0546875 0.30267333984375
-0.015625 -0.1328125 0.30218505859375
0.046875 0.1484375 0.60687255859375
0.078125 0.1796875 -0.31146240234375
0.203125 0.1875 0.29974365234375
0.203125 -0.234375 -0.31768798828125
0.203125 -0.25 0.60394287109375
0.328125 0.1484375 0.53265380859375
0.390625 0.28125 0.22601318359375
0.484375 0.2734375 -0.08233642578125
0.421875 0.0 -0.01275634765625
0.578125 0.2265625 -0.3929443359375
0.609375 0.25 -0.32562255859375
