MOTORCYCLE
-0.953125 0.009765625 -0.380340576171875
-0.734375 -0.115234375 -0.38946533203125
-0.578125 -0.2421875 0.0596923828125
-0.578125 -0.080078125 0.2882080078125
-0.578125 0.056640625 0.2877197265625
-0.546875 0.041015625 0.0587158203125
-0.484375 0.203125 0.2852783203125
-0.453125 -0.080078125 0.5137939453125
-0.265625 0.126953125 -0.33446502685546875
-0.203125 -0.2109375 -0.4107666015625
-0.171875 0.283203125 -0.3392486572265625
-0.078125 0.212890625 0.0435791015625
-0.046875 0.001953125 -0.5782470703125
0.046875 0.078125 0.1219482421875
0.046875 0.216796875 0.1221923828125
0.078125 -0.060546875 0.1212158203125
0.109375 -0.30078125 0.5040283203125
0.140625 -0.310546875 -0.42474365234375
0.109375 0.138671875 -0.11474609375
0.140625 0.017578125 -0.3506011962890625
0.140625 -0.00390625 0.3551025390625
0.140625 0.150390625 0.3555908203125
0.140625 0.259765625 0.5025634765625
0.171875 0.005859375 -0.117431640625
0.203125 -0.193359375 0.1177978515625
0.265625 0.123046875 0.5001220703125
0.265625 0.310546875 -0.1212158203125
0.296875 -0.162109375 0.5001220703125
0.359375 -0.2578125 0.3507080078125
0.359375 0.310546875 0.3502197265625
0.609375 -0.103515625 -0.1324462890625
0.703125 -0.240234375 -0.1353759765625
0.859375 -0.1328125 0.5782470703125
0.890625 0.013671875 0.5772705078125
0.921875 0.16015625 0.5762939453125
0.953125 -0.072265625 0.3365478515625
0.921875 0.302734375 0.5767822265625
