MOTORCYCLE
-1.0078125 -0.0712890625 -0.30950927734375
-0.8984375 0.0341796875 -0.316650390625
-0.7421875 -0.1220703125 -0.324462890625
-0.7109375 -0.1142578125 0.10711669921875
-0.6953125 -0.0283203125 0.10565185546875
-0.6796875 0.0595703125 0.10467529296875
-0.6015625 -0.1904296875 0.10272216796875
-0.5390625 -0.0908203125 0.38934326171875
-0.5234375 -0.0009765625 0.38885498046875
-0.4609375 0.0869140625 -0.42954254150390625
-0.3984375 -0.1650390625 -0.34503173828125
-0.4140625 0.0087890625 -0.58221435546875
-0.3671875 0.0908203125 -0.28631591796875
-0.3203125 0.1162109375 0.38201904296875
-0.2265625 0.0205078125 -0.29443359375
-0.2109375 0.0341796875 -0.44500732421875
-0.2421875 0.2099609375 0.37957763671875
-0.2578125 0.3193359375 0.52655029296875
-0.1484375 -0.2236328125 -0.3587646484375
-0.1796875 0.2080078125 -0.2982177734375
-0.1953125 0.3115234375 0.37762451171875
-0.0859375 -0.2978515625 0.08197021484375
-0.0703125 0.2392578125 0.07806396484375
-0.0078125 -0.0439453125 -0.30596923828125
-0.0078125 0.2275390625 0.14813232421875
0.0234375 0.0380859375 0.29949951171875
0.0234375 0.1279296875 0.29901123046875
0.0703125 -0.0361328125 -0.00592041015625
0.0546875 0.1474609375 -0.00665283203125
0.0703125 0.0576171875 -0.00714111328125
0.1328125 -0.2626953125 0.51971435546875
0.1328125 -0.0302734375 -0.16143798828125
0.1484375 -0.1181640625 -0.00909423828125
0.1796875 -0.1181640625 0.14276123046875
0.1640625 0.0654296875 -0.16363525390625
0.1640625 0.1591796875 -0.16461181640625
0.1953125 -0.0087890625 -0.47076416015625
0.2421875 -0.1083984375 -0.16729736328125
0.2578125 -0.1669921875 0.36590576171875
0.2578125 -0.1552734375 0.51629638671875
0.2578125 -0.0673828125 0.51580810546875
0.2734375 0.1181640625 0.51483154296875
0.3515625 -0.0849609375 -0.3272705078125
0.3671875 -0.0791015625 -0.4810791015625
0.4296875 -0.1748046875 -0.02203369140625
0.4140625 0.2880859375 -0.02423095703125
0.4921875 0.2958984375 -0.18292236328125
0.5546875 0.0126953125 0.28094482421875
0.6015625 -0.2392578125 -0.02960205078125
0.6484375 -0.2041015625 0.43426513671875
0.7109375 -0.3193359375 -0.50140380859375
0.7578125 -0.1201171875 -0.50634765625
0.7890625 -0.2216796875 -0.35113525390625
0.8203125 0.2919921875 0.42694091796875
0.8671875 -0.0830078125 0.42694091796875
0.8828125 0.0146484375 0.42645263671875
0.8828125 0.2041015625 0.42547607421875
0.9140625 0.1513671875 0.58221435546875
1.0078125 -0.1162109375 0.26580810546875
