MOTORCYCLE
-1.1171875 0.0771484375 -0.4705810546875
-1.1015625 0.0068359375 -0.470458984375
-0.6796875 0.0068359375 -0.50469970703125
-0.6953125 0.0830078125 0.31793212890625
-0.6796875 0.0146484375 0.31793212890625
-0.6328125 -0.0498046875 0.31695556640625
-0.6640625 0.1650390625 0.31597900390625
-0.6015625 -0.0439453125 -0.03851318359375
-0.5859375 -0.1064453125 0.31549072265625
-0.6171875 0.1669921875 -0.03973388671875
-0.5859375 0.2490234375 0.31207275390625
-0.5390625 0.0380859375 -0.04315185546875
-0.5078125 -0.0927734375 -0.04315185546875
-0.5390625 0.1904296875 -0.4837646484375
-0.5703125 0.3193359375 0.31109619140625
-0.5234375 0.1123046875 -0.04461669921875
-0.4921875 0.1181640625 -0.48699951171875
-0.4453125 -0.1552734375 -0.04583740234375
-0.4921875 0.0517578125 0.54595947265625
-0.4296875 0.1298828125 -0.24627685546875
-0.3828125 0.1337890625 -0.12615966796875
-0.3515625 0.2138671875 -0.12933349609375
-0.3359375 0.2880859375 -0.05731201171875
-0.2890625 0.0791015625 -0.25518798828125
-0.2734375 0.2314453125 -0.25897216796875
-0.3046875 0.3720703125 0.53863525390625
-0.2265625 0.0888671875 -0.13543701171875
-0.1953125 0.0185546875 -0.26104736328125
-0.1484375 0.1650390625 0.22955322265625
-0.0859375 0.2568359375 0.10113525390625
-0.0546875 0.1162109375 -0.52252197265625
-0.0703125 0.1728515625 0.35064697265625
-0.0546875 0.1044921875 0.35064697265625
-0.0546875 0.1767578125 0.10064697265625
-0.0703125 0.2490234375 0.35015869140625
-0.0546875 0.2568359375 0.22418212890625
0.0078125 -0.0400390625 0.09967041015625
0.0546875 -0.2236328125 0.53228759765625
0.0390625 0.0537109375 -0.15277099609375
0.0390625 0.0458984375 -0.02850341796875
0.0078125 0.3408203125 0.09576416015625
0.1171875 -0.0888671875 0.21978759765625
0.1015625 0.1318359375 -0.03289794921875
0.1328125 -0.0087890625 -0.15740966796875
0.1484375 -0.1376953125 0.28570556640625
0.1015625 0.2841796875 -0.03411865234375
0.1484375 -0.0126953125 -0.03387451171875
0.1640625 0.0009765625 -0.28607177734375
0.1328125 0.2119140625 -0.03509521484375
0.1953125 -0.1201171875 0.64996337890625
0.2265625 -0.1259765625 0.52691650390625
0.2109375 -0.0400390625 0.64898681640625
0.1796875 0.2373046875 0.52545166015625
0.2421875 -0.0673828125 -0.16400146484375
0.2265625 -0.0498046875 0.52593994140625
0.2265625 0.0244140625 0.52545166015625
0.2265625 0.0380859375 0.64801025390625
0.2734375 -0.0517578125 -0.29278564453125
0.2109375 0.3857421875 -0.16705322265625
0.2421875 0.0986328125 0.52447509765625
0.2421875 0.1083984375 0.64703369140625
0.2421875 0.3837890625 -0.04315185546875
0.2421875 0.2548828125 0.64703369140625
0.2578125 0.1826171875 0.64703369140625
0.2578125 0.2978515625 0.46197509765625
0.3359375 -0.2216796875 0.46246337890625
0.3984375 -0.2431640625 0.58648681640625
0.3984375 -0.0517578125 -0.04827880859375
0.5078125 -0.1181640625 0.07427978515625
0.5078125 -0.0166015625 -0.59979248046875
0.4921875 0.1259765625 -0.56719970703125
0.5078125 0.0595703125 -0.60089111328125
0.6796875 -0.0732421875 -0.3204345703125
0.6953125 -0.1474609375 -0.3206787109375
0.6953125 -0.1611328125 0.19342041015625
0.6796875 0.2919921875 0.44683837890625
0.7734375 0.0908203125 -0.58831787109375
0.7890625 0.0791015625 0.31646728515625
0.8203125 -0.0009765625 0.44439697265625
0.8203125 -0.0341796875 0.57379150390625
0.8359375 0.0810546875 0.44293212890625
0.8359375 0.1591796875 0.44293212890625
0.8515625 0.0556640625 0.57232666015625
0.8671875 0.0126953125 0.31402587890625
0.8515625 0.1279296875 0.57183837890625
0.8203125 0.3564453125 0.57183837890625
0.8515625 0.2392578125 0.44195556640625
0.8671875 0.2861328125 0.57086181640625
0.8828125 0.2099609375 0.57037353515625
0.9296875 -0.0556640625 0.31207275390625
1.1015625 -0.3857421875 -0.64337158203125
1.1171875 0.0029296875 -0.64996337890625
