MOTORCYCLE
-1.234375 -0.3916015625 -0.63037109375
-1.234375 -0.3271484375 -0.632080078125
-1.21875 -0.2646484375 -0.63525390625
-1.21875 -0.2021484375 -0.636474609375
-1.21875 -0.1376953125 -0.638671875
-1.203125 -0.0732421875 -0.641357421875
-1.203125 -0.0048828125 -0.643310546875
-1.1875 0.0576171875 -0.64599609375
-1.171875 0.1240234375 -0.64892578125
-1.15625 0.1943359375 -0.652587890625
-1.140625 0.2607421875 -0.655517578125
-1.125 0.3271484375 -0.658203125
-1.109375 0.3916015625 -0.66162109375
-1.015625 -0.0751953125 -0.2237548828125
-0.984375 -0.0087890625 -0.227294921875
-0.6875 -0.1396484375 -0.2476806640625
-0.640625 -0.0595703125 0.16015625
-0.625 -0.1220703125 0.16064453125
-0.609375 -0.0556640625 -0.25543212890625
-0.625 0.0693359375 0.15771484375
-0.609375 0.0087890625 0.15771484375
-0.578125 -0.1728515625 0.15869140625
-0.578125 -0.0439453125 0.46875
-0.53125 -0.1044921875 0.466796875
-0.5 -0.2216796875 0.15478515625
-0.53125 0.0224609375 0.46630859375
-0.515625 0.1533203125 0.15087890625
-0.453125 -0.1533203125 -0.26605224609375
-0.46875 -0.1513671875 0.46533203125
-0.40625 0.0693359375 -0.463134765625
-0.390625 0.0048828125 -0.24560546875
-0.390625 0.0068359375 -0.4635009765625
-0.34375 -0.1982421875 -0.27508544921875
-0.234375 -0.2470703125 -0.2822265625
-0.28125 0.0947265625 -0.2567138671875
-0.15625 -0.0126953125 -0.044189453125
-0.109375 -0.0712890625 -0.26702880859375
-0.1875 0.2880859375 0.66162109375
-0.171875 0.3603515625 0.66064453125
-0.078125 -0.0009765625 -0.4927978515625
-0.078125 0.0693359375 -0.05078125
-0.09375 0.1962890625 -0.27264404296875
-0.015625 -0.2666015625 0.12744140625
-0.046875 0.0048828125 -0.27386474609375
-0.03125 -0.0712890625 0.16748046875
0.015625 -0.3232421875 0.12646484375
-0.015625 -0.0009765625 0.2763671875
-0.015625 0.0673828125 0.16455078125
0.0 0.1357421875 0.1630859375
0.03125 0.0068359375 0.1630859375
0.03125 0.0107421875 0.384765625
0.046875 -0.0537109375 0.2734375
0.0625 -0.1181640625 0.162109375
0.046875 -0.0517578125 0.38427734375
0.03125 0.0732421875 0.2734375
0.0625 -0.0380859375 -0.058837890625
0.046875 0.0810546875 0.38330078125
0.046875 0.1455078125 0.271484375
0.09375 -0.0400390625 0.050048828125
0.09375 0.0166015625 0.4931640625
0.171875 -0.3642578125 -0.31353759765625
0.125 -0.1044921875 0.2705078125
0.140625 -0.0986328125 0.38037109375
0.15625 -0.1650390625 0.2685546875
0.1875 -0.2978515625 -0.315521240234375
0.109375 0.1650390625 0.047119140625
0.171875 -0.1669921875 0.1572265625
0.125 0.0888671875 0.49169921875
0.171875 -0.0947265625 0.046630859375
0.140625 0.1044921875 0.04541015625
0.203125 -0.2333984375 -0.318145751953125
0.1875 -0.0830078125 -0.06640625
0.203125 -0.1455078125 -0.06689453125
0.171875 0.0400390625 0.044677734375
0.125 0.2958984375 0.265625
0.15625 0.2353515625 0.2646484375
0.171875 0.1669921875 0.48876953125
0.265625 -0.1455078125 0.040771484375
0.265625 -0.0673828125 -0.2978515625
0.21875 0.2626953125 0.03857421875
0.3125 -0.1982421875 -0.07421875
0.265625 0.0400390625 0.5966796875
0.3125 -0.1455078125 0.43408203125
0.328125 -0.2666015625 0.64990234375
0.28125 0.2041015625 -0.076904296875
0.328125 -0.2001953125 0.64990234375
0.34375 -0.1220703125 -0.30340576171875
0.359375 -0.2021484375 0.4326171875
0.390625 -0.3388671875 0.48388671875
0.375 -0.2001953125 0.48388671875
0.359375 -0.1298828125 0.64892578125
0.34375 0.0654296875 0.64794921875
0.328125 0.1923828125 0.64697265625
0.375 -0.0595703125 0.64794921875
0.328125 0.2705078125 0.48193359375
0.375 0.0029296875 0.64794921875
0.46875 -0.2431640625 0.4287109375
0.40625 0.3544921875 0.478515625
0.578125 -0.1552734375 -0.321563720703125
0.59375 -0.1533203125 0.020751953125
0.609375 -0.2314453125 0.1328125
0.625 -0.2138671875 0.01904296875
0.65625 -0.2861328125 0.01806640625
0.703125 -0.1962890625 -0.1005859375
0.71875 -0.2626953125 -0.100830078125
0.8125 -0.2509765625 -0.33905029296875
0.828125 -0.2763671875 0.57958984375
0.828125 -0.1240234375 0.234375
0.828125 -0.2060546875 0.5791015625
0.890625 -0.1845703125 0.23193359375
0.828125 0.2822265625 0.57568359375
0.9375 -0.1044921875 0.34423828125
0.9375 0.0283203125 0.45947265625
0.953125 -0.0439453125 0.57373046875
0.96875 -0.1083984375 0.5732421875
0.953125 0.0263671875 0.5732421875
0.953125 0.0947265625 0.57275390625
1.015625 -0.1552734375 0.34130859375
1.15625 0.0869140625 -0.6075439453125
1.1875 -0.0498046875 -0.607177734375
1.203125 0.0224609375 -0.61083984375
1.234375 -0.1943359375 0.2138671875
