MOTORCYCLE
-0.015625 -0.73828125 -0.04443359375
0.03125 -0.69921875 0.024658203125
-0.03125 -0.52734375 -0.206298828125
0.015625 -0.58984375 0.0224609375
-0.015625 -0.51171875 -0.050537109375
-0.046875 -0.41796875 -0.051513671875
-0.03125 -0.41015625 -0.2095947265625
-0.125 -0.26171875 0.1044921875
0.03125 -0.47265625 0.019287109375
-0.046875 -0.30078125 -0.21240234375
-0.03125 -0.30078125 -0.055419921875
-0.109375 -0.14453125 0.1015625
0.03125 -0.35546875 0.01611328125
-0.046875 -0.19140625 -0.21533203125
-0.046875 -0.19140625 -0.05810546875
0.015625 -0.25390625 0.013916015625
-0.125 -0.03515625 0.09912109375
-0.0625 -0.08203125 -0.2183837890625
-0.046875 -0.08984375 -0.060546875
0.015625 -0.13671875 0.01123046875
-0.109375 0.08984375 0.095703125
-0.0625 0.02734375 -0.2216796875
-0.046875 0.03515625 -0.063720703125
0.0 -0.03515625 0.009521484375
-0.078125 0.12890625 -0.2239990234375
-0.109375 0.19921875 0.09326171875
0.0 0.07421875 0.006591796875
-0.0625 0.25390625 -0.22802734375
0.0 0.19140625 0.004150390625
-0.03125 0.27734375 -0.07080078125
-0.046875 0.37890625 -0.23291015625
-0.125 0.55078125 0.0849609375
0.03125 0.32421875 -0.000244140625
-0.0625 0.48828125 -0.075439453125
0.015625 0.43359375 -0.00244140625
0.015625 0.54296875 -0.005126953125
0.125 0.73828125 0.23291015625
