MOTORCYCLE
-0.140625 -0.1455078125 0.211181640625
0.22265625 -0.1318359375 0.14794921875
-0.11328125 0.2900390625 0.502197265625
-0.1171875 -0.1787109375 0.264404296875
-0.08984375 0.2978515625 0.499267578125
0.25 -0.2568359375 0.499755859375
-0.513671875 -0.3720703125 0.642333984375
0.59375 -0.2060546875 0.643310546875
-0.224609375 -0.0908203125 0.212158203125
0.02734375 0.3115234375 0.434326171875
0.22265625 -0.1318359375 0.14794921875
0.0859375 -0.1396484375 0.555419921875
-0.1171875 -0.1787109375 0.264404296875
0.77734375 -0.1279296875 0.410888671875
-0.31640625 0.3408203125 0.509033203125
-0.603515625 -0.1591796875 0.314208984375
0.265625 -0.0849609375 0.190673828125
0.54296875 -0.0224609375 0.136474609375
-0.357421875 0.3525390625 0.509521484375
-0.75390625 -0.1962890625 0.337646484375
-0.443359375 -0.1787109375 0.302001953125
0.28125 -0.2646484375 0.496826171875
0.58203125 0.2138671875 0.594970703125
-0.2890625 -0.0595703125 0.214111328125
-0.75390625 -0.1962890625 0.337646484375
-0.3046875 -0.0537109375 0.215087890625
-0.05078125 -0.2373046875 0.583251953125
-0.248046875 -0.0751953125 0.212158203125
-0.1171875 -0.1787109375 0.264404296875
0.1171875 -0.1552734375 0.227783203125
0.3515625 -0.1123046875 0.184814453125
-0.861328125 -0.0537109375 0.310302734375
-0.306640625 0.1103515625 -0.591064453125
-0.7734375 -0.1435546875 0.326416015625
-0.453125 0.2412109375 -0.60986328125
-0.3046875 -0.1064453125 0.269287109375
0.453125 -0.2177734375 0.125732421875
-0.501953125 -0.1806640625 0.309326171875
0.09375 0.3662109375 0.620361328125
-0.306640625 0.1103515625 -0.591064453125
-0.130859375 -0.2392578125 0.590087890625
0.34375 -0.2255859375 0.14697265625
0.578125 -0.2001953125 0.644287109375
-0.708984375 -0.1181640625 0.313720703125
-0.134765625 -0.1533203125 0.260498046875
-0.36328125 0.2783203125 -0.645263671875
-0.36328125 0.2783203125 -0.645263671875
-0.404296875 0.3583984375 0.511474609375
0.265625 -0.0849609375 0.190673828125
0.25 -0.2783203125 0.503173828125
-0.05078125 -0.2373046875 0.583251953125
0.640625 0.0107421875 0.114013671875
0.328125 -0.2177734375 0.148193359375
-0.240234375 -0.0380859375 0.245361328125
0.11328125 -0.1513671875 0.554931640625
0.69140625 -0.0986328125 0.1298828125
0.69140625 -0.1455078125 0.425048828125
-0.513671875 -0.3720703125 0.642333984375
0.59765625 0.1552734375 0.600830078125
-0.173828125 -0.1435546875 0.216552734375
-0.673828125 -0.0029296875 -0.4613037109375
-0.6484375 -0.0126953125 -0.4630126953125
0.28125 -0.2646484375 0.496826171875
-0.462890625 0.3310546875 0.520263671875
0.5390625 0.2724609375 0.592041015625
-0.03515625 -0.2333984375 0.580810546875
-0.841796875 -0.0751953125 0.314697265625
0.546875 -0.1630859375 0.643310546875
-0.501953125 -0.1806640625 0.309326171875
0.28125 -0.2646484375 0.496826171875
-0.3046875 -0.0537109375 0.215087890625
-0.3515625 0.0830078125 0.189208984375
-0.62890625 -0.0068359375 -0.4697265625
-0.685546875 0.0068359375 -0.4630126953125
0.70703125 -0.0322265625 0.11328125
-0.515625 -0.1826171875 0.311279296875
-0.46875 0.3544921875 0.516357421875
-0.1484375 -0.1240234375 0.255126953125
0.59765625 0.1806640625 0.597412109375
0.34375 -0.2255859375 0.14697265625
-0.783203125 -0.1357421875 0.324951171875
0.5703125 -0.0244140625 0.624755859375
-0.38671875 -0.1533203125 0.289794921875
-0.333984375 0.3388671875 0.510498046875
-0.11328125 0.2900390625 0.502197265625
-0.2890625 0.0068359375 -0.553955078125
-0.638671875 -0.1494140625 0.315185546875
-0.333984375 0.3388671875 0.510498046875
-0.158203125 -0.1455078125 0.214111328125
-0.59765625 0.0224609375 -0.48828125
-0.08984375 -0.1826171875 0.261474609375
-0.263671875 -0.0712890625 0.213134765625
-0.142578125 -0.1416015625 0.258056640625
0.01171875 -0.1826171875 0.195068359375
0.15234375 -0.1396484375 0.549072265625
0.2734375 -0.1435546875 0.1416015625
-0.14453125 0.1162109375 -0.63330078125
-0.69921875 0.0380859375 -0.47314453125
-0.357421875 0.3525390625 0.509521484375
-0.197265625 -0.1005859375 0.209716796875
-0.3046875 -0.1064453125 0.269287109375
-0.173828125 -0.1435546875 0.216552734375
-0.376953125 0.3486328125 0.511474609375
0.01171875 -0.1689453125 0.245361328125
-0.158203125 0.0283203125 0.219970703125
-0.0625 0.0849609375 0.195068359375
-0.06640625 0.1083984375 0.189697265625
0.3203125 -0.2861328125 0.495361328125
0.6640625 -0.1826171875 0.633544921875
0.640625 0.0107421875 0.114013671875
0.875 -0.1064453125 0.022705078125
0.57421875 0.2314453125 0.593994140625
0.33203125 -0.0654296875 0.177490234375
0.64453125 -0.1455078125 0.431396484375
-0.34765625 -0.1318359375 0.280517578125
-0.828125 -0.0751953125 0.313720703125
0.69140625 -0.0986328125 0.1298828125
-0.23828125 -0.0830078125 0.212158203125
-0.513671875 -0.3720703125 0.642333984375
-0.404296875 0.3583984375 0.511474609375
-0.626953125 -0.1533203125 0.315185546875
-0.69921875 0.0380859375 -0.47314453125
0.09765625 -0.1455078125 0.554931640625
0.0625 0.3916015625 0.416748046875
0.171875 -0.1240234375 0.213623046875
0.546875 -0.1630859375 0.643310546875
0.25 -0.2783203125 0.503173828125
-0.75390625 -0.1962890625 0.337646484375
0.5390625 0.2978515625 0.588623046875
0.11328125 -0.1513671875 0.554931640625
0.04296875 0.1650390625 0.456787109375
-0.00390625 -0.1689453125 0.247314453125
0.74609375 -0.1357421875 0.416259765625
-0.419921875 0.3564453125 0.512939453125
-0.0703125 -0.1708984375 0.205810546875
-0.62890625 -0.0068359375 -0.4697265625
-0.19921875 -0.0205078125 0.236083984375
-0.828125 -0.0751953125 0.313720703125
0.37890625 -0.2939453125 0.489013671875
0.6640625 -0.1474609375 0.428955078125
-0.140625 -0.1455078125 0.211181640625
-0.765625 -0.1962890625 0.338623046875
0.37890625 -0.2294921875 0.1416015625
-0.6640625 -0.0126953125 -0.4595947265625
0.57421875 0.2314453125 0.593994140625
-0.52734375 -0.3408203125 0.637939453125
-0.03125 -0.1884765625 0.203857421875
0.6953125 -0.1162109375 0.1328125
-0.779296875 -0.0927734375 0.313720703125
-0.85546875 0.1318359375 0.262939453125
0.0859375 -0.1396484375 0.555419921875
0.0703125 -0.1376953125 0.555908203125
-0.544921875 0.2822265625 0.533447265625
-0.462890625 0.3310546875 0.520263671875
0.28515625 -0.2001953125 0.15234375
0.2734375 -0.1669921875 0.14697265625
-0.158203125 -0.1455078125 0.214111328125
0.14453125 -0.1806640625 0.172607421875
0.546875 -0.1630859375 0.643310546875
-0.0703125 -0.1708984375 0.205810546875
-0.53125 -0.1865234375 0.313232421875
0.59375 -0.2060546875 0.643310546875
-0.513671875 -0.3720703125 0.642333984375
-0.779296875 -0.0927734375 0.313720703125
0.59375 -0.2060546875 0.643310546875
0.11328125 -0.1513671875 0.554931640625
0.6015625 0.0576171875 0.611572265625
-0.224609375 -0.0908203125 0.212158203125
-0.603515625 -0.1591796875 0.314208984375
0.71875 -0.1337890625 0.133056640625
0.0625 0.3916015625 0.416748046875
-0.515625 -0.1826171875 0.311279296875
-0.14453125 0.1162109375 -0.63330078125
0.6875 -0.0068359375 0.111083984375
-0.669921875 -0.1240234375 0.311767578125
0.6953125 -0.0205078125 0.112060546875
-0.38671875 -0.1533203125 0.289794921875
-0.2890625 0.0068359375 -0.553955078125
0.22265625 -0.2626953125 0.503662109375
0.09375 0.3662109375 0.620361328125
0.47265625 -0.2197265625 0.122314453125
0.09375 0.3916015625 0.616943359375
-0.38671875 -0.1533203125 0.289794921875
0.44140625 -0.1357421875 0.1767578125
-0.130859375 -0.2392578125 0.590087890625
0.28125 -0.2841796875 0.499755859375
-0.05859375 -0.1787109375 0.205810546875
0.6640625 -0.1826171875 0.633544921875
-0.419921875 0.3564453125 0.512939453125
-0.462890625 0.3310546875 0.520263671875
-0.505859375 -0.3798828125 0.643310546875
-0.580078125 -0.1396484375 0.306884765625
-0.841796875 -0.0751953125 0.314697265625
-0.515625 -0.1826171875 0.311279296875
0.14453125 -0.1806640625 0.172607421875
0.64453125 -0.1455078125 0.431396484375
-0.01953125 -0.2333984375 0.579833984375
-0.23828125 -0.0830078125 0.212158203125
-0.015625 0.1943359375 0.458740234375
-0.263671875 0.3173828125 0.509033203125
