MOTORCYCLE
1.1328125 -0.0205078125 -0.1014404296875
1.0390625 -0.0322265625 -0.1119384765625
0.8828125 -0.0283203125 -0.1302490234375
0.7890625 -0.0419921875 0.3427734375
0.7734375 -0.0830078125 0.3427734375
0.7890625 -0.0009765625 0.34228515625
0.796875 0.0380859375 0.34228515625
0.7421875 -0.1123046875 0.34130859375
0.765625 0.0166015625 0.2607421875
0.7890625 0.0849609375 0.34033203125
0.7734375 0.0029296875 0.6171875
0.7578125 -0.0361328125 0.61669921875
0.7421875 -0.0771484375 0.61669921875
0.7890625 0.1279296875 0.33935546875
0.7578125 0.0595703125 0.25927734375
0.7734375 0.0458984375 0.6162109375
0.765625 0.1044921875 0.2587890625
0.78125 0.0849609375 0.61572265625
0.7109375 -0.1103515625 0.615234375
0.765625 0.1513671875 0.2568359375
0.734375 0.1083984375 -0.16412353515625
0.7734375 0.1767578125 0.3369140625
0.65625 -0.0927734375 -0.1536865234375
0.7734375 0.1279296875 0.615234375
0.671875 -0.0068359375 -0.1556396484375
0.6484375 -0.1376953125 0.61279296875
0.7578125 0.1787109375 0.61328125
0.671875 0.0810546875 -0.17047119140625
0.7421875 0.2294921875 0.33349609375
0.59375 -0.2060546875 0.61083984375
0.6484375 0.0810546875 -0.5257568359375
0.6328125 0.0400390625 -0.5257568359375
0.6796875 0.1689453125 0.070556640625
0.65625 0.1240234375 -0.5263671875
0.5703125 -0.1103515625 -0.16375732421875
0.625 0.0458984375 0.06884765625
0.5859375 -0.0283203125 -0.16424560546875
0.71875 0.2333984375 0.6103515625
0.578125 0.0615234375 -0.18023681640625
0.6171875 0.1845703125 -0.5347900390625
0.5234375 0.0322265625 -0.18609619140625
0.4375 0.0498046875 -0.554443359375
0.3515625 -0.1357421875 -0.18780517578125
0.34375 0.0791015625 0.0400390625
0.4140625 0.2919921875 -0.20806884765625
0.2890625 0.0478515625 -0.21392822265625
0.40625 0.3876953125 -0.21246337890625
0.28125 0.0498046875 -0.5771484375
0.28125 0.0537109375 0.034423828125
0.234375 0.0166015625 0.031005859375
0.2109375 -0.0205078125 0.02978515625
0.1875 -0.0439453125 0.29736328125
0.1875 -0.0087890625 0.212158203125
0.1953125 0.0380859375 0.21142578125
0.15625 -0.0498046875 0.02490234375
0.1796875 0.0361328125 -0.226593017578125
0.1640625 -0.0458984375 0.211181640625
0.15625 -0.0791015625 0.2958984375
0.1796875 -0.0009765625 0.361328125
0.1953125 0.0849609375 0.210205078125
0.15625 -0.0439453125 0.36083984375
0.125 -0.0810546875 0.208251953125
0.1953125 0.1279296875 0.20947265625
0.171875 0.0458984375 0.35986328125
0.125 -0.0810546875 0.359375
0.109375 -0.1103515625 0.29296875
0.1796875 0.0888671875 0.35986328125
0.1484375 0.0009765625 0.51025390625
0.1328125 -0.0400390625 0.509765625
0.1796875 0.1376953125 0.3583984375
0.15625 0.0439453125 0.509765625
0.0859375 -0.1162109375 0.357421875
0.0546875 -0.1455078125 -0.22235107421875
0.0703125 -0.1455078125 0.29052734375
0.15625 0.0927734375 0.50927734375
0.1171875 -0.0341796875 0.58447265625
0.125 -0.0263671875 0.65966796875
0.1640625 0.1337890625 0.5087890625
0.0625 -0.0712890625 -0.23687744140625
0.140625 0.0556640625 0.58447265625
0.125 0.0107421875 0.583984375
0.1328125 0.0146484375 0.65966796875
0.1015625 -0.0654296875 0.6591796875
0.1640625 0.1904296875 0.35595703125
0.0859375 -0.0751953125 0.58349609375
0.078125 -0.0712890625 0.5068359375
0.140625 0.0986328125 0.58349609375
0.046875 -0.0673828125 0.0146484375
0.125 0.0654296875 0.65869140625
0.1484375 0.1865234375 0.5068359375
0.140625 0.1494140625 0.58251953125
0.0234375 -0.1005859375 0.2001953125
0.125 0.1123046875 0.65771484375
0.0390625 -0.1083984375 0.5810546875
0.1328125 0.1552734375 0.65771484375
0.1328125 0.2451171875 0.35302734375
0.0390625 -0.0966796875 0.65625
0.1171875 0.2001953125 0.580078125
0.125 0.2060546875 0.65625
0.0 -0.1416015625 0.5791015625
0.109375 0.2451171875 0.50341796875
-0.0234375 -0.0927734375 0.5009765625
-0.0390625 -0.1337890625 0.50048828125
-0.0625 -0.1552734375 0.28076171875
0.09375 0.2607421875 0.65380859375
-0.0703125 -0.1240234375 0.1923828125
-0.078125 -0.1669921875 0.345703125
0.0625 0.2666015625 0.576171875
-0.0546875 0.0517578125 -0.254913330078125
-0.1640625 -0.1103515625 -0.2622222900390625
-0.015625 0.3310546875 0.5703125
-0.15625 0.0322265625 -0.266632080078125
-0.0703125 0.3447265625 0.490234375
-0.28125 -0.1259765625 -0.0166015625
-0.390625 -0.3876953125 -0.658447265625
-0.390625 -0.3408203125 -0.65966796875
-0.2421875 0.1435546875 -0.6572265625
-0.3203125 -0.0673828125 -0.02197265625
-0.15625 0.3857421875 0.63916015625
-0.375 -0.1455078125 0.167236328125
-0.3671875 -0.0068359375 -0.028076171875
-0.4453125 -0.1787109375 -0.031982421875
-0.46875 -0.1220703125 0.47314453125
-0.5625 -0.3759765625 0.62890625
-0.59375 -0.2763671875 0.6259765625
-0.5859375 -0.1396484375 0.148681640625
-0.5859375 -0.1396484375 0.46630859375
-0.6328125 -0.2255859375 0.46435546875
-0.625 -0.1787109375 0.4638671875
-0.6640625 -0.0791015625 -0.3232421875
-0.7578125 -0.1513671875 -0.0635986328125
-0.8671875 -0.2158203125 0.28759765625
-0.8359375 -0.0732421875 0.287109375
-0.859375 -0.1162109375 0.2861328125
-0.890625 -0.1611328125 0.28466796875
-1.046875 -0.2177734375 0.60107421875
-1.1328125 -0.0087890625 -0.380859375
