MOTORCYCLE
1.0703125 0.12890625 -0.25537109375
0.9921875 -0.01953125 -0.2606201171875
0.8828125 -0.078125 -0.268310546875
0.7578125 0.255859375 -0.283203125
0.6484375 0.02734375 0.63916015625
0.6171875 -0.046875 0.63916015625
0.6328125 0.111328125 0.638671875
0.6328125 0.193359375 0.239990234375
0.6015625 0.0078125 0.308349609375
0.5859375 -0.123046875 0.63818359375
0.6015625 0.076171875 -0.505126953125
0.5859375 -0.001953125 -0.5068359375
0.5859375 0.072265625 0.03515625
0.5859375 0.171875 0.306396484375
0.5703125 0.09375 0.305908203125
0.5703125 0.15234375 0.033843994140625
0.5859375 0.19921875 0.63623046875
0.5546875 0.078125 -0.23779296875
0.5234375 0.009765625 -0.2401123046875
0.4609375 -0.18359375 0.2335205078125
0.4296875 -0.17578125 0.6318359375
0.3359375 -0.154296875 -0.311767578125
0.3203125 -0.240234375 0.2257080078125
0.3203125 -0.232421875 -0.312255859375
0.4140625 0.3046875 0.62841796875
0.3515625 0.107421875 0.155517578125
0.3203125 0.02734375 0.1551513671875
0.3046875 -0.044921875 -0.2572021484375
0.2734375 -0.068359375 -0.31689453125
0.2734375 -0.048828125 0.152587890625
0.3203125 0.279296875 -0.2591552734375
0.3203125 0.365234375 -0.260986328125
0.1484375 -0.11328125 0.1455078125
0.1796875 0.228515625 -0.270263671875
0.1640625 0.21484375 0.1434326171875
0.1171875 -0.015625 -0.54931640625
0.0859375 -0.091796875 -0.2744140625
0.1484375 0.294921875 0.1419677734375
0.0859375 0.001953125 0.27880859375
0.0390625 -0.017578125 -0.001068115234375
0.0546875 0.091796875 0.414794921875
0.0390625 0.005859375 0.414794921875
0.0234375 -0.07421875 0.2763671875
0.0390625 0.083984375 0.55224609375
0.0234375 0.0 0.5517578125
0.0078125 -0.06640625 0.4130859375
0.0390625 0.169921875 0.41357421875
0.0390625 0.16796875 0.5517578125
-0.0703125 -0.072265625 0.5478515625
-0.0234375 0.2734375 0.408935546875
-0.0234375 0.2578125 0.54833984375
-0.1640625 -0.126953125 0.265625
-0.1953125 -0.13671875 -0.2958984375
-0.2578125 -0.212890625 -0.299560546875
-0.2109375 0.373046875 0.5390625
-0.3203125 -0.189453125 0.257080078125
-0.3203125 -0.189453125 0.397216796875
-0.3046875 -0.05078125 -0.02455902099609375
-0.4140625 -0.19921875 -0.029937744140625
-0.4140625 -0.11328125 -0.0312347412109375
-0.5546875 -0.265625 0.10235595703125
-0.6640625 -0.150390625 0.521484375
-0.7890625 -0.3046875 0.37451171875
-0.8515625 -0.3046875 0.65771484375
-0.8515625 -0.208984375 0.3701171875
-0.9921875 -0.373046875 0.65234375
-1.0703125 0.068359375 -0.65771484375
