MOTORCYCLE
-0.484375 -0.02734375 -0.1865234375
-0.484375 -0.126953125 -0.494384765625
-0.484375 -0.275390625 -0.019287109375
-0.421875 0.0 -0.02099609375
-0.390625 -0.03515625 -0.430908203125
-0.390625 -0.18359375 -0.1907958984375
-0.296875 -0.1875 -0.4344482421875
-0.140625 -0.123046875 0.534912109375
-0.109375 0.029296875 0.045166015625
-0.140625 -0.296875 0.453857421875
-0.109375 -0.14453125 0.453857421875
-0.078125 -0.146484375 0.211181640625
-0.078125 -0.22265625 0.289306640625
-0.078125 -0.275390625 0.533935546875
-0.046875 -0.00390625 0.210693359375
-0.046875 -0.060546875 0.288818359375
-0.046875 -0.37109375 0.288330078125
-0.015625 -0.291015625 0.209716796875
0.046875 0.158203125 0.531982421875
0.078125 0.126953125 0.449951171875
0.171875 0.3984375 -0.5206298828125
0.171875 0.25390625 -0.5203857421875
0.234375 0.1484375 0.03564453125
0.234375 0.05859375 -0.2120361328125
0.359375 0.091796875 -0.5289306640625
0.359375 -0.3984375 -0.2169189453125
0.421875 0.193359375 -0.2176513671875
0.453125 -0.076171875 -0.531982421875
0.484375 -0.3671875 -0.534912109375
