MOTORCYCLE
0.453125 0.0244140625 -0.2528076171875
0.421875 -0.0146484375 -0.4503173828125
0.421875 0.2529296875 -0.0635986328125
0.359375 -0.0888671875 -0.06451416015625
0.265625 0.0283203125 0.12255859375
0.234375 -0.1064453125 -0.4613037109375
0.171875 0.2822265625 -0.2703857421875
0.125 0.1337890625 -0.4698486328125
0.015625 -0.0458984375 -0.2781982421875
0.03125 0.1591796875 0.111083984375
0.015625 0.2685546875 -0.4776611328125
-0.03125 -0.0654296875 0.10968017578125
-0.078125 -0.0556640625 0.3031005859375
-0.0625 0.0986328125 0.5001220703125
-0.078125 -0.0166015625 0.5001220703125
-0.078125 0.0576171875 0.3023681640625
-0.109375 -0.1533203125 -0.08929443359375
-0.140625 -0.1298828125 0.4986572265625
-0.15625 -0.1708984375 0.3006591796875
-0.125 0.1806640625 0.2996826171875
-0.15625 0.2216796875 0.4962158203125
-0.21875 -0.2392578125 0.4962158203125
-0.28125 -0.1513671875 0.09844970703125
-0.28125 -0.1787109375 -0.4942626953125
-0.296875 -0.1337890625 -0.2950439453125
-0.3125 0.2197265625 -0.2987060546875
-0.390625 -0.2607421875 0.2911376953125
-0.390625 -0.2822265625 -0.5001220703125
-0.421875 -0.2392578125 -0.3023681640625
-0.453125 -0.2373046875 -0.1065673828125
