MOTORCYCLE
0.99609375 -0.0390625 0.0938873291015625
1.02734375 0.0390625 0.08998870849609375
0.77734375 -0.1015625 -0.1461181640625
0.71484375 -0.1328125 -0.146484375
0.87890625 -0.0078125 -0.14794921875
0.82421875 -0.0390625 -0.1483154296875
0.65234375 -0.1484375 -0.1495361328125
0.78515625 -0.0546875 -0.00421142578125
0.71484375 -0.0859375 -0.00579833984375
0.83203125 -0.0078125 -0.00555419921875
0.92578125 0.0546875 -0.149169921875
0.88671875 0.0390625 -0.0062255859375
0.94140625 0.0859375 -0.0062255859375
0.63671875 -0.1015625 -0.00933837890625
0.56640625 -0.1484375 -0.153564453125
0.97265625 0.1484375 -0.009521484375
0.89453125 0.1015625 0.3140869140625
0.47265625 -0.1484375 -0.1591796875
0.99609375 0.1953125 0.07794332504272461
0.86328125 0.1328125 -0.4490966796875
0.38671875 -0.1484375 -0.16357421875
0.60546875 0.0234375 0.4244384765625
0.77734375 0.1328125 -0.4539794921875
0.59765625 0.0546875 0.4561767578125
0.58984375 0.0546875 0.304931640625
0.28515625 -0.1484375 -0.4613037109375
0.52734375 0.0234375 0.4219970703125
0.69140625 0.1328125 -0.4598388671875
0.51953125 0.0390625 0.5394287109375
0.48828125 0.0546875 0.3004150390625
0.66796875 0.1796875 0.063629150390625
0.43359375 0.0390625 0.4176025390625
0.18359375 -0.1171875 0.059417724609375
0.35546875 0.0234375 -0.03076171875
0.58203125 0.1640625 -0.4696044921875
0.51953125 0.1328125 -0.4700927734375
0.41015625 0.0703125 0.5345458984375
0.47265625 0.1171875 0.4486083984375
0.21484375 -0.0390625 0.056488037109375
0.56640625 0.1953125 0.05810546875
0.37890625 0.0859375 0.2940673828125
0.25390625 0.0234375 0.0538787841796875
0.48828125 0.1796875 0.05517578125
0.31640625 0.0703125 0.5306396484375
0.18359375 -0.0078125 -0.1864013671875
0.42578125 0.1640625 0.05322265625
0.30078125 0.0859375 0.05224609375
0.24609375 0.0546875 -0.03857421875
0.35546875 0.1328125 0.05224609375
0.28515625 0.0859375 0.2901611328125
0.22265625 0.0703125 0.4075927734375
0.27734375 0.1171875 0.4415283203125
0.22265625 0.0859375 0.5272216796875
0.13671875 0.0703125 0.4041748046875
0.13671875 0.0703125 0.5245361328125
0.19921875 0.1171875 0.4393310546875
0.17578125 0.1171875 0.28369140625
-0.01171875 0.0078125 -0.1981201171875
0.08984375 0.1171875 0.27978515625
0.08984375 0.1328125 0.4346923828125
0.03515625 0.1015625 0.5198974609375
0.02734375 0.1015625 0.3988037109375
-0.44140625 -0.1484375 -0.2115478515625
-0.38671875 -0.0859375 -0.0611572265625
-0.03515625 0.1640625 0.27197265625
-0.46484375 -0.1015625 0.02655029296875
-0.64453125 -0.2421875 -0.5150146484375
-0.15234375 0.1953125 0.265869140625
-0.44921875 -0.0078125 -0.2220458984375
-0.22265625 0.1640625 0.26416015625
-0.40234375 0.0546875 -0.0709228515625
-0.29296875 0.1484375 0.2628173828125
-0.41796875 0.0703125 -0.2261962890625
-0.47265625 0.0390625 0.01678466796875
-0.43359375 0.0859375 0.2591552734375
-0.37890625 0.1328125 0.259765625
-0.67578125 -0.0703125 0.2578125
-0.50390625 0.0546875 0.258056640625
-0.57421875 0.0234375 0.2567138671875
-0.64453125 -0.0078125 0.255615234375
-0.41015625 0.1796875 -0.079345703125
-0.48046875 0.1484375 0.00927734375
-0.36328125 0.2421875 -0.0810546875
-0.79296875 -0.0546875 0.2513427734375
-0.67578125 0.0234375 -0.5394287109375
-0.94921875 -0.0859375 -0.2462158203125
-0.94921875 -0.0703125 -0.0909423828125
-0.91015625 -0.0390625 0.4061279296875
-0.91015625 -0.0234375 -0.0921630859375
-1.02734375 -0.1015625 -0.00244140625
-0.97265625 -0.0546875 -0.0030517578125
-0.92578125 0.0078125 -0.2513427734375
-0.88671875 0.0546875 -0.0958251953125
-1.01171875 0.1015625 -0.01507568359375
-0.94921875 0.1484375 -0.2628173828125
-0.90234375 0.2109375 -0.10595703125
-0.97265625 0.1796875 -0.0177001953125
