MOTORCYCLE
1.03515625 -0.015625 0.0892181396484375
0.82421875 -0.09375 -0.153564453125
0.76171875 -0.125 -0.154296875
0.86328125 -0.03125 -0.155517578125
0.84765625 -0.03125 -0.01922607421875
0.68359375 -0.140625 -0.1572265625
0.90234375 0.015625 -0.01995849609375
0.97265625 0.0625 -0.15625
0.77734375 -0.0625 -0.02105712890625
0.91015625 0.03125 -0.1572265625
1.02734375 0.109375 -0.156982421875
0.70703125 -0.09375 -0.02264404296875
0.94921875 0.078125 -0.02203369140625
1.00390625 0.125 -0.02239990234375
0.59765625 -0.140625 -0.162109375
0.81640625 0.03125 0.3138427734375
0.98046875 0.15625 -0.4560546875
0.61328125 -0.078125 -0.028076171875
0.98046875 0.171875 0.0738983154296875
0.50390625 -0.140625 -0.167236328125
0.73046875 0.015625 0.31103515625
0.83984375 0.109375 0.0713348388671875
0.83984375 0.109375 0.3104248046875
1.02734375 0.234375 0.0722503662109375
0.71484375 0.046875 0.06939697265625
0.82421875 0.125 -0.4638671875
0.64453125 0.015625 0.30712890625
0.87890625 0.171875 -0.46435546875
0.87109375 0.1875 0.307373046875
0.33203125 -0.15625 0.063323974609375
0.57421875 0.015625 0.424072265625
0.38671875 -0.109375 0.062957763671875
0.44140625 -0.0625 0.0626220703125
0.73046875 0.140625 0.064178466796875
0.56640625 0.03125 0.5439453125
0.55078125 0.03125 0.302490234375
0.24609375 -0.171875 0.06005859375
0.60546875 0.078125 0.06158447265625
0.58203125 0.0625 0.446044921875
0.53515625 0.046875 0.060302734375
0.29296875 -0.125 -0.4775390625
0.47265625 0.015625 0.0596923828125
0.69921875 0.171875 -0.47607421875
0.38671875 -0.03125 -0.0426025390625
0.62890625 0.15625 -0.47900390625
0.45703125 0.046875 0.539306640625
0.44140625 0.0625 0.416259765625
0.42578125 0.0625 0.2955322265625
0.54296875 0.140625 -0.4833984375
0.45703125 0.109375 0.439453125
0.18359375 -0.078125 -0.190185546875
0.35546875 0.0625 0.534912109375
0.33203125 0.0625 0.291259765625
0.25390625 0.015625 -0.052734375
0.35546875 0.125 0.435546875
0.23828125 0.078125 0.4072265625
0.23828125 0.09375 0.529541015625
0.22265625 0.09375 0.28515625
0.16796875 0.0625 -0.201416015625
0.25390625 0.125 0.431640625
0.16015625 0.078125 0.527099609375
0.14453125 0.09375 0.4033203125
0.16015625 0.125 0.428466796875
0.12109375 0.109375 0.2799072265625
0.23828125 0.1875 -0.5078125
-0.24609375 -0.140625 0.2772216796875
0.29296875 0.234375 -0.5078125
-0.01953125 0.0625 0.2762451171875
-0.04296875 0.046875 -0.0692138671875
-0.32421875 -0.15625 0.274658203125
-0.34765625 -0.171875 -0.0712890625
0.04296875 0.109375 0.521240234375
-0.44140625 -0.234375 0.02862548828125
0.02734375 0.109375 0.2757568359375
-0.21484375 -0.0625 0.2744140625
-0.15234375 -0.015625 -0.21484375
-0.16015625 -0.015625 0.2740478515625
0.05859375 0.140625 0.424072265625
-0.09765625 0.03125 0.27490234375
-0.40234375 -0.171875 0.2724609375
-0.48828125 -0.1875 0.2689208984375
-0.25390625 0.0 0.0242919921875
-0.57421875 -0.203125 0.26611328125
-0.44921875 -0.109375 -0.224853515625
-0.37109375 -0.03125 -0.08154296875
-0.45703125 -0.09375 0.01947021484375
-0.42578125 -0.03125 -0.2294921875
-0.66015625 -0.203125 0.262451171875
-0.30859375 0.0625 -0.22998046875
-0.34765625 0.0625 -0.086181640625
-0.44921875 0.015625 0.0133056640625
-0.41015625 0.0625 -0.235595703125
-0.31640625 0.140625 -0.089599609375
-0.71484375 -0.15625 -0.5439453125
-0.41796875 0.09375 0.00970458984375
-0.29296875 0.234375 -0.09423828125
-0.85546875 -0.09375 0.37158203125
-0.83203125 -0.0625 0.400634765625
-0.87109375 -0.078125 0.24658203125
-0.80859375 0.015625 0.39794921875
-0.90234375 -0.046875 -0.25732421875
-0.87890625 0.0 -0.109619140625
-0.86328125 0.03125 0.36572265625
-1.03515625 -0.09375 -0.0107421875
-0.98828125 -0.046875 -0.01141357421875
-0.87109375 0.09375 -0.115234375
-0.83984375 0.125 0.362060546875
-0.84765625 0.171875 0.389404296875
-0.94921875 0.125 -0.272216796875
-1.02734375 0.109375 -0.02374267578125
-0.87890625 0.234375 -0.12451171875
-0.98046875 0.1875 -0.025390625
