MOTORCYCLE
1.125 0.015625 -0.1826171875
1.125 0.0234375 -0.353271484375
1.046875 -0.046875 -0.184814453125
0.984375 0.0078125 -0.0628662109375
0.921875 -0.0703125 -0.06298828125
0.8125 -0.1484375 -0.193115234375
0.8125 -0.125 -0.06689453125
0.984375 0.1328125 -0.0665283203125
0.859375 -0.03125 -0.02117919921875
0.84375 -0.046875 -0.195068359375
0.921875 0.0703125 -0.0220947265625
0.765625 -0.1171875 -0.368896484375
0.8125 -0.03125 -0.368896484375
0.765625 -0.09375 0.319091796875
0.8125 0.0 0.3182373046875
0.8125 0.015625 0.14605712890625
0.75 -0.0703125 0.14581298828125
0.96875 0.265625 -0.0721435546875
0.84375 0.1015625 0.3167724609375
0.84375 0.1015625 0.439697265625
0.828125 0.125 0.14349365234375
0.859375 0.21875 -0.02960205078125
0.625 -0.1171875 0.1422119140625
0.46875 -0.140625 0.13568115234375
0.328125 -0.0625 -0.092041015625
0.296875 -0.0703125 -0.398193359375
0.25 -0.1328125 -0.0478515625
0.265625 -0.046875 -0.2265625
0.328125 0.0546875 -0.0958251953125
0.265625 -0.0234375 -0.05084228515625
0.3125 0.078125 -0.05181884765625
0.140625 -0.09375 -0.23193359375
0.125 -0.0546875 0.118255615234375
-0.03125 -0.0703125 0.1116943359375
-0.015625 -0.0078125 -0.418701171875
-0.125 -0.1484375 0.10980224609375
-0.15625 -0.0390625 -0.249755859375
-0.171875 0.0 -0.072998046875
-0.28125 -0.0859375 -0.2548828125
-0.28125 -0.0625 -0.0760498046875
-0.234375 0.0078125 -0.43310546875
-0.359375 -0.15625 -0.43359375
-0.3125 -0.078125 -0.43359375
-0.28125 0.0625 0.451171875
-0.296875 0.0859375 -0.1279296875
-0.359375 -0.0078125 -0.1275634765625
-0.3125 0.0703125 0.2723388671875
-0.390625 0.0 0.44921875
-0.34375 0.1171875 0.39892578125
-0.546875 -0.171875 -0.2666015625
-0.609375 -0.265625 -0.26611328125
-0.5 -0.046875 -0.13330078125
-0.5625 -0.1328125 -0.1336669921875
-0.453125 0.0390625 0.2674560546875
-0.59375 -0.109375 -0.0904541015625
-0.65625 -0.1953125 -0.0904541015625
-0.484375 0.0703125 0.395263671875
-0.5625 -0.0234375 0.443603515625
-0.640625 -0.125 -0.451171875
-0.578125 -0.0078125 0.2637939453125
-0.6875 -0.171875 -0.138916015625
-0.8125 -0.234375 -0.0968017578125
-0.703125 -0.0625 0.439453125
-0.65625 0.0546875 0.3896484375
-0.734375 -0.046875 0.2587890625
-0.875 -0.1875 -0.1475830078125
-0.859375 -0.09375 0.2548828125
-0.921875 -0.1875 0.2547607421875
-1.109375 -0.1875 0.06720733642578125
-1.125 -0.0390625 0.0618896484375
-1.125 0.078125 0.05850982666015625
