MOTORCYCLE
-0.646484375 -0.44921875 0.1337890625
-0.587890625 -0.38671875 -0.0419921875
-0.123046875 0.15234375 0.099609375
0.701171875 0.55859375 -0.16796875
-0.724609375 -0.62109375 -0.005859375
0.201171875 0.48828125 0.037109375
-0.099609375 -0.02734375 -0.20263671875
-0.193359375 -0.05078125 -0.10546875
0.123046875 0.16015625 -0.17236328125
0.333984375 0.12109375 -0.18212890625
-0.404296875 -0.16015625 -0.037109375
0.076171875 0.14453125 -0.23779296875
-0.794921875 -0.63671875 0.087890625
-0.505859375 -0.59765625 -0.533203125
-0.443359375 -0.33984375 0.1572265625
-0.451171875 -0.27734375 0.0927734375
-0.306640625 -0.22265625 -0.37890625
-0.572265625 -0.64453125 -0.53369140625
-0.748046875 -0.67578125 -0.05078125
-0.611328125 -0.62109375 -0.1875
-0.169921875 0.01171875 0.0966796875
-0.208984375 -0.16796875 -0.04296875
0.630859375 0.58203125 -0.2373046875
-0.228515625 -0.11328125 0.09375
0.099609375 0.02734375 -0.515625
0.498046875 0.49609375 -0.236328125
-0.306640625 -0.15234375 -0.20166015625
-0.126953125 -0.01171875 -0.10546875
0.537109375 0.37109375 -0.37890625
0.154296875 0.26953125 -0.10205078125
0.357421875 0.19921875 -0.044921875
-0.169921875 0.01171875 0.0966796875
-0.123046875 0.15234375 0.099609375
-0.365234375 -0.12890625 0.0029296875
-0.611328125 -0.62109375 -0.1875
-0.607421875 -0.55078125 0.2216796875
-0.076171875 0.39453125 0.365234375
-0.615234375 -0.48046875 0.201171875
-0.220703125 -0.04296875 -0.169921875
-0.220703125 -0.12890625 0.025390625
-0.056640625 0.30859375 0.1416015625
-0.685546875 -0.58203125 -0.25146484375
-0.607421875 -0.55078125 0.2216796875
-0.076171875 0.00390625 0.02734375
-0.158203125 -0.08203125 0.0263671875
0.701171875 0.55859375 -0.16796875
-0.119140625 -0.06640625 -0.0009765625
-0.556640625 -0.50390625 -0.3876953125
-0.115234375 0.38671875 0.365234375
-0.490234375 -0.35546875 -0.177734375
-0.455078125 -0.30078125 0.1337890625
-0.615234375 -0.48046875 0.201171875
0.232421875 0.44140625 0.296875
-0.291015625 -0.17578125 -0.3759765625
0.162109375 0.16015625 -0.24072265625
0.279296875 0.52734375 0.1025390625
-0.259765625 -0.15234375 0.0263671875
-0.130859375 -0.06640625 -0.041015625
0.099609375 0.17578125 -0.47021484375
-0.126953125 0.12109375 0.1640625
0.732421875 0.58984375 -0.17431640625
-0.767578125 -0.79296875 -0.4970703125
-0.634765625 -0.51953125 0.2685546875
-0.779296875 -0.69921875 -0.119140625
0.748046875 0.87890625 -0.1552734375
-0.857421875 -0.69921875 0.0185546875
0.451171875 0.49609375 0.09765625
-0.591796875 -0.43359375 0.201171875
0.310546875 0.53515625 0.0361328125
-0.419921875 -0.36328125 -0.11376953125
-0.658203125 -0.71484375 -0.259765625
-0.271484375 -0.12890625 -0.3740234375
0.083984375 0.12109375 -0.2021484375
-0.716796875 -0.57421875 0.1552734375
-0.056640625 0.25390625 0.0087890625
0.138671875 0.25390625 0.0302734375
-0.685546875 -0.58203125 -0.25146484375
-0.033203125 0.28515625 0.0087890625
-0.001953125 0.19140625 0.2724609375
0.677734375 0.83984375 -0.16015625
0.123046875 0.15234375 -0.2392578125
0.623046875 0.81640625 -0.09423828125
-0.119140625 0.05078125 0.13671875
-0.521484375 -0.58203125 -0.12109375
-0.095703125 0.23046875 -0.029296875
-0.119140625 0.12890625 0.138671875
-0.064453125 0.06640625 0.0029296875
-0.142578125 -0.00390625 0.1611328125
-0.123046875 0.18359375 0.166015625
-0.076171875 0.00390625 0.02734375
-0.833984375 -0.72265625 0.0859375
-0.111328125 0.23046875 0.1669921875
-0.341796875 -0.14453125 -0.17138671875
0.099609375 0.22265625 -0.10205078125
-0.400390625 -0.20703125 -0.17236328125
-0.275390625 -0.10546875 -0.23828125
-0.416015625 -0.66015625 -0.5029296875
-0.556640625 -0.42578125 -0.0029296875
-0.556640625 -0.44140625 -0.2080078125
-0.697265625 -0.48046875 0.091796875
-0.583984375 -0.44140625 -0.24658203125
-0.193359375 -0.10546875 0.0263671875
0.451171875 0.49609375 -0.23388671875
0.099609375 0.22265625 -0.10205078125
-0.017578125 -0.01171875 -0.51220703125
0.498046875 0.52734375 0.2939453125
0.177734375 0.20703125 -0.23828125
-0.041015625 0.08984375 0.029296875
-0.064453125 0.06640625 0.0029296875
-0.017578125 0.25390625 -0.0966796875
0.068359375 0.15234375 -0.17041015625
0.146484375 0.45703125 0.2333984375
-0.572265625 -0.91015625 -0.1357421875
-0.787109375 -0.68359375 -0.0498046875
0.490234375 0.55078125 -0.03515625
-0.591796875 -0.36328125 0.0263671875
0.669921875 0.58203125 -0.5068359375
-0.779296875 -0.69921875 -0.119140625
0.357421875 0.19921875 -0.044921875
0.857421875 0.87109375 -0.41943359375
0.232421875 0.48046875 0.1669921875
0.654296875 0.61328125 -0.42578125
-0.017578125 -0.01171875 -0.51220703125
-0.119140625 0.05078125 0.13671875
-0.306640625 -0.16015625 -0.0400390625
-0.048828125 0.10546875 -0.4677734375
-0.244140625 -0.04296875 -0.103515625
-0.646484375 -0.44921875 0.1337890625
0.521484375 0.47265625 0.2265625
-0.443359375 -0.33984375 0.1572265625
0.193359375 0.30078125 0.4267578125
0.638671875 0.58203125 -0.1708984375
0.154296875 0.41796875 0.2978515625
-0.248046875 -0.08203125 -0.23779296875
0.623046875 0.48046875 0.029296875
0.076171875 0.19140625 -0.36865234375
-0.576171875 -0.39453125 0.2021484375
-0.103515625 0.06640625 -0.16845703125
-0.017578125 0.19921875 0.0322265625
-0.537109375 -0.33984375 0.1591796875
0.185546875 0.43359375 0.2978515625
-0.115234375 -0.09765625 0.1337890625
0.451171875 0.62109375 -0.2275390625
-0.677734375 -0.78515625 -0.40234375
-0.142578125 -0.00390625 0.1611328125
-0.126953125 0.01953125 -0.23681640625
-0.642578125 -0.51171875 0.201171875
-0.529296875 -0.47265625 -0.38623046875
0.435546875 0.41015625 0.16015625
0.826171875 0.82421875 -0.4990234375
-0.353515625 -0.22265625 -0.376953125
-0.646484375 -0.44921875 0.1337890625
0.748046875 0.87890625 -0.1552734375
-0.017578125 0.28515625 0.2080078125
0.060546875 -0.04296875 0.2685546875
0.544921875 0.43359375 0.0927734375
-0.431640625 -0.17578125 0.029296875
0.099609375 0.22265625 -0.10205078125
0.607421875 0.69140625 0.0361328125
0.568359375 0.69921875 -0.03125
-0.017578125 0.28515625 0.2080078125
-0.193359375 -0.10546875 0.0263671875
0.560546875 0.40234375 -0.37890625
-0.494140625 -0.44140625 -0.25
0.341796875 0.23046875 0.0244140625
-0.091796875 0.01953125 -0.201171875
0.271484375 0.27734375 0.0947265625
-0.755859375 -0.66015625 0.1298828125
-0.041015625 0.17578125 0.2060546875
-0.365234375 -0.12890625 0.0029296875
-0.537109375 -0.33984375 0.1591796875
0.138671875 0.25390625 0.0302734375
0.818359375 0.90234375 -0.36083984375
-0.443359375 -0.23046875 0.02734375
-0.443359375 -0.23046875 0.02734375
-0.638671875 -0.53515625 -0.046875
-0.529296875 -0.62890625 -0.49560546875
-0.638671875 -0.68359375 -0.396484375
0.669921875 0.58203125 -0.5068359375
-0.642578125 -0.51171875 0.201171875
0.701171875 0.73828125 -0.23193359375
0.521484375 0.60546875 -0.15966796875
-0.056640625 0.12890625 -0.2333984375
-0.041015625 0.37109375 0.4287109375
-0.181640625 -0.04296875 0.0947265625
0.357421875 0.19921875 -0.044921875
0.521484375 0.47265625 0.2265625
0.435546875 0.45703125 -0.1689453125
0.466796875 0.60546875 -0.1572265625
-0.064453125 0.17578125 -0.09912109375
-0.583984375 -0.58203125 -0.1865234375
-0.712890625 -0.76953125 -0.19287109375
-0.349609375 -0.15234375 0.0283203125
-0.009765625 0.26953125 0.2314453125
0.052734375 0.23828125 0.0322265625
-0.638671875 -0.68359375 -0.396484375
-0.134765625 -0.03515625 -0.1728515625
0.013671875 0.08984375 -0.17138671875
-0.458984375 -0.43359375 -0.38671875
-0.107421875 0.06640625 -0.23486328125
