MOTORCYCLE
1.02734375 -0.015625 0.06072998046875
0.81640625 -0.109375 -0.184326171875
0.87890625 -0.0625 -0.18408203125
0.88671875 -0.046875 -0.0478515625
0.75390625 -0.140625 -0.185546875
0.86328125 -0.046875 0.2958984375
0.81640625 -0.078125 -0.0496826171875
0.93359375 0.015625 -0.0491943359375
0.68359375 -0.15625 -0.187744140625
1.03515625 0.09375 0.2955322265625
0.91796875 0.015625 -0.187255859375
0.79296875 -0.0625 0.2943115234375
0.97265625 0.0625 -0.187744140625
0.73828125 -0.09375 -0.0526123046875
0.97265625 0.078125 -0.0518798828125
1.01953125 0.109375 -0.188232421875
0.72265625 -0.09375 0.2923583984375
1.03515625 0.125 -0.0516357421875
0.58984375 -0.171875 -0.1923828125
0.66015625 -0.109375 -0.0557861328125
0.63671875 -0.109375 0.289794921875
0.87109375 0.0625 0.29052734375
0.93359375 0.109375 0.29052734375
0.98828125 0.15625 0.048004150390625
0.74609375 0.0 0.04583740234375
0.56640625 -0.125 0.287841796875
0.67578125 -0.03125 0.044219970703125
0.49609375 -0.15625 -0.19873046875
0.90234375 0.125 -0.49560546875
0.55859375 -0.09375 -0.0616455078125
0.48046875 -0.140625 0.2843017578125
0.77734375 0.078125 0.043182373046875
0.58984375 -0.03125 0.040313720703125
0.39453125 -0.15625 0.281494140625
0.51171875 -0.0625 0.037750244140625
0.79296875 0.140625 -0.50439453125
0.61328125 0.046875 0.423828125
0.72265625 0.125 -0.50732421875
0.55078125 0.015625 0.400634765625
0.41796875 -0.0625 0.033203125
0.55078125 0.03125 0.52294921875
0.28515625 -0.140625 0.275634765625
0.20703125 -0.15625 -0.216552734375
0.50390625 0.0625 0.41943359375
0.62109375 0.140625 -0.515625
0.44921875 0.03125 0.39599609375
0.31640625 -0.046875 0.02801513671875
0.23046875 -0.078125 -0.52294921875
0.52734375 0.140625 -0.52099609375
0.40234375 0.0625 0.415283203125
0.23828125 -0.046875 -0.0811767578125
0.33203125 0.046875 0.390380859375
0.39453125 0.09375 0.514404296875
0.32421875 0.0625 0.51318359375
0.12890625 -0.046875 0.01727294921875
0.18359375 0.0 0.01727294921875
0.23046875 0.0625 -0.08837890625
0.27734375 0.109375 0.4091796875
0.21484375 0.078125 0.3837890625
0.22265625 0.09375 0.50830078125
0.13671875 0.046875 -0.235595703125
0.13671875 0.078125 0.505859375
0.16796875 0.125 0.404296875
0.10546875 0.09375 0.378173828125
0.04296875 0.0625 -0.0985107421875
-0.22265625 -0.09375 0.251220703125
-0.10546875 0.0 -0.1025390625
-0.05078125 0.046875 -0.102294921875
0.01171875 0.09375 0.374755859375
0.05078125 0.15625 0.3984375
-0.37890625 -0.140625 0.2462158203125
-0.37890625 -0.140625 -0.107177734375
-0.20703125 0.0 0.2464599609375
-0.44921875 -0.171875 0.2445068359375
-0.33984375 -0.078125 0.2451171875
-0.46484375 -0.15625 -0.25634765625
-0.48828125 -0.125 -0.0098876953125
-0.31640625 0.015625 -0.1142578125
-0.37890625 -0.03125 -0.114501953125
-0.46484375 -0.03125 -0.01416015625
-0.29296875 0.109375 -0.013916015625
-0.29296875 0.109375 -0.1192626953125
-0.48046875 -0.015625 -0.267333984375
-0.44140625 0.0625 -0.0184326171875
-0.83984375 -0.203125 0.381103515625
-0.48046875 0.09375 -0.275146484375
-0.94921875 -0.171875 0.2220458984375
-0.90234375 -0.109375 0.3468017578125
-0.86328125 -0.0625 0.3740234375
-0.85546875 -0.046875 0.345947265625
-1.03515625 -0.1875 -0.035888671875
-0.87890625 -0.03125 -0.291015625
-0.94140625 -0.0625 0.471435546875
-0.94921875 -0.0625 0.215576171875
-0.94921875 -0.0625 -0.292724609375
-0.83984375 0.03125 -0.14306640625
-0.83984375 0.03125 0.370361328125
-0.91015625 -0.015625 -0.14453125
-0.90234375 0.0 0.2147216796875
-1.01953125 -0.078125 -0.040771484375
-0.86328125 0.171875 0.36328125
-1.03515625 0.046875 -0.049560546875
-0.93359375 0.15625 -0.30712890625
-0.88671875 0.203125 -0.156982421875
-0.95703125 0.171875 0.2032470703125
-1.02734375 0.140625 -0.05517578125
