MOTORCYCLE
0.126953125 0.30078125 0.2965087890625
-0.033203125 -0.02734375 -0.4324951171875
0.458984375 0.17578125 0.4908447265625
0.037109375 0.23046875 0.2965087890625
-0.634765625 -0.48046875 0.1588134765625
-0.060546875 0.00390625 -0.1658935546875
0.810546875 0.62890625 -0.4652099609375
-0.697265625 -0.62109375 0.1568603515625
-0.033203125 0.29296875 0.1900634765625
-0.009765625 0.16796875 -0.1346435546875
0.306640625 0.15234375 0.0494384765625
0.111328125 0.16796875 -0.3338623046875
-0.001953125 0.21484375 0.0377197265625
0.615234375 0.62890625 -0.0052490234375
0.310546875 0.26171875 -0.0111083984375
0.220703125 0.45703125 0.3619384765625
0.138671875 0.19921875 -0.3328857421875
0.435546875 0.27734375 0.3756103515625
0.306640625 0.44140625 0.2965087890625
0.134765625 0.14453125 -0.2059326171875
-0.138671875 -0.00390625 0.0543212890625
0.154296875 0.29296875 0.3785400390625
-0.345703125 -0.26953125 -0.3446044921875
-0.142578125 0.01171875 0.1197509765625
-0.591796875 -0.39453125 -0.0159912109375
0.150390625 0.23828125 -0.4598388671875
-0.099609375 -0.01171875 -0.0120849609375
-0.228515625 -0.23828125 -0.3475341796875
0.193359375 0.19140625 -0.4281005859375
-0.087890625 0.21484375 0.1256103515625
-0.142578125 0.00390625 -0.3338623046875
0.251953125 0.45703125 0.2330322265625
-0.654296875 -0.73046875 -0.1644287109375
-0.798828125 -0.65234375 0.0426025390625
-0.638671875 -0.53515625 0.2242431640625
-0.603515625 -0.41796875 0.1138916015625
0.646484375 0.65234375 -0.3255615234375
0.646484375 0.76953125 -0.0638427734375
0.044921875 0.05859375 -0.1663818359375
0.052734375 0.23828125 -0.0687255859375
-0.072265625 0.15234375 -0.0697021484375
-0.537109375 -0.54296875 -0.2235107421875
-0.634765625 -0.48046875 0.1588134765625
0.552734375 0.71484375 -0.0628662109375
-0.654296875 -0.73046875 -0.1644287109375
-0.435546875 -0.33984375 -0.3460693359375
-0.076171875 0.05078125 -0.2034912109375
-0.056640625 0.01171875 0.0318603515625
0.646484375 0.76953125 -0.0638427734375
0.263671875 0.28515625 0.4420166015625
-0.685546875 -0.60546875 -0.2225341796875
-0.537109375 -0.64453125 -0.4544677734375
0.236328125 0.18359375 -0.4686279296875
-0.603515625 -0.45703125 0.1588134765625
0.248046875 0.31640625 0.1217041015625
-0.138671875 -0.00390625 0.0543212890625
-0.095703125 0.37890625 0.3629150390625
0.224609375 0.42578125 0.2525634765625
0.193359375 0.33203125 0.4254150390625
-0.521484375 -0.70703125 -0.0994873046875
-0.677734375 -0.77734375 -0.1663818359375
0.490234375 0.44140625 -0.1629638671875
-0.099609375 -0.01171875 -0.0120849609375
-0.509765625 -0.61328125 -0.4534912109375
0.306640625 0.44140625 0.2965087890625
-0.650390625 -0.87109375 -0.5125732421875
0.302734375 0.48828125 -0.0013427734375
-0.552734375 -0.62890625 -0.1824951171875
-0.626953125 -0.39453125 0.0494384765625
0.583984375 0.35546875 -0.4735107421875
0.181640625 0.32421875 -0.4544677734375
0.310546875 0.48828125 0.0621337890625
-0.083984375 -0.08984375 -0.4344482421875
-0.048828125 -0.08203125 -0.4354248046875
-0.044921875 0.27734375 0.4439697265625
-0.166015625 -0.10546875 0.0504150390625
0.029296875 0.29296875 -0.4134521484375
-0.443359375 -0.34765625 0.1597900390625
-0.521484375 -0.42578125 -0.3489990234375
-0.083984375 0.11328125 0.1656494140625
-0.080078125 0.03515625 -0.4642333984375
0.630859375 0.49609375 -0.2049560546875
0.271484375 0.21484375 -0.4300537109375
-0.693359375 -0.55859375 0.1763916015625
0.103515625 0.20703125 -0.6182861328125
-0.037109375 0.21484375 -0.6092529296875
-0.498046875 -0.33984375 0.1793212890625
0.224609375 0.22265625 -0.1400146484375
-0.810546875 -0.64453125 -0.0228271484375
0.064453125 0.03515625 -0.4324951171875
-0.236328125 -0.07421875 -0.1639404296875
-0.712890625 -0.54296875 0.1109619140625
-0.224609375 0.08203125 -0.6107177734375
0.193359375 0.23828125 0.3131103515625
0.470703125 0.56640625 -0.0667724609375
-0.056640625 0.23046875 0.0396728515625
0.251953125 0.25390625 -0.6226806640625
-0.072265625 0.15234375 -0.0697021484375
-0.392578125 -0.35546875 0.1588134765625
0.833984375 0.84765625 -0.4505615234375
-0.056640625 0.01171875 0.0318603515625
-0.693359375 -0.56640625 -0.1536865234375
-0.197265625 -0.22265625 -0.4798583984375
0.294921875 0.48046875 0.3619384765625
0.087890625 0.29296875 0.2965087890625
0.521484375 0.68359375 -0.0638427734375
0.099609375 0.12890625 -0.2054443359375
-0.287109375 -0.20703125 -0.3426513671875
0.376953125 0.12890625 -0.1502685546875
-0.033203125 0.19140625 0.0592041015625
0.333984375 0.22265625 -0.0789794921875
-0.111328125 0.02734375 0.0543212890625
0.068359375 0.18359375 -0.6180419921875
0.345703125 0.51953125 0.0396728515625
0.494140625 0.44140625 -0.2030029296875
0.193359375 0.53515625 0.0670166015625
0.166015625 0.27734375 -0.0706787109375
-0.341796875 -0.19140625 0.0513916015625
-0.736328125 -0.60546875 0.0240478515625
0.154296875 0.30859375 0.4429931640625
-0.244140625 -0.07421875 -0.0755615234375
-0.017578125 0.30859375 0.4263916015625
-0.052734375 0.07421875 0.0338134765625
0.322265625 0.55078125 0.2974853515625
0.111328125 0.16796875 -0.3338623046875
0.126953125 0.30078125 0.2965087890625
0.169921875 0.20703125 -0.0101318359375
-0.490234375 -0.26171875 -0.0130615234375
-0.712890625 -0.54296875 0.1109619140625
-0.072265625 0.40234375 0.4908447265625
-0.056640625 0.23046875 0.0396728515625
0.220703125 0.31640625 0.3609619140625
-0.052734375 0.35546875 0.4439697265625
-0.029296875 -0.09765625 -0.1483154296875
-0.673828125 -0.52734375 -0.1522216796875
0.857421875 0.87890625 -0.3841552734375
-0.388671875 -0.33984375 0.1119384765625
0.314453125 0.27734375 0.4410400390625
-0.302734375 0.06640625 -0.6080322265625
0.193359375 0.23828125 0.3131103515625
-0.388671875 -0.33984375 0.1119384765625
-0.044921875 0.28515625 0.1265869140625
0.037109375 0.22265625 0.0592041015625
-0.759765625 -0.62890625 0.0426025390625
0.583984375 0.50390625 -0.2030029296875
0.435546875 0.38671875 -0.2034912109375
0.412109375 0.48046875 0.1236572265625
-0.056640625 0.39453125 0.3629150390625
0.294921875 0.26171875 0.0318603515625
-0.197265625 -0.22265625 -0.4798583984375
0.166015625 0.27734375 -0.0706787109375
0.052734375 0.23828125 -0.0687255859375
-0.509765625 -0.61328125 -0.4534912109375
0.439453125 0.58203125 -0.1287841796875
-0.658203125 -0.51171875 -0.0198974609375
-0.642578125 -0.61328125 0.2232666015625
-0.314453125 -0.24609375 -0.4759521484375
-0.107421875 0.35546875 0.3814697265625
-0.458984375 -0.22265625 0.0328369140625
0.384765625 0.60546875 0.2984619140625
-0.447265625 -0.56640625 -0.4525146484375
0.248046875 0.18359375 -0.1673583984375
-0.572265625 -0.40234375 0.1138916015625
-0.412109375 -0.22265625 0.0513916015625
0.267578125 0.39453125 0.3785400390625
-0.748046875 -0.69140625 -0.0931396484375
-0.294921875 -0.26953125 -0.4378662109375
0.267578125 0.39453125 0.3785400390625
-0.779296875 -0.62890625 -0.0228271484375
-0.521484375 -0.70703125 -0.0994873046875
0.228515625 0.33984375 0.1656494140625
0.208984375 0.33203125 0.1871337890625
0.630859375 0.57421875 -0.2010498046875
0.376953125 0.12890625 -0.1502685546875
-0.521484375 -0.70703125 -0.0994873046875
0.193359375 0.23828125 0.3131103515625
0.326171875 0.12890625 0.5054931640625
0.072265625 0.16015625 -0.3319091796875
-0.033203125 0.41796875 0.4908447265625
-0.314453125 -0.10546875 -0.0750732421875
-0.142578125 -0.02734375 -0.0765380859375
0.048828125 0.19140625 -0.0072021484375
0.224609375 0.42578125 0.2525634765625
-0.779296875 -0.75390625 -0.1619873046875
-0.060546875 0.00390625 -0.1658935546875
-0.490234375 -0.26171875 -0.0130615234375
0.267578125 0.43359375 0.2965087890625
-0.056640625 0.01171875 0.0318603515625
-0.037109375 0.21484375 -0.6092529296875
-0.435546875 -0.32421875 0.1138916015625
0.263671875 0.28515625 0.4420166015625
-0.060546875 0.00390625 -0.1658935546875
-0.033203125 -0.10546875 -0.3460693359375
-0.298828125 -0.08984375 -0.1395263671875
-0.779296875 -0.75390625 -0.1619873046875
0.361328125 0.22265625 0.0289306640625
0.181640625 0.33984375 0.1666259765625
-0.349609375 -0.12890625 -0.0750732421875
-0.154296875 0.11328125 -0.6119384765625
-0.099609375 -0.01171875 -0.0120849609375
