MOTORCYCLE
0.9296875 -0.0390625 -0.154296875
0.8203125 -0.1171875 -0.3065185546875
0.8828125 -0.0703125 -0.3057861328125
1.046875 0.0546875 0.18408203125
0.9375 -0.0234375 -0.3060302734375
0.9765625 0.0078125 -0.1556396484375
0.7578125 -0.1484375 -0.3074951171875
0.796875 -0.1171875 -0.1561279296875
0.6875 -0.1953125 -0.3087158203125
1.03125 0.0703125 -0.1558837890625
0.8515625 -0.0546875 -0.1571044921875
0.9765625 0.0390625 -0.3087158203125
0.71875 -0.1328125 -0.159423828125
0.609375 -0.2109375 -0.3123779296875
1.03125 0.1015625 -0.0645751953125
0.890625 0.0390625 -0.067138671875
1.0 0.1328125 -0.3143310546875
0.8203125 0.0078125 -0.06976318359375
0.8203125 0.0078125 0.2996826171875
0.625 -0.1328125 -0.164306640625
0.75 -0.0234375 -0.07073974609375
1.046875 0.1953125 0.176513671875
0.625 -0.1015625 -0.07269287109375
0.6875 -0.0546875 -0.072021484375
0.5 -0.1953125 -0.3199462890625
0.7421875 -0.0078125 0.2969970703125
0.5390625 -0.1171875 -0.07623291015625
0.8359375 0.1015625 0.2955322265625
0.859375 0.1484375 0.3289794921875
0.6015625 0.0390625 0.2891845703125
0.421875 -0.0859375 -0.08404541015625
0.546875 0.0078125 0.4134521484375
0.8203125 0.2265625 0.2884521484375
0.5546875 0.0390625 0.3218994140625
0.515625 0.0390625 0.2857666015625
0.4140625 0.0390625 0.2821044921875
0.4375 0.0703125 0.3167724609375
0.4140625 0.0546875 0.4063720703125
0.1484375 -0.1015625 -0.097412109375
0.2890625 0.0078125 -0.1912841796875
0.3046875 0.0546875 0.2767333984375
0.3125 0.1015625 0.3104248046875
0.1953125 0.0234375 -0.1971435546875
0.1484375 -0.0078125 -0.3543701171875
0.1484375 0.0234375 -0.10491943359375
0.1953125 0.0703125 0.3975830078125
0.1875 0.0703125 0.2703857421875
0.1171875 0.0390625 0.1441650390625
0.1953125 0.1171875 0.3052978515625
0.1015625 0.0703125 0.3936767578125
0.1171875 0.1484375 0.1380615234375
0.0859375 0.1328125 0.3001708984375
0.0546875 0.1171875 0.2633056640625
-0.0390625 0.1015625 0.2598876953125
0.1171875 0.2578125 0.13214111328125
-0.125 0.0859375 0.2569580078125
-0.484375 -0.1953125 -0.125732421875
-0.421875 -0.1484375 -0.3792724609375
-0.046875 0.1796875 0.2935791015625
-0.203125 0.0703125 0.2548828125
-0.265625 0.0234375 0.25439453125
-0.3359375 -0.0234375 0.2532958984375
-0.3984375 -0.0546875 0.2525634765625
-0.4609375 -0.1015625 0.12518310546875
-0.578125 -0.1953125 0.2513427734375
-0.5234375 -0.1484375 0.2510986328125
-0.46875 -0.1015625 0.2513427734375
-0.65625 -0.2265625 0.249267578125
-0.734375 -0.2578125 0.2471923828125
-0.5078125 -0.0546875 -0.135498046875
-0.4140625 0.0234375 -0.2296142578125
-0.4609375 0.0078125 -0.3927001953125
-0.390625 0.1015625 -0.233154296875
-0.4921875 0.0390625 0.11627197265625
-0.5 0.0546875 -0.1419677734375
-0.2890625 0.2265625 0.2821044921875
-0.6953125 -0.0703125 -0.4017333984375
-0.9375 -0.2578125 0.11065673828125
-0.390625 0.2109375 0.2789306640625
-0.8984375 -0.1953125 0.2371826171875
-0.9609375 -0.2265625 0.2366943359375
-0.4921875 0.1640625 0.10955810546875
-0.4921875 0.1640625 -0.4046630859375
-0.796875 -0.0703125 -0.4080810546875
-0.921875 -0.1640625 -0.4097900390625
-0.4921875 0.2109375 0.2752685546875
-0.515625 0.1953125 -0.151123046875
-0.9453125 -0.1328125 0.3621826171875
-0.9296875 -0.1171875 -0.2498779296875
-0.8984375 -0.0859375 -0.4134521484375
-0.875 -0.0546875 0.2713623046875
-0.8828125 -0.0546875 -0.2508544921875
-0.578125 0.1953125 0.2725830078125
-0.6484375 0.1484375 0.2716064453125
-0.7109375 0.1171875 0.2708740234375
-0.7734375 0.0703125 -0.2520751953125
-0.8359375 0.0234375 -0.2523193359375
-0.9921875 -0.1015625 0.09979248046875
-1.046875 -0.1484375 -0.1595458984375
-0.7890625 0.0703125 0.2696533203125
-0.9375 -0.0390625 0.09893798828125
-1.0 -0.0859375 -0.160888671875
-0.859375 0.0390625 0.2681884765625
-0.8125 0.2265625 -0.2633056640625
-1.0234375 0.0546875 -0.1702880859375
-0.9765625 0.1328125 0.088623046875
-1.0078125 0.1484375 -0.175537109375
-0.953125 0.2109375 0.08612060546875
