MOTORCYCLE
0.92578125 -0.0703125 -0.37451171875
0.86328125 -0.1171875 -0.375732421875
0.94140625 -0.0390625 -0.21484375
0.87890625 -0.0859375 -0.215087890625
0.99609375 0.0078125 -0.2152099609375
0.79296875 -0.1484375 -0.377197265625
0.97265625 -0.0078125 -0.376708984375
0.81640625 -0.1171875 -0.216064453125
0.73046875 -0.1796875 -0.379150390625
1.03515625 0.0703125 -0.2169189453125
0.73828125 -0.1484375 -0.21826171875
1.01171875 0.0703125 -0.37939453125
1.00390625 0.0703125 -0.13092041015625
0.65234375 -0.1953125 -0.38232421875
0.69140625 -0.1328125 -0.13421630859375
0.62890625 -0.1796875 -0.13482666015625
0.74609375 -0.0859375 -0.13482666015625
0.63671875 -0.1484375 -0.223388671875
0.55859375 -0.2109375 -0.38720703125
0.85546875 0.0234375 -0.135498046875
0.79296875 -0.0234375 -0.135498046875
1.02734375 0.1640625 0.1156005859375
0.90234375 0.0859375 -0.136474609375
0.53515625 -0.1796875 -0.139404296875
0.83203125 0.0703125 0.27880859375
0.76953125 0.0234375 0.278564453125
0.61328125 -0.0390625 0.2333984375
0.84765625 0.1640625 0.275146484375
0.59765625 -0.0078125 0.357177734375
0.39453125 -0.1484375 -0.402099609375
0.51953125 -0.0390625 0.229248046875
0.62109375 0.0546875 0.228515625
0.43359375 -0.0546875 0.22607421875
0.66015625 0.1328125 0.2265625
0.55078125 0.0546875 0.26904296875
0.48046875 0.0078125 0.47802734375
0.48046875 0.0234375 0.351318359375
0.33984375 -0.0703125 0.222900390625
0.76171875 0.2578125 0.224853515625
0.69921875 0.2109375 0.224365234375
0.58203125 0.1328125 0.26708984375
0.44921875 0.0546875 0.265380859375
0.32421875 -0.0234375 -0.2484130859375
0.23828125 -0.0703125 0.218994140625
0.12109375 -0.1640625 0.218017578125
0.16796875 -0.1171875 0.0909423828125
0.36328125 0.0390625 0.346435546875
0.05078125 -0.1953125 0.2171630859375
0.16015625 -0.1015625 -0.4189453125
0.16015625 -0.0859375 0.2164306640625
0.33984375 0.0703125 0.260986328125
0.33203125 0.0703125 0.47021484375
0.19921875 -0.0234375 0.087890625
0.13671875 -0.0703125 -0.167724609375
0.19921875 0.0078125 -0.2567138671875
-0.12109375 -0.2421875 0.2113037109375
0.23828125 0.0546875 0.341064453125
0.23828125 0.0703125 0.46728515625
0.21484375 0.0859375 0.2548828125
0.15234375 0.0390625 -0.1732177734375
0.14453125 0.0546875 0.33740234375
-0.23046875 -0.2265625 0.2064208984375
0.12890625 0.0703125 0.463134765625
-0.30859375 -0.2578125 0.2044677734375
0.16015625 0.1328125 0.07757568359375
0.08203125 0.1171875 0.248779296875
-0.05078125 0.0234375 -0.440673828125
-0.41015625 -0.2578125 0.2003173828125
0.00390625 0.1015625 0.4580078125
-0.01953125 0.1171875 0.244873046875
-0.47265625 -0.1953125 -0.194091796875
-0.15234375 0.1484375 0.238037109375
-0.46484375 -0.0859375 0.06024169921875
-0.47265625 -0.0859375 -0.199951171875
-0.47265625 -0.0859375 -0.46044921875
-0.23828125 0.1328125 0.236083984375
-0.44140625 -0.0078125 0.056640625
-0.32421875 0.1015625 0.23388671875
-0.44921875 0.0078125 -0.464599609375
-0.28515625 0.1640625 -0.4658203125
-0.34765625 0.1171875 -0.466064453125
-0.41015625 0.0703125 -0.466796875
-0.46484375 0.0390625 -0.29443359375
-0.41015625 0.0859375 0.2314453125
-0.41015625 0.1015625 -0.29541015625
-0.47265625 0.0546875 0.230224609375
-0.67578125 -0.1015625 -0.47119140625
-0.67578125 -0.0859375 0.228271484375
-0.55859375 0.0234375 0.22802734375
-0.62109375 -0.0234375 0.22802734375
-0.87109375 -0.2265625 -0.47607421875
-0.62890625 -0.0078125 -0.30078125
-0.51953125 0.0859375 -0.2132568359375
-0.82421875 -0.1640625 -0.477294921875
-0.77734375 -0.1015625 -0.47802734375
-0.95703125 -0.2421875 0.17529296875
-0.96484375 -0.2421875 0.04376220703125
-0.85546875 -0.1171875 -0.3076171875
-0.91015625 -0.1640625 0.304931640625
-0.74609375 -0.0078125 -0.30810546875
-0.85546875 -0.1015625 0.304931640625
-0.80859375 -0.0546875 0.2216796875
-0.51953125 0.1953125 0.04266357421875
-0.88671875 -0.0859375 0.219970703125
-0.96484375 -0.1328125 0.1695556640625
-0.54296875 0.2265625 -0.2230224609375
-0.83984375 -0.0234375 -0.3125
-1.03515625 -0.1796875 -0.226318359375
-0.98046875 -0.1015625 -0.31494140625
-0.98828125 -0.1015625 0.0362548828125
-0.87109375 0.0078125 0.299560546875
-0.98828125 -0.0859375 -0.2286376953125
-0.95703125 -0.0234375 0.164794921875
-0.97265625 -0.0078125 0.03179931640625
-0.84765625 0.1015625 0.296142578125
-0.98828125 0.0234375 -0.235107421875
-0.97265625 0.1171875 0.1578369140625
-0.98828125 0.1171875 0.0245361328125
-0.99609375 0.1484375 -0.2432861328125
-0.95703125 0.1953125 0.022308349609375
