MOTORCYCLE
-0.890625 -0.0234375 -0.1090087890625
-0.703125 -0.1015625 -0.11474609375
-0.640625 -0.1953125 -0.1163330078125
-0.265625 -0.0859375 -0.468017578125
-0.265625 0.2734375 -0.13623046875
-0.171875 -0.0625 -0.0657958984375
-0.140625 -0.1640625 -0.2704315185546875
-0.078125 -0.171875 -0.1387939453125
-0.046875 -0.2734375 0.466552734375
-0.078125 -0.0546875 0.263916015625
-0.078125 0.0859375 0.465087890625
0.015625 -0.03125 0.12939453125
-0.015625 0.1015625 -0.073974609375
0.046875 -0.125 -0.073486328125
-0.015625 0.2421875 0.462646484375
0.140625 -0.25 -0.1458740234375
0.109375 -0.1171875 -0.487060546875
0.171875 -0.2109375 -0.2839469909667969
0.203125 -0.2265625 0.257080078125
0.265625 -0.2734375 0.328857421875
0.203125 0.1015625 0.326904296875
0.203125 0.21875 0.326904296875
0.328125 -0.203125 0.120361328125
0.359375 -0.1796875 -0.498046875
0.390625 -0.171875 -0.086669921875
0.359375 0.203125 -0.5040283203125
0.546875 -0.2421875 -0.30062103271484375
0.515625 0.046875 0.319091796875
0.546875 -0.0703125 0.319091796875
0.609375 -0.1171875 0.525634765625
0.640625 -0.2421875 0.525634765625
0.671875 -0.21875 -0.0970458984375
0.609375 0.0078125 0.525146484375
0.640625 0.1484375 0.523193359375
0.640625 0.265625 0.523193359375
0.890625 -0.171875 -0.525634765625
