MOTORCYCLE
1.1796875 0.0390625 -0.2000732421875
1.1171875 0.0078125 -0.3343505859375
1.1328125 0.0390625 -0.1458740234375
1.1328125 0.1171875 -0.5242919921875
1.0234375 -0.0390625 -0.1495361328125
0.9765625 -0.046875 -0.3406982421875
1.0234375 0.0546875 -0.5291748046875
0.9765625 0.0234375 -0.2103271484375
0.8359375 -0.0625 0.030120849609375
0.8046875 -0.046875 -0.1597900390625
0.8203125 -0.0078125 -0.2169189453125
0.7578125 -0.109375 -0.2164306640625
0.8515625 0.0546875 0.027801513671875
0.7890625 -0.046875 0.2159423828125
0.8515625 0.1015625 0.3436279296875
0.8203125 0.0546875 0.214599609375
0.7421875 -0.0390625 -0.3536376953125
0.6796875 -0.125 -0.3548583984375
0.8515625 0.2265625 0.3409423828125
0.8203125 0.2109375 0.02191162109375
0.8046875 0.1953125 0.21063232421875
0.5703125 -0.0078125 0.3359375
0.4453125 -0.1328125 -0.5574951171875
0.3515625 -0.2109375 -0.3699951171875
0.3671875 -0.0078125 -0.2391357421875
0.2578125 -0.125 0.00494384765625
0.2421875 -0.109375 -0.1868896484375
0.2109375 -0.109375 0.1937255859375
0.2890625 0.0234375 0.3258056640625
0.2421875 0.0078125 0.000732421875
0.2421875 0.0078125 0.19219970703125
0.2421875 0.0078125 -0.1905517578125
0.1484375 -0.0234375 0.32177734375
0.1328125 -0.0234375 -0.2508544921875
-0.1171875 -0.0078125 0.3116455078125
-0.1640625 -0.0078125 -0.2105712890625
-0.2890625 -0.0859375 -0.2142333984375
-0.3515625 -0.0625 -0.024169921875
-0.2734375 0.0859375 -0.2740478515625
-0.3046875 0.0859375 0.5574951171875
-0.3671875 0.0859375 -0.029052734375
-0.3828125 0.0859375 0.16534423828125
-0.4765625 0.0078125 0.3582763671875
-0.5078125 -0.046875 -0.2828369140625
-0.5859375 -0.1796875 -0.2269287109375
-0.4609375 0.0390625 0.5535888671875
-0.5859375 -0.140625 -0.2838134765625
-0.6015625 -0.0546875 -0.03594970703125
-0.6328125 -0.0390625 0.3533935546875
-0.7734375 -0.1640625 -0.2930908203125
-0.7265625 -0.0234375 -0.4364013671875
-0.8203125 -0.0703125 -0.0457763671875
-0.8046875 -0.0390625 0.5445556640625
-0.9140625 -0.2265625 -0.2982177734375
-0.8828125 -0.0625 -0.4447021484375
-1.0703125 -0.0234375 0.278076171875
-1.1171875 -0.0234375 -0.0606689453125
-1.1796875 -0.1328125 -0.06103515625
-1.1328125 -0.0234375 0.136627197265625
-1.1484375 0.1640625 0.271728515625
-1.1796875 0.1171875 0.1319580078125
