LARGE_VEHICLE
1.1875 0.078125 -1.31689453125
0.8125 0.203125 -1.31884765625
0.8125 0.15625 -0.90673828125
1.0 -0.75 0.33447265625
0.875 -0.515625 0.49267578125
0.5 0.28125 -0.90673828125
0.8125 -0.421875 0.07861328125
0.875 -0.53125 1.31884765625
0.8125 -0.625 0.75048828125
0.3125 0.265625 -1.32080078125
0.6875 -0.609375 -0.07763671875
0.5 -0.265625 -0.33154296875
0.1875 0.4375 -0.74755859375
0.5625 -0.484375 -0.49169921875
0.625 -0.625 0.33837890625
0.25 0.171875 -0.74755859375
0.5625 -0.40625 1.32861328125
0.4375 -0.3125 0.08447265625
0.4375 -0.3125 0.91455078125
0.4375 -0.421875 0.49853515625
0.5625 -0.71875 1.17236328125
0.4375 -0.515625 0.75830078125
0.0 0.359375 -0.90673828125
0.125 -0.171875 -0.32958984375
-0.125 0.359375 -1.32373046875
-0.1875 0.546875 -0.74658203125
0.125 -0.171875 0.08837890625
0.25 -0.515625 -0.07177734375
0.3125 -0.53125 1.17822265625
0.25 -0.515625 0.34423828125
0.125 -0.1875 0.92236328125
0.125 -0.265625 0.50439453125
-0.5 0.421875 -0.90673828125
-0.6875 0.625 -0.74462890625
-0.6875 0.421875 -1.32666015625
-0.8125 0.578125 -0.90673828125
-1.1875 0.75 -1.32861328125
