LARGE_VEHICLE
0.96875 0.15625 -1.3349609375
0.71875 0.375 -0.7470703125
0.71875 0.25 -0.9208984375
0.90625 -0.5 0.50390625
0.96875 -0.6875 0.74609375
0.53125 0.21875 -1.3369140625
0.84375 -0.671875 -0.083984375
0.34375 0.484375 -0.74609375
0.84375 -0.671875 0.33203125
0.84375 -0.5625 1.33984375
0.34375 0.34375 -0.921875
0.53125 -0.28125 -0.326171875
0.78125 -0.734375 1.16796875
0.65625 -0.5625 0.751953125
0.59375 -0.40625 1.345703125
0.46875 -0.296875 0.091796875
0.46875 -0.3125 0.9296875
0.46875 -0.40625 0.51171875
0.09375 0.296875 -1.33984375
0.46875 -0.5625 -0.080078125
0.53125 -0.59375 1.173828125
0.46875 -0.578125 0.337890625
0.34375 -0.375 0.755859375
-0.15625 0.578125 -0.744140625
-0.21875 0.4375 -0.921875
-0.40625 0.375 -1.3427734375
-0.59375 0.546875 -0.921875
-0.65625 0.65625 -0.7431640625
-0.96875 0.734375 -1.345703125
