LARGE_VEHICLE
0.8125 0.3125 -0.76025390625
0.8125 0.15625 -0.91748046875
0.625 0.140625 -1.33642578125
0.4375 0.4375 -0.75927734375
0.375 0.28125 -0.91748046875
0.5625 -0.375 -0.33740234375
0.625 -0.484375 1.34228515625
0.5625 -0.4375 0.76416015625
0.5 -0.359375 0.08251953125
0.625 -0.671875 0.76416015625
0.5625 -0.65625 -0.07568359375
0.5625 -0.640625 0.34619140625
0.5 -0.46875 0.50439453125
0.125 0.234375 -1.33837890625
0.5625 -0.6875 1.18798828125
-0.0625 0.515625 -0.75732421875
-0.125 0.359375 -0.91748046875
-0.375 0.3125 -1.34130859375
-0.5 0.46875 -0.91748046875
-0.5625 0.609375 -0.75634765625
-0.8125 0.6875 -1.34228515625
-0.8125 -0.1875 -0.48974609375
