LARGE_VEHICLE
0.04150390625 1.3125 -0.6455078125
0.05914306640625 1.3125 -0.53125
-0.05242919921875 1.28125 -0.4580078125
0.0548095703125 1.28125 -0.4580078125
-0.11279296875 1.28125 -0.3408203125
-0.07464599609375 1.21875 -0.6455078125
-0.00213623046875 1.21875 -0.3408203125
0.033416748046875 1.21875 -0.265625
-0.169677734375 1.1875 -0.45703125
-0.0809326171875 1.1875 -0.265625
-0.003490447998046875 1.1875 -0.15234375
-0.17578125 1.15625 -0.5302734375
0.10833740234375 1.15625 -0.150390625
0.085205078125 1.15625 -0.076171875
0.0194244384765625 1.15625 0.037109375
0.053436279296875 1.15625 0.111328125
-0.24658203125 1.125 -0.33984375
-0.119873046875 1.125 -0.150390625
-0.1943359375 1.09375 -0.6455078125
-0.302978515625 1.09375 -0.6455078125
-0.066070556640625 1.09375 -0.5302734375
-0.1741943359375 1.125 0.11328125
-0.1986083984375 1.09375 -0.263671875
-0.2000732421875 1.09375 0.0390625
-0.313232421875 1.03125 -0.8330078125
-0.412109375 1.03125 -0.7197265625
0.90478515625 1.03125 -0.9072265625
-0.29052734375 1.03125 -0.4560546875
-0.316162109375 1.03125 -0.26171875
0.90283203125 1.0 -1.09765625
0.88427734375 1.03125 -0.337890625
-0.2388916015625 1.03125 -0.150390625
-0.1412353515625 1.03125 -0.07421875
0.93212890625 0.96875 -1.21484375
0.95166015625 1.0 -0.455078125
0.9189453125 0.96875 -1.021484375
0.939453125 0.96875 -0.8330078125
-0.3203125 1.0 0.041015625
-0.40869140625 0.96875 -0.455078125
0.93115234375 0.96875 -0.6435546875
-0.28857421875 1.0 0.115234375
-0.357421875 0.96875 -0.337890625
-0.4326171875 0.96875 -0.26171875
1.02685546875 0.9375 -1.021484375
-0.35205078125 0.96875 -0.1484375
1.02294921875 0.9375 -0.908203125
-0.264892578125 0.96875 -0.072265625
-0.4345703125 0.90625 -0.833984375
-0.53564453125 0.90625 -0.7197265625
1.04052734375 0.90625 -0.83203125
0.9794921875 0.9375 -0.072265625
1.04443359375 0.875 -1.2158203125
-0.306640625 0.875 -0.529296875
-0.4404296875 0.90625 0.04296875
-0.52880859375 0.875 -0.4541015625
-0.406982421875 0.90625 0.119140625
-0.478759765625 0.875 -0.3369140625
1.05810546875 0.875 -0.5283203125
-0.3837890625 0.875 -0.0703125
-0.2119140625 0.875 0.234375
-0.475341796875 0.84375 -0.146484375
-0.533203125 0.8125 0.12109375
-0.60107421875 0.78125 -0.3359375
0.916015625 0.8125 0.044921875
-0.55224609375 0.75 -0.833984375
-0.66015625 0.75 -0.720703125
0.921875 0.8125 0.236328125
-0.424072265625 0.75 -0.529296875
0.94677734375 0.78125 0.12109375
-0.436767578125 0.71875 -0.6435546875
1.03564453125 0.78125 0.23828125
-0.56640625 0.75 0.046875
-0.65234375 0.71875 -0.4521484375
-0.334716796875 0.75 0.23828125
-0.5068359375 0.71875 -0.06640625
-0.67431640625 0.65625 -0.833984375
1.06005859375 0.71875 0.123046875
-0.7314453125 0.65625 -0.3349609375
-0.669921875 0.65625 -0.255859375
-0.78515625 0.625 -0.720703125
-0.5546875 0.625 -0.5283203125
-0.7734375 0.625 -0.451171875
-0.5654296875 0.59375 -0.642578125
1.00830078125 0.65625 0.31640625
-0.6591796875 0.625 0.126953125
-0.58935546875 0.5625 -0.9130859375
-0.452392578125 0.625 0.2421875
-0.6923828125 0.59375 0.05078125
-0.84326171875 0.53125 -0.333984375
0.93115234375 0.53125 -0.25390625
-0.68798828125 0.5 -0.642578125
-0.6279296875 0.53125 -0.0625
-0.802734375 0.5 -0.642578125
-0.67822265625 0.5 -0.52734375
-0.78955078125 0.5 -0.52734375
-0.73095703125 0.5 -0.140625
-0.78271484375 0.5 0.130859375
-0.58349609375 0.5 0.24609375
-0.80224609375 0.46875 -0.25390625
-0.79736328125 0.4375 -0.8349609375
-0.916015625 0.4375 -0.720703125
-0.9013671875 0.4375 -0.4501953125
-0.751953125 0.40625 -0.060546875
-0.82177734375 0.40625 0.0546875
-0.93994140625 0.40625 0.0546875
-0.8662109375 0.34375 -0.05859375
-0.93408203125 0.28125 -0.6416015625
-0.97998046875 0.28125 -0.3310546875
-0.9365234375 0.21875 -0.25
-0.869140625 0.21875 -0.134765625
-1.06005859375 0.0625 -0.24609375
0.99267578125 0.09375 1.234375
0.87548828125 0.0625 1.234375
-0.76123046875 -0.1875 -0.91796875
1.01806640625 -0.0625 1.125
-0.748046875 -0.25 -1.03125
-0.8720703125 -0.25 -1.03125
-0.88623046875 -0.25 -0.9189453125
-0.73876953125 -0.3125 -1.234375
-0.62109375 -0.34375 -1.234375
-0.6611328125 -0.34375 -1.1171875
-0.78857421875 -0.375 -1.1181640625
-0.54736328125 -0.40625 -1.1181640625
-0.6513671875 -0.40625 -1.0322265625
-0.507568359375 -0.4375 -1.234375
-0.4326171875 -0.46875 -1.1181640625
-0.54638671875 -0.5 -0.919921875
-0.420654296875 -0.5625 -1.033203125
-0.5400390625 -0.5625 -1.033203125
-0.1514892578125 -1.3125 0.703125
-0.274169921875 -1.3125 0.703125
