LARGE_VEHICLE
-0.68359375 0.984375 0.3800048828125
-0.65234375 0.984375 0.5137939453125
-0.79296875 0.953125 0.5137939453125
-0.53515625 0.984375 0.3809814453125
-0.81640625 0.921875 0.3800048828125
-0.36328125 1.015625 0.5137939453125
-0.50390625 0.984375 0.5137939453125
-0.37109375 0.984375 0.3809814453125
-0.23828125 1.015625 0.5128173828125
-0.23046875 0.984375 0.3809814453125
0.81640625 -0.703125 0.2491455078125
0.39453125 -0.859375 0.2491455078125
0.36328125 -0.890625 -0.2586669921875
0.41796875 -0.890625 -0.5120849609375
0.58203125 -0.890625 -0.5137939453125
0.69140625 -0.859375 0.2481689453125
0.41015625 -0.921875 0.3702392578125
0.73046875 -0.890625 0.1143798828125
0.48046875 -0.984375 -0.0081787109375
0.77734375 -0.921875 -0.0081787109375
0.51953125 -0.984375 -0.2615966796875
0.67578125 -0.953125 -0.2615966796875
0.58984375 -0.984375 0.1134033203125
0.64453125 -1.015625 -0.0091552734375
