LARGE_VEHICLE
-0.0625 2.0 -0.589111328125
-0.72265625 1.875 0.465576171875
-0.828125 1.84375 0.606201171875
-0.55078125 1.875 0.606201171875
-0.68359375 1.84375 0.60595703125
-0.2578125 1.90625 0.60595703125
-0.41015625 1.875 0.606201171875
-0.15625 1.90625 -0.11181640625
0.01953125 1.9375 0.60595703125
-0.91796875 1.78125 0.3648681640625
-0.625 1.8125 0.3642578125
-0.04296875 1.90625 -0.353271484375
-0.48828125 1.8125 0.363525390625
-0.33984375 1.8125 0.3634033203125
0.08984375 1.84375 0.36181640625
-0.45703125 1.75 0.844482421875
-0.6015625 1.71875 0.844482421875
-0.69921875 1.6875 0.942138671875
-0.49609375 1.71875 1.084228515625
-0.73828125 1.65625 0.843505859375
-0.3515625 1.71875 1.083740234375
-0.62890625 1.65625 1.083740234375
-0.7734375 1.59375 1.082763671875
-0.1953125 1.6875 1.083251953125
-0.86328125 1.5625 0.841552734375
-0.1484375 1.65625 0.841552734375
-0.9609375 1.03125 0.830322265625
0.64453125 1.1875 -0.641357421875
0.6796875 1.1875 -0.780029296875
0.5390625 1.09375 -0.784912109375
0.5078125 1.0625 -0.648193359375
-0.86328125 0.8125 0.577880859375
0.796875 1.09375 -0.402099609375
0.6171875 0.59375 -0.069091796875
0.296875 0.53125 -0.427001953125
0.453125 0.4375 -0.432861328125
0.4921875 0.4375 -0.822021484375
0.5390625 0.1875 0.916259765625
0.30078125 0.0625 1.054931640625
0.40625 0.0625 0.913818359375
0.46484375 0.0625 1.054931640625
0.60546875 0.03125 1.054443359375
0.71484375 0.03125 0.912841796875
0.76171875 0.03125 1.053466796875
0.875 -0.03125 0.911865234375
0.46875 -0.21875 0.543701171875
0.66796875 -0.21875 0.28857421875
0.515625 -0.25 0.2890625
0.90625 -0.1875 0.5419921875
0.40234375 -0.28125 0.796142578125
0.6171875 -0.25 0.542236328125
0.25 -0.3125 0.796142578125
0.828125 -0.21875 0.28759765625
0.69140625 -0.25 0.796142578125
0.546875 -0.28125 0.795654296875
0.76953125 -0.25 0.541015625
0.9609375 -0.25 0.2867431640625
0.4609375 -0.375 -0.1077880859375
0.58984375 -0.40625 -0.22314453125
0.61328125 -0.40625 -0.1087646484375
0.4453125 -0.4375 -0.222412109375
0.69140625 -2.0 -1.084228515625
