LARGE_VEHICLE
-0.64453125 1.984375 0.7880859375
-0.60546875 1.984375 0.64404296875
-0.50390625 1.984375 0.78857421875
-0.5 1.984375 0.8818359375
-0.46875 1.984375 0.6435546875
-0.65234375 1.953125 0.88134765625
-0.78125 1.921875 0.787109375
-0.35546875 1.984375 0.78857421875
-0.36328125 1.984375 0.8818359375
-0.7421875 1.921875 0.64208984375
-0.7890625 1.890625 0.88037109375
-0.05859375 1.921875 0.78759765625
-0.171875 1.859375 0.640625
-0.0625 1.859375 0.87939453125
0.6171875 1.484375 -0.83349609375
0.48046875 1.390625 -0.83740234375
0.77734375 1.421875 -0.59326171875
0.76171875 1.421875 -0.837890625
0.56640625 0.390625 0.8525390625
0.2734375 0.296875 0.8515625
0.42578125 0.296875 0.85107421875
0.59765625 0.296875 0.75927734375
0.30859375 0.234375 0.75830078125
0.7578125 0.234375 0.75830078125
0.46484375 0.171875 0.75732421875
0.4296875 0.046875 0.344970703125
0.2734375 0.015625 0.344482421875
0.47265625 0.015625 0.092041015625
0.33203125 -0.015625 0.09130859375
0.734375 0.046875 0.343994140625
0.359375 -0.015625 0.5947265625
0.58203125 0.015625 0.34423828125
0.203125 -0.046875 0.59423828125
0.6328125 0.015625 0.09136962890625
0.875 0.046875 0.34423828125
0.50390625 -0.015625 0.5947265625
0.78515625 0.015625 0.0909423828125
0.6640625 -0.046875 0.59423828125
0.4921875 -0.109375 -0.26025390625
0.34375 -0.140625 -0.2607421875
0.9375 -0.046875 0.0882568359375
0.6484375 -0.140625 -0.261474609375
0.5390625 -0.171875 -0.67578125
0.4140625 -0.234375 -0.426025390625
0.8046875 -0.171875 -0.262939453125
