LARGE_VEHICLE
-0.3798828125 1.265625 -0.757568359375
-0.3779296875 1.234375 -0.52197265625
0.0478515625 1.265625 -0.52099609375
0.3291015625 1.296875 -0.757080078125
-0.2705078125 1.234375 0.26123046875
-0.2373046875 1.234375 -0.521240234375
-0.1279296875 1.234375 0.261474609375
0.1884765625 1.265625 -0.521240234375
0.1923828125 1.265625 -0.760009765625
-0.4541015625 1.203125 0.429931640625
-0.0927734375 1.234375 -0.52197265625
-0.4111328125 1.203125 -0.2159423828125
-0.4111328125 1.203125 0.260498046875
-0.0283203125 1.234375 0.430908203125
0.3330078125 1.265625 -0.52099609375
-0.3134765625 1.203125 0.430419921875
0.1142578125 1.234375 0.430908203125
0.1650390625 1.234375 -0.2147216796875
0.1572265625 1.234375 0.261962890625
-0.1708984375 1.203125 0.430908203125
0.2080078125 1.234375 -0.283935546875
0.2548828125 1.234375 0.430908203125
0.3017578125 1.234375 0.26171875
0.3447265625 1.234375 -0.284912109375
-0.5517578125 1.140625 0.258056640625
-0.2138671875 1.140625 -0.2874755859375
-0.0712890625 1.140625 -0.2880859375
0.4384765625 1.171875 0.260009765625
0.0419921875 1.109375 0.735595703125
-0.1005859375 1.078125 0.735107421875
-0.2490234375 1.046875 0.734619140625
-0.2314453125 1.046875 0.665283203125
-0.0888671875 1.046875 0.665283203125
-0.1181640625 1.046875 0.904052734375
-0.3896484375 1.015625 0.733154296875
-0.3740234375 1.015625 0.664794921875
-0.0751953125 1.046875 0.972900390625
0.0537109375 1.046875 0.665283203125
-0.2666015625 1.015625 0.903564453125
0.0693359375 1.046875 0.973876953125
-0.2236328125 1.015625 0.972900390625
0.1572265625 1.046875 0.904052734375
-0.3994140625 0.953125 0.902587890625
-0.3642578125 0.953125 0.971923828125
0.3369140625 0.984375 0.663818359375
-1.0615234375 0.421875 -0.804443359375
-0.9150390625 0.390625 -0.806884765625
-1.2041015625 0.328125 -0.5673828125
0.9267578125 0.515625 -0.973876953125
-1.0908203125 0.203125 -0.257080078125
-0.8916015625 0.203125 -0.32958984375
-0.9423828125 0.171875 -0.258544921875
-0.7880859375 -0.015625 -0.2657470703125
0.5673828125 -0.109375 -0.592041015625
0.7001953125 -0.640625 0.877197265625
0.5517578125 -0.671875 0.876708984375
-0.5908203125 -1.015625 -0.305908203125
-0.4404296875 -1.015625 -0.3057861328125
-0.7021484375 -1.046875 -0.386474609375
0.6884765625 -0.921875 0.370849609375
-0.5517578125 -1.046875 -0.3857421875
-0.5771484375 -1.046875 -0.637939453125
0.8369140625 -0.921875 0.370849609375
-0.4287109375 -1.046875 -0.637451171875
0.8994140625 -0.921875 0.200439453125
0.6142578125 -0.953125 0.621826171875
0.6025390625 -0.953125 0.701416015625
0.7626953125 -0.953125 0.621337890625
0.7548828125 -0.953125 0.701416015625
1.0556640625 -0.921875 0.701904296875
0.9033203125 -0.953125 0.701904296875
1.2041015625 -0.921875 0.702392578125
0.9384765625 -0.953125 0.952392578125
0.7861328125 -1.046875 0.951416015625
0.7548828125 -1.078125 -0.3082275390625
0.9033203125 -1.078125 -0.3084716796875
0.8017578125 -1.109375 -0.39111328125
0.7939453125 -1.296875 -0.652587890625
