LARGE_VEHICLE
-0.5625 -0.904296875 -0.56494140625
-0.375 -0.583984375 0.40673828125
-0.3125 -0.2119140625 0.40771484375
-0.1875 -0.623046875 -0.1552734375
-0.1875 -0.5703125 -0.00244140625
-0.1875 -0.884765625 0.40576171875
-0.1875 0.0966796875 0.40869140625
-0.125 -0.908203125 -0.00244140625
-0.125 -0.2998046875 -0.15478515625
-0.0625 -0.8154296875 0.56298828125
-0.0625 -0.2275390625 -0.00244140625
-0.0625 0.0576171875 -0.154296875
-0.0625 0.4716796875 0.40966796875
0.0 -0.4736328125 0.56396484375
0.0625 -1.1533203125 0.56298828125
0.0625 0.0966796875 -0.00244140625
0.0625 0.3994140625 -0.154296875
0.0625 0.7822265625 0.40966796875
0.125 -0.1318359375 0.56396484375
0.1875 0.4423828125 -0.00341796875
0.25 0.2138671875 0.56396484375
0.25 0.7275390625 -0.154296875
0.375 -0.953125 -0.1591796875
0.375 0.8056640625 -0.00439453125
0.375 1.1337890625 0.41064453125
0.4375 1.0751953125 -0.15478515625
0.5625 0.5458984375 0.56494140625
0.5625 1.1533203125 -0.00439453125
