LARGE_VEHICLE
0.2099609375 1.4375 -0.66015625
0.3291015625 1.4375 -0.55810546875
0.1962890625 1.40625 -0.560546875
0.0556640625 1.375 -0.32470703125
0.4814453125 1.40625 -0.32373046875
0.6357421875 1.40625 0.052490234375
-0.0595703125 1.34375 0.05078125
-0.0654296875 1.34375 0.5234375
0.3544921875 1.375 0.5244140625
-0.0537109375 1.34375 -0.087646484375
-0.0791015625 1.34375 -0.3251953125
-0.0146484375 1.34375 0.62744140625
0.0771484375 1.34375 0.52392578125
0.4970703125 1.375 0.524658203125
0.1201171875 1.34375 0.627685546875
0.2197265625 1.34375 0.52392578125
0.1982421875 1.34375 -0.32568359375
0.2626953125 1.34375 0.62744140625
0.4052734375 1.34375 0.627685546875
0.0693359375 1.3125 0.0489501953125
0.0888671875 1.3125 -0.0888671875
0.5478515625 1.34375 0.627685546875
0.7841796875 1.34375 0.5234375
0.2138671875 1.28125 0.0474853515625
0.3701171875 1.21875 1.0009765625
0.2275390625 1.1875 1.00048828125
0.3134765625 1.1875 1.10009765625
0.4560546875 1.1875 1.10009765625
0.0849609375 1.15625 1.0
0.1708984375 1.15625 1.099609375
0.4853515625 1.15625 0.8603515625
0.4033203125 1.15625 1.23974609375
0.1181640625 1.125 1.23974609375
0.6005859375 1.15625 1.09912109375
0.2607421875 1.125 1.23974609375
0.0302734375 1.09375 1.09814453125
0.3447265625 1.09375 0.859375
0.2021484375 1.0625 0.85888671875
0.6630859375 1.0625 0.998046875
-0.1103515625 0.96875 1.095703125
-0.6455078125 0.53125 -0.6103515625
-0.4931640625 0.53125 -0.6103515625
-0.7841796875 0.5 -0.3701171875
-0.6396484375 0.5 -0.369140625
-0.7509765625 0.4375 -0.13037109375
-0.6123046875 0.4375 -0.130859375
-0.6142578125 0.28125 0.006591796875
-0.4580078125 0.15625 0.002197265625
-0.3525390625 0.0 -0.64208984375
-0.2939453125 -0.875 0.0584716796875
-0.2978515625 -0.875 -0.0400390625
-0.1416015625 -0.875 -0.039794921875
-0.2939453125 -0.9375 -0.19482421875
-0.1435546875 -0.9375 -0.195556640625
-0.1689453125 -0.9375 -0.44580078125
-0.2587890625 -1.4375 -1.23974609375
