LARGE_VEHICLE
0.185546875 1.75 -1.083740234375
-0.373046875 1.5 0.740478515625
-0.3232421875 1.15625 -0.2476806640625
-0.193359375 1.09375 -0.744384765625
0.083984375 0.59375 0.844482421875
-0.3056640625 0.5625 0.969482421875
-0.064453125 0.5625 0.844482421875
-0.2822265625 0.34375 0.217529296875
0.046875 0.34375 0.082763671875
0.1962890625 0.34375 0.0831298828125
0.4658203125 0.34375 0.21826171875
-0.1025390625 0.3125 0.0823974609375
-0.2529296875 0.3125 0.719482421875
0.0625 0.3125 0.588623046875
0.2412109375 0.3125 0.469482421875
0.345703125 0.3125 0.719970703125
-0.3583984375 0.28125 0.468017578125
-0.080078125 0.28125 0.588623046875
-0.080078125 0.28125 1.083740234375
-0.2373046875 0.25 0.587646484375
0.4423828125 0.25 0.966552734375
0.3916015625 0.21875 0.467041015625
-0.1845703125 0.0625 -0.545654296875
