LARGE_VEHICLE
-0.341796875 1.96875 0.3756103515625
-0.169921875 1.84375 -0.6442184448242188
-0.091796875 1.84375 0.3414306640625
0.337890625 1.71875 -0.4031982421875
0.482421875 1.6875 -0.4041748046875
-0.216796875 1.75 0.0933837890625
-0.169921875 1.75 0.5855712890625
0.626953125 1.625 -0.4063720703125
-0.251953125 1.71875 0.6256103515625
-0.263671875 1.6875 0.1275634765625
-0.283203125 1.65625 -0.3651123046875
-0.240234375 1.65625 0.3726806640625
0.755859375 1.53125 -0.409423828125
-0.150390625 1.5 -0.4110107421875
-0.197265625 1.5 -0.1619873046875
-0.013671875 1.4375 -0.869873046875
-0.166015625 1.4375 -0.3707275390625
-0.005859375 1.40625 -0.1229248046875
-0.052734375 1.40625 -0.1644287109375
-0.169921875 1.40625 -0.8717041015625
-0.150390625 1.375 -0.1243896484375
-0.115234375 1.28125 -0.6666946411132812
0.412109375 1.125 0.6236572265625
0.115234375 1.15625 0.6236572265625
-0.060546875 0.96875 0.6217041015625
0.509765625 0.78125 0.6226806640625
0.580078125 0.6875 -0.1844482421875
0.509765625 0.6875 0.0694580078125
0.494140625 0.6875 0.1138916015625
0.427734375 0.6875 -0.1844482421875
0.509765625 0.65625 0.3638916015625
0.560546875 0.65625 0.5728759765625
0.349609375 0.65625 -0.1380615234375
0.357421875 0.65625 0.0689697265625
0.654296875 0.625 0.0684814453125
0.275390625 0.65625 -0.1846923828125
0.705078125 0.625 0.5718994140625
0.619140625 0.625 0.3214111328125
0.189453125 0.65625 -0.1390380859375
0.205078125 0.65625 0.0694580078125
0.119140625 0.65625 -0.1846923828125
-0.052734375 0.6875 0.5748291015625
0.251953125 0.65625 0.8277587890625
0.052734375 0.65625 0.0694580078125
0.353515625 0.625 0.3629150390625
0.400390625 0.625 0.5728759765625
-0.033203125 0.65625 -0.1846923828125
0.177734375 0.625 0.1114501953125
0.244140625 0.625 0.5738525390625
0.173828125 0.625 0.3223876953125
-0.103515625 0.65625 0.3619384765625
0.634765625 0.5625 -0.1390380859375
0.037109375 0.625 -0.1400146484375
0.322265625 0.59375 0.1114501953125
0.208984375 0.625 0.8717041015625
0.091796875 0.625 0.5738525390625
0.306640625 0.59375 0.3218994140625
-0.103515625 0.625 0.0689697265625
0.369140625 0.59375 0.8717041015625
0.197265625 0.59375 0.3629150390625
0.755859375 0.53125 0.3194580078125
0.025390625 0.59375 0.1104736328125
0.044921875 0.59375 0.3619384765625
0.005859375 0.59375 0.3218994140625
-0.126953125 0.59375 0.1099853515625
0.447265625 0.5 -0.3936767578125
0.302734375 0.5 -0.3944091796875
0.150390625 0.5 -0.3951416015625
-0.001953125 0.5 -0.3958740234375
0.693359375 0.375 -0.1922607421875
0.798828125 0.28125 0.5679931640625
0.595703125 0.28125 0.6197509765625
0.724609375 0.25 -0.4515380859375
0.705078125 -0.0625 0.6187744140625
-0.318359375 0.0 0.5689697265625
-0.259765625 -0.15625 0.3111572265625
0.650390625 -0.28125 -0.4150390625
-0.384765625 -0.25 0.3511962890625
0.650390625 -0.5 -0.1629638671875
0.763671875 -0.5625 0.3023681640625
0.720703125 -0.59375 -0.2191162109375
-0.447265625 -0.46875 0.0904541015625
0.626953125 -0.6875 0.0401611328125
-0.462890625 -0.625 0.0421142578125
