LARGE_VEHICLE
-0.1796875 1.640625 0.27669525146484375
-0.2890625 1.484375 -0.14981842041015625
-0.6328125 1.640625 -0.26725006103515625
-0.5859375 1.578125 0.38362884521484375
-0.3671875 1.453125 0.5491561889648438
-0.7109375 1.609375 0.00179290771484375
-0.5078125 1.359375 0.38216400146484375
-0.4765625 1.078125 0.37923431396484375
0.6640625 0.515625 -0.5491561889648438
-0.0390625 0.328125 -0.29239654541015625
-0.0703125 -0.140625 -0.30460357666015625
0.6953125 -0.578125 0.24983978271484375
0.7109375 -0.796875 -0.31070709228515625
-0.1171875 -0.484375 0.5306015014648438
0.6015625 -0.828125 -0.03360748291015625
0.5546875 -0.859375 -0.18668365478515625
-0.4765625 -0.640625 0.23860931396484375
-0.3203125 -0.734375 0.23860931396484375
0.6484375 -1.578125 0.5237655639648438
0.4296875 -1.546875 0.36019134521484375
0.5390625 -1.640625 0.23128509521484375
0.3828125 -1.578125 0.07796478271484375
