LARGE_VEHICLE
-0.09375 0.22265625 -0.0009765625
-0.03125 0.05078125 0.09375
0.15625 0.54296875 -0.14453125
0.125 0.43359375 -0.0009765625
0.03125 0.16796875 0.0927734375
0.09375 0.30859375 0.0927734375
0.15625 0.40234375 -0.236328125
0.15625 0.41015625 -0.14453125
0.15625 0.43359375 0.0927734375
-0.03125 -0.09765625 -0.0009765625
-0.03125 -0.09765625 0.09375
0.03125 0.01171875 -0.0009765625
-0.0625 -0.24609375 0.09375
0.03125 0.01171875 0.2353515625
-0.15625 -0.51171875 0.09375
0.15625 0.28515625 -0.0009765625
-0.09375 -0.38671875 0.09375
0.0 -0.12109375 0.2353515625
-0.03125 -0.26953125 0.2353515625
-0.0625 -0.41015625 0.2353515625
-0.09375 -0.54296875 0.236328125
-0.03125 -0.41015625 0.0
0.0625 -0.28515625 0.0
