LARGE_VEHICLE
-0.453125 1.4609375 -0.810821533203125
-0.421875 1.4375 -0.951751708984375
-0.546875 1.109375 -0.183502197265625
-0.546875 1.0546875 -0.106842041015625
-0.484375 1.1796875 -0.106842041015625
-0.390625 1.3984375 -0.107330322265625
-0.390625 1.328125 -0.184478759765625
-0.328125 1.4296875 -0.185455322265625
-0.296875 1.4609375 -0.321197509765625
-0.234375 1.28125 0.525970458984375
-0.234375 1.125 0.442962646484375
-0.140625 1.1015625 0.654876708984375
-0.015625 1.3515625 0.097259521484375
-0.078125 1.203125 0.442962646484375
-0.078125 1.2265625 0.654876708984375
-0.203125 0.8828125 0.653900146484375
-0.015625 1.3203125 0.231048583984375
-0.015625 1.3359375 0.654876708984375
-0.015625 1.3203125 0.524017333984375
-0.015625 1.328125 0.737884521484375
-0.109375 0.984375 0.097259521484375
-0.078125 1.078125 0.866790771484375
-0.140625 0.8203125 0.018157958984375
-0.109375 0.9609375 0.866790771484375
0.078125 1.4140625 0.524017333984375
-0.015625 1.1875 0.866790771484375
-0.171875 0.71875 0.653900146484375
-0.171875 0.7109375 0.866790771484375
-0.109375 0.828125 0.866790771484375
-0.109375 0.8203125 0.951751708984375
-0.234375 0.4609375 0.866790771484375
-0.140625 0.6953125 0.951751708984375
-0.046875 0.9375 0.951751708984375
-0.078125 0.8203125 0.737884521484375
-0.265625 0.3359375 0.866790771484375
-0.171875 0.5625 0.866790771484375
-0.140625 0.5703125 0.737884521484375
-0.234375 0.3203125 0.737884521484375
-0.046875 0.6640625 0.737884521484375
-0.390625 -1.15625 0.438079833984375
-0.328125 -1.0625 0.521087646484375
-0.390625 -1.28125 0.438079833984375
-0.390625 -1.2890625 0.653900146484375
-0.390625 -1.421875 0.437103271484375
-0.359375 -1.4609375 0.737884521484375
-0.296875 -1.3359375 0.737884521484375
0.515625 0.171875 0.654876708984375
0.546875 0.1484375 0.737884521484375
