LARGE_VEHICLE
-0.7421875 1.58203125 -0.26708984375
-0.6953125 1.55078125 -0.077880859375
-0.5390625 1.92578125 0.11279296875
-0.7265625 1.43359375 -0.078857421875
-0.6640625 1.51953125 0.0322265625
-0.6640625 1.39453125 0.03076171875
-0.2578125 1.44140625 0.10009765625
-0.2890625 1.25390625 0.2939453125
-0.2265625 1.36328125 0.212890625
-0.3515625 -0.47265625 0.873046875
-0.3515625 -0.46484375 0.9833984375
0.7421875 1.94140625 -0.984375
-0.3203125 -0.62109375 0.984375
-0.3515625 -0.73828125 0.984375
-0.5078125 -1.91015625 0.26806640625
-0.4140625 -1.77734375 0.984375
-0.4140625 -1.87890625 0.064453125
-0.3828125 -1.78515625 0.8701171875
-0.3828125 -1.86328125 0.4677734375
-0.4140625 -1.97265625 0.466796875
