LARGE_VEHICLE
-0.796875 1.3828125 -0.22216796875
-0.65625 1.6796875 0.143798828125
-0.78125 1.3359375 -0.145263671875
-0.734375 1.421875 0.038818359375
-0.8125 1.15625 -0.22509765625
-0.75 1.3046875 0.037353515625
-0.78125 1.2109375 -0.14697265625
-0.734375 1.1796875 0.035400390625
-0.484375 1.2265625 -0.908203125
-0.15625 2.0 1.062255859375
-0.46875 1.1015625 -0.91162109375
-0.421875 1.1875 -0.72509765625
-0.40625 1.2265625 -0.797119140625
-0.375 1.2890625 -0.725341796875
-0.21875 1.7734375 1.061279296875
-0.25 1.65625 0.875732421875
-0.421875 1.1015625 -0.799560546875
-0.234375 1.6640625 1.061279296875
-0.140625 1.875 1.062255859375
-0.28125 1.4375 0.690185546875
-0.234375 1.546875 0.690185546875
-0.15625 1.75 0.690185546875
-0.109375 1.84375 0.875732421875
-0.265625 1.4296875 0.875732421875
-0.328125 1.2109375 0.317138671875
-0.265625 1.4375 1.061279296875
-0.21875 1.546875 1.061279296875
-0.40625 0.9765625 -0.803466796875
-0.375 1.046875 -0.73095703125
-0.203125 1.515625 0.875732421875
-0.171875 1.2734375 1.061279296875
0.3125 2.0 -1.128173828125
-0.125 0.828125 -0.938720703125
0.296875 1.9296875 1.062255859375
0.5 1.9296875 -0.948974609375
0.8125 1.921875 -0.96875
0.375 0.6484375 0.488525390625
0.4375 0.7734375 0.679443359375
0.4375 0.7421875 0.488037109375
0.4375 0.7578125 0.870849609375
-0.484375 -1.65625 0.761474609375
-0.46875 -1.65625 0.955810546875
-0.34375 -1.59375 0.760498046875
-0.390625 -1.6796875 1.150146484375
-0.40625 -1.7578125 0.866943359375
-0.421875 -1.796875 1.150146484375
-0.390625 -1.75 1.059326171875
-0.4375 -1.8828125 0.865966796875
-0.40625 -1.859375 1.059326171875
-0.375 -1.8359375 0.759521484375
-0.421875 -1.9453125 0.759521484375
-0.25 -1.640625 0.954833984375
