LARGE_VEHICLE
-0.828125 1.34765625 0.05078125
-0.796875 1.36328125 -0.13037109375
-0.828125 1.22265625 -0.208251953125
-0.640625 1.60546875 0.15087890625
-0.78125 1.23828125 -0.133056640625
-0.8125 1.09765625 -0.210693359375
-0.75 1.19140625 0.04638671875
-0.765625 1.11328125 -0.13525390625
-0.796875 0.97265625 -0.2138671875
-0.65625 1.04296875 0.04150390625
-0.375 1.75390625 0.6904296875
-0.25 1.82421875 0.87109375
-0.1875 1.96484375 0.7734375
-0.4375 1.19921875 -0.7008056640625
-0.421875 1.22265625 -0.884765625
-0.4375 1.17578125 -0.771728515625
-0.171875 1.91015625 0.689453125
-0.15625 1.95703125 0.95703125
-0.171875 1.90234375 0.87109375
-0.328125 1.46484375 0.5888671875
-0.46875 1.06640625 -0.772705078125
-0.171875 1.91796875 1.0537109375
-0.4375 1.08203125 -0.7030029296875
-0.1875 1.81640625 1.0537109375
-0.171875 1.86328125 1.140625
-0.203125 1.76171875 1.140625
-0.21875 1.70703125 1.0537109375
-0.453125 0.99609375 -0.888671875
-0.40625 1.09765625 -0.88818359375
-0.46875 0.94140625 -0.775634765625
-0.265625 1.48046875 0.6884765625
-0.078125 1.98828125 0.87109375
-0.234375 1.59765625 1.0537109375
-0.4375 0.97265625 -0.705810546875
-0.265625 1.49609375 1.052734375
-0.46875 0.87890625 -0.890625
-0.203125 1.63671875 1.140625
-0.28125 1.37109375 0.6875
-0.234375 1.51171875 0.9560546875
-0.078125 1.93359375 1.140625
-0.46875 0.82421875 -0.778076171875
-0.21875 1.50390625 0.771484375
-0.484375 0.77734375 -1.07763671875
-0.21875 1.52734375 1.140625
-0.265625 1.35546875 0.8701171875
-0.4375 0.85546875 -0.7081298828125
-0.25 1.37109375 1.052734375
-0.234375 1.41015625 1.140625
-0.4375 0.80859375 0.13623046875
-0.265625 1.30859375 1.140625
-0.265625 1.24609375 1.052734375
-0.15625 1.42578125 0.8701171875
-0.359375 0.93359375 1.052734375
-0.3125 0.98046875 0.5859375
-0.328125 0.95703125 0.76953125
-0.265625 0.99609375 0.3994140625
-0.28125 1.01953125 1.052734375
-0.234375 1.12109375 1.052734375
-0.25 1.03515625 0.955078125
-0.1875 1.13671875 0.955078125
0.125 1.91796875 1.0537109375
0.390625 1.84765625 -1.10546875
0.453125 1.95703125 0.9541015625
0.625 1.87890625 -0.930908203125
0.3125 1.03515625 0.9521484375
0.625 1.75390625 -0.93359375
0.734375 1.83984375 -1.12841796875
0.828125 1.91796875 -0.942138671875
0.421875 0.78515625 0.572265625
0.421875 0.71484375 0.677734375
0.421875 0.69140625 0.48974609375
0.421875 0.69921875 0.8662109375
0.515625 0.83203125 -1.140625
