LARGE_VEHICLE
1.1416015625 -0.453125 0.655029296875
-0.0732421875 -0.390625 0.41748046875
-1.15185546875 -0.453125 -0.759521484375
0.6318359375 0.140625 -0.16473388671875
0.7763671875 0.171875 -0.16534423828125
0.4658203125 -0.328125 0.563232421875
0.5595703125 0.140625 -0.553466796875
-0.93798828125 0.203125 -0.165283203125
1.8525390625 0.140625 -0.555908203125
-0.3017578125 0.078125 -0.551025390625
1.0029296875 -0.171875 0.17333984375
0.4892578125 -0.265625 0.41357421875
1.2841796875 0.109375 -0.553955078125
-1.98095703125 -0.453125 -0.053131103515625
-0.86865234375 -0.453125 -0.759033203125
1.1494140625 0.171875 0.1612548828125
0.8525390625 0.046875 -0.550537109375
0.1416015625 0.203125 0.160888671875
0.4228515625 0.140625 -0.553466796875
1.0439453125 -0.390625 0.799560546875
1.6240234375 -0.515625 0.420166015625
-1.99462890625 -0.390625 -0.2926025390625
-0.150390625 -0.203125 -0.535888671875
0.48046875 0.140625 -0.16436767578125
0.0390625 -0.328125 0.564208984375
0.5595703125 0.109375 -0.314208984375
0.8916015625 -0.328125 0.562744140625
0.7412109375 -0.390625 0.564697265625
0.1513671875 -0.328125 0.653076171875
1.0322265625 -0.390625 0.564208984375
1.0322265625 -0.390625 0.564208984375
1.0009765625 0.109375 -0.074920654296875
-0.71533203125 0.109375 -0.0743408203125
-0.283203125 0.265625 0.1595458984375
1.7138671875 0.140625 -0.07708740234375
0.9130859375 0.171875 -0.16552734375
1.1494140625 0.171875 0.1612548828125
1.9970703125 0.140625 -0.556396484375
1.4326171875 0.140625 -0.0760955810546875
-0.41015625 -0.296875 0.652099609375
-0.43359375 0.234375 0.1605224609375
-0.4365234375 -0.078125 -0.305419921875
0.12890625 0.109375 -0.3134765625
0.353515625 -0.296875 0.4150390625
-1.2747802734375 -0.359375 -0.05576324462890625
-0.2451171875 -0.328125 0.564208984375
0.5634765625 0.140625 -0.07586669921875
1.4208984375 0.109375 -0.314697265625
0.3232421875 -0.265625 0.562255859375
-0.498046875 -0.421875 0.418701171875
-0.3017578125 0.078125 -0.551025390625
1.7373046875 -0.328125 0.561279296875
1.2841796875 0.109375 -0.553955078125
0.6318359375 0.140625 -0.16473388671875
-0.1328125 -0.328125 0.653076171875
-0.51123046875 0.203125 -0.884033203125
0.9130859375 -0.359375 0.888916015625
0.7685546875 -0.296875 0.32568359375
0.9130859375 0.171875 -0.16552734375
-0.86376953125 -0.171875 -0.53857421875
0.1357421875 0.109375 -0.552490234375
-1.00390625 0.203125 -0.07757568359375
0.3388671875 -0.359375 0.888916015625
0.4296875 0.203125 0.1612548828125
0.8466796875 0.109375 -0.314453125
1.3349609375 0.140625 -0.166015625
0.7685546875 -0.296875 0.32568359375
1.5712890625 -0.359375 0.652587890625
1.5947265625 -0.359375 0.562255859375
-1.010009765625 -0.453125 -0.759033203125
0.2900390625 0.140625 -0.07489013671875
0.5400390625 -0.421875 -0.761474609375
0.9033203125 -0.390625 0.328125
1.0439453125 -0.390625 0.799560546875
-0.001953125 0.234375 0.159912109375
-0.4384765625 0.140625 -0.554443359375
-0.1611328125 -0.453125 -0.759521484375
-0.51123046875 0.203125 -0.884033203125
1.2841796875 -0.421875 0.654541015625
1.7177734375 0.171875 0.1611328125
0.7080078125 0.171875 -0.076202392578125
0.29296875 -0.359375 0.653564453125
0.2900390625 0.140625 -0.07489013671875
-1.010009765625 -0.453125 -0.759033203125
1.7138671875 0.140625 -0.07708740234375
-0.65234375 0.046875 -0.876708984375
0.9853515625 -0.078125 -0.3056640625
1.1494140625 0.171875 0.1612548828125
1.2841796875 0.109375 -0.553955078125
0.5400390625 -0.421875 -0.761474609375
0.0087890625 -0.296875 0.651611328125
1.0322265625 -0.390625 0.564208984375
1.1396484375 0.171875 -0.076568603515625
-1.7181396484375 -0.484375 -0.759033203125
1.4365234375 0.171875 0.160888671875
-0.150390625 -0.203125 -0.535888671875
0.19140625 -0.296875 0.799560546875
1.2919921875 0.171875 0.1611328125
-0.302734375 -0.453125 -0.759521484375
1.0458984375 -0.421875 0.889892578125
-0.36328125 -0.421875 0.418701171875
0.2900390625 0.140625 -0.07489013671875
-0.21484375 -0.390625 0.41796875
1.6240234375 -0.515625 0.420166015625
0.5595703125 0.109375 -0.314208984375
-0.001953125 0.234375 0.159912109375
0.7197265625 -0.265625 0.650634765625
1.5771484375 0.140625 -0.076751708984375
1.8837890625 -0.328125 0.32470703125
0.5634765625 0.140625 -0.07586669921875
0.7197265625 -0.265625 0.650634765625
-0.2841796875 0.109375 -0.073883056640625
0.0546875 -0.359375 0.888916015625
-0.93798828125 0.203125 -0.165283203125
1.0322265625 -0.390625 0.564208984375
1.7177734375 0.171875 0.1611328125
1.1826171875 0.359375 0.547119140625
0.7197265625 -0.265625 0.650634765625
-1.010009765625 -0.453125 -0.759033203125
0.19140625 -0.296875 0.799560546875
0.115234375 -0.421875 -0.760498046875
-0.52001953125 -0.421875 0.566650390625
0.7685546875 -0.296875 0.32568359375
0.4658203125 -0.328125 0.563232421875
1.5654296875 0.109375 -0.314697265625
1.7666015625 -0.359375 0.415283203125
-0.72705078125 -0.453125 -0.759521484375
0.4658203125 -0.328125 0.563232421875
0.279296875 0.109375 -0.552978515625
0.2724609375 0.109375 -0.3134765625
0.1357421875 0.109375 -0.552490234375
1.2177734375 0.078125 0.403076171875
1.1787109375 -0.390625 0.328369140625
-0.5 -0.390625 -0.142333984375
0.7041015625 0.109375 -0.314208984375
-0.001953125 0.234375 0.159912109375
1.4208984375 0.109375 -0.314697265625
-0.1611328125 -0.453125 -0.759521484375
0.29296875 -0.359375 0.653564453125
1.1494140625 0.171875 0.1612548828125
0.19140625 -0.296875 0.799560546875
0.0634765625 0.109375 -0.16290283203125
0.9130859375 0.171875 -0.16552734375
0.4658203125 -0.328125 0.563232421875
1.1396484375 0.078125 -0.551513671875
1.5654296875 0.109375 -0.314697265625
0.1318359375 0.109375 -0.0743865966796875
1.1396484375 0.078125 -0.551513671875
1.4208984375 0.109375 -0.314697265625
0.8623046875 -0.296875 0.652099609375
0.0087890625 -0.296875 0.651611328125
-1.9921875 -0.453125 -0.525390625
-1.98095703125 -0.453125 -0.053131103515625
-0.3017578125 0.078125 -0.551025390625
1.3349609375 0.140625 -0.166015625
1.2900390625 0.140625 -0.0764007568359375
1.7666015625 -0.359375 0.415283203125
0.2724609375 0.109375 -0.3134765625
1.1826171875 0.359375 0.547119140625
1.0537109375 -0.453125 -0.847900390625
1.7177734375 0.171875 0.1611328125
1.6064453125 -0.390625 0.326904296875
-0.498046875 -0.421875 0.418701171875
0.8916015625 -0.328125 0.562744140625
1.0537109375 -0.453125 -0.847900390625
1.4208984375 0.109375 -0.314697265625
0.7041015625 0.109375 -0.314208984375
-1.92041015625 -0.453125 0.802978515625
0.9853515625 -0.078125 -0.3056640625
1.5810546875 0.171875 0.160888671875
-1.0654296875 -0.421875 -0.848876953125
-0.1103515625 -0.296875 0.563720703125
0.2900390625 0.140625 -0.07489013671875
0.12890625 0.109375 -0.3134765625
1.3447265625 0.265625 0.308837890625
1.5732421875 0.140625 -0.554931640625
-0.4384765625 0.140625 -0.554443359375
-1.152099609375 -0.046875 -0.306396484375
0.5595703125 0.140625 -0.553466796875
0.6103515625 0.265625 0.549560546875
1.9013671875 0.296875 0.547119140625
0.9130859375 -0.359375 0.888916015625
1.1279296875 -0.140625 -0.30322265625
1.6240234375 -0.515625 0.420166015625
1.3349609375 0.140625 -0.166015625
0.1318359375 0.109375 -0.0743865966796875
1.2900390625 0.140625 -0.0764007568359375
0.7041015625 0.109375 -0.314208984375
1.9970703125 0.140625 -0.556396484375
0.2568359375 -0.421875 -0.760498046875
0.4345703125 -0.390625 0.653564453125
0.333984375 -0.296875 0.799072265625
-0.3720703125 0.078125 -0.877685546875
1.1064453125 -0.453125 -0.760009765625
-0.150390625 -0.203125 -0.535888671875
0.8623046875 -0.296875 0.652099609375
0.6826171875 -0.421875 -0.760986328125
1.6376953125 0.140625 -0.16656494140625
0.6259765625 -0.359375 0.327880859375
-0.798828125 0.109375 -0.16241455078125
