LARGE_VEHICLE
0.43603515625 0.0625 -0.55419921875
0.05712890625 -0.4375 0.54052734375
0.65869140625 0.09375 -0.190185546875
0.07666015625 -0.46875 0.3056640625
-1.12353515625 -0.21875 -0.5390625
-0.13916015625 0.0625 -0.314697265625
1.82470703125 -0.53125 -0.76025390625
0.14697265625 -0.09375 -0.308349609375
0.30615234375 0.0625 -0.55322265625
0.93603515625 0.0625 0.2880859375
0.92041015625 0.3125 0.521484375
-0.08544921875 -0.40625 0.53955078125
1.69775390625 -0.53125 -0.7607421875
-1.4266357421875 -0.46875 -0.7607421875
-0.39990234375 0.125 -0.077911376953125
1.01025390625 0.0625 -0.316162109375
-1.56488037109375 0.125 0.161865234375
-1.273681640625 0.0 0.1666259765625
0.65087890625 -0.5625 0.42041015625
-0.89990234375 -0.40625 0.88720703125
-0.56884765625 -0.46875 -0.7607421875
1.08056640625 0.03125 -0.1881103515625
-1.56488037109375 0.125 0.161865234375
1.16259765625 0.125 -0.31884765625
1.50439453125 -0.5 -0.8759765625
0.65869140625 0.09375 -0.190185546875
-0.98876953125 0.125 0.1630859375
-1.352294921875 -0.3125 0.53857421875
-0.47412109375 -0.375 0.88671875
0.07666015625 -0.46875 0.3056640625
-0.20458984375 -0.46875 -0.87353515625
1.59423828125 -0.03125 -0.55078125
-0.83056640625 0.0625 -0.0762939453125
0.51416015625 0.09375 -0.190185546875
-1.20849609375 -0.375 0.53955078125
-0.13916015625 -0.3125 -0.53369140625
1.44970703125 0.09375 -0.31787109375
-1.12744140625 -0.09375 0.1705322265625
-1.4656982421875 -0.5 -0.87353515625
0.45751953125 -0.46875 0.6533203125
-1.4656982421875 -0.5 -0.87353515625
0.79150390625 -0.40625 0.7744140625
0.00927734375 -0.34375 -0.29541015625
-0.55615234375 0.0625 -0.314697265625
1.03955078125 0.25 0.6357421875
-0.20458984375 -0.40625 0.41650390625
1.41455078125 -0.5 -0.76025390625
-1.606536865234375 -0.5 -0.8720703125
-0.47998046875 -0.34375 0.7744140625
-0.8427734375 0.0625 -0.314453125
-0.63916015625 0.15625 0.286865234375
-1.12744140625 -0.09375 0.1705322265625
-0.8369140625 0.0625 0.1644287109375
-0.41357421875 0.125 0.1622314453125
0.13916015625 -0.5 -0.7578125
-1.567626953125 -0.125 -0.305908203125
1.86376953125 -0.5 -0.055694580078125
1.01025390625 0.0625 -0.316162109375
1.31103515625 0.09375 -0.07861328125
1.45947265625 0.1875 -0.5615234375
-0.54443359375 0.09375 -0.077362060546875
0.50048828125 -0.46875 0.30517578125
-1.4683837890625 -0.40625 0.88720703125
0.73486328125 0.09375 -0.077911376953125
0.62548828125 -0.375 0.5380859375
0.65869140625 0.09375 -0.190185546875
-0.00927734375 -0.53125 -0.755859375
-0.61572265625 -0.40625 0.88720703125
0.86767578125 0.0625 -0.31591796875
0.03271484375 -0.4375 0.65234375
-0.85693359375 0.0625 -0.55322265625
0.62548828125 -0.375 0.5380859375
-1.4683837890625 -0.40625 0.88720703125
0.20556640625 0.3125 0.5224609375
0.71533203125 0.0625 -0.316162109375
-0.48681640625 -0.28125 0.299560546875
0.74462890625 0.125 0.1619873046875
0.60009765625 0.125 0.1617431640625
-0.77978515625 -0.46875 0.54150390625
0.21826171875 0.21875 0.284423828125
-0.06298828125 -0.46875 0.41796875
0.16064453125 0.125 -0.0780029296875
0.50048828125 -0.46875 0.30517578125
-0.7578125 -0.4375 0.41748046875
0.79150390625 -0.40625 0.7744140625
-1.1279296875 -0.3125 -0.297607421875
1.79345703125 -0.09375 -0.1849365234375
0.58642578125 0.0625 -0.55322265625
-0.8525390625 -0.46875 -0.7607421875
0.22705078125 0.125 -0.1910400390625
-1.567626953125 -0.125 -0.305908203125
0.44189453125 0.0625 -0.315185546875
-0.69921875 0.0625 -0.314697265625
0.31298828125 0.125 0.162353515625
0.31884765625 -0.1875 0.64697265625
-0.28466796875 -0.46875 -0.76025390625
0.05712890625 -0.4375 0.54052734375
-0.54443359375 0.09375 -0.077362060546875
0.93603515625 0.0625 0.2880859375
-1.00048828125 0.0625 -0.55322265625
0.93603515625 0.0625 0.2880859375
-0.69921875 0.0625 -0.314697265625
1.16259765625 0.125 -0.31884765625
-0.7578125 -0.40625 0.8876953125
1.72705078125 -0.40625 -0.0595703125
0.88720703125 0.09375 0.1627197265625
0.72705078125 -0.46875 0.65283203125
-1.8426513671875 -0.0625 -0.546875
1.50439453125 -0.5 -0.8759765625
-0.9248046875 -0.34375 0.5390625
1.46142578125 0.09375 0.1619873046875
0.65087890625 -0.5625 0.42041015625
-1.998291015625 0.03125 -0.55322265625
0.77392578125 -0.34375 0.537109375
-1.8426513671875 -0.0625 -0.546875
1.79345703125 -0.09375 -0.1849365234375
-1.8905029296875 -0.5 -0.873046875
1.41455078125 -0.5 -0.76025390625
-1.12744140625 -0.09375 0.1705322265625
-0.20361328125 0.09375 -0.189453125
0.80712890625 0.0 0.403564453125
-0.20458984375 -0.40625 0.41650390625
-0.85693359375 0.0625 -0.55322265625
-0.39990234375 0.125 -0.077911376953125
0.03271484375 -0.4375 0.65234375
1.72119140625 0.03125 -0.31640625
-0.43408203125 -0.4375 -0.76123046875
-1.06689453125 -0.375 0.5390625
0.07373046875 -0.46875 0.77587890625
-1.243896484375 -0.375 0.65185546875
0.13916015625 -0.5 -0.7578125
1.93798828125 -0.0625 -0.185791015625
0.78564453125 -0.40625 0.302734375
-0.06201171875 -0.5 -0.873046875
1.79345703125 -0.09375 -0.1849365234375
-1.243896484375 -0.375 0.65185546875
1.72705078125 -0.40625 -0.0595703125
-0.14990234375 -0.4375 -0.76123046875
-1.56488037109375 0.125 0.161865234375
0.31103515625 0.09375 -0.077423095703125
0.45556640625 0.09375 -0.077484130859375
0.80712890625 0.0 0.403564453125
-0.13916015625 -0.3125 -0.53369140625
0.74462890625 0.125 0.1619873046875
1.01025390625 0.0625 -0.316162109375
0.03271484375 -0.4375 0.65234375
0.14697265625 -0.09375 -0.308349609375
0.58642578125 0.0625 -0.3154296875
-1.549560546875 0.0625 -0.075836181640625
0.88720703125 0.09375 0.1627197265625
-0.22705078125 -0.4375 0.54052734375
0.29931640625 0.0625 -0.31494140625
1.96728515625 -0.53125 -0.76171875
-0.55615234375 0.0625 -0.314697265625
0.07958984375 -0.5 -0.87158203125
-1.12744140625 -0.09375 0.1705322265625
-0.36474609375 -0.25 0.5361328125
1.16064453125 0.125 0.1611328125
0.31103515625 0.09375 -0.077423095703125
-0.62060546875 0.03125 0.4033203125
-1.606536865234375 -0.5 -0.8720703125
-1.33056640625 -0.34375 -0.171142578125
-0.6943359375 0.15625 0.161865234375
-1.6486358642578125 0.5625 -0.2081298828125
-0.52783203125 -0.40625 0.65185546875
1.31103515625 0.0625 -0.55419921875
-1.352294921875 -0.3125 0.53857421875
0.79150390625 -0.40625 0.7744140625
1.59423828125 -0.03125 -0.55078125
-1.4898681640625 -0.4375 0.541015625
-1.2724609375 0.03125 -0.55126953125
-0.06298828125 -0.46875 0.41796875
-1.4898681640625 -0.4375 0.541015625
1.01025390625 0.0625 -0.316162109375
0.31298828125 0.125 0.162353515625
-0.98876953125 0.125 0.1630859375
-0.47705078125 0.09375 -0.1898193359375
-1.125 0.0625 -0.076019287109375
1.03955078125 0.25 0.6357421875
0.08544921875 -0.34375 -0.1715087890625
-0.63720703125 -0.34375 0.7744140625
0.01513671875 -0.46875 0.1837158203125
-0.85693359375 0.0625 -0.55322265625
1.87744140625 0.0625 0.1622314453125
-0.48681640625 -0.28125 0.299560546875
1.23291015625 0.125 -0.1927490234375
0.16259765625 0.03125 -0.5517578125
-0.13916015625 0.0625 -0.314697265625
-1.06689453125 -0.375 0.5390625
-0.36474609375 -0.25 0.5361328125
1.56884765625 -0.5 -0.291259765625
-0.26220703125 0.125 0.162353515625
-0.62060546875 0.03125 0.4033203125
-1.8448486328125 -0.46875 -0.7607421875
-0.83056640625 0.0625 -0.0762939453125
-0.52197265625 0.1875 0.5263671875
-1.277099609375 0.0625 -0.076446533203125
-0.68701171875 0.09375 -0.076690673828125
-1.12353515625 -0.21875 -0.5390625
-0.20458984375 -0.40625 0.41650390625
