LARGE_VEHICLE
-1.984375 -1.35546875 -0.30612945556640625
-1.859375 -1.62890625 -0.18454742431640625
-1.953125 -1.21484375 0.03762054443359375
-1.984375 -1.08203125 0.03762054443359375
-1.921875 -1.19140625 0.48390960693359375
-1.953125 -1.07421875 0.7075424194335938
-1.890625 -1.19140625 0.7075424194335938
-1.859375 -1.05078125 -0.08689117431640625
-1.765625 -1.28515625 0.7075424194335938
-1.703125 -1.26171875 -0.7646255493164062
-1.734375 -1.25390625 0.48390960693359375
-1.765625 -1.00390625 0.26027679443359375
-1.609375 -1.26171875 -0.08933258056640625
-1.765625 -0.86328125 0.26027679443359375
-1.859375 -0.60546875 0.26027679443359375
-1.953125 -0.35546875 0.26027679443359375
-1.796875 -0.73046875 0.26027679443359375
-1.890625 -0.48828125 0.26027679443359375
-1.515625 -1.33984375 -0.7695083618164062
-1.546875 -1.19921875 -0.41696929931640625
-1.953125 -0.20703125 0.26027679443359375
-1.515625 -1.24609375 -0.5444107055664062
-1.484375 -1.30078125 -0.31735992431640625
-1.671875 -0.92578125 0.9350814819335938
-1.609375 -1.05078125 0.9350814819335938
-1.703125 -0.80078125 0.9350814819335938
-1.953125 -0.07421875 0.26027679443359375
-1.734375 -0.67578125 0.9360580444335938
-1.546875 -1.09765625 0.5874252319335938
-1.640625 -0.84765625 0.5874252319335938
-1.515625 -1.11328125 0.13332366943359375
-1.984375 0.06640625 0.26027679443359375
-1.765625 -0.54296875 0.9360580444335938
-1.578125 -0.97265625 0.5874252319335938
-1.453125 -1.30078125 0.7094955444335938
-1.671875 -0.70703125 0.5874252319335938
-1.796875 -0.39453125 0.9370346069335938
-1.453125 -1.20703125 0.5874252319335938
-1.546875 -0.95703125 0.8139877319335938
-1.484375 -1.02734375 0.25832366943359375
-1.484375 -1.08203125 0.8149642944335938
-1.671875 -0.56640625 0.5874252319335938
-1.578125 -0.82421875 0.8149642944335938
-1.796875 -0.26171875 0.9370346069335938
-1.703125 -0.44140625 0.5874252319335938
-1.609375 -0.69921875 0.8149642944335938
-1.734375 -0.30859375 0.5874252319335938
-1.359375 -1.25390625 0.48390960693359375
-1.640625 -0.55859375 0.8149642944335938
-1.421875 -1.12109375 0.9370346069335938
-1.765625 -0.16796875 0.5874252319335938
-1.671875 -0.42578125 0.8149642944335938
-1.796875 -0.11328125 0.9380111694335938
-1.796875 -0.03515625 0.5874252319335938
-1.703125 -0.28515625 0.8149642944335938
-1.390625 -0.93359375 0.35988616943359375
-1.796875 0.04296875 0.9389877319335938
-1.734375 -0.04296875 0.35988616943359375
-1.796875 0.10546875 0.5874252319335938
-1.703125 -0.14453125 0.8149642944335938
-1.671875 -0.16796875 0.35988616943359375
-1.296875 -1.16015625 0.8149642944335938
-1.515625 -0.53515625 0.35988616943359375
-1.609375 -0.29296875 0.35988616943359375
-1.765625 0.09765625 0.35988616943359375
-1.234375 -1.26953125 0.5874252319335938
-1.734375 -0.00390625 0.8159408569335938
-1.453125 -0.65234375 0.35988616943359375
-1.546875 -0.40234375 0.35988616943359375
-1.984375 0.66015625 0.25930023193359375
-1.390625 -0.78515625 0.35988616943359375
-1.796875 0.23046875 0.35988616943359375
-1.765625 0.12890625 0.8159408569335938
-1.859375 0.42578125 0.03176116943359375
-1.796875 0.25390625 0.5874252319335938
-1.171875 -1.22265625 -0.6530532836914062
-1.890625 0.55078125 -0.09714508056640625
-1.828125 0.37109375 0.35988616943359375
-1.796875 0.26953125 0.8159408569335938
-1.203125 -1.08203125 -0.19773101806640625
-1.140625 -1.32421875 0.7114486694335938
-1.796875 0.39453125 0.5874252319335938
-1.734375 0.20703125 0.9399642944335938
-1.890625 0.69140625 -0.09812164306640625
-1.828125 0.51953125 0.35890960693359375
-1.796875 0.40234375 0.8159408569335938
-1.171875 -1.17578125 0.9389877319335938
-1.828125 0.55078125 0.5874252319335938
-1.796875 0.67578125 0.35890960693359375
-1.765625 0.56640625 0.8169174194335938
-1.046875 -1.14453125 0.02785491943359375
-1.171875 -0.86328125 1.0454330444335938
-1.671875 0.39453125 0.9419174194335938
-1.109375 -0.98828125 1.0454330444335938
-1.203125 -0.73046875 1.0454330444335938
-1.046875 -1.01171875 0.25637054443359375
-1.234375 -0.58984375 1.0454330444335938
-0.984375 -1.12890625 0.25539398193359375
-0.953125 -1.23046875 0.48390960693359375
-0.921875 -1.23828125 -0.43015289306640625
-0.984375 -1.17578125 0.8169174194335938
-0.859375 -1.39453125 -0.6598892211914062
-1.265625 -0.46484375 1.0473861694335938
-0.921875 -1.24609375 0.25539398193359375
-1.734375 0.73828125 0.8169174194335938
-1.296875 -0.30859375 1.0473861694335938
-0.890625 -1.22265625 0.02687835693359375
-0.828125 -1.36328125 -0.20261383056640625
-0.859375 -1.28515625 0.5874252319335938
-1.703125 0.86328125 0.12648773193359375
-0.984375 -0.91015625 0.35793304443359375
-0.953125 -1.07421875 1.0473861694335938
-1.296875 -0.17578125 1.0473861694335938
-1.140625 -0.44140625 0.02687835693359375
-1.328125 -0.02734375 1.0473861694335938
-1.640625 0.78515625 0.5874252319335938
-0.828125 -1.12890625 -0.5639419555664062
-0.765625 -1.32421875 0.02590179443359375
-0.828125 -1.18359375 0.9419174194335938
-0.765625 -1.17578125 -0.33396148681640625
-1.515625 0.59765625 0.9458236694335938
-0.734375 -1.30859375 0.48390960693359375
-1.578125 0.87890625 -0.33542633056640625
-1.609375 0.94140625 0.5874252319335938
-0.859375 -0.81640625 -0.10398101806640625
-0.703125 -1.29296875 0.7134017944335938
-1.265625 0.14453125 1.0493392944335938
-0.765625 -0.97265625 0.12551116943359375
-0.734375 -1.12109375 1.0493392944335938
-0.859375 -0.56640625 0.12453460693359375
-1.234375 0.30859375 1.0512924194335938
-0.609375 -1.18359375 0.8188705444335938
-0.484375 -1.23046875 -0.8046646118164062
-0.453125 -1.27734375 -0.5727310180664062
-0.546875 -1.04296875 0.35597991943359375
-0.453125 -1.24609375 -0.10837554931640625
-0.484375 -1.16796875 0.35597991943359375
-0.453125 -1.25390625 0.5884017944335938
-0.453125 -1.26953125 0.8198471069335938
-0.390625 -1.31640625 -0.34079742431640625
-1.140625 0.49609375 1.0532455444335938
-0.359375 -1.33203125 -0.8075942993164062
-0.328125 -1.34765625 -0.10935211181640625
-0.359375 -1.25390625 0.12160491943359375
-0.390625 -1.15234375 1.0532455444335938
-1.140625 0.87890625 -0.20993804931640625
-0.890625 0.75390625 1.0551986694335938
-0.046875 -1.22265625 -0.21579742431640625
-0.703125 0.61328125 -0.11618804931640625
-0.734375 0.75390625 -0.11667633056640625
-0.046875 -1.01953125 0.9516830444335938
-0.765625 0.89453125 -0.11765289306640625
-0.578125 0.51953125 -0.11765289306640625
0.078125 -1.16796875 0.25051116943359375
0.109375 -1.14453125 0.7182846069335938
0.140625 -1.12109375 0.01515960693359375
0.203125 -1.12890625 -0.45505523681640625
0.171875 -1.10546875 0.48390960693359375
0.234375 -1.16796875 -0.5922622680664062
0.359375 -1.01171875 1.0630111694335938
0.484375 -1.17578125 -0.6984634399414062
0.484375 -1.16015625 -0.8370132446289062
0.484375 -1.08984375 0.35109710693359375
0.484375 -1.05859375 0.5884017944335938
0.515625 -1.07421875 0.11183929443359375
0.578125 -1.17578125 0.5884017944335938
0.734375 -1.10546875 -0.12790679931640625
0.796875 -0.99609375 -1.0884017944335938
0.109375 0.75390625 0.10890960693359375
0.734375 -0.87109375 0.9614486694335938
0.796875 -0.94921875 0.8276596069335938
0.953125 -1.04296875 -0.6135025024414062
1.015625 -1.08984375 -0.37351226806640625
0.953125 -0.96484375 0.7231674194335938
1.390625 -0.98046875 -0.8687515258789062
1.328125 -0.79296875 1.0727767944335938
1.453125 -0.74609375 0.9692611694335938
1.578125 -0.80859375 0.8325424194335938
1.828125 -0.85546875 0.5884017944335938
1.953125 -0.73046875 1.0805892944335938
