LARGE_VEHICLE
0.08892822265625 -0.40625 -0.14306640625
-0.34130859375 -0.28125 0.79931640625
-0.5673828125 0.125 -0.087677001953125
-0.30517578125 0.125 -0.326904296875
-1.6826171875 -0.4375 0.167724609375
0.64453125 -0.375 0.80126953125
1.044921875 0.28125 0.55029296875
0.744140625 -0.375 0.642578125
-0.337890625 -0.3125 0.32568359375
0.64453125 -0.375 0.80126953125
0.708984375 0.125 -0.3251953125
0.94482421875 -0.46875 -0.8466796875
1.861328125 -0.1875 0.1641845703125
0.79150390625 -0.46875 0.88037109375
-0.328125 -0.40625 -0.85302734375
0.56494140625 0.125 -0.32568359375
-0.35546875 0.125 -0.165283203125
0.94482421875 -0.46875 -0.8466796875
-0.19873046875 -0.375 0.4052734375
0.60400390625 -0.4375 0.64404296875
0.4892578125 0.21875 0.311279296875
1.7060546875 -0.21875 -0.54638671875
-0.009765625 0.09375 -0.325927734375
-1.03515625 0.1875 -0.8125
0.720703125 0.125 0.1524658203125
-0.52685546875 0.3125 0.3076171875
-0.19873046875 -0.375 0.4052734375
-1.4453125 0.03125 -0.326171875
-0.5673828125 0.125 -0.087677001953125
0.507568359375 0.0 -0.15814208984375
0.233551025390625 -0.4375 -0.14068603515625
-1.2998046875 0.09375 -0.5693359375
-0.28076171875 0.0 0.15576171875
-1.314453125 0.03125 -0.8056640625
-0.190185546875 -0.40625 0.87841796875
1.4267578125 0.15625 -0.326904296875
1.7060546875 -0.21875 -0.54638671875
1.51171875 -0.5 -0.8447265625
-1.466796875 -0.375 -0.1475830078125
0.91796875 -0.3125 0.56396484375
0.237335205078125 -0.4375 0.87939453125
-0.5927734375 0.09375 -0.327392578125
0.71337890625 -0.125 -0.5517578125
-1.466796875 -0.375 -0.1475830078125
0.43994140625 0.125 -0.0863189697265625
0.147186279296875 0.0625 0.1536865234375
1.576171875 -0.3125 0.1683349609375
-0.61669921875 -0.40625 0.8779296875
0.10107421875 -0.40625 0.32861328125
1.3701171875 -0.5 -0.8447265625
0.641845703125 0.0625 -0.160400390625
1.94140625 -0.09375 -0.15411376953125
-0.35546875 0.125 -0.165283203125
1.15185546875 0.125 0.153076171875
-1.1923828125 -0.21875 -0.86767578125
0.51953125 -0.46875 -0.84765625
-1.046875 -0.15625 -0.87060546875
-0.822265625 -0.34375 0.640625
-0.4169921875 -0.15625 0.16064453125
-0.277587890625 0.03125 0.63232421875
-0.190185546875 -0.40625 0.87841796875
0.15380859375 0.09375 -0.0848846435546875
0.92626953125 0.125 -0.1632080078125
-0.8564453125 0.0 0.154296875
0.56982421875 0.125 0.15234375
0.3287353515625 0.3125 0.54931640625
1.07470703125 -0.40625 0.329833984375
-1.54296875 -0.40625 0.1671142578125
0.507568359375 0.0 -0.15814208984375
1.22265625 0.09375 -0.16107177734375
0.56982421875 0.125 0.15234375
-0.307861328125 0.15625 -0.56787109375
0.233551025390625 -0.4375 -0.14068603515625
-1.49609375 -0.03125 -0.88037109375
0.80322265625 -0.46875 -0.8466796875
1.0810546875 -0.40625 0.87939453125
0.638671875 -0.46875 0.5673828125
0.8564453125 0.125 -0.0854949951171875
-0.822265625 -0.34375 0.640625
1.2802734375 0.375 -0.57763671875
-0.48193359375 -0.3125 0.7998046875
-0.626953125 -0.28125 0.79931640625
1.228515625 -0.5 -0.845703125
1.869140625 0.0625 -0.08233642578125
1.6533203125 -0.5 -0.8447265625
1.0810546875 -0.40625 0.87939453125
0.99755859375 -0.46875 -0.5341796875
0.65380859375 -0.375 0.406005859375
1.2802734375 0.375 -0.57763671875
0.94580078125 -0.375 0.328857421875
1.98828125 0.125 -0.32470703125
1.779296875 0.53125 -0.17816162109375
-1.154296875 0.09375 -0.56689453125
0.032958984375 -0.375 0.64208984375
0.21832275390625 -0.4375 0.56640625
-0.0631103515625 -0.375 0.8779296875
0.28558349609375 -0.15625 -0.550537109375
0.15380859375 0.09375 -0.0848846435546875
1.869140625 0.0625 -0.08233642578125
-0.8974609375 -0.40625 -0.85498046875
0.509033203125 -0.34375 0.80078125
1.576171875 -0.3125 0.1683349609375
-0.64111328125 -0.34375 0.5634765625
-1.578125 -0.21875 -0.5537109375
-0.136474609375 0.125 -0.087677001953125
1.1884765625 0.34375 0.54931640625
0.3519287109375 0.21875 0.388916015625
1.4384765625 0.09375 -0.0846405029296875
0.233551025390625 -0.4375 -0.14068603515625
-1.169921875 0.09375 -0.328857421875
1.5087890625 0.125 -0.162109375
0.8525390625 0.125 -0.324951171875
0.4892578125 0.21875 0.311279296875
0.8525390625 0.125 -0.324951171875
-0.277587890625 0.03125 0.63232421875
0.56494140625 0.125 -0.32568359375
1.2802734375 0.375 -0.57763671875
-1.49609375 -0.03125 -0.88037109375
1.3583984375 0.09375 -0.1612548828125
0.794921875 -0.3125 0.3271484375
0.708984375 0.125 -0.3251953125
1.5703125 0.25 -0.5712890625
1.7001953125 0.28125 -0.33251953125
1.3056640625 0.28125 0.62744140625
1.14013671875 0.09375 -0.324462890625
0.641845703125 0.0625 -0.160400390625
-1.3134765625 0.1875 -0.333984375
-0.51806640625 0.28125 0.38525390625
-0.19873046875 -0.28125 0.79931640625
0.9326171875 -0.5 0.40966796875
-0.2109375 0.125 -0.164794921875
-1.03515625 0.1875 -0.8125
-0.21044921875 -0.15625 0.32177734375
-0.06640625 0.125 -0.16424560546875
-0.44189453125 0.125 -0.327392578125
-1.45703125 0.03125 -0.80517578125
1.861328125 -0.1875 0.1641845703125
-1.314453125 0.03125 -0.8056640625
1.228515625 -0.5 -0.845703125
0.313720703125 -0.46875 0.64453125
-0.93359375 -0.25 0.56103515625
0.09332275390625 -0.375 0.87841796875
1.0078125 0.125 0.1527099609375
1.0712890625 0.25 0.38818359375
-0.8974609375 -0.40625 -0.85498046875
1.3583984375 0.09375 -0.1612548828125
-1.388671875 -0.40625 0.64111328125
0.3519287109375 0.21875 0.388916015625
-0.35546875 0.125 -0.165283203125
-1.154296875 0.09375 -0.56689453125
0.60400390625 -0.4375 0.64404296875
-0.6416015625 0.09375 -0.16455078125
0.09332275390625 -0.375 0.87841796875
-0.61669921875 -0.40625 0.8779296875
-0.34130859375 -0.28125 0.79931640625
1.2802734375 0.09375 0.1539306640625
-1.6826171875 -0.4375 0.167724609375
0.8564453125 0.125 -0.0854949951171875
-1.314453125 0.03125 -0.8056640625
-1.01953125 0.0 -0.32421875
-0.8681640625 0.03125 -0.32373046875
-1.1923828125 -0.21875 -0.86767578125
0.94482421875 -0.46875 -0.8466796875
0.51953125 -0.46875 -0.84765625
0.3662109375 -0.28125 0.325439453125
-0.136962890625 0.0 0.15625
0.28558349609375 -0.15625 -0.550537109375
1.861328125 -0.1875 0.1641845703125
1.576171875 -0.3125 0.1683349609375
1.3583984375 0.09375 -0.1612548828125
0.51953125 -0.46875 -0.84765625
-0.49072265625 -0.375 0.87744140625
0.4404296875 0.28125 0.626953125
-0.117919921875 -0.34375 0.64111328125
0.720703125 0.125 0.1524658203125
-1.4453125 0.03125 -0.326171875
-0.294921875 0.125 -0.087982177734375
1.5703125 0.25 -0.5712890625
1.07177734375 -0.40625 0.8017578125
1.7060546875 -0.21875 -0.54638671875
0.64453125 -0.375 0.80126953125
-0.2109375 0.125 -0.164794921875
1.00048828125 0.125 -0.085479736328125
-1.2890625 0.03125 0.1527099609375
0.23126220703125 -0.46875 0.408447265625
0.27447509765625 0.15625 0.151611328125
-0.21044921875 -0.15625 0.32177734375
1.21484375 0.28125 0.387451171875
-0.06640625 0.125 -0.16424560546875
-0.0623779296875 -0.5 0.56787109375
0.94580078125 -0.375 0.328857421875
-1.125 -0.1875 -0.0773162841796875
1.556640625 0.125 -0.325439453125
0.23126220703125 -0.46875 0.408447265625
0.64453125 -0.375 0.80126953125
-0.30517578125 0.125 -0.326904296875
0.15380859375 0.09375 -0.0848846435546875
0.27447509765625 0.15625 0.151611328125
1.3701171875 -0.5 -0.8447265625
-0.160888671875 0.125 -0.326416015625
