LARGE_VEHICLE
1.9951171875 -0.40625 -0.874755859375
1.6572265625 -0.4375 0.642822265625
1.4345703125 -0.4375 0.403076171875
1.7041015625 -0.40625 -0.877197265625
1.5595703125 -0.40625 -0.878662109375
1.7001953125 -0.375 0.402587890625
1.2705078125 -0.40625 -0.881591796875
1.7900390625 -0.34375 0.641357421875
1.5009765625 -0.34375 0.639892578125
0.9775390625 -0.40625 -0.884521484375
1.4150390625 -0.34375 0.877685546875
1.3525390625 -0.34375 0.639404296875
1.9677734375 -0.28125 0.786865234375
1.1025390625 -0.375 0.786376953125
1.2666015625 -0.34375 0.877685546875
1.3837890625 -0.3125 0.786376953125
1.0712890625 -0.34375 0.638427734375
0.9892578125 -0.34375 0.876708984375
0.8291015625 -0.34375 0.398193359375
1.1298828125 -0.3125 0.876708984375
1.6650390625 -0.25 0.785888671875
1.5283203125 -0.25 0.785400390625
1.8173828125 -0.21875 0.785888671875
1.2353515625 -0.28125 0.785400390625
0.9228515625 -0.3125 0.637451171875
0.8916015625 -0.3125 -0.558349609375
0.8369140625 -0.3125 0.875732421875
0.7705078125 -0.3125 0.636474609375
0.9541015625 -0.28125 0.784912109375
0.7978515625 -0.28125 0.784423828125
0.6884765625 -0.28125 0.395751953125
0.6806640625 -0.28125 0.874755859375
0.5322265625 -0.28125 0.874267578125
0.6533203125 -0.25 0.783447265625
0.6142578125 -0.25 0.635009765625
0.3564453125 -0.15625 0.389892578125
0.9853515625 0.0625 -0.33544921875
1.1337890625 0.09375 -0.578369140625
1.7666015625 0.1875 -0.186767578125
0.4267578125 0.03125 0.627197265625
1.6142578125 0.1875 -0.1871337890625
1.9111328125 0.21875 -0.1865234375
1.5634765625 0.1875 -0.0953369140625
1.8447265625 0.21875 -0.0941162109375
1.5439453125 0.1875 -0.338134765625
1.7001953125 0.21875 -0.094970703125
1.2509765625 0.1875 -0.33984375
1.4150390625 0.21875 -0.09686279296875
1.1259765625 0.1875 -0.098419189453125
1.2587890625 0.21875 -0.09771728515625
0.9814453125 0.1875 -0.09930419921875
0.6689453125 0.15625 -0.3427734375
1.7587890625 0.28125 0.384521484375
1.9072265625 0.3125 0.3837890625
-0.1943359375 0.09375 -0.590087890625
1.9912109375 0.375 0.625732421875
0.5283203125 0.21875 -0.102996826171875
0.2314453125 0.1875 -0.104400634765625
1.8447265625 0.375 0.624755859375
0.3798828125 0.21875 -0.10418701171875
0.1337890625 0.1875 -0.19677734375
0.0830078125 0.1875 -0.10479736328125
0.2900390625 0.21875 -0.1961669921875
1.0322265625 0.3125 0.380126953125
0.0009765625 0.1875 -0.197509765625
0.2236328125 0.21875 -0.3486328125
0.2314453125 0.21875 -0.591552734375
-0.0498046875 0.1875 -0.105987548828125
-0.0654296875 0.1875 -0.349609375
0.0830078125 0.21875 -0.592529296875
1.1025390625 0.375 0.622314453125
-0.1513671875 0.21875 -0.1993408203125
-0.6591796875 0.1875 -0.599365234375
-0.8076171875 0.1875 -0.600830078125
