LARGE_VEHICLE
-0.4375 -0.640625 -0.715087890625
-0.375 -0.03125 -0.715576171875
-0.375 -0.17578125 -0.201416015625
-0.4375 -0.94921875 -0.715576171875
-0.3125 0.546875 0.711181640625
-0.3125 0.50390625 0.20233154296875
-0.375 -0.3671875 0.711181640625
-0.375 -0.33984375 -0.716064453125
-0.375 -0.4296875 0.202301025390625
-0.375 -0.421875 -0.306640625
-0.375 -0.48046875 -0.201904296875
-0.3125 0.2421875 0.711181640625
-0.3125 0.21875 -0.306396484375
-0.3125 0.21484375 0.817626953125
-0.3125 0.1796875 0.20196533203125
-0.4375 -1.3984375 -0.201904296875
-0.375 -0.6875 0.818115234375
-0.375 -0.71875 0.202178955078125
-0.375 -0.7890625 -0.2021484375
-0.3125 -0.0625 0.711181640625
-0.3125 -0.078125 0.817626953125
-0.3125 -0.12109375 0.202392578125
-0.3125 -0.1171875 -0.306640625
-0.375 -0.953125 0.711181640625
-0.3125 -0.26171875 0.309814453125
-0.375 -1.02734375 0.201812744140625
-0.375 -1.01953125 -0.30712890625
-0.375 -1.078125 -0.201904296875
-0.3125 -0.3984375 0.817626953125
-0.375 -1.1875 0.3095703125
-0.375 -1.2578125 -0.716552734375
-0.375 -1.328125 0.20233154296875
-0.375 -1.3046875 0.817626953125
-0.375 -1.3515625 -0.818115234375
-0.3125 -0.69921875 -0.307373046875
-0.3125 -0.87890625 0.309326171875
-0.125 1.125 -0.31005859375
-0.125 0.78125 0.199127197265625
-0.125 0.78515625 -0.310546875
-0.125 0.734375 -0.205322265625
0.0 1.32421875 -0.208251953125
0.3125 1.1171875 0.704833984375
0.4375 1.3984375 0.809814453125
