LARGE_VEHICLE
1.34375 -0.28125 0.7928466796875
1.3125 -0.1875 0.5384521484375
0.15625 -0.03125 -0.0628662109375
-1.015625 -0.46875 -0.7635498046875
-0.890625 -0.375 -0.5833740234375
-1.1875 -0.4375 -0.7686767578125
-1.046875 -0.375 -0.509033203125
-1.0625 -0.34375 -0.25238037109375
-1.34375 -0.4375 -0.252685546875
-0.96875 -0.21875 -0.7733154296875
-0.828125 -0.09375 -0.515625
-0.296875 0.1875 -0.0738525390625
-0.875 0.0 -0.5965576171875
-1.265625 -0.09375 0.5194091796875
-0.796875 0.21875 -0.52734375
-0.359375 0.40625 -0.5272216796875
-0.21875 0.46875 -0.5269775390625
-0.234375 0.46875 -0.26666259765625
-0.234375 0.46875 -0.6043701171875
-1.09375 0.125 -0.2674560546875
-0.828125 0.28125 -0.6055908203125
-0.828125 0.28125 -0.7928466796875
-0.6875 0.34375 -0.26885986328125
-0.546875 0.40625 -0.6060791015625
-0.5625 0.40625 -0.0814208984375
-0.703125 0.375 -0.6080322265625
-0.875 0.375 -0.2723388671875
-0.9375 0.4375 -0.0865478515625
-1.046875 0.40625 -0.275146484375
-1.078125 0.40625 -0.0872802734375
