LARGE_VEHICLE
-0.34375 0.267578125 0.730224609375
-0.28125 0.091796875 -0.2437744140625
-0.28125 0.060546875 0.0751953125
-0.28125 -0.001953125 -0.40816783905029297
-0.28125 0.025390625 0.561279296875
-0.28125 -0.052734375 0.241943359375
-0.34375 -0.876953125 -0.40844058990478516
-0.28125 -0.216796875 -0.244384765625
-0.28125 -0.294921875 -0.4081125259399414
-0.34375 -1.005859375 -0.730224609375
-0.28125 -0.294921875 0.560791015625
-0.28125 -0.322265625 0.730224609375
-0.34375 -1.091796875 -0.2440185546875
-0.34375 -1.099609375 0.0751953125
-0.34375 -1.138671875 -0.4084773063659668
-0.28125 -0.525390625 -0.2442626953125
-0.34375 -1.193359375 0.241943359375
-0.34375 -1.169921875 0.561279296875
-0.28125 -0.587890625 -0.40849828720092773
-0.34375 -1.201171875 0.730224609375
-0.28125 -0.556640625 0.561279296875
-0.28125 -0.615234375 0.730224609375
-0.34375 -1.380859375 -0.2440185546875
-0.34375 -1.427734375 -0.40819549560546875
-0.28125 -0.787109375 -0.244140625
-0.28125 -0.810546875 0.0751953125
-0.34375 -1.427734375 0.561767578125
-0.28125 -0.908203125 0.730224609375
-0.09375 0.630859375 -0.2470703125
-0.09375 0.564453125 -0.4113006591796875
-0.03125 0.904296875 0.072265625
-0.03125 0.853515625 -0.4120140075683594
-0.03125 0.794921875 0.239501953125
0.34375 1.427734375 0.556884765625
