LARGE_VEHICLE
-0.3125 0.6484375 0.724365234375
-0.3125 0.4609375 -0.2413330078125
-0.3125 0.4453125 -0.449066162109375
-0.3125 0.171875 -0.2413330078125
-0.3125 0.16015625 -0.449432373046875
-0.3125 0.1875 0.511962890625
-0.375 -0.6640625 -0.2421875
-0.3125 -0.0859375 -0.2415771484375
-0.3125 -0.125 -0.4495849609375
-0.3125 -0.12890625 0.511474609375
-0.25 0.51171875 0.028564453125
-0.375 -0.921875 0.02734375
-0.3125 -0.20703125 0.723388671875
-0.375 -0.953125 -0.24267578125
-0.375 -0.9609375 -0.45098876953125
-0.25 0.4453125 0.511962890625
-0.3125 -0.375 -0.2418212890625
-0.25 0.3359375 0.241455078125
-0.3125 -0.4140625 -0.4501953125
-0.375 -1.09375 0.240478515625
-0.375 -1.1640625 -0.724365234375
-0.3125 -0.5234375 0.723388671875
-0.3125 -0.640625 0.027587890625
-0.3125 -0.671875 -0.450775146484375
-0.3125 -0.703125 0.510986328125
-0.3125 -0.8046875 0.240966796875
-0.3125 -0.7890625 0.723388671875
-0.3125 -0.9921875 0.510498046875
-0.0625 1.58203125 -0.45172119140625
-0.0625 1.36328125 0.027587890625
-0.0625 1.0234375 -0.244140625
-0.125 -1.859375 -0.2490234375
0.375 1.859375 0.508544921875
