LARGE_VEHICLE
-0.28125 0.837890625 0.560546875
-0.28125 0.400390625 -0.38427734375
-0.28125 0.494140625 0.857421875
-0.34375 -0.435546875 -0.384521484375
-0.28125 0.298828125 0.560546875
-0.28125 0.205078125 -0.08203125
-0.28125 0.115234375 -0.384521484375
-0.28125 0.208984375 0.857421875
-0.21875 0.830078125 0.08837890625
-0.34375 -0.501953125 1.0322265625
-0.28125 0.009765625 0.087890625
-0.34375 -0.716796875 -0.3846435546875
-0.28125 0.013671875 0.560546875
-0.28125 -0.087890625 -0.08203125
-0.28125 -0.115234375 -0.5519256591796875
-0.28125 -0.166015625 -0.3843994140625
-0.28125 -0.111328125 0.38818359375
-0.28125 -0.060546875 0.857421875
-0.28125 -0.275390625 0.087890625
-0.34375 -0.958984375 -0.5520782470703125
-0.28125 -0.341796875 -0.08203125
-0.28125 -0.283203125 0.560546875
-0.34375 -1.029296875 -0.3851318359375
-0.28125 -0.408203125 -0.55145263671875
-0.28125 -0.396484375 0.3876953125
-0.28125 -0.341796875 0.857421875
-0.34375 -1.107421875 0.08740234375
-0.28125 -0.544921875 0.087890625
-0.34375 -1.130859375 0.560546875
-0.34375 -1.068359375 1.0322265625
-0.28125 -0.623046875 -0.082275390625
-0.28125 -0.689453125 -0.5518798828125
-0.28125 -0.677734375 0.3876953125
-0.28125 -0.638671875 0.857421875
-0.28125 -0.857421875 0.08740234375
-0.28125 -0.849609375 0.560546875
-0.28125 -0.919921875 -0.08251953125
-0.28125 -0.787109375 1.0322265625
-0.28125 -0.904296875 0.857421875
-0.21875 -0.240234375 1.03125
-0.03125 1.318359375 -0.083984375
-0.03125 1.099609375 0.0859375
0.03125 1.279296875 0.38671875
0.03125 0.998046875 0.38671875
0.09375 1.841796875 0.38623046875
0.09375 1.560546875 0.38671875
0.09375 1.373046875 0.08447265625
-0.03125 -1.794921875 -0.865966796875
0.03125 -1.560546875 -1.0322265625
0.03125 -1.841796875 -1.0322265625
0.34375 1.376953125 0.556640625
