LARGE_VEHICLE
-0.375 0.927734375 0.361083984375
-0.4375 -0.091796875 -0.454833984375
-0.375 0.638671875 0.002197265625
-0.375 0.365234375 0.001953125
-0.375 0.318359375 -0.09423828125
-0.4375 -0.294921875 0.915283203125
-0.5 -1.072265625 -0.915283203125
-0.4375 -0.458984375 0.002197265625
-0.4375 -0.435546875 0.360107421875
-0.4375 -0.474609375 -0.0950927734375
-0.4375 -0.482421875 -0.550537109375
-0.375 0.255859375 0.915283203125
-0.5 -1.205078125 -0.455810546875
-0.375 0.091796875 0.002197265625
-0.375 0.107421875 0.360595703125
-0.375 0.072265625 -0.0948486328125
-0.4375 -0.638671875 -0.4554443359375
-0.4375 -0.568359375 0.915283203125
-0.375 0.060546875 0.814697265625
-0.4375 -0.697265625 0.360107421875
-0.4375 -0.732421875 0.001953125
-0.4375 -0.748046875 -0.0953369140625
-0.4375 -0.751953125 -0.5509033203125
-0.4375 -0.759765625 0.813720703125
-0.375 -0.162109375 0.360595703125
-0.375 -0.197265625 0.002197265625
-0.375 -0.228515625 -0.0948486328125
-0.4375 -0.916015625 -0.4559326171875
-0.375 -0.201171875 0.814697265625
-0.4375 -0.845703125 0.915283203125
-0.375 -0.302734375 0.455322265625
-0.4375 -1.001953125 -0.55126953125
-0.4375 -0.986328125 0.359619140625
-0.4375 -1.009765625 0.001708984375
-0.4375 -1.033203125 -0.095703125
-0.4375 -1.033203125 0.813720703125
-0.4375 -1.111328125 0.455322265625
-0.25 0.892578125 0.0009765625
-0.4375 -1.119140625 0.915283203125
-0.25 0.853515625 -0.095947265625
-0.375 -0.560546875 0.455322265625
-0.4375 -1.267578125 0.002197265625
-0.125 1.447265625 -0.0009765625
-0.375 -1.392578125 0.915283203125
-0.125 1.181640625 0.358642578125
-0.125 1.041015625 0.452880859375
-0.0625 1.876953125 0.451904296875
-0.3125 -1.658203125 0.915283203125
-0.1875 -1.853515625 -0.00341796875
-0.125 -1.876953125 -0.1021728515625
0.25 1.369140625 0.811767578125
0.5 1.087890625 0.810791015625
