LARGE_VEHICLE
-0.44921875 -0.90576171875 0.010986328125
0.80078125 -0.92919921875 0.879150390625
1.60546875 -0.47412109375 1.543212890625
-1.83984375 -0.79443359375 -1.5126953125
-0.01171875 -1.01708984375 0.890869140625
0.46484375 -0.95458984375 0.338134765625
-0.02734375 -0.99951171875 -0.381103515625
-0.78515625 -1.10693359375 0.088134765625
-1.11328125 -1.11474609375 0.159423828125
-1.50390625 -1.10888671875 0.832275390625
-0.12109375 -1.02099609375 -0.341064453125
-1.70703125 -1.11474609375 0.996337890625
-0.41015625 -0.98779296875 1.218994140625
0.74609375 -0.62255859375 0.224853515625
-1.10546875 -1.08740234375 0.358642578125
0.41796875 -0.86474609375 1.287353515625
0.05859375 -0.98193359375 0.912353515625
-0.15234375 -1.04052734375 0.545166015625
-1.20703125 -1.06982421875 0.176025390625
-0.44921875 -0.90576171875 0.010986328125
-1.76953125 -1.09521484375 -1.51171875
0.14453125 -1.00927734375 -0.046630859375
0.48828125 -0.92724609375 0.155517578125
-1.32421875 -1.15380859375 -0.141357421875
-0.58984375 -1.03271484375 0.814697265625
0.57421875 -0.88427734375 0.869384765625
-0.81640625 -1.08740234375 -0.039794921875
-1.85546875 -0.65966796875 -1.515625
-1.18359375 -1.11474609375 -0.129638671875
-0.73828125 -0.94091796875 0.085205078125
-0.78515625 -1.09326171875 0.023681640625
-1.85546875 -0.65966796875 -1.515625
-1.08203125 -1.06591796875 0.544189453125
-1.77734375 -1.06591796875 -1.51171875
-1.81640625 -0.86083984375 -1.513671875
-1.37109375 -1.12451171875 1.019775390625
-1.90234375 -1.17724609375 0.582275390625
-1.80078125 -1.16357421875 0.469970703125
-1.08203125 -1.05615234375 0.722900390625
-1.91796875 -0.39013671875 -1.517333984375
-1.82421875 -1.20654296875 -1.14813232421875
-1.65234375 -1.14404296875 0.941650390625
-1.08203125 -1.06591796875 0.544189453125
-0.79296875 -1.08935546875 0.152587890625
-1.16015625 -1.10302734375 0.098876953125
-1.30078125 -1.07763671875 1.271728515625
-1.85546875 -0.65966796875 -1.515625
-1.23828125 -1.13232421875 -0.455810546875
-1.15234375 -1.14794921875 -0.337646484375
-1.07421875 -1.12841796875 -0.567626953125
0.33984375 -0.96826171875 -0.192138671875
1.41796875 -0.86669921875 0.718017578125
-1.66015625 -1.17724609375 -0.242919921875
-0.19140625 -1.00537109375 1.088134765625
-0.05859375 -0.95654296875 0.974853515625
-1.76953125 -1.16748046875 -1.509521484375
-1.85546875 -0.69287109375 -1.51416015625
-0.92578125 -1.05810546875 0.673095703125
-1.71484375 -1.10693359375 1.228759765625
-1.76953125 -1.13037109375 -1.510986328125
-1.85546875 -0.65966796875 -1.515625
-0.68359375 -1.08935546875 -1.32513427734375
-0.83984375 -1.05029296875 0.550048828125
-1.13671875 -1.08544921875 0.420166015625
-1.37109375 -1.12451171875 1.019775390625
-1.07421875 -1.12841796875 -0.567626953125
1.37890625 -0.45263671875 0.910400390625
-0.80078125 -1.11083984375 0.409423828125
-1.60546875 -1.13232421875 -0.9404296875
0.79296875 -0.60498046875 0.151611328125
0.74609375 -0.62255859375 0.224853515625
-1.83984375 -0.75927734375 -1.513427734375
-1.25390625 -1.11669921875 0.479736328125
-0.86328125 -1.09326171875 0.345947265625
-1.82421875 -0.82763671875 -1.512939453125
-0.51953125 -0.97802734375 -1.07470703125
-0.78515625 -1.09326171875 0.023681640625
-1.15234375 -1.10693359375 -0.315673828125
0.40234375 -0.92724609375 0.338134765625
0.63671875 -0.90966796875 0.481689453125
0.80078125 -0.92919921875 0.879150390625
1.41015625 -0.83154296875 0.640869140625
-1.95703125 -1.20849609375 -0.397216796875
-1.83984375 -1.13818359375 1.101806640625
-1.72265625 -1.19287109375 0.008056640625
-0.01953125 -0.95849609375 0.908447265625
-0.78515625 -1.06982421875 -0.337158203125
-1.16015625 -1.10302734375 0.098876953125
-1.73828125 -1.21044921875 0.056884765625
-1.43359375 -1.17919921875 -0.197021484375
-1.78515625 -1.03076171875 -1.512451171875
-1.24609375 -1.07373046875 0.601806640625
0.33984375 -0.96826171875 -0.192138671875
0.55859375 -0.88037109375 1.154541015625
-0.90234375 -1.09912109375 -0.291259765625
0.44921875 -0.87255859375 0.580322265625
0.44921875 -0.95263671875 -1.502197265625
-0.81640625 -1.08740234375 -0.039794921875
-1.31640625 -1.08544921875 0.418212890625
-0.05859375 -0.95654296875 0.974853515625
1.42578125 -0.84912109375 0.220947265625
-1.31640625 -1.08544921875 0.418212890625
-0.79296875 -1.06201171875 0.171142578125
-1.20703125 -1.06982421875 0.176025390625
-1.24609375 -1.07373046875 0.601806640625
0.14453125 -0.97802734375 0.779541015625
-0.23046875 -1.04638671875 -1.068359375
-0.73046875 -0.93701171875 0.105712890625
-0.17578125 -1.00341796875 0.885009765625
-1.82421875 -0.82763671875 -1.512939453125
1.44921875 -0.79443359375 1.062744140625
0.81640625 -0.61083984375 0.483642578125
-0.94921875 -1.09912109375 0.409423828125
0.55859375 -0.88037109375 1.154541015625
-1.12109375 -1.10302734375 0.659423828125
-0.42578125 -0.99755859375 0.886962890625
-0.92578125 -1.05810546875 0.673095703125
1.42578125 -0.84912109375 0.220947265625
1.42578125 -0.85302734375 0.984619140625
-1.78515625 -1.17724609375 0.818603515625
0.48046875 -0.89794921875 0.721923828125
-1.83984375 -1.18115234375 -0.505126953125
-1.07421875 -1.12841796875 -0.567626953125
-1.95703125 -1.12646484375 1.205322265625
-1.81640625 -0.86083984375 -1.513671875
-0.83203125 -1.09326171875 0.537353515625
-0.61328125 -1.07763671875 -0.7998046875
-1.16796875 -1.09912109375 0.222900390625
-1.15234375 -1.14794921875 -0.337646484375
-0.68359375 -1.08935546875 -1.32513427734375
-1.51171875 -1.15185546875 -0.011474609375
-1.60546875 -1.13232421875 -0.9404296875
-1.83984375 -0.72607421875 -1.514892578125
1.49609375 -0.82763671875 0.527587890625
-1.05078125 -1.07373046875 0.174072265625
-1.66015625 -1.17724609375 -0.242919921875
-1.78515625 -1.03076171875 -1.512451171875
-0.05859375 -0.95654296875 0.974853515625
0.80859375 -0.87841796875 0.733642578125
-1.30078125 -1.09521484375 0.116455078125
-1.92578125 -1.17529296875 0.524658203125
-1.03515625 -1.04248046875 1.043212890625
-1.62890625 -1.16162109375 0.472900390625
-1.09765625 -1.09130859375 0.235595703125
-1.51171875 -1.15185546875 -0.011474609375
-1.95703125 -1.20849609375 -0.397216796875
0.74609375 -0.76904296875 0.587158203125
0.61328125 -0.83349609375 0.771728515625
-0.28515625 -0.96630859375 1.093994140625
1.42578125 -0.85302734375 0.984619140625
1.42578125 -0.84912109375 0.220947265625
0.47265625 -0.91162109375 0.696533203125
-0.09765625 -1.00927734375 -0.174560546875
-1.30078125 -1.14013671875 -0.265869140625
-0.29296875 -1.05224609375 -0.033935546875
1.44921875 -0.79443359375 1.062744140625
1.85546875 -0.78076171875 1.164306640625
0.41796875 -0.86474609375 1.287353515625
-1.37109375 -1.12451171875 1.019775390625
-0.77734375 -1.09912109375 0.360595703125
-0.75390625 -1.05810546875 0.043212890625
0.55859375 -0.88037109375 1.154541015625
-1.69921875 -1.14013671875 0.298095703125
1.98828125 -0.75537109375 0.933837890625
-1.12890625 -1.05810546875 1.160400390625
-1.83984375 -0.72607421875 -1.514892578125
0.44140625 -0.92724609375 0.624267578125
0.81640625 -0.93115234375 -0.95361328125
-0.68359375 -0.89208984375 0.041259765625
-1.50390625 -1.10888671875 0.832275390625
-1.15234375 -1.08154296875 0.595947265625
0.75390625 -0.89404296875 0.877197265625
0.35546875 -0.97216796875 -0.371826171875
-1.51171875 -1.15185546875 -0.011474609375
-0.01171875 -1.01708984375 0.890869140625
-0.27734375 -1.00927734375 -1.1031494140625
-0.73046875 -0.93701171875 0.105712890625
-0.76171875 -1.09716796875 0.473876953125
0.99609375 -0.84326171875 0.961181640625
0.80859375 -0.61083984375 0.409423828125
-1.16796875 -1.09912109375 0.222900390625
-1.07421875 -1.07958984375 0.297119140625
-1.87109375 -1.19287109375 0.003173828125
-1.15234375 -1.10693359375 -0.315673828125
-1.46484375 -1.17333984375 0.000244140625
-0.01171875 -1.01708984375 0.890869140625
-1.12109375 -1.10302734375 0.346923828125
1.37890625 -0.45263671875 0.910400390625
1.17578125 -0.83740234375 0.671142578125
-1.31640625 -1.08544921875 0.418212890625
-1.12890625 -1.05810546875 1.160400390625
-0.94921875 -1.09912109375 0.409423828125
-1.38671875 -1.15380859375 -0.92138671875
-1.87890625 -0.59130859375 -1.5146484375
-1.87109375 -0.62646484375 -1.51416015625
1.98828125 -0.75537109375 0.933837890625
-1.96484375 -1.20458984375 -0.223388671875
-0.68359375 -1.08935546875 -1.32513427734375
-0.19140625 -1.00537109375 1.088134765625
0.52734375 -0.87646484375 0.297119140625
