LARGE_VEHICLE
-1.7109375 -0.833984375 0.4097900390625
-1.3515625 -0.82421875 0.4019775390625
-1.2578125 -0.8515625 -0.1029052734375
-1.2421875 -0.890625 -0.2298583984375
-1.2421875 -0.857421875 -0.3397216796875
-1.2578125 -0.8671875 0.0230712890625
-1.2734375 -0.880859375 0.4019775390625
-1.2578125 -0.845703125 0.1617431640625
-1.2109375 -0.841796875 -0.5921630859375
-1.2578125 -0.830078125 0.4117431640625
-1.2421875 -0.83203125 0.2867431640625
-1.2421875 -0.82421875 0.2760009765625
-1.2265625 -0.828125 0.0357666015625
-1.1796875 -0.884765625 -0.992431640625
-1.1953125 -0.837890625 -0.2152099609375
-1.2421875 -0.81640625 0.5377197265625
-1.2421875 -0.80078125 0.5279541015625
-1.2421875 -0.84375 0.6549072265625
-1.2421875 -0.830078125 0.6636962890625
-1.1796875 -0.908203125 -0.1048583984375
-1.1484375 -0.84375 -0.9730224609375
-1.2578125 -0.724609375 1.1656494140625
-1.0859375 -0.828125 -1.4852294921875
-1.0703125 -0.90234375 -1.4853515625
-1.1640625 -0.82421875 0.7828369140625
-1.0703125 -0.7578125 -1.4864501953125
-1.0703125 -0.671875 -1.488037109375
-1.0234375 -0.861328125 -1.13055419921875
-1.1640625 -0.7578125 1.2906494140625
-1.1171875 -0.798828125 0.9176025390625
0.4296875 -0.828125 -1.5062255859375
0.3515625 -0.673828125 0.6910400390625
0.4140625 -0.703125 -0.0062255859375
0.4453125 -0.66796875 -1.5089111328125
0.4609375 -0.748046875 -1.5084228515625
0.4296875 -0.50390625 -1.5101318359375
0.4453125 -0.580078125 -1.5093994140625
0.6640625 -0.318359375 1.5191650390625
0.8984375 -0.6640625 -1.26544189453125
0.8671875 -0.609375 0.8179931640625
0.9765625 -0.69140625 -0.9913330078125
0.9765625 -0.69140625 -0.4051513671875
1.0390625 -0.64453125 -1.1357421875
1.0390625 -0.673828125 -0.6844482421875
1.0703125 -0.654296875 -0.5765380859375
1.1484375 -0.6640625 -0.8612060546875
1.9609375 -0.505859375 0.5748291015625
1.9765625 -0.5390625 0.6920166015625
1.9453125 1.15625 0.2554931640625
