LARGE_VEHICLE
1.5888671875 1.3671875 0.8043212890625
1.8935546875 -1.046875 -0.2381591796875
-0.4775390625 -1.1015625 0.6217041015625
-0.0361328125 -1.15625 0.5172119140625
-0.3525390625 -1.0859375 0.8531494140625
0.4130859375 -1.1328125 0.1646728515625
0.2294921875 -1.15625 -0.1741943359375
-1.0712890625 -1.1796875 0.5103759765625
1.9013671875 -1.03125 -0.3646240234375
-1.2783203125 -1.125 0.8873291015625
-0.3369140625 -1.2265625 0.1783447265625
-0.0478515625 -1.0546875 0.7457275390625
-0.0869140625 -1.171875 0.3414306640625
0.9951171875 -1.140625 0.2740478515625
-1.8017578125 -1.1875 0.5093994140625
1.8740234375 -0.9296875 -1.16900634765625
1.4287109375 -0.359375 0.1490478515625
-1.3486328125 -1.015625 1.0533447265625
0.8466796875 -0.9765625 0.8814697265625
0.7021484375 -1.0078125 0.9224853515625
-1.0791015625 -1.046875 1.0064697265625
0.2685546875 1.234375 0.7896728515625
-1.9970703125 -0.9609375 0.8873291015625
0.4755859375 -1.1640625 0.1646728515625
1.7763671875 -0.8984375 0.9068603515625
-1.0712890625 -1.1796875 0.4019775390625
-1.7724609375 -1.09375 0.7769775390625
-0.9970703125 -1.1328125 0.6217041015625
1.2021484375 -1.0625 -0.4368896484375
1.8427734375 -1.046875 0.4683837890625
-0.8017578125 -1.375 0.5631103515625
-1.5361328125 -1.1875 0.5640869140625
-0.4267578125 -0.890625 1.0885009765625
-1.8369140625 -1.125 0.8814697265625
0.9638671875 -0.9921875 0.6441650390625
0.5185546875 -0.5078125 0.1431884765625
1.5849609375 -1.0546875 -0.3494873046875
0.8623046875 -1.0546875 0.5240478515625
-1.0400390625 -1.03125 0.0201416015625
-1.3603515625 -1.0859375 0.9986572265625
-1.3447265625 -1.125 0.8873291015625
-0.1220703125 -1.046875 0.2349853515625
1.8779296875 -0.9375 0.6988525390625
0.1748046875 -1.140625 0.1207275390625
1.6904296875 -0.8984375 0.9674072265625
-0.4931640625 -1.046875 0.3980712890625
-0.5126953125 -1.171875 0.2340087890625
-0.0869140625 -1.1953125 -0.5262451171875
-1.7666015625 -0.890625 0.3463134765625
-0.0009765625 -1.0234375 0.9185791015625
0.4169921875 -1.1640625 -0.5521240234375
-1.0048828125 -1.1328125 0.8912353515625
-0.6533203125 -1.0078125 1.0670166015625
0.1435546875 -1.09375 0.6910400390625
-0.7548828125 -1.2109375 0.2926025390625
1.4404296875 -1.125 -1.106964111328125
1.3896484375 1.3515625 0.8756103515625
-1.0673828125 -1.1171875 0.8931884765625
0.3505859375 -1.125 0.2232666015625
-1.8505859375 -0.859375 0.4039306640625
-0.0595703125 -0.5546875 0.1080322265625
1.7841796875 -0.75 1.1041259765625
1.3505859375 -1.0078125 0.7535400390625
-0.1611328125 -1.1953125 0.4049072265625
1.3115234375 -1.078125 -0.3363037109375
1.2333984375 -0.9453125 0.8316650390625
-0.2666015625 -1.203125 0.1832275390625
-1.9873046875 -1.046875 0.6695556640625
1.8740234375 -0.453125 -0.0111083984375
0.5224609375 -1.109375 -0.1282958984375
1.6630859375 -0.984375 0.5914306640625
1.4794921875 1.3515625 0.5543212890625
0.4248046875 -0.9375 -0.0765380859375
-1.5849609375 -0.484375 -0.1175537109375
-0.6416015625 -1.1640625 0.1851806640625
-0.7041015625 -1.0546875 0.9595947265625
-1.0439453125 -1.046875 1.0084228515625
1.2138671875 -1.09375 -0.8013916015625
0.5224609375 -1.125 0.1051025390625
1.7099609375 -0.9765625 0.4683837890625
-1.5380859375 -0.9609375 1.0533447265625
1.1591796875 -1.109375 -0.5950927734375
1.7060546875 -1.0 0.3443603515625
-0.4228515625 -1.1015625 0.6275634765625
-1.3212890625 -1.1796875 0.7252197265625
-1.3681640625 -1.2890625 0.4039306640625
-0.2744140625 -1.1171875 0.7340087890625
0.8779296875 -1.171875 0.5230712890625
-0.5634765625 -1.140625 0.4595947265625
1.8974609375 -0.96875 0.7613525390625
0.1552734375 -1.09375 0.0054931640625
-1.4267578125 -0.9453125 0.1275634765625
-1.2236328125 -1.0625 -0.0335693359375
-0.3876953125 -0.9921875 0.2847900390625
0.8271484375 -0.9296875 -0.0120849609375
-0.0009765625 -1.1015625 0.4615478515625
0.1669921875 -1.1328125 0.4615478515625
-0.0986328125 -1.078125 0.6793212890625
0.4560546875 -0.7109375 -0.0882568359375
-1.8056640625 -0.9921875 0.0269775390625
1.3427734375 -1.078125 0.2076416015625
-1.8115234375 -0.984375 0.4576416015625
-1.0439453125 -1.234375 -0.2435302734375
-0.6806640625 -1.1640625 0.7291259765625
-0.7666015625 -1.2265625 0.0748291015625
1.1708984375 -1.09375 0.4654541015625
-1.5419921875 -1.109375 0.8853759765625
-1.6435546875 -1.203125 0.5103759765625
1.2099609375 -0.953125 0.5875244140625
0.3740234375 -0.7109375 -0.0267333984375
-0.0751953125 -1.2421875 0.5660400390625
-1.5458984375 -1.140625 0.8316650390625
0.6396484375 -1.03125 0.7447509765625
-0.6064453125 -1.140625 0.2340087890625
1.1474609375 -0.9453125 0.9517822265625
-1.6181640625 -1.1640625 0.7232666015625
-1.4521484375 -1.1328125 0.6705322265625
-1.3212890625 -0.875 0.3443603515625
1.6669921875 -0.9296875 0.9459228515625
0.6630859375 -1.0859375 0.1129150390625
-0.7587890625 -1.1015625 0.6197509765625
-0.2041015625 -1.125 0.3980712890625
-0.1025390625 -1.0078125 0.9752197265625
-0.4775390625 -1.1015625 0.6217041015625
0.5849609375 -1.0234375 0.6392822265625
1.2216796875 -1.0625 0.3297119140625
-0.5517578125 -1.203125 -0.2596435546875
1.3974609375 -0.9609375 0.6510009765625
-0.0478515625 -1.1328125 0.3482666015625
-1.0322265625 -1.1796875 0.4049072265625
-1.7041015625 -1.078125 0.4039306640625
-0.6533203125 -1.109375 0.8970947265625
-0.2041015625 -1.125 0.3980712890625
0.2451171875 -1.109375 0.5103759765625
-1.0048828125 -1.21875 -0.0286865234375
-1.4677734375 -0.859375 0.2896728515625
0.9716796875 -1.09375 -0.3211669921875
0.6005859375 -0.984375 0.9361572265625
1.1357421875 -0.9609375 0.7681884765625
0.8271484375 -0.90625 0.2857666015625
-0.5517578125 -1.03125 0.0631103515625
-1.7119140625 -1.0234375 0.1353759765625
-1.7119140625 -1.0 0.3502197265625
1.7333984375 -0.90625 0.8433837890625
0.4091796875 1.2578125 0.7906494140625
0.2373046875 -1.0078125 0.9263916015625
-1.3720703125 -0.8828125 0.2896728515625
-1.7216796875 -1.0390625 0.1890869140625
-1.2783203125 -0.8671875 0.3990478515625
0.1318359375 -0.7109375 -0.1400146484375
0.0302734375 -1.1875 -0.1663818359375
-0.9541015625 -1.1640625 0.6187744140625
0.5380859375 -1.140625 0.2213134765625
-0.3798828125 -1.1484375 0.0093994140625
1.0810546875 -0.984375 0.9302978515625
0.6396484375 -1.03125 0.7447509765625
-1.4033203125 -0.9765625 0.0191650390625
-0.4072265625 -1.0078125 0.5738525390625
0.4169921875 1.2734375 0.4400634765625
0.5185546875 -1.1328125 0.1744384765625
-1.5751953125 -1.1953125 0.5103759765625
-1.3837890625 -0.9296875 0.1812744140625
-1.7080078125 -1.15625 0.7760009765625
-0.9462890625 -1.1640625 0.0240478515625
-1.1298828125 -1.1796875 0.0787353515625
1.2177734375 -0.9765625 0.6480712890625
-0.6767578125 -1.1640625 0.6197509765625
1.8115234375 -1.0390625 -0.3607177734375
0.5654296875 -1.1328125 0.1627197265625
0.3583984375 -0.65625 0.0904541015625
-1.2783203125 -1.1640625 0.6187744140625
0.2958984375 -1.078125 0.3375244140625
-1.8623046875 -0.9375 0.1881103515625
-1.4443359375 -1.25 0.1392822265625
-0.0517578125 -1.1953125 -0.5272216796875
1.8037109375 -0.8515625 -0.0570068359375
-0.2275390625 -1.1796875 0.2310791015625
1.2646484375 -1.0859375 -0.2127685546875
1.4482421875 -0.9453125 0.6519775390625
1.1708984375 -1.09375 -0.2088623046875
-1.1884765625 -1.15625 0.6715087890625
0.7451171875 -1.1328125 -0.7681884765625
-1.6162109375 -1.140625 0.9381103515625
-0.7509765625 -1.0703125 0.4049072265625
1.0029296875 -0.8984375 1.0103759765625
1.3154296875 -0.796875 1.0865478515625
1.8623046875 -1.03125 -0.3631591796875
1.7724609375 -0.90625 0.7818603515625
0.2998046875 -0.609375 0.0904541015625
-0.6455078125 -1.1015625 0.7359619140625
1.0302734375 -0.8515625 1.1177978515625
-1.0439453125 -1.1328125 0.6724853515625
-0.5322265625 -1.109375 0.6265869140625
-1.3701171875 -0.9765625 0.0728759765625
-0.4541015625 -1.0703125 0.9068603515625
-0.0830078125 -1.1328125 -0.1585693359375
-1.9873046875 -0.5390625 0.3980712890625
-1.2431640625 -1.1328125 0.8892822265625
0.5224609375 -1.125 0.1051025390625
-1.0126953125 -1.234375 -0.0823974609375
