LARGE_VEHICLE
-1.232421875 -1.20263671875 -0.486572265625
0.728515625 -0.95556640625 0.299072265625
-1.162109375 -1.15966796875 -1.27850341796875
0.517578125 -1.03173828125 1.145751953125
-1.927734375 -1.11572265625 1.147705078125
-0.701171875 -0.98583984375 0.002197265625
0.728515625 -0.97314453125 0.057861328125
-1.623046875 -1.14404296875 1.077392578125
1.384765625 -1.01123046875 0.164306640625
-1.583984375 -1.12939453125 0.971923828125
-1.357421875 -1.13232421875 0.554931640625
-1.232421875 -1.15478515625 -1.2229804992675781
1.384765625 -1.01123046875 0.164306640625
0.322265625 -1.02392578125 0.198486328125
-0.365234375 -1.14599609375 -0.228759765625
-1.154296875 -1.13232421875 0.115478515625
-1.357421875 -1.13232421875 0.554931640625
0.009765625 -1.08447265625 -0.079833984375
0.439453125 -1.02099609375 0.549072265625
-0.787109375 -1.11962890625 -1.353759765625
1.353515625 -1.01025390625 -0.476806640625
0.439453125 -1.08642578125 0.020751953125
0.408203125 -1.02783203125 0.723876953125
1.361328125 -0.99365234375 0.635986328125
-0.763671875 -0.90283203125 0.157470703125
0.650390625 -0.97119140625 0.660400390625
-1.912109375 -1.13427734375 1.038330078125
-0.904296875 -1.09716796875 0.516845703125
-1.123046875 -1.16455078125 -0.027099609375
-1.099609375 -1.11669921875 0.214111328125
-1.982421875 -1.20556640625 -0.557861328125
-0.419921875 -1.11865234375 -0.573974609375
-0.951171875 -1.12451171875 0.161376953125
-1.169921875 -1.10693359375 0.165283203125
-1.779296875 -1.19384765625 -0.582763671875
0.001953125 -1.08837890625 -0.248291015625
1.408203125 -1.00634765625 -1.042236328125
0.673828125 -1.03662109375 0.720947265625
-0.505859375 -1.10302734375 -0.74462890625
-1.966796875 -1.20654296875 -0.208740234375
-1.123046875 -1.16455078125 -0.027099609375
0.267578125 -1.04541015625 0.950439453125
-1.404296875 -1.15576171875 -0.361083984375
0.447265625 -1.08154296875 0.537353515625
0.017578125 -1.05322265625 0.764892578125
-1.966796875 -1.20654296875 -0.208740234375
0.517578125 -1.06884765625 1.012939453125
-1.927734375 -1.17431640625 -0.138427734375
1.376953125 -0.99560546875 0.508056640625
-0.873046875 -1.10498046875 0.313720703125
0.619140625 -1.05126953125 0.135986328125
1.392578125 -0.97607421875 0.572509765625
0.619140625 -0.93017578125 0.614501953125
-1.912109375 -1.18994140625 -1.129638671875
0.486328125 -1.04345703125 -0.930419921875
0.447265625 -0.97900390625 -1.529296875
-0.701171875 -1.11669921875 -1.3193359375
0.837890625 -0.60009765625 0.499267578125
-1.435546875 -1.18896484375 0.515869140625
0.166015625 -1.06298828125 -0.891357421875
0.439453125 -1.04345703125 0.079345703125
-1.990234375 -1.13916015625 0.491455078125
1.869140625 -0.93017578125 0.718994140625
-0.826171875 -1.12646484375 0.313720703125
-1.435546875 -1.18896484375 0.515869140625
-1.333984375 -1.19482421875 -0.638427734375
-0.060546875 -1.09912109375 -0.468994140625
-0.810546875 -1.15380859375 0.162353515625
-0.576171875 -1.11279296875 -0.9923095703125
-0.341796875 -1.14794921875 -0.013427734375
-0.708984375 -0.98779296875 0.054931640625
-0.990234375 -0.96044921875 0.116455078125
0.720703125 -1.04150390625 0.843017578125
-1.263671875 -1.14794921875 0.459228515625
0.166015625 -1.06298828125 -0.891357421875
-1.552734375 -1.12548828125 0.880126953125
-0.763671875 -0.90771484375 0.052978515625
-0.435546875 -1.06298828125 0.850830078125
-1.169921875 -1.10205078125 0.362548828125
1.376953125 -0.99755859375 0.379150390625
0.595703125 -1.05908203125 -0.281982421875
-0.794921875 -1.10009765625 0.623291015625
-0.935546875 -1.11669921875 0.364501953125
-1.091796875 -1.08740234375 1.114501953125
1.353515625 -1.01025390625 0.548095703125
-1.732421875 -1.16259765625 -0.150146484375
0.384765625 -1.10205078125 0.070556640625
-0.732421875 -1.08349609375 1.042236328125
1.353515625 -1.01025390625 0.548095703125
-0.966796875 -1.16552734375 -0.085693359375
1.345703125 -0.99267578125 0.228759765625
-0.951171875 -1.12451171875 0.161376953125
-0.708984375 -1.14794921875 0.055908203125
-1.810546875 -1.15673828125 0.495361328125
-0.873046875 -1.08447265625 0.774658203125
0.837890625 -0.60009765625 0.499267578125
-0.708984375 -1.14794921875 0.055908203125
-0.810546875 -1.12646484375 0.468017578125
1.369140625 -1.01025390625 -0.028076171875
-0.451171875 -1.13232421875 -0.330322265625
0.658203125 -0.97509765625 0.600830078125
1.416015625 -0.95947265625 1.089111328125
0.673828125 -0.93017578125 0.720947265625
1.392578125 -1.00537109375 0.613525390625
0.541015625 -0.96826171875 0.552001953125
0.478515625 -1.10595703125 -0.669189453125
-1.591796875 -1.18408203125 -0.606689453125
-0.904296875 -1.15673828125 0.217041015625
-1.216796875 -1.17724609375 -0.367431640625
-1.138671875 -1.13037109375 0.164306640625
-0.388671875 -1.04833984375 1.180908203125
-1.451171875 -1.15869140625 0.610595703125
-0.130859375 -1.03466796875 1.204345703125
1.376953125 -0.97998046875 0.763916015625
0.306640625 -0.64111328125 0.899658203125
-1.310546875 -1.11376953125 0.507080078125
0.673828125 -1.03662109375 0.720947265625
-0.810546875 -1.15966796875 0.316650390625
0.220703125 -1.11083984375 -0.641845703125
-0.677734375 -0.92138671875 -0.052490234375
-1.732421875 -1.16259765625 -0.150146484375
-0.568359375 -1.08935546875 0.790283203125
-1.177734375 -1.13037109375 0.420166015625
0.486328125 -1.04345703125 -0.930419921875
0.439453125 -1.08642578125 0.020751953125
0.322265625 -1.02392578125 0.198486328125
-0.232421875 -1.09326171875 -0.070068359375
-1.560546875 -1.18212890625 -0.241455078125
0.470703125 -1.03662109375 0.655517578125
0.376953125 -1.05224609375 0.361572265625
0.392578125 -1.08447265625 -0.222900390625
0.283203125 -1.07470703125 -0.264404296875
-1.576171875 -1.19091796875 -0.050537109375
-0.177734375 -1.04833984375 0.977783203125
-1.755859375 -1.13330078125 0.773681640625
0.056640625 -1.11083984375 -0.371826171875
0.806640625 -0.87060546875 0.132080078125
-1.185546875 -1.14599609375 0.764892578125
-1.326171875 -1.18896484375 -0.477294921875
0.439453125 -1.08642578125 0.020751953125
-1.974609375 -1.15283203125 0.940673828125
1.337890625 -1.01708984375 0.868408203125
0.056640625 -1.11083984375 -0.371826171875
-1.685546875 -1.15283203125 0.823486328125
-0.935546875 -1.12646484375 -0.195068359375
-1.427734375 -1.20556640625 -0.85986328125
-1.802734375 -1.16552734375 0.541259765625
0.283203125 -1.09814453125 -1.12371826171875
-0.013671875 -1.05712890625 0.819580078125
1.345703125 -0.99267578125 0.228759765625
-1.443359375 -1.19482421875 -0.010498046875
-0.904296875 -1.09716796875 0.516845703125
-1.966796875 -1.20654296875 -0.208740234375
-0.474609375 -1.10302734375 -0.060302734375
-0.748046875 -1.15478515625 -0.413330078125
-1.693359375 -1.11669921875 1.057861328125
-0.498046875 -1.13037109375 0.472900390625
-1.755859375 -1.13330078125 0.773681640625
0.650390625 -0.97119140625 0.660400390625
-0.818359375 -1.13427734375 0.574462890625
-1.623046875 -1.14404296875 1.077392578125
-0.865234375 -1.10888671875 0.108642578125
-1.162109375 -1.07958984375 0.759033203125
-0.779296875 -1.04248046875 0.109619140625
-1.154296875 -1.14404296875 0.123291015625
-1.740234375 -1.16357421875 -0.010498046875
1.345703125 -0.99267578125 0.228759765625
1.337890625 -0.96337890625 0.315673828125
-0.943359375 -1.14599609375 0.166259765625
-0.771484375 -0.97802734375 0.108642578125
0.806640625 -0.87060546875 0.132080078125
-0.724609375 -0.89501953125 0.054931640625
0.603515625 -1.04736328125 0.374267578125
0.845703125 -1.05615234375 -0.541748046875
0.759765625 -1.02197265625 0.193603515625
-1.912109375 -1.13427734375 1.038330078125
-1.607421875 -1.13232421875 0.782470703125
-0.748046875 -1.15771484375 -0.098388671875
0.728515625 -1.07275390625 -0.425537109375
0.744140625 -0.61962890625 0.724853515625
-0.701171875 -1.14404296875 -0.310302734375
0.439453125 -1.00537109375 0.714111328125
-1.763671875 -1.17236328125 -1.1280517578125
0.447265625 -0.97900390625 -1.529296875
1.525390625 -0.98681640625 1.030517578125
-1.388671875 -1.18408203125 -0.061279296875
-1.169921875 -1.13134765625 0.362548828125
-1.966796875 -1.18115234375 0.553955078125
-0.888671875 -1.10302734375 0.415283203125
-0.826171875 -1.13134765625 0.159423828125
-0.857421875 -1.14208984375 0.522705078125
-1.826171875 -1.20751953125 -0.310791015625
-1.826171875 -1.20751953125 -0.310791015625
-1.521484375 -1.17529296875 -0.101318359375
-0.255859375 -1.06103515625 1.081298828125
0.494140625 -1.06005859375 0.479736328125
-0.810546875 -1.13525390625 0.780517578125
-0.349609375 -1.10888671875 -0.76318359375
0.400390625 -1.02099609375 0.666259765625
0.017578125 -1.05322265625 0.764892578125
