LARGE_VEHICLE
0.755859375 -0.921875 0.62890625
-0.791015625 -1.001953125 0.1259765625
1.427734375 -1.03125 -0.9786376953125
-1.173828125 -1.2080078125 0.201171875
0.294921875 -1.064453125 0.9677734375
0.037109375 -1.0732421875 1.0654296875
-1.634765625 -1.17578125 1.1572265625
-0.986328125 -1.1669921875 0.853515625
-0.439453125 -1.1884765625 -0.36376953125
-0.369140625 -1.169921875 -0.949462890625
-0.009765625 -1.1494140625 -0.12109375
0.615234375 -0.958984375 0.685546875
0.779296875 -0.896484375 0.3857421875
0.294921875 -1.064453125 0.9677734375
-1.509765625 -1.1943359375 0.5458984375
-1.689453125 -1.2138671875 -0.26708984375
-1.580078125 -1.1513671875 1.1455078125
-0.712890625 -1.15234375 0.751953125
-1.158203125 -1.166015625 0.1513671875
0.630859375 -1.001953125 0.3251953125
0.412109375 -1.0419921875 1.2099609375
0.787109375 -0.71484375 0.140625
1.748046875 -0.9794921875 0.7841796875
0.341796875 -1.0615234375 0.736328125
-0.853515625 -1.1865234375 0.3447265625
-0.736328125 -1.177734375 0.2294921875
0.873046875 -1.080078125 0.9287109375
1.333984375 -1.048828125 0.2421875
0.443359375 -1.115234375 -0.4404296875
0.521484375 -1.01171875 0.6826171875
-0.791015625 -1.1787109375 0.55078125
-1.775390625 -1.25 0.6826171875
0.443359375 -1.1044921875 0.4443359375
0.224609375 -1.1142578125 0.0947265625
-0.439453125 -1.0859375 1.2509765625
0.279296875 -1.1328125 -0.138671875
1.857421875 -1.0107421875 0.85546875
0.701171875 -1.072265625 -0.8896484375
-0.814453125 -1.1962890625 -0.017578125
-0.072265625 -1.130859375 -0.173828125
0.654296875 -0.9794921875 0.13671875
0.818359375 -0.630859375 0.2626953125
-0.884765625 -1.20703125 0.0888671875
0.755859375 -1.1005859375 0.8720703125
-1.384765625 -1.1474609375 0.9677734375
-0.369140625 -1.169921875 -0.949462890625
-0.728515625 -1.1142578125 1.0126953125
-1.431640625 -1.2080078125 0.546875
-1.736328125 -1.244140625 -0.056640625
0.435546875 -1.06640625 0.5625
-0.548828125 -1.1845703125 0.0205078125
-0.501953125 -1.1103515625 1.2490234375
-0.548828125 -1.1787109375 -0.24658203125
0.724609375 -0.9130859375 0.142578125
1.341796875 -1.0712890625 -0.271484375
0.818359375 -0.63671875 0.1396484375
-0.916015625 -1.08984375 0.140625
-0.791015625 -0.935546875 0.23046875
0.130859375 -1.11328125 0.5
0.701171875 -1.072265625 -0.8896484375
-1.603515625 -1.2177734375 -0.01953125
-1.353515625 -1.2255859375 -0.56201171875
-1.111328125 -1.166015625 0.5859375
-1.423828125 -1.185546875 0.048828125
-1.603515625 -1.2177734375 -0.01953125
-0.751953125 -0.9921875 0.0810546875
1.505859375 -1.05078125 -0.41455078125
-0.689453125 -1.1982421875 -0.1298828125
-1.072265625 -1.177734375 1.0009765625
0.521484375 -1.01171875 0.6826171875
-1.814453125 -1.2275390625 -1.0772705078125
1.341796875 -1.0419921875 -0.51416015625
-1.275390625 -1.1865234375 0.9892578125
-0.806640625 -1.0029296875 0.23046875
-1.783203125 -1.248046875 -0.731201171875
1.849609375 -1.001953125 -1.0303955078125
0.341796875 -1.0615234375 0.736328125
-0.939453125 -1.1953125 0.193359375
-0.650390625 -1.1875 -1.3079833984375
-0.322265625 -1.140625 -0.1591796875
-1.931640625 -1.19921875 0.8388671875
0.185546875 -1.12109375 -0.1884765625
0.654296875 -0.9794921875 0.13671875
-1.923828125 -1.203125 0.8857421875
-1.853515625 -1.1923828125 1.1396484375
-0.611328125 -1.158203125 0.0166015625
1.373046875 -0.998046875 0.771484375
-1.166015625 -1.166015625 0.3369140625
0.130859375 -1.11328125 0.5
1.990234375 -0.345703125 0.3857421875
-0.845703125 -1.1630859375 0.755859375
-0.791015625 -1.1787109375 0.55078125
-1.900390625 -1.25390625 0.044921875
-0.728515625 -1.1142578125 1.0126953125
-1.501953125 -1.205078125 -1.106689453125
-0.837890625 -1.162109375 0.1796875
-0.580078125 -1.123046875 0.810546875
-1.658203125 -1.1826171875 0.5732421875
-1.923828125 -1.203125 0.8857421875
0.583984375 -1.015625 0.6181640625
-1.158203125 -1.166015625 0.1513671875
0.818359375 -0.63671875 0.1396484375
1.912109375 -1.0224609375 -0.9761962890625
-1.791015625 -1.251953125 -0.3515625
-1.494140625 -1.2216796875 -1.1392688751220703
0.521484375 -0.9921875 0.7431640625
0.396484375 -1.07421875 0.2685546875
-0.408203125 -1.1298828125 0.763671875
0.630859375 -0.9619140625 0.4453125
0.638671875 -1.0068359375 0.078125
-1.744140625 -1.1962890625 -0.59033203125
1.341796875 -1.0224609375 0.7060546875
1.849609375 -1.001953125 -1.0303955078125
0.412109375 -1.0419921875 1.2099609375
0.232421875 -1.146484375 0.037109375
-1.017578125 -1.1435546875 1.2080078125
0.693359375 -1.0400390625 -1.507080078125
1.544921875 -1.0048828125 1.0400390625
-1.212890625 -1.16796875 0.38671875
0.451171875 -1.119140625 0.14453125
0.685546875 -0.9658203125 -1.508544921875
-0.400390625 -1.1435546875 0.5478515625
0.248046875 -1.142578125 -0.3115234375
-0.791015625 -0.998046875 0.1787109375
1.904296875 -1.025390625 0.767578125
-1.783203125 -1.224609375 -0.0078125
-0.087890625 -1.1708984375 -0.0595703125
0.498046875 -1.1279296875 -1.083526611328125
1.146484375 -1.0341796875 0.9521484375
0.849609375 -1.0478515625 0.9384765625
-0.798828125 -1.189453125 0.6025390625
0.115234375 -1.099609375 -0.81787109375
-0.587890625 -1.17578125 -0.916259765625
0.576171875 -1.005859375 0.5654296875
0.779296875 -1.05859375 0.7509765625
-0.666015625 -1.1396484375 0.9638671875
-1.212890625 -1.2041015625 -0.193359375
-0.072265625 -1.130859375 -0.173828125
-1.634765625 -1.17578125 1.1572265625
0.748046875 -1.0712890625 0.6279296875
-1.861328125 -1.2392578125 -0.49755859375
-1.814453125 -1.2275390625 -1.0772705078125
-0.689453125 -1.1748046875 0.8642578125
-1.212890625 -1.169921875 0.6962890625
-0.400390625 -1.1884765625 -0.37109375
1.232421875 -1.0576171875 0.9580078125
0.529296875 -1.0205078125 0.1474609375
0.451171875 -1.1083984375 0.208984375
0.333984375 -1.0625 0.8525390625
0.919921875 -0.607421875 0.3857421875
-1.494140625 -1.2216796875 -1.1392688751220703
-1.603515625 -1.2177734375 -0.01953125
0.615234375 -1.01171875 0.6787109375
-1.494140625 -1.2333984375 0.021484375
1.388671875 -1.06640625 -0.2099609375
-0.822265625 -1.1640625 1.0146484375
-0.861328125 -1.1708984375 0.65234375
-1.626953125 -1.22265625 -0.15966796875
-1.626953125 -1.185546875 0.48046875
-1.556640625 -1.2353515625 -0.0703125
0.474609375 -1.0244140625 0.3857421875
-0.501953125 -1.16015625 0.5517578125
-1.564453125 -1.1875 0.9072265625
-0.798828125 -0.970703125 0.1259765625
0.326171875 -1.099609375 -0.8427734375
-1.603515625 -1.2177734375 -0.01953125
-0.962890625 -1.158203125 0.0302734375
-1.166015625 -1.1337890625 0.8837890625
0.427734375 -1.099609375 0.50390625
-1.494140625 -1.2216796875 -1.1392688751220703
-0.267578125 -1.09375 1.1552734375
0.552734375 -1.126953125 -0.3359375
-1.548828125 -1.2138671875 0.9072265625
0.412109375 -1.0419921875 1.2099609375
-1.611328125 -1.1943359375 0.2451171875
-0.884765625 -1.171875 0.3349609375
1.990234375 -0.345703125 0.3857421875
0.958984375 -1.0537109375 0.3857421875
1.333984375 -1.0341796875 0.7548828125
0.693359375 -1.001953125 -1.5078125
-1.111328125 -1.166015625 0.5859375
-1.197265625 -1.158203125 0.3505859375
-1.158203125 -1.142578125 0.734375
-1.595703125 -1.220703125 0.5927734375
0.724609375 -1.1025390625 -0.46337890625
1.333984375 -1.048828125 0.2421875
0.490234375 -0.712890625 0.9150390625
-1.228515625 -1.14453125 1.0771484375
-1.173828125 -1.13671875 0.9833984375
0.662109375 -0.99609375 0.7392578125
0.724609375 -0.66015625 0.9345703125
1.341796875 -1.0419921875 0.69140625
0.185546875 -1.12109375 -0.1884765625
-1.923828125 -1.203125 0.8857421875
1.544921875 -1.0048828125 1.0400390625
1.255859375 -1.048828125 -0.2021484375
-1.439453125 -1.224609375 0.9150390625
-1.658203125 -1.236328125 0.03125
0.443359375 -1.115234375 -0.4404296875
0.662109375 -0.99609375 0.7392578125
