LARGE_VEHICLE
-1.984375 -1.193359375 -1.1610107421875
-1.75 -1.177734375 -0.4207763671875
-1.671875 -1.21484375 -0.7518310546875
-1.6875 -1.166015625 -0.3148193359375
-1.671875 -1.15234375 -0.7518310546875
-1.703125 -1.08984375 0.3311767578125
-1.6875 -1.08984375 0.4464111328125
-1.671875 -1.078125 0.2218017578125
-1.6875 0.353515625 -1.20904541015625
-1.40625 -1.181640625 -1.4866943359375
-1.40625 -1.119140625 -1.4869384765625
-1.40625 -1.05078125 -1.4891357421875
-1.625 0.6484375 -0.7752685546875
-1.6875 1.095703125 -1.2242431640625
-1.3125 -1.126953125 -1.116302490234375
-0.984375 -1.099609375 0.1036376953125
-0.953125 -1.08203125 -0.3519287109375
-0.96875 -1.07421875 0.3292236328125
-0.953125 -1.076171875 0.1007080078125
-0.90625 -1.205078125 -0.8055419921875
-0.9375 -1.06640625 -0.0135498046875
-0.90625 -1.15234375 -0.5780029296875
-0.953125 -1.072265625 0.3262939453125
-0.921875 -1.099609375 -0.1243896484375
-0.921875 -1.107421875 0.2159423828125
-0.921875 -1.060546875 0.2130126953125
-0.9375 -1.056640625 0.4395751953125
-0.953125 -1.052734375 0.6651611328125
-0.890625 -1.138671875 -0.1273193359375
-0.9375 -1.064453125 0.5518798828125
-0.859375 -1.134765625 -1.03741455078125
-0.890625 -1.154296875 0.1016845703125
-0.90625 -1.1328125 0.3282470703125
-0.921875 -1.12109375 0.5548095703125
-0.90625 -1.068359375 0.4415283203125
-0.859375 -1.16015625 -0.1258544921875
-0.90625 -1.080078125 0.7813720703125
-0.921875 -1.0234375 0.8917236328125
-0.890625 -1.056640625 0.7794189453125
-0.921875 -1.013671875 1.1182861328125
-0.90625 -1.048828125 1.0050048828125
-0.875 -1.126953125 1.0089111328125
-0.890625 0.79296875 -0.3651123046875
-0.875 0.861328125 -0.3665771484375
-0.5625 -1.111328125 -1.177734375
-0.546875 -1.041015625 1.1319580078125
-0.5625 -0.767578125 1.4796142578125
-0.453125 -1.0703125 0.7872314453125
0.265625 -0.732421875 1.5225830078125
0.671875 -1.033203125 0.5606689453125
0.6875 -1.01953125 0.6837158203125
0.734375 -1.09765625 0.5548095703125
0.765625 -1.060546875 0.0635986328125
0.765625 -1.033203125 0.0694580078125
0.765625 -0.97265625 1.1768798828125
0.875 -1.017578125 -0.0555419921875
1.046875 -1.03515625 -0.1927490234375
1.0625 -1.06640625 -0.0682373046875
0.9375 -0.58203125 1.4327392578125
1.171875 -1.001953125 -1.203125
1.015625 -0.7265625 1.4268798828125
1.203125 -1.001953125 -1.322509765625
1.140625 -0.984375 0.8135986328125
1.25 -0.9921875 -0.8204345703125
1.265625 -1.060546875 -0.9573974609375
1.34375 -1.0703125 -0.7086181640625
1.4375 -1.052734375 -0.4495849609375
1.453125 -1.072265625 -0.2064208984375
1.5 -1.044921875 0.8096923828125
1.25 1.095703125 0.4395751953125
1.59375 -1.048828125 -0.5955810546875
1.59375 -0.87890625 -1.4957275390625
1.28125 1.240234375 0.2989501953125
1.328125 1.013671875 0.2989501953125
1.3125 1.197265625 0.1710205078125
1.328125 1.123046875 0.1710205078125
1.34375 1.111328125 0.1827392578125
1.375 0.998046875 0.0421142578125
1.359375 1.189453125 -0.0867919921875
1.375 1.111328125 -0.0867919921875
1.375 1.052734375 0.1700439453125
1.328125 1.189453125 0.5548095703125
1.6875 -0.9453125 -1.5047607421875
1.375 1.107421875 0.2979736328125
1.34375 1.181640625 0.5675048828125
1.359375 1.119140625 0.5548095703125
1.375 1.037109375 0.5548095703125
1.375 1.099609375 0.4268798828125
1.375 1.193359375 0.1827392578125
1.375 1.111328125 0.5675048828125
1.375 1.294921875 0.1690673828125
1.421875 1.087890625 0.0411376953125
1.390625 1.185546875 0.2979736328125
1.359375 1.275390625 0.5548095703125
1.484375 1.064453125 -0.0897216796875
