LARGE_VEHICLE
-0.11669921875 -0.57421875 0.7655029296875
-0.72509765625 -0.02734375 0.9158935546875
0.35986328125 -0.546875 0.6541748046875
-0.46435546875 0.283203125 0.9051513671875
-0.56201171875 0.26953125 0.9051513671875
-0.59814453125 0.28515625 0.6942138671875
0.28369140625 0.287109375 0.8338623046875
-0.59228515625 0.2890625 0.9754638671875
-1.02783203125 0.2109375 0.6824951171875
0.38720703125 0.26953125 -0.2281494140625
-0.87353515625 0.46484375 0.3885498046875
-1.39990234375 0.4375 0.8992919921875
0.10986328125 0.140625 0.6151123046875
-0.99462890625 0.51953125 -0.1505126953125
-0.81884765625 0.443359375 0.5438232421875
0.25048828125 0.298828125 0.9315185546875
-0.57470703125 0.30859375 -0.2142333984375
0.01220703125 -0.7421875 0.8895263671875
-0.20263671875 0.693359375 -0.7542724609375
0.32080078125 0.30078125 0.7703857421875
-0.98681640625 0.427734375 0.1956787109375
-0.66552734375 0.69140625 -0.71875
0.32080078125 0.298828125 0.7205810546875
0.08837890625 0.48046875 0.1717529296875
0.10400390625 0.1640625 0.5672607421875
-1.26220703125 -0.65625 0.7362060546875
-1.11181640625 0.509765625 0.1697998046875
-0.55224609375 0.25390625 0.9998779296875
0.41259765625 0.306640625 0.7196044921875
0.32275390625 0.3046875 0.6873779296875
-0.94873046875 0.458984375 0.3709716796875
-1.4345703125 0.41796875 0.6492919921875
-0.42138671875 0.2421875 1.0379638671875
-1.34130859375 0.458984375 0.8328857421875
0.05517578125 0.296875 0.9910888671875
-1.32373046875 0.47265625 0.5457763671875
0.27197265625 0.30859375 0.7225341796875
-0.77294921875 0.19921875 0.7391357421875
0.59814453125 0.353515625 -0.2840576171875
0.11572265625 0.28515625 0.9178466796875
-0.60693359375 0.27734375 0.7645263671875
-1.32080078125 0.466796875 0.8358154296875
-0.45263671875 0.435546875 0.1478271484375
0.18212890625 0.302734375 0.5184326171875
-1.19873046875 0.234375 0.6932373046875
-0.05615234375 -0.5859375 0.8875732421875
0.27587890625 0.30078125 0.3426513671875
-0.64013671875 0.2890625 0.8026123046875
-1.40380859375 0.47265625 0.8104248046875
-0.30615234375 0.482421875 0.1917724609375
0.43408203125 0.296875 0.6190185546875
-0.00537109375 0.296875 0.9901123046875
0.31884765625 0.287109375 0.9080810546875
0.43212890625 0.3046875 0.5701904296875
0.35400390625 -0.3984375 0.8875732421875
-1.4169921875 0.455078125 0.9217529296875
-0.91845703125 0.26953125 0.5916748046875
-0.00732421875 -0.578125 0.8299560546875
0.13330078125 0.302734375 0.8211669921875
0.25048828125 -0.51953125 0.8797607421875
0.10986328125 0.26171875 0.8826904296875
-1.17822265625 0.46875 0.3895263671875
-1.20166015625 0.46484375 0.4803466796875
-1.29736328125 0.466796875 0.7889404296875
-1.30224609375 -0.66015625 0.7938232421875
-0.58154296875 0.287109375 0.7088623046875
0.23291015625 0.3046875 0.5155029296875
-0.48193359375 -0.6015625 0.7947998046875
-0.38427734375 0.287109375 0.6834716796875
-0.47998046875 0.28515625 0.9901123046875
-1.21435546875 -0.80078125 0.7293701171875
0.16455078125 0.2734375 0.9178466796875
-0.80517578125 0.447265625 0.5447998046875
-0.17529296875 0.2578125 0.7869873046875
-0.36865234375 0.2578125 1.0252685546875
0.30908203125 0.716796875 -0.815185546875
-1.35302734375 0.4765625 0.8328857421875
-0.22216796875 0.291015625 -0.1754150390625
-1.416015625 0.458984375 0.8358154296875
0.25830078125 -0.4921875 0.8592529296875
-0.37841796875 0.48046875 0.3836669921875
-0.52197265625 0.26953125 0.9197998046875
0.30517578125 -0.55859375 0.7030029296875
-0.29052734375 0.27734375 0.9061279296875
0.39697265625 0.28515625 0.9080810546875
-1.32275390625 0.458984375 0.9217529296875
-1.31005859375 0.466796875 0.7020263671875
-1.35205078125 0.47265625 0.7440185546875
0.16650390625 0.3046875 1.0155029296875
-1.27099609375 0.47265625 0.3895263671875
-0.57470703125 0.27734375 0.8963623046875
-0.69775390625 0.27734375 0.8729248046875
-0.48583984375 0.287109375 0.9998779296875
-1.20166015625 0.46484375 0.4803466796875
0.49853515625 0.498046875 0.1478271484375
-1.599609375 0.31640625 0.1282958984375
-1.23681640625 0.31640625 0.7420654296875
-1.4638671875 0.49609375 0.2049560546875
-0.02294921875 0.470703125 0.3514404296875
-0.31591796875 0.29296875 1.0135498046875
0.16845703125 0.296875 0.9559326171875
-0.56591796875 0.234375 1.0242919921875
-0.58544921875 0.296875 0.6385498046875
-1.25341796875 0.28125 0.3660888671875
-0.60595703125 0.466796875 0.3865966796875
0.34228515625 -0.41796875 0.9090576171875
-1.40380859375 0.482421875 0.7664794921875
0.09228515625 -0.41796875 0.5711669921875
0.08837890625 0.28515625 0.9315185546875
0.18017578125 0.26953125 1.0399169921875
-0.24169921875 0.2890625 0.6209716796875
-1.28759765625 0.3984375 0.5399169921875
0.30322265625 0.326171875 -0.2054443359375
-1.33544921875 0.46875 0.7215576171875
-0.47119140625 0.296875 0.6375732421875
-0.66357421875 0.287109375 0.8114013671875
-0.11669921875 0.26953125 0.5223388671875
0.27001953125 -0.55859375 0.2425537109375
-0.96630859375 0.68359375 -0.71197509765625
-0.06787109375 0.310546875 -0.1795654296875
0.41259765625 0.306640625 0.7196044921875
-0.03662109375 0.466796875 0.3514404296875
-0.63232421875 0.265625 0.9764404296875
0.37548828125 0.28515625 1.0076904296875
0.20556640625 0.302734375 0.9803466796875
0.39892578125 -0.55859375 0.5653076171875
-1.4375 0.490234375 0.3739013671875
0.27783203125 0.302734375 0.7606201171875
0.27001953125 0.291015625 0.9080810546875
-1.00439453125 0.6875 -0.710296630859375
-0.03466796875 0.30078125 0.9901123046875
0.58251953125 0.505859375 0.1077880859375
-1.33056640625 0.46484375 0.9002685546875
0.29541015625 0.291015625 0.5731201171875
-0.68212890625 0.29296875 0.6951904296875
-0.14013671875 0.373046875 0.1634521484375
-0.02685546875 0.29296875 0.8231201171875
-0.57666015625 0.46875 0.4774169921875
-0.37841796875 0.478515625 0.1536865234375
0.08642578125 0.26953125 1.0047607421875
-1.37451171875 0.447265625 0.8133544921875
-1.58935546875 0.283203125 0.3621826171875
0.33837890625 0.298828125 0.7362060546875
-0.66064453125 0.283203125 0.8963623046875
-0.88916015625 0.26171875 0.5906982421875
-0.41162109375 0.46484375 0.3641357421875
0.97900390625 0.427734375 -0.3096923828125
-1.37744140625 0.234375 0.8582763671875
-0.09326171875 0.294921875 0.8826904296875
-1.34619140625 0.462890625 0.9246826171875
-1.16552734375 0.46484375 0.3885498046875
0.07275390625 0.16796875 0.5682373046875
-0.63427734375 0.27734375 0.8582763671875
0.20556640625 0.296875 0.9315185546875
-0.69287109375 0.4453125 0.1956787109375
-1.513671875 0.01171875 -1.0364990234375
-0.60888671875 0.265625 1.0135498046875
0.49267578125 0.21875 1.0360107421875
-0.97607421875 0.466796875 0.4803466796875
0.04345703125 0.26171875 0.0980224609375
0.38134765625 0.3046875 0.3387451171875
0.36572265625 -0.40625 0.8524169921875
-0.69287109375 0.287109375 0.8348388671875
0.41455078125 0.3046875 1.0164794921875
-0.78857421875 0.294921875 -0.1524658203125
-1.07958984375 0.5078125 -0.0899658203125
1.37548828125 0.798828125 -1.0164794921875
-0.16748046875 0.27734375 1.0018310546875
-1.4169921875 0.455078125 0.7908935546875
0.78955078125 0.404296875 -0.2923583984375
-0.28466796875 -0.578125 0.8875732421875
-0.48291015625 0.287109375 0.6844482421875
-1.39208984375 0.408203125 0.8807373046875
0.29150390625 0.490234375 0.1610107421875
-0.78857421875 0.294921875 -0.1524658203125
-0.46240234375 0.23046875 1.0379638671875
-0.41748046875 0.30078125 -0.2222900390625
1.46142578125 0.857421875 -1.0179443359375
0.16259765625 0.26953125 1.0057373046875
-1.30029296875 -0.6640625 0.8514404296875
0.79150390625 0.44921875 0.1146240234375
-0.90380859375 0.265625 0.5916748046875
0.70751953125 0.486328125 0.1287841796875
-0.12451171875 0.28515625 0.5828857421875
0.03369140625 0.287109375 0.9549560546875
-1.30517578125 0.505859375 0.2098388671875
-1.35009765625 0.466796875 0.6092529296875
-1.34130859375 0.458984375 0.8328857421875
-0.55908203125 0.44921875 0.1932373046875
-0.71337890625 0.466796875 0.3875732421875
-0.50634765625 0.46484375 0.3660888671875
-1.27978515625 -0.65625 0.7362060546875
0.31494140625 0.27734375 1.0155029296875
-1.21044921875 0.5078125 -0.0909423828125
-0.08740234375 0.28125 0.9305419921875
0.01025390625 0.296875 0.9910888671875
-0.08154296875 0.69140625 -0.76947021484375
-1.38525390625 0.1484375 0.8817138671875
-0.90478515625 0.265625 0.6239013671875
-0.85302734375 0.43359375 0.1956787109375
