LARGE_VEHICLE
-1.9075927734375 -0.2646484375 -1.01171875
0.2867431640625 0.1064453125 0.776611328125
1.0318603515625 -0.6904296875 0.785400390625
-0.6868896484375 0.3681640625 0.699462890625
0.9166259765625 0.1376953125 0.779541015625
-0.0423583984375 0.3505859375 0.433837890625
-0.0501708984375 0.3134765625 0.556884765625
0.9283447265625 -0.7373046875 0.738525390625
-1.1380615234375 -0.7724609375 0.828369140625
0.8394775390625 0.3388671875 0.238037109375
-0.1341552734375 0.1923828125 -0.120361328125
-0.0325927734375 0.0986328125 0.931884765625
-0.5286865234375 0.4072265625 0.177001953125
0.3375244140625 0.1376953125 0.746337890625
0.6978759765625 -0.7099609375 0.902587890625
0.3590087890625 0.3623046875 0.337646484375
1.9781494140625 -0.3115234375 -0.366943359375
0.6383056640625 0.1337890625 0.802978515625
0.8385009765625 0.1142578125 0.690673828125
-0.0599365234375 0.3603515625 0.433837890625
-0.4017333984375 0.4189453125 -0.139404296875
1.0006103515625 0.1259765625 0.868408203125
-1.0892333984375 0.3154296875 0.978759765625
-0.7513427734375 0.4150390625 0.242431640625
-0.2435302734375 0.1376953125 0.179443359375
0.5816650390625 0.1259765625 0.927978515625
-1.0052490234375 -0.7724609375 0.749267578125
0.0123291015625 0.1533203125 0.868408203125
0.4498291015625 0.1376953125 0.919189453125
1.9967041015625 -0.8544921875 -0.50927734375
0.7945556640625 0.3310546875 0.233154296875
0.9117431640625 0.1416015625 0.954345703125
1.2398681640625 0.6376953125 -1.02099609375
0.2828369140625 0.1298828125 0.838134765625
0.4517822265625 0.1142578125 0.496337890625
-0.4193115234375 0.2412109375 0.405517578125
-0.8216552734375 0.2705078125 0.798095703125
0.7008056640625 0.1416015625 0.868408203125
0.8482666015625 -0.6787109375 0.586181640625
-1.0443115234375 0.3857421875 0.943603515625
0.1724853515625 0.6298828125 -0.46337890625
1.4644775390625 0.2744140625 -0.2763671875
-0.8841552734375 0.3818359375 0.599853515625
0.4332275390625 0.1298828125 0.798095703125
0.7584228515625 0.1181640625 0.984619140625
0.5767822265625 0.1220703125 0.897705078125
0.5318603515625 0.1220703125 0.898681640625
0.0006103515625 0.1689453125 0.821533203125
0.0689697265625 0.1376953125 0.648681640625
-0.5228271484375 0.1884765625 0.244384765625
0.7379150390625 0.3388671875 0.228759765625
-1.0091552734375 0.3759765625 0.874267578125
-0.5384521484375 0.3173828125 0.402587890625
-0.8880615234375 0.4404296875 -0.20361328125
0.6588134765625 0.0986328125 -0.054931640625
0.5982666015625 -0.7021484375 0.677001953125
1.0162353515625 -0.6591796875 0.914306640625
-0.2747802734375 0.0478515625 0.635986328125
0.7535400390625 0.1298828125 0.810791015625
-0.2396240234375 0.1689453125 0.621337890625
1.0211181640625 -0.6826171875 0.708251953125
1.0816650390625 -0.0966796875 1.008056640625
-1.1048583984375 0.0751953125 0.978759765625
0.3121337890625 0.1728515625 -0.529296875
-0.4212646484375 0.3232421875 0.684814453125
0.6422119140625 -0.7099609375 0.744384765625
1.2496337890625 0.6259765625 -1.022705078125
0.1295166015625 0.3388671875 0.168212890625
0.0592041015625 0.1572265625 0.947509765625
-0.1927490234375 0.3505859375 0.288818359375
-1.0091552734375 -0.7763671875 0.710205078125
-0.7747802734375 0.3701171875 0.630126953125
0.6060791015625 0.1376953125 0.334228515625
-0.2474365234375 0.4033203125 0.135009765625
1.0191650390625 0.1337890625 0.672119140625
0.5220947265625 0.0908203125 0.558837890625
0.6470947265625 -0.7021484375 0.677978515625
1.0631103515625 0.0751953125 0.784423828125
0.1490478515625 0.3427734375 0.444580078125
0.9400634765625 -0.6396484375 0.817626953125
-0.9564208984375 0.3837890625 0.632080078125
0.1412353515625 0.1220703125 0.791259765625
-0.3939208984375 0.4013671875 0.188720703125
1.0689697265625 -0.7177734375 0.642822265625
-1.1185302734375 0.2900390625 0.974853515625
1.2056884765625 0.5322265625 -0.25146484375
-0.9173583984375 0.3876953125 0.702392578125
-0.0286865234375 0.1376953125 0.836181640625
0.0123291015625 -0.1630859375 0.538330078125
1.4678955078125 0.2490234375 0.078369140625
0.4478759765625 0.3388671875 0.254150390625
0.4039306640625 0.0556640625 0.550048828125
-0.2669677734375 0.6357421875 -0.4984130859375
0.7203369140625 0.1611328125 0.804931640625
-0.0052490234375 0.1337890625 0.804931640625
0.4498291015625 0.1298828125 0.888916015625
1.0133056640625 0.1494140625 0.228759765625
1.2203369140625 -0.0302734375 -0.384033203125
0.3004150390625 0.1064453125 0.795166015625
0.9527587890625 0.1298828125 0.780517578125
0.6842041015625 -0.7294921875 0.247802734375
-0.3138427734375 0.3974609375 0.195556640625
-0.7239990234375 0.3720703125 0.776611328125
0.8951416015625 0.1259765625 0.840087890625
1.0357666015625 -0.6708984375 0.965087890625
0.9127197265625 -0.7138671875 0.750244140625
-1.6712646484375 -0.4404296875 -1.019775390625
0.3853759765625 0.1259765625 0.857666015625
0.7310791015625 0.1376953125 -0.041259765625
0.4351806640625 0.1142578125 0.898681640625
-0.5872802734375 0.4248046875 -0.152587890625
-0.8880615234375 0.3876953125 0.669189453125
0.4703369140625 0.1103515625 0.496337890625
0.8297119140625 -0.7021484375 0.716064453125
1.0435791015625 0.1220703125 0.809814453125
0.4703369140625 0.1103515625 0.496337890625
0.5377197265625 0.1025390625 0.839111328125
1.0865478515625 -0.4912109375 1.010009765625
0.0709228515625 0.1650390625 0.822509765625
0.9429931640625 -0.7138671875 0.375244140625
0.6207275390625 -0.7138671875 0.701416015625
-0.7884521484375 0.4169921875 0.392822265625
1.1890869140625 0.5615234375 -0.2470703125
0.9215087890625 -0.7099609375 0.542236328125
1.0201416015625 0.1298828125 0.841064453125
-0.2396240234375 0.1689453125 0.621337890625
0.9283447265625 0.1220703125 0.751220703125
1.8988037109375 0.5712890625 -0.8958740234375
0.9420166015625 -0.7099609375 0.412353515625
-1.0677490234375 0.1689453125 0.903564453125
0.7447509765625 0.1142578125 0.897705078125
0.5142822265625 0.1103515625 0.739501953125
0.0611572265625 0.1416015625 0.790283203125
-0.1185302734375 0.3466796875 0.295166015625
-0.9564208984375 0.3837890625 0.632080078125
1.1148681640625 0.5986328125 -0.30859375
1.6319580078125 -0.6552734375 -0.53741455078125
0.5152587890625 0.1689453125 -0.4959716796875
0.9293212890625 0.1376953125 1.010986328125
0.5601806640625 0.1298828125 1.008056640625
1.1968994140625 0.5830078125 -0.299072265625
0.6871337890625 0.1376953125 0.716064453125
0.1490478515625 0.1689453125 0.868408203125
-0.3841552734375 0.3505859375 0.640869140625
-0.3978271484375 0.3916015625 0.273681640625
-0.0599365234375 0.1376953125 0.549072265625
0.9996337890625 0.1376953125 0.274658203125
0.7105712890625 0.1416015625 0.717041015625
0.2916259765625 0.2333984375 0.445556640625
-0.6048583984375 0.2236328125 0.732666015625
1.4727783203125 -0.7998046875 -0.123291015625
0.4849853515625 0.1494140625 0.829345703125
0.3375244140625 0.1376953125 0.746337890625
0.2213134765625 0.3623046875 0.180908203125
0.6871337890625 0.1611328125 0.629150390625
1.0787353515625 0.0986328125 0.950439453125
0.7252197265625 0.1181640625 1.008056640625
0.2193603515625 0.1337890625 1.010009765625
0.2213134765625 0.3623046875 0.180908203125
0.0045166015625 0.1337890625 0.851806640625
0.8931884765625 0.1259765625 0.950439453125
0.6099853515625 0.2880859375 0.349853515625
1.1334228515625 0.3388671875 0.059326171875
0.3082275390625 0.1259765625 0.929931640625
0.2867431640625 0.3564453125 0.430908203125
-0.1966552734375 0.1884765625 -0.142333984375
-0.3294677734375 0.3486328125 0.384033203125
1.0045166015625 0.1376953125 0.784423828125
1.1080322265625 -0.1435546875 0.985595703125
1.0836181640625 -0.6669921875 1.029541015625
0.3883056640625 0.1220703125 0.766845703125
-0.3138427734375 0.6298828125 -0.55682373046875
0.1724853515625 0.6298828125 -0.46337890625
-0.9075927734375 0.3662109375 0.521728515625
0.8004150390625 -0.7060546875 0.781494140625
0.3375244140625 0.1376953125 0.746337890625
1.0201416015625 0.1298828125 0.841064453125
1.0328369140625 -0.6943359375 0.688720703125
0.1119384765625 0.6162109375 -0.476806640625
0.3609619140625 0.1416015625 0.417236328125
-0.2064208984375 0.1455078125 0.589111328125
0.9517822265625 0.1142578125 1.007080078125
0.8209228515625 0.0830078125 0.257080078125
-0.3958740234375 0.2001953125 0.096435546875
0.9820556640625 -0.7099609375 0.653564453125
1.0738525390625 0.0283203125 0.950439453125
0.0592041015625 0.1533203125 0.837158203125
0.0318603515625 0.1220703125 0.915283203125
1.0240478515625 0.1416015625 0.670166015625
0.0963134765625 0.3310546875 0.164306640625
1.0943603515625 -0.6826171875 0.965087890625
0.8052978515625 -0.6708984375 0.453369140625
1.6314697265625 0.3935546875 -1.026123046875
0.8013916015625 -0.7294921875 0.736572265625
1.0279541015625 -0.5537109375 0.915283203125
1.6539306640625 -0.0576171875 -0.335693359375
-1.0970458984375 -0.4013671875 0.940673828125
0.1978759765625 0.2255859375 0.162353515625
0.6070556640625 0.1376953125 0.839111328125
0.0064697265625 0.1533203125 0.710205078125
