LARGE_VEHICLE
1.640625 0.001953125 -0.09814453125
1.640625 -0.025390625 0.4287109375
1.609375 -0.150390625 -0.098876953125
1.609375 -0.166015625 0.4287109375
1.640625 0.080078125 0.16552734375
1.578125 -0.306640625 -0.098876953125
1.609375 -0.091796875 0.322265625
1.609375 -0.076171875 0.16552734375
1.640625 0.166015625 -0.099365234375
1.640625 0.134765625 0.42822265625
1.671875 0.384765625 0.322265625
1.640625 0.322265625 -0.099609375
1.671875 0.541015625 0.3212890625
1.546875 -0.224609375 0.1640625
1.609375 0.251953125 0.16455078125
1.640625 0.462890625 0.42724609375
1.515625 -0.314453125 0.42724609375
1.546875 -0.123046875 0.69384765625
1.609375 0.412109375 0.16357421875
1.515625 0.642578125 0.4248046875
1.359375 -0.044921875 -0.63818359375
1.265625 -0.240234375 0.68994140625
1.015625 -0.462890625 -0.38153076171875
1.015625 -0.330078125 -0.65185546875
1.140625 0.423828125 0.68701171875
0.984375 -0.298828125 0.15087890625
0.953125 -0.466796875 -0.65380859375
1.046875 0.111328125 0.68701171875
1.015625 0.279296875 0.68603515625
0.859375 -0.630859375 -0.92529296875
0.796875 -0.470703125 -0.92822265625
0.828125 -0.126953125 -0.660888671875
0.703125 -0.287109375 -0.93359375
0.609375 -0.564453125 -0.395416259765625
0.796875 0.642578125 0.68212890625
0.453125 -0.568359375 -0.6728515625
0.578125 0.185546875 0.95068359375
0.515625 -0.103515625 -0.9443359375
0.421875 0.076171875 -0.95068359375
0.359375 -0.330078125 0.40625
0.453125 0.373046875 0.94970703125
0.421875 0.541015625 0.94873046875
0.328125 0.060546875 0.94873046875
0.171875 -0.080078125 0.94775390625
-0.484375 -0.267578125 0.114990234375
-0.578125 -0.572265625 -0.43841552734375
-0.671875 -0.154296875 -0.167236328125
-0.734375 -0.595703125 -0.72216796875
-1.421875 -0.634765625 -0.46820068359375
-1.671875 -0.642578125 -0.761962890625
