LARGE_VEHICLE
0.34765625 -0.6533203125 0.5389404296875
0.552734375 0.3720703125 0.2513427734375
-0.119140625 0.4462890625 0.3099365234375
0.744140625 -0.1611328125 0.9725341796875
1.1220703125 0.3330078125 -0.0845947265625
0.736328125 -0.6494140625 0.9110107421875
-0.99609375 0.4580078125 0.6473388671875
-0.802734375 0.4306640625 0.3153076171875
0.642578125 0.2294921875 0.6580810546875
0.685546875 0.6162109375 -0.54150390625
0.611328125 0.2099609375 0.3494873046875
0.296875 -0.5166015625 0.4754638671875
0.22265625 0.2099609375 0.5399169921875
0.248046875 0.4287109375 0.2283935546875
-0.796875 0.5087890625 -0.0509033203125
0.369140625 0.2177734375 0.4149169921875
-0.298828125 -0.0712890625 0.6112060546875
0.40234375 -0.6494140625 0.5780029296875
0.685546875 0.1552734375 0.8826904296875
-0.05859375 0.2490234375 0.0135498046875
-0.962890625 0.4228515625 0.4569091796875
0.50390625 0.2021484375 0.8397216796875
0.0234375 0.2138671875 0.7733154296875
-0.859375 0.4404296875 0.6883544921875
0.19921875 -0.6103515625 0.7967529296875
0.220703125 0.2099609375 0.9129638671875
-0.75390625 0.4384765625 0.5789794921875
0.51171875 0.2060546875 1.0018310546875
-0.087890625 0.2099609375 0.7694091796875
1.66015625 -0.0947265625 -0.4927978515625
-1.443359375 0.3623046875 0.9588623046875
-1.169921875 0.3271484375 0.7987060546875
0.529296875 0.2060546875 0.9793701171875
-0.427734375 0.2216796875 0.7293701171875
-0.802734375 0.4892578125 0.0560302734375
0.34765625 -0.6337890625 0.8035888671875
-1.01953125 0.4951171875 0.4071044921875
0.271484375 0.4169921875 0.1527099609375
0.46875 0.1943359375 0.8719482421875
-0.283203125 0.2333984375 0.8035888671875
0.3125 -0.6259765625 0.5379638671875
0.8671875 -0.7548828125 0.0916748046875
0.501953125 0.1904296875 0.6190185546875
-1.259765625 0.5224609375 -0.4100341796875
-0.16015625 0.2255859375 0.9442138671875
0.04296875 0.2177734375 0.8387451171875
-0.283203125 0.1865234375 0.9822998046875
0.203125 -0.5556640625 0.2586669921875
-0.55078125 0.3232421875 0.0687255859375
0.625 0.1982421875 0.7440185546875
0.75 0.0810546875 0.1644287109375
0.74609375 0.1240234375 0.9989013671875
0.716796875 -0.6064453125 0.4871826171875
-0.50390625 0.6982421875 -0.2650146484375
0.271484375 0.2099609375 1.0145263671875
-0.787109375 0.3232421875 0.1175537109375
0.748046875 -0.0322265625 0.9696044921875
-1.009765625 0.5009765625 0.4852294921875
0.35546875 -0.6259765625 0.8397216796875
0.576171875 -0.6494140625 0.5877685546875
-1.087890625 0.4169921875 0.5672607421875
-1.197265625 0.4775390625 0.7987060546875
0.345703125 -0.6259765625 -0.0406494140625
-1.001953125 0.4462890625 0.7235107421875
1.6748046875 0.2216796875 -0.4554443359375
0.869140625 -0.6767578125 -0.2596435546875
-0.244140625 0.2294921875 0.8748779296875
-1.333984375 0.5302734375 -0.4217529296875
-0.283203125 0.1865234375 0.9822998046875
0.166015625 0.1630859375 0.6043701171875
-0.404296875 0.4326171875 0.3739013671875
-1.150390625 0.4208984375 0.8280029296875
-1.005859375 0.4462890625 0.5711669921875
0.736328125 0.3798828125 0.1903076171875
0.052734375 0.2294921875 0.8045654296875
-0.888671875 0.4521484375 0.6805419921875
0.59375 0.2021484375 1.0115966796875
0.529296875 0.4248046875 0.0999755859375
0.34765625 0.2138671875 0.7401123046875
0.498046875 -0.6298828125 0.6190185546875
1.060546875 -0.5947265625 -0.2310791015625
-0.990234375 0.4892578125 0.4090576171875
-1.275390625 0.3916015625 0.8377685546875
-0.484375 0.4482421875 0.5135498046875
-0.888671875 0.4541015625 0.6043701171875
-1.423828125 0.3837890625 0.9451904296875
-0.6484375 0.2685546875 0.6092529296875
-1.603515625 0.7001953125 -1.0074462890625
0.369140625 -0.6298828125 0.8729248046875
-1.556640625 0.6455078125 -1.0135498046875
0.462890625 0.4169921875 0.2469482421875
0.1640625 -0.6298828125 0.8709716796875
-1.083984375 0.4638671875 0.7127685546875
1.1630859375 -0.5361328125 -0.2076416015625
-1.169921875 0.5009765625 0.2938232421875
-0.529296875 0.4423828125 0.4373779296875
-1.181640625 0.3447265625 0.7987060546875
0.666015625 0.2060546875 0.9989013671875
0.263671875 0.2138671875 0.9803466796875
-0.109375 0.2255859375 0.6649169921875
-1.189453125 0.5166015625 0.0902099609375
1.123046875 0.2216796875 -0.1007080078125
0.263671875 0.2099609375 0.8455810546875
0.75390625 0.2294921875 0.2557373046875
0.10546875 0.1982421875 0.8055419921875
0.53125 0.2138671875 0.5887451171875
-1.03515625 0.4580078125 0.6756591796875
-0.0390625 0.2255859375 0.9432373046875
-1.447265625 0.2138671875 0.9608154296875
-0.5546875 0.6826171875 -0.76397705078125
-0.46484375 0.6728515625 -0.2618408203125
-0.64453125 0.2685546875 0.6463623046875
-0.015625 0.2255859375 0.6668701171875
-1.298828125 0.4599609375 0.8768310546875
-0.546875 0.2841796875 -0.0406494140625
-1.447265625 0.2998046875 0.9598388671875
-0.373046875 0.2294921875 -0.0255126953125
-1.146484375 0.3408203125 0.8377685546875
0.546875 0.2021484375 0.8817138671875
0.0625 0.2099609375 0.7020263671875
0.849609375 -0.4228515625 -0.2237548828125
-0.181640625 0.4482421875 0.1883544921875
-0.27734375 0.2373046875 0.8739013671875
0.185546875 0.2138671875 0.9403076171875
0.6953125 -0.5751953125 0.8397216796875
0.408203125 -0.6494140625 0.3563232421875
0.697265625 0.2255859375 0.7244873046875
-0.009765625 0.2255859375 0.8045654296875
-0.5859375 0.4326171875 0.3299560546875
0.6328125 0.2099609375 0.3914794921875
-1.154296875 0.4482421875 0.7596435546875
-0.369140625 0.4169921875 0.0931396484375
0.46875 0.1943359375 0.8719482421875
0.279296875 0.2333984375 -0.2047119140625
0.392578125 0.2216796875 1.0037841796875
0.80078125 0.3427734375 0.1922607421875
0.216796875 0.2177734375 0.8397216796875
-1.056640625 0.4677734375 0.5203857421875
0.75 0.0615234375 0.9686279296875
-0.177734375 0.2099609375 0.6971435546875
0.1640625 -0.6494140625 0.7274169921875
0.5859375 0.2099609375 0.8074951171875
0.265625 -0.6494140625 0.9090576171875
-0.271484375 0.2177734375 0.7313232421875
-1.279296875 0.5087890625 0.2864990234375
-0.037109375 0.4560546875 -0.7129669189453125
-0.08203125 0.2138671875 0.8045654296875
0.380859375 0.2216796875 0.3338623046875
-0.208984375 0.6806640625 -0.71014404296875
0.587890625 0.1865234375 0.5174560546875
0.53125 -0.6181640625 0.7293701171875
-1.134765625 0.3837890625 0.5125732421875
0.712890625 -0.5244140625 0.9100341796875
0.197265625 -0.6259765625 0.8719482421875
0.076171875 -0.6337890625 0.7567138671875
0.52734375 -0.6064453125 0.5125732421875
-0.37890625 0.2333984375 0.8748779296875
-1.451171875 -0.0869140625 0.9031982421875
0.578125 0.2021484375 0.7430419921875
0.625 -0.3017578125 0.9080810546875
0.15625 0.4130859375 0.3758544921875
0.462890625 0.4169921875 0.2469482421875
0.14453125 -0.6376953125 0.6893310546875
0.279296875 0.2333984375 -0.2047119140625
-0.01953125 0.5517578125 -0.6923007965087891
0.33984375 0.1318359375 0.7108154296875
-0.798828125 0.4873046875 0.3182373046875
-1.076171875 0.4501953125 0.7225341796875
-0.361328125 0.2138671875 0.9110107421875
-0.849609375 0.4560546875 0.6063232421875
0.04296875 0.2216796875 0.7391357421875
-0.986328125 0.5126953125 -0.3658447265625
0.20703125 -0.6337890625 0.8397216796875
-1.302734375 0.5263671875 -0.3941650390625
-1.333984375 0.5302734375 -0.4217529296875
0.498046875 0.1826171875 0.4862060546875
-0.908203125 0.4443359375 0.7176513671875
0.220703125 0.2177734375 1.0067138671875
-1.435546875 0.2802734375 0.9598388671875
-0.056640625 0.4482421875 0.2005615234375
-1.037109375 0.4541015625 0.6463623046875
-0.3984375 0.2451171875 0.6551513671875
0.013671875 0.2138671875 1.0164794921875
0.6640625 0.2138671875 0.7869873046875
-0.50390625 0.3330078125 0.3299560546875
-0.212890625 0.0654296875 0.5838623046875
-0.48046875 0.6884765625 -0.2625732421875
-0.25390625 0.2060546875 0.6610107421875
-1.244140625 0.4716796875 0.8270263671875
0.318359375 0.3818359375 0.3406982421875
-1.177734375 0.4970703125 0.5145263671875
-0.615234375 0.2822265625 -0.0494384765625
-0.24609375 0.2763671875 -0.2677001953125
0.595703125 0.2255859375 -0.1627197265625
0.8671875 -0.7548828125 0.0916748046875
0.69921875 0.1005859375 0.8494873046875
0.71484375 -0.6767578125 0.4442138671875
-0.873046875 0.4033203125 0.3367919921875
-0.373046875 0.2294921875 -0.0255126953125
0.6640625 0.2138671875 0.7869873046875
