LARGE_VEHICLE
0.85546875 -1.171875 0.98193359375
1.35546875 -1.1875 1.25439453125
-0.35546875 -1.15625 -1.3330078125
-0.62890625 -1.203125 -0.363525390625
-0.12109375 -1.0 0.2353515625
-1.9453125 -0.921875 -0.22021484375
-1.89453125 -0.8359375 0.34814453125
-1.7109375 -1.1015625 0.76025390625
0.08203125 -1.0703125 0.40576171875
1.32421875 -0.90625 0.37744140625
1.67578125 -1.2421875 0.01708984375
-0.60546875 -1.1171875 0.88818359375
0.04296875 -1.1015625 0.83642578125
0.36328125 -1.1796875 -0.029296875
-1.49609375 -1.1328125 0.107421875
-0.58984375 -1.0859375 1.17431640625
-1.828125 -0.953125 -0.9166259765625
-1.17578125 -1.109375 0.75732421875
1.58203125 -1.1484375 1.37548828125
-0.49609375 -1.1015625 0.92236328125
-0.08984375 -0.8671875 0.40283203125
-0.69921875 -1.0859375 1.17333984375
0.05078125 -1.203125 0.1533203125
-0.25390625 -1.2109375 -0.431640625
-1.1640625 -1.1171875 0.63916015625
-1.4765625 -1.0625 1.33056640625
1.76953125 -1.2734375 -0.16650390625
-0.13671875 -0.921875 0.37353515625
1.26171875 -1.140625 1.36962890625
-1.2734375 -1.125 0.34814453125
1.54296875 -1.2421875 0.02197265625
-0.12109375 -1.140625 0.66650390625
-1.09765625 -1.078125 1.33642578125
-1.859375 -1.0859375 1.04443359375
-0.73046875 -1.125 1.05419921875
-1.2265625 -1.109375 1.05029296875
-0.16015625 -1.1328125 1.22998046875
-1.9296875 -1.015625 1.16455078125
-0.40234375 -1.2109375 -0.371826171875
-0.58984375 -0.9609375 -1.34228515625
-1.58984375 -0.21875 -1.37744140625
1.62109375 -1.1875 0.89697265625
1.41015625 1.1875 1.02294921875
1.16796875 -1.1953125 0.89501953125
-1.54296875 -1.0859375 1.00341796875
0.18359375 -1.1640625 1.26513671875
-0.87109375 -0.734375 -1.3525390625
-1.1640625 -1.140625 0.228515625
0.57421875 -1.234375 -0.4703369140625
-0.60546875 -1.09375 0.83837890625
-0.73046875 -1.046875 0.25048828125
-0.33203125 -1.2265625 -0.6343994140625
-1.55859375 -1.09375 0.67724609375
0.16796875 -1.2421875 -0.997314453125
-0.26953125 -0.9453125 0.150390625
-1.13671875 -1.15625 -0.0654296875
0.64453125 0.796875 0.41552734375
1.05078125 -1.171875 1.27685546875
1.75390625 -1.1875 1.28564453125
0.75390625 -1.0546875 0.45361328125
-1.90625 -1.0625 1.20654296875
0.87890625 -1.1328125 1.36376953125
-1.98828125 -0.9609375 -0.33447265625
1.11328125 -1.1953125 0.2119140625
-1.23828125 -1.1015625 0.67529296875
-1.06640625 -1.1484375 0.09716796875
0.27734375 -1.109375 1.35400390625
-1.1171875 -1.1484375 0.39208984375
0.96484375 -1.21875 0.0400390625
-1.4921875 -1.1015625 1.24853515625
1.52734375 -1.1484375 1.37353515625
0.55078125 -1.1640625 1.06689453125
-0.89453125 -1.171875 -0.941162109375
-1.08203125 -1.0625 1.17041015625
1.12109375 -1.2578125 -1.012451171875
-0.99609375 -1.1953125 -0.602294921875
-1.44140625 -1.140625 0.18798828125
-1.54296875 -1.140625 -0.0087890625
-1.1015625 -1.1015625 1.08740234375
1.15234375 -1.1640625 1.16162109375
0.80078125 -1.171875 -0.309814453125
-0.984375 -1.078125 1.33642578125
-1.953125 -1.0546875 1.20654296875
0.54296875 -1.1640625 1.24072265625
0.16015625 -1.1171875 1.18017578125
1.33203125 1.1796875 1.02294921875
-1.6015625 -1.09375 0.75927734375
-1.6796875 -1.0546875 1.16552734375
-0.09765625 -1.1328125 1.23095703125
0.15234375 -1.1328125 1.09423828125
1.00390625 1.2109375 0.82177734375
0.23828125 -1.1015625 1.32275390625
-1.71875 -1.1328125 0.03173828125
-1.16796875 -1.1015625 1.05029296875
1.94140625 -1.25 0.099609375
-1.01953125 -1.1953125 -0.35009765625
-1.58984375 -1.078125 0.84033203125
1.26953125 -1.265625 -0.439453125
-0.69921875 -1.1796875 -0.07861328125
-1.71875 -1.1328125 0.03173828125
-0.59765625 -1.1796875 0.92236328125
1.76171875 1.1875 1.00830078125
-0.43359375 -1.09375 -1.3359375
0.68359375 -1.1640625 -0.305419921875
-1.546875 -1.125 0.1083984375
-0.67578125 -1.1796875 -0.9530029296875
0.84765625 -1.171875 1.01025390625
-0.69921875 -1.1796875 -0.07861328125
-1.58203125 -1.109375 0.43408203125
-1.2890625 -1.1796875 -0.34130859375
0.58984375 -1.2421875 -0.4111328125
1.78515625 -1.1640625 1.19580078125
-0.11328125 -1.171875 0.72021484375
-1.84765625 -1.0703125 0.88330078125
0.30078125 -1.2109375 0.20361328125
-1.3359375 -1.1328125 0.26708984375
1.93359375 -1.2109375 1.26416015625
-0.70703125 -0.8046875 0.41064453125
0.75390625 -1.1796875 0.39599609375
0.72265625 -1.203125 -0.04052734375
-0.40234375 -1.2109375 -0.371826171875
-1.86328125 -0.96875 -0.584228515625
1.16015625 -1.1875 1.25048828125
1.59765625 0.8984375 0.40283203125
1.87109375 -1.21875 1.08056640625
-1.1171875 -1.140625 0.1806640625
-1.08203125 -1.0625 1.17041015625
-1.54296875 -1.0859375 1.21044921875
0.86328125 -1.2578125 -0.993896484375
-1.72265625 -1.0703125 1.28955078125
-1.234375 -1.0703125 1.29736328125
0.05078125 -1.203125 0.1533203125
-1.55078125 -1.0859375 0.92236328125
-0.23046875 -1.2109375 -0.37890625
-1.43359375 -1.1953125 -0.5816650390625
-0.73046875 -1.1171875 1.22119140625
-0.72265625 -1.1328125 -0.248779296875
0.69140625 1.2734375 1.00244140625
-1.7734375 -1.0703125 -0.9056396484375
0.63671875 -1.2265625 -0.1240234375
1.09765625 -1.1796875 1.24951171875
1.41796875 -1.0234375 0.44482421875
-0.33203125 -1.1875 -0.97265625
0.37109375 -1.2421875 -0.671661376953125
0.80078125 -0.3828125 0.52978515625
-1.12109375 -1.109375 1.00439453125
-1.7421875 -0.890625 1.37744140625
1.54296875 -1.2421875 0.02197265625
0.66796875 -0.296875 0.2802734375
-1.19921875 -1.171875 -0.392333984375
-0.40234375 -1.109375 1.14208984375
-1.75390625 -1.078125 1.24560546875
-1.84375 -0.734375 0.59130859375
1.46484375 -1.3203125 -0.7311782836914062
-0.48046875 -1.203125 -0.42138671875
-1.75390625 -1.0859375 0.96533203125
-1.05859375 -1.109375 1.05126953125
1.45703125 -1.1484375 1.37158203125
-1.33984375 -1.1328125 0.021484375
-1.8984375 -0.734375 0.59228515625
-1.7578125 -1.109375 0.72216796875
-0.64453125 -1.1796875 -0.08056640625
-1.59765625 -1.09375 0.80322265625
-0.16015625 -0.96875 0.54736328125
-0.43359375 -1.09375 -1.3359375
1.32421875 -0.90625 0.37744140625
0.56640625 -0.984375 0.39404296875
0.30859375 -1.140625 1.06396484375
-1.9140625 -1.0390625 1.12548828125
-1.3125 -1.0703125 1.33251953125
-1.3359375 -1.1484375 0.10400390625
0.90234375 -1.2421875 -1.04541015625
-1.64453125 -1.109375 0.35400390625
-0.68359375 -1.1015625 1.13916015625
1.08984375 -1.234375 -0.078125
-1.29296875 -1.0703125 1.29736328125
-0.67578125 -1.171875 -0.029296875
1.74609375 -1.1796875 0.64892578125
-0.16015625 -1.328125 -1.32568359375
0.51953125 -1.25 -1.018798828125
0.78515625 -1.1796875 1.06884765625
-1.75390625 -1.0 0.27001953125
-1.27734375 -1.140625 0.18408203125
-0.88671875 -1.2109375 -0.60699462890625
-0.18359375 -1.09375 1.17724609375
-1.65625 -1.09375 0.92236328125
-0.74609375 -0.8203125 -1.35009765625
-1.16796875 -1.1015625 1.05029296875
-1.90625 -0.484375 0.2509765625
-1.76171875 -1.09375 0.76025390625
-0.79296875 -0.796875 -1.349609375
-1.90625 -0.484375 0.2509765625
-1.59375 -1.09375 1.24755859375
-1.5859375 -1.0859375 0.88427734375
1.10546875 -1.1796875 1.27685546875
1.47265625 -1.234375 0.11376953125
0.73828125 -1.171875 0.54345703125
1.22265625 -1.1953125 1.07373046875
1.07421875 -1.2265625 -0.140625
-0.64453125 -1.1640625 -0.9044189453125
