LARGE_VEHICLE
0.953125 0.1875 0.3907470703125
0.953125 0.03125 0.9488525390625
0.875 0.140625 0.7467041015625
-0.3203125 0.359375 0.4713134765625
-0.7578125 0.2578125 0.5670166015625
-0.7734375 0.359375 0.5269775390625
-0.328125 -0.50390625 0.5718994140625
0.1015625 0.615234375 -0.8323974609375
-0.546875 0.380859375 0.4615478515625
-0.3515625 0.25390625 0.4683837890625
0.921875 0.12109375 0.9263916015625
-0.7421875 0.27734375 0.6041259765625
-0.9453125 0.310546875 0.7515869140625
-0.7265625 0.37109375 0.3775634765625
-0.3203125 -0.43359375 0.6099853515625
0.875 0.1796875 0.7242431640625
0.6953125 0.203125 0.7193603515625
-0.796875 0.390625 0.2213134765625
-0.1796875 0.1171875 0.4351806640625
-0.2734375 -0.578125 0.5728759765625
0.5390625 0.15234375 0.2974853515625
-0.421875 0.318359375 -0.1300048828125
0.921875 0.12109375 0.9263916015625
0.375 0.6171875 -0.7916259765625
0.875 0.0546875 0.8814697265625
-0.2578125 0.03515625 0.6910400390625
-0.203125 0.568359375 -0.2830810546875
-0.2578125 0.03515625 0.6910400390625
0.3046875 0.373046875 -0.47332763671875
-0.9296875 0.26953125 0.7515869140625
-0.125 0.591796875 -0.516448974609375
-0.9453125 0.310546875 0.7515869140625
0.3671875 0.357421875 0.2501220703125
-0.765625 0.4453125 -0.1175537109375
0.5703125 0.19921875 0.8795166015625
0.890625 0.01953125 0.8814697265625
0.890625 0.01953125 0.8814697265625
-0.140625 0.0546875 0.4014892578125
-0.7578125 0.30859375 -0.1605224609375
-0.0078125 -0.3203125 0.4742431640625
0.9453125 0.07421875 0.9488525390625
-0.203125 0.34375 0.4371337890625
0.21875 0.31640625 0.3531494140625
-0.03125 0.35546875 0.2672119140625
0.875 0.03515625 0.7896728515625
0.1640625 0.10546875 0.2740478515625
0.3359375 0.12109375 0.2437744140625
-0.2109375 -0.609375 0.6861572265625
0.0 -0.2265625 0.4761962890625
-0.1640625 0.359375 -0.0726318359375
0.21875 0.30859375 0.0689697265625
-0.1328125 -0.53515625 0.8375244140625
0.0625 0.21484375 0.3424072265625
0.453125 0.1640625 0.9215087890625
0.328125 0.38671875 0.2198486328125
0.8984375 0.2109375 0.3883056640625
-0.203125 0.568359375 -0.2830810546875
0.3125 0.203125 0.2437744140625
0.90625 -0.05859375 0.9254150390625
-0.65625 0.384765625 0.1929931640625
0.875 0.05859375 0.7457275390625
0.90625 -0.05859375 0.9254150390625
-0.5703125 0.376953125 0.3101806640625
0.8515625 0.19921875 0.6558837890625
-0.1875 0.1640625 0.5816650390625
0.8046875 -0.23828125 0.8121337890625
-0.5859375 0.3125 0.2325439453125
-0.5625 0.2734375 0.2330322265625
0.3828125 0.171875 0.7105712890625
-0.2109375 0.294921875 0.4361572265625
-0.1484375 0.00390625 0.4005126953125
-0.53125 0.291015625 0.5357666015625
0.8984375 0.14453125 0.7242431640625
0.8828125 0.125 0.6558837890625
-0.6640625 0.19921875 0.5299072265625
-0.1328125 -0.4765625 0.4283447265625
0.328125 0.603515625 -0.46124267578125
-0.9296875 0.26953125 0.7515869140625
0.921875 -0.09765625 0.9254150390625
-0.3203125 -0.40625 0.5728759765625
-0.15625 0.078125 0.7291259765625
-0.7890625 0.33203125 0.6431884765625
-0.6640625 0.19921875 0.5299072265625
0.8984375 0.0625 0.7232666015625
0.2109375 0.1640625 0.9185791015625
-0.4296875 0.314453125 -0.0943603515625
-0.0625 0.03515625 0.3321533203125
-0.3046875 0.15234375 0.8385009765625
-0.6953125 0.375 0.2271728515625
-0.6796875 0.603515625 -0.9488525390625
0.875 0.140625 0.7467041015625
0.5234375 0.619140625 -0.7694091796875
-0.515625 0.6171875 -0.618438720703125
0.8671875 0.1875 0.6119384765625
-0.328125 -0.50390625 0.5718994140625
0.5390625 0.203125 0.5064697265625
0.3515625 0.171875 0.9205322265625
0.2578125 0.623046875 -0.8089599609375
-0.1953125 -0.5390625 0.4625244140625
0.4609375 0.298828125 0.2535400390625
-0.21875 0.47265625 -0.2879638671875
-0.1640625 0.359375 -0.0726318359375
-0.6875 0.423828125 -0.1116943359375
0.453125 0.19921875 0.8795166015625
-0.8125 0.392578125 0.2969970703125
0.484375 0.12890625 0.2515869140625
-0.2734375 -0.44140625 0.6861572265625
0.6640625 0.19140625 0.6744384765625
-0.1875 0.0234375 0.4332275390625
-0.5859375 0.3125 0.2325439453125
-0.21875 0.47265625 -0.2879638671875
0.6171875 0.359375 0.1007080078125
-0.2734375 0.04296875 0.5787353515625
-0.140625 -0.0390625 0.4000244140625
-0.2109375 0.12890625 0.7672119140625
-0.1875 0.0703125 0.4342041015625
0.921875 -0.09765625 0.9254150390625
0.8828125 0.1015625 0.6793212890625
-0.0234375 0.1171875 0.8433837890625
-0.8046875 0.28125 0.6422119140625
-0.3359375 0.24609375 -0.3074951171875
-0.6796875 0.603515625 -0.9488525390625
0.90625 0.10546875 0.9488525390625
0.4609375 0.5234375 -0.50714111328125
0.90625 -0.015625 0.9254150390625
-0.4921875 0.24609375 0.1622314453125
0.1015625 0.615234375 -0.8323974609375
-0.546875 0.333984375 0.5357666015625
0.0078125 -0.27734375 0.4371337890625
0.6171875 0.359375 0.1007080078125
-0.2734375 0.04296875 0.5787353515625
-0.5546875 0.1875 0.0054931640625
-0.25 -0.57421875 0.7232666015625
0.21875 0.30859375 0.0689697265625
-0.7890625 0.23828125 0.6783447265625
-0.6953125 0.375 0.2271728515625
-0.9140625 0.400390625 0.2139892578125
-0.5625 0.365234375 0.4234619140625
0.84375 0.00390625 0.7457275390625
-0.2109375 -0.609375 0.6861572265625
-0.3359375 0.341796875 -0.3038330078125
0.90625 -0.05859375 0.9254150390625
-0.59375 0.404296875 0.0079345703125
-0.2578125 0.06640625 0.7652587890625
-0.203125 0.61328125 -0.2813720703125
-0.046875 0.1328125 0.3350830078125
-0.1484375 0.328125 0.4053955078125
-0.578125 0.36328125 0.2340087890625
-0.7890625 0.23828125 0.6783447265625
0.0078125 -0.23046875 0.4381103515625
0.453125 0.1640625 0.9215087890625
0.8984375 0.0625 0.7232666015625
-0.2265625 0.33984375 -0.1124267578125
-0.9140625 0.400390625 0.2139892578125
-0.671875 0.2890625 -0.0013427734375
-0.4296875 0.369140625 0.3179931640625
-0.1953125 -0.59765625 0.7242431640625
0.0703125 -0.37890625 0.3311767578125
-0.8984375 0.40625 -0.0159912109375
-0.90625 0.2578125 0.1343994140625
-0.359375 0.16015625 0.5406494140625
-0.203125 0.078125 0.5465087890625
-0.0078125 -0.2734375 0.5484619140625
-0.1953125 0.15234375 0.6549072265625
-0.421875 0.37890625 0.3927001953125
-0.328125 -0.50390625 0.5718994140625
0.6875 0.20703125 0.6070556640625
-0.2109375 -0.5859375 0.7613525390625
-0.9296875 0.2421875 0.7164306640625
0.296875 0.171875 0.6373291015625
-0.359375 0.16015625 0.5406494140625
-0.203125 -0.12109375 0.4312744140625
-0.1953125 -0.59765625 0.7242431640625
0.6484375 0.279296875 0.2388916015625
-0.3515625 0.25390625 0.4683837890625
-0.3046875 -0.5703125 0.6080322265625
-0.3359375 0.341796875 -0.3038330078125
0.5703125 0.16015625 0.7418212890625
0.6640625 0.19140625 0.6744384765625
-0.1796875 0.12890625 0.5474853515625
-0.6640625 0.19921875 0.5299072265625
0.8671875 0.0546875 0.9254150390625
-0.0078125 -0.3203125 0.4742431640625
-0.7421875 0.27734375 0.6041259765625
0.875 0.14453125 0.9254150390625
-0.1484375 0.16015625 0.8414306640625
0.875 0.05859375 0.7457275390625
-0.7421875 0.27734375 0.6041259765625
-0.140625 -0.0390625 0.4000244140625
0.0625 0.21484375 0.3424072265625
-0.9609375 0.287109375 0.1314697265625
0.53125 0.1875 0.6715087890625
0.0 0.04296875 0.5865478515625
0.328125 0.12109375 0.2843017578125
-0.3203125 -0.01171875 0.5406494140625
0.8671875 0.18359375 0.7467041015625
-0.2421875 0.25 0.3995361328125
0.6953125 0.203125 0.7193603515625
0.3359375 0.171875 0.4976806640625
0.7734375 0.203125 0.5172119140625
