LARGE_VEHICLE
-0.55224609375 -0.640625 0.4456787109375
0.73583984375 -1.09375 -0.0308837890625
0.52880859375 -0.90625 -0.2222900390625
0.30810546875 -0.359375 -0.0240478515625
-0.07275390625 -0.609375 -0.6588134765625
1.11474609375 -1.03125 -0.0299072265625
-0.76123046875 -0.984375 0.5550537109375
1.06982421875 0.53125 -0.8819580078125
-0.45751953125 -0.65625 0.1292724609375
-0.15283203125 -0.625 -0.5006103515625
-0.06103515625 -0.171875 0.2581787109375
0.46435546875 0.109375 -0.8297119140625
-0.61279296875 0.578125 -0.1793212890625
0.44677734375 -1.25 0.2406005859375
-0.17431640625 -0.375 0.4534912109375
-0.24658203125 -0.59375 -0.5006103515625
0.81982421875 -1.078125 -0.0308837890625
-0.57861328125 -1.03125 0.3988037109375
-0.17236328125 -0.546875 -0.0260009765625
0.59326171875 -0.796875 1.2288818359375
-1.31298828125 0.703125 -0.0133056640625
0.01708984375 -0.484375 0.0941162109375
0.87646484375 -0.5625 0.8870849609375
-0.88623046875 -0.078125 0.9437255859375
0.49169921875 0.203125 0.7972412109375
-0.36376953125 -0.65625 0.0921630859375
0.99560546875 0.0625 0.4261474609375
-1.01416015625 -0.578125 -0.1861572265625
-0.18603515625 -1.140625 0.8616943359375
-0.26220703125 -0.578125 0.1302490234375
1.28076171875 -0.9375 -0.2222900390625
0.89208984375 -0.03125 0.4241943359375
-0.36376953125 -0.65625 0.0921630859375
0.41552734375 -0.34375 -0.6617431640625
-0.77978515625 -1.0 -0.2222900390625
-1.11865234375 0.25 0.4691162109375
0.80615234375 -0.21875 0.9007568359375
0.41552734375 -0.34375 -0.6617431640625
-0.55029296875 -0.46875 -0.0260009765625
0.47998046875 -0.90625 -0.1861572265625
0.62841796875 0.015625 0.9085693359375
-0.24462890625 -1.0625 1.0550537109375
1.07177734375 0.546875 -1.0025634765625
0.97412109375 -0.734375 -0.4996337890625
-1.07177734375 0.125 0.6273193359375
0.35693359375 -0.65625 -1.0118408203125
1.11083984375 -1.046875 0.0892333984375
-0.08837890625 -0.46875 0.5706787109375
0.54833984375 -1.203125 0.1214599609375
1.18505859375 -0.9375 -0.2222900390625
0.68701171875 -0.1875 -0.3834228515625
-0.92626953125 -0.78125 0.0902099609375
-1.43408203125 1.28125 -0.3912353515625
0.51123046875 -0.5 -0.8570556640625
-0.08447265625 -0.5 -0.0260009765625
0.80615234375 -0.046875 0.4652099609375
-0.15478515625 -1.03125 1.0570068359375
1.11474609375 0.53125 -1.0469970703125
0.74169921875 -0.21875 0.9417724609375
0.32177734375 -0.5625 -0.8551025390625
-0.19189453125 -0.578125 -0.5386962890625
1.31591796875 -0.90625 -0.1851806640625
-1.41357421875 0.8125 -0.0123291015625
1.21435546875 -0.796875 -0.3795166015625
-1.24462890625 0.78125 -0.0572509765625
-1.31298828125 0.703125 -0.0133056640625
-0.58935546875 -0.515625 0.2894287109375
-0.82470703125 -1.0 -0.1881103515625
1.40771484375 -0.8125 -0.0269775390625
0.75537109375 -0.8125 1.3480224609375
-0.45947265625 -0.546875 0.0931396484375
0.70263671875 -0.75 0.6019287109375
0.68115234375 -0.015625 0.3031005859375
-1.01123046875 -0.59375 -0.3433837890625
0.55615234375 -0.484375 -1.0167236328125
1.39990234375 -0.84375 -0.3795166015625
-0.85498046875 0.734375 -0.2222900390625
1.41357421875 -0.828125 0.0921630859375
0.66748046875 -0.484375 0.4124755859375
0.82958984375 -1.171875 0.1224365234375
0.55615234375 -0.484375 -1.0167236328125
0.55810546875 -0.953125 -0.0299072265625
-0.35205078125 -0.59375 -0.3433837890625
0.87646484375 -0.5625 0.8870849609375
-0.71044921875 0.84375 -0.3443603515625
0.03857421875 -0.984375 0.9027099609375
-1.20654296875 0.484375 0.1468505859375
0.91552734375 -0.75 0.2874755859375
0.03466796875 -0.90625 1.3773193359375
0.51123046875 -0.5 -0.8570556640625
-0.03759765625 -1.0 0.7464599609375
-1.41357421875 0.8125 -0.0123291015625
-0.63232421875 0.25 -0.0181884765625
-0.37939453125 -0.703125 0.5648193359375
1.06982421875 0.53125 -0.8819580078125
0.71044921875 -0.171875 -0.3424072265625
-0.07275390625 -0.609375 -0.6588134765625
-0.38134765625 -0.6875 0.4066162109375
0.54833984375 -1.203125 0.1214599609375
-1.24462890625 0.78125 -0.0572509765625
0.58154296875 -0.375 0.5745849609375
0.72412109375 -0.671875 0.7620849609375
0.39404296875 -0.828125 -0.1861572265625
-0.83935546875 -1.0 0.1224365234375
-0.61279296875 0.578125 -0.1793212890625
-1.02978515625 -0.625 0.4456787109375
-1.02197265625 -0.578125 -0.0279541015625
0.53076171875 -0.5 -1.1368408203125
-0.01416015625 -0.578125 -0.2222900390625
-0.13134765625 -0.96875 0.7484130859375
-0.97900390625 -0.640625 0.6019287109375
-0.45947265625 -0.640625 0.2503662109375
0.29443359375 0.328125 -0.7125244140625
1.22021484375 -0.9375 -0.1861572265625
-1.31201171875 0.5625 0.2698974609375
-1.24853515625 0.96875 -0.2222900390625
0.54443359375 -0.125 -0.8258056640625
-0.37548828125 -0.453125 -0.3814697265625
-0.34228515625 -0.796875 1.2249755859375
0.62841796875 0.015625 0.9085693359375
-0.74755859375 -0.96875 0.2445068359375
-0.68798828125 -1.0625 -0.2222900390625
-1.31201171875 0.5625 0.2698974609375
1.12255859375 -0.765625 -0.3795166015625
-0.92919921875 -0.484375 0.4495849609375
0.31591796875 -0.625 -0.9742431640625
0.94287109375 -0.109375 1.1077880859375
1.00927734375 0.4375 -1.0445556640625
-1.02099609375 -0.609375 0.2503662109375
-0.16455078125 -0.609375 -0.3433837890625
-0.06689453125 -0.5625 -0.3433837890625
-0.15283203125 -1.15625 1.3597412109375
0.51123046875 -0.890625 0.5960693359375
-0.96142578125 -0.703125 0.2855224609375
0.11083984375 -0.703125 -0.3433837890625
0.72021484375 -0.140625 -0.1822509765625
0.21240234375 -0.703125 -0.1851806640625
0.43310546875 -0.90625 -0.0660400390625
-0.45166015625 -0.3125 1.3734130859375
0.72412109375 -0.671875 0.7620849609375
-0.47314453125 -0.5625 0.4085693359375
0.99560546875 0.0625 0.4261474609375
0.62841796875 0.015625 0.9085693359375
-1.34716796875 0.46875 0.3109130859375
0.75537109375 -0.8125 1.3480224609375
-1.14794921875 0.890625 -0.2222900390625
0.71044921875 -0.171875 -0.3424072265625
-0.67041015625 -0.96875 0.4007568359375
-0.06689453125 -0.5625 -0.3433837890625
0.63818359375 -1.203125 0.1214599609375
0.61865234375 -0.375 -0.5025634765625
0.20849609375 0.859375 -0.8424072265625
-0.55908203125 0.65625 -0.2222900390625
-0.70458984375 -1.0 1.0570068359375
-0.26220703125 -0.578125 0.1302490234375
-0.68505859375 -1.0625 -0.0679931640625
1.07177734375 0.546875 -1.0025634765625
-0.96435546875 -0.671875 -0.2222900390625
0.91357421875 -1.078125 -0.0308837890625
0.73193359375 -1.125 0.0872802734375
0.02685546875 -0.75 1.2288818359375
0.47802734375 0.125 -0.7095947265625
-1.34423828125 0.875 -0.0562744140625
1.41357421875 -0.828125 0.0921630859375
-1.43408203125 1.28125 -0.3912353515625
-0.20751953125 -0.65625 -0.2222900390625
1.07177734375 0.546875 -1.0025634765625
1.11083984375 -1.046875 0.0892333984375
-0.01416015625 -0.578125 -0.2222900390625
0.36474609375 -1.078125 0.1234130859375
0.37646484375 0.390625 -0.5064697265625
0.88427734375 0.578125 -0.8375244140625
0.30419921875 -0.46875 0.0950927734375
-0.33642578125 -0.46875 -0.5015869140625
0.29443359375 0.328125 -0.7125244140625
-1.04833984375 0.84375 -0.2222900390625
-0.34228515625 -0.421875 -0.6607666015625
-0.47314453125 -0.5625 0.4085693359375
-0.36962890625 -0.6875 0.4437255859375
-0.36572265625 -0.671875 0.2503662109375
1.39990234375 -0.84375 -0.3795166015625
-1.04833984375 0.84375 -0.2222900390625
-1.23095703125 1.09375 -0.3902587890625
-0.43798828125 -0.5 -0.1851806640625
0.38623046875 -0.859375 -0.3424072265625
0.47802734375 0.125 -0.7095947265625
1.11474609375 -1.03125 -0.0299072265625
-0.65966796875 -1.078125 0.0872802734375
1.07763671875 -1.015625 -0.0670166015625
1.01318359375 0.125 0.4691162109375
-0.64892578125 -1.046875 0.1224365234375
0.84912109375 -0.046875 1.1116943359375
-0.15283203125 -1.15625 1.3597412109375
-0.74169921875 -0.984375 0.1234130859375
0.82373046875 -1.140625 0.0872802734375
-0.84814453125 -0.140625 0.4183349609375
-0.38134765625 -0.6875 0.4066162109375
-0.07470703125 -0.375 0.4534912109375
-0.17431640625 -0.375 0.4534912109375
-0.63232421875 0.25 -0.0181884765625
