LARGE_VEHICLE
1.96875 -0.85400390625 0.28632354736328125
1.96875 -0.52880859375 0.28632354736328125
1.90625 -0.79638671875 -0.25664520263671875
1.90625 -0.46240234375 -0.8010787963867188
1.90625 -0.46826171875 -0.25664520263671875
1.90625 -0.13623046875 -0.8005905151367188
1.90625 -0.84228515625 0.8292922973632812
1.90625 -0.21630859375 0.28730010986328125
1.90625 -1.06201171875 1.3703079223632812
1.90625 0.51416015625 -0.8001022338867188
1.90625 -0.73779296875 1.3703079223632812
1.90625 -0.41162109375 1.3703079223632812
1.90625 0.84033203125 -0.7996139526367188
1.90625 0.83251953125 -0.25469207763671875
1.90625 -0.08544921875 1.3722610473632812
1.90625 0.76025390625 0.28827667236328125
1.90625 1.13330078125 -0.7996139526367188
1.90625 1.14306640625 -0.25469207763671875
1.90625 0.24072265625 1.3722610473632812
1.90625 0.78759765625 0.8312454223632812
1.90625 1.08447265625 0.28827667236328125
1.84375 -0.14208984375 -0.25566864013671875
1.90625 1.11181640625 0.8312454223632812
1.90625 1.40869140625 0.28827667236328125
1.84375 0.18994140625 -0.8005905151367188
1.84375 -0.51513671875 0.8292922973632812
1.84375 0.19970703125 -0.25566864013671875
1.84375 0.10986328125 0.28730010986328125
1.84375 -0.18896484375 0.8312454223632812
1.84375 0.49267578125 -0.25566864013671875
1.84375 0.45166015625 0.28730010986328125
1.84375 0.13720703125 0.8312454223632812
1.84375 0.46337890625 0.8312454223632812
1.84375 0.56884765625 1.3722610473632812
1.84375 0.89501953125 1.3742141723632812
1.84375 1.42431640625 0.8331985473632812
1.84375 1.18994140625 1.3742141723632812
1.03125 -0.21826171875 -1.3552780151367188
1.03125 0.10986328125 -1.3545761108398438
0.90625 -1.42431640625 -0.8127975463867188
0.84375 -1.20263671875 -1.3584823608398438
0.78125 -0.87158203125 -1.3593063354492188
0.34375 0.46142578125 -1.3660202026367188
-0.09375 -0.52099609375 -1.3742141723632812
