LARGE_VEHICLE
1.96875 -1.224609375 0.0205078125
1.96875 -0.85546875 0.01953125
1.96875 -0.9375 0.630859375
1.96875 -1.29296875 1.2431640625
1.96875 -0.55078125 0.630859375
1.90625 -0.88671875 -0.59375
1.96875 0.783203125 0.6357421875
1.90625 -0.130859375 -0.59619140625
1.90625 -0.923828125 1.2431640625
1.90625 -0.19921875 0.6298828125
1.90625 0.603515625 -0.59765625
1.90625 0.619140625 0.01611328125
1.90625 0.970703125 -0.598388671875
1.90625 0.966796875 0.015625
1.90625 0.904296875 0.6279296875
1.84375 -0.517578125 -0.595458984375
1.84375 -0.486328125 0.01806640625
1.90625 1.271484375 0.626953125
1.84375 -0.13671875 0.017578125
1.84375 -0.5546875 1.2431640625
1.84375 0.23828125 -0.59716796875
1.84375 0.232421875 0.0166015625
1.84375 -0.185546875 1.2412109375
1.84375 0.16796875 0.62890625
1.84375 0.1640625 1.2412109375
1.84375 0.537109375 0.6279296875
1.84375 0.55078125 1.2412109375
1.84375 0.919921875 1.2392578125
1.84375 1.267578125 1.2392578125
1.09375 -0.228515625 -1.225341796875
0.96875 -1.337890625 -1.2255859375
0.78125 -0.962890625 -1.22998046875
0.09375 -0.57421875 -1.2431640625
