LARGE_VEHICLE
2.0 -1.076171875 -0.662933349609375
2.0 -0.654296875 -0.663421630859375
2.0 -1.11328125 0.666656494140625
2.0 -0.7109375 0.666656494140625
2.0 -0.322265625 0.000640869140625
2.0 -1.001953125 1.346343994140625
2.0 -0.599609375 1.346343994140625
2.0 -0.19921875 1.346343994140625
2.0 0.203125 1.344390869140625
2.0 0.86328125 -0.000335693359375
1.9375 -0.25 -0.664886474609375
2.0 1.265625 -0.001312255859375
1.9375 -0.326171875 0.666656494140625
1.9375 0.15234375 -0.664886474609375
1.9375 0.0390625 0.000640869140625
1.9375 0.07421875 0.664703369140625
1.9375 0.55078125 -0.665863037109375
1.9375 0.4609375 -0.000335693359375
1.9375 0.4765625 0.664703369140625
1.9375 0.953125 -0.666351318359375
1.9375 0.85546875 0.664703369140625
1.9375 0.60546875 1.344390869140625
1.9375 1.28125 0.664703369140625
1.9375 0.98828125 1.344390869140625
1.875 1.39453125 1.346343994140625
0.75 -1.03515625 -1.346343994140625
