LARGE_VEHICLE
-1.8125 -1.90625 0.110595703125
-1.5 -1.96875 -1.062255859375
-1.3125 -1.96875 0.108642578125
-1.3125 -1.40625 -0.658447265625
-1.125 -1.15625 -0.487548828125
-0.9375 -1.34375 0.518798828125
-1.3125 -0.90625 -0.6627197265625
-1.25 -0.78125 -0.489501953125
-1.25 -0.78125 -0.068603515625
-1.1875 -0.71875 1.109619140625
-1.0625 -0.59375 1.287353515625
-0.25 -1.28125 0.693603515625
0.0 -1.46875 0.693603515625
-1.0 -0.46875 0.694580078125
-1.125 -0.15625 1.289306640625
-1.125 -0.09375 1.111572265625
-1.0625 -0.03125 0.694580078125
-0.4375 0.15625 -1.1016845703125
1.0625 -0.96875 1.291259765625
-0.8125 1.21875 0.093505859375
-0.875 1.28125 0.518798828125
-0.8125 1.21875 1.297119140625
-1.0 1.59375 0.519775390625
-0.1875 0.84375 -0.6898193359375
-0.6875 1.40625 -0.081298828125
-0.6875 1.40625 0.694580078125
-0.6875 1.40625 1.119384765625
1.3125 -0.21875 1.297119140625
1.1875 0.65625 -1.306884765625
1.5 0.53125 1.299072265625
1.625 1.15625 1.302978515625
1.8125 1.90625 1.306884765625
