LARGE_VEHICLE
-1.8125 1.0107421875 -1.287109375
-1.75 1.4033203125 -0.412353515625
-1.75 1.0849609375 -0.98046875
-1.6875 0.8603515625 -0.71875
-1.625 0.7392578125 -0.982421875
-1.625 0.5146484375 -0.72021484375
-1.625 0.6630859375 -1.2919921875
-1.625 0.4033203125 -0.1497802734375
-1.5625 1.1357421875 0.152587890625
-1.5625 1.2021484375 -0.72119140625
-1.5625 0.9580078125 0.426513671875
-1.5625 0.7939453125 0.153076171875
-1.5625 0.6318359375 0.426513671875
-1.5625 0.4521484375 0.15362548828125
-1.5625 0.2880859375 0.42626953125
-1.5625 0.1083984375 0.15435791015625
-1.5625 -0.2509765625 0.15460205078125
-1.5 1.2900390625 0.998046875
-1.5 1.3447265625 -1.296875
-1.5 1.0751953125 0.72802734375
-1.5 1.1396484375 1.296875
-1.5625 -0.7431640625 0.426513671875
-1.5 0.9462890625 0.998046875
-1.5 0.7314453125 0.728515625
-1.5625 -0.9189453125 0.1556396484375
-1.5 0.6025390625 0.998046875
-1.5 0.2919921875 0.998046875
-1.5 -0.0751953125 0.42626953125
-1.5 -0.0517578125 0.99853515625
-1.5 -0.4033203125 0.426025390625
-1.5 -0.3955078125 0.99853515625
-1.5 -0.5791015625 0.155029296875
-1.5 -1.0908203125 0.426025390625
-1.4375 0.3896484375 0.72900390625
-1.4375 0.0634765625 0.72998046875
-1.4375 -0.2822265625 0.72998046875
-1.4375 -0.6259765625 0.73095703125
-1.4375 -0.7431640625 0.99853515625
-1.4375 -0.9697265625 0.7314453125
-1.4375 -1.0869140625 0.99853515625
1.8125 -1.4033203125 1.2939453125
