LARGE_VEHICLE
-1.703125 1.291015625 -1.21954345703125
-1.671875 0.951171875 -0.60784912109375
-1.640625 1.037109375 -0.91522216796875
-1.671875 0.673828125 -1.020233154296875
-1.640625 0.849609375 -0.91607666015625
-1.609375 1.189453125 -0.00018310546875
-1.578125 1.427734375 -0.30291748046875
-1.609375 1.052734375 -0.71722412109375
-1.671875 0.494140625 -0.91632080078125
-1.640625 0.763671875 -0.60858154296875
-1.671875 0.482421875 -1.02056884765625
-1.578125 1.361328125 -0.00018310546875
-1.640625 0.689453125 -0.71722412109375
-1.640625 0.666015625 -0.91619873046875
-1.609375 0.998046875 -0.00018310546875
-1.609375 0.880859375 -0.71722412109375
-1.578125 1.236328125 0.19024658203125
-1.578125 1.103515625 -1.22393798828125
-1.640625 0.587890625 -0.60858154296875
-1.671875 0.298828125 -0.91656494140625
-1.578125 1.181640625 0.30743408203125
-1.578125 1.083984375 -0.11297607421875
-1.546875 1.416015625 0.18927001953125
-1.609375 0.810546875 -0.00018310546875
-1.578125 1.216796875 0.61309814453125
-1.546875 1.361328125 0.30645751953125
-1.578125 1.044921875 0.19024658203125
-1.546875 1.244140625 -0.11297607421875
-1.640625 0.396484375 -0.60906982421875
-1.546875 1.396484375 0.61309814453125
-1.578125 1.080078125 0.49200439453125
-1.671875 0.150390625 -0.41424560546875
-1.578125 0.892578125 -0.11248779296875
-1.640625 0.333984375 -0.30242919921875
-1.640625 0.322265625 -0.41473388671875
-1.578125 0.880859375 0.19024658203125
-1.609375 0.513671875 -0.30291748046875
-1.609375 0.498046875 -0.41522216796875
-1.578125 0.908203125 0.49298095703125
-1.609375 0.517578125 -0.11248779296875
-1.609375 0.505859375 0.19122314453125
-1.578125 0.708984375 -0.11248779296875
-1.609375 0.439453125 -0.00018310546875
-1.640625 0.150390625 -0.30291748046875
-1.546875 0.994140625 0.30743408203125
-1.578125 0.697265625 0.19024658203125
-1.578125 0.634765625 -0.00018310546875
-1.609375 0.353515625 -0.11199951171875
-1.546875 1.064453125 0.79473876953125
-1.578125 0.712890625 0.49298095703125
-1.578125 0.681640625 0.61407470703125
-1.546875 1.033203125 0.92071533203125
-1.609375 0.326171875 0.19122314453125
-1.609375 0.255859375 -0.00018310546875
-1.546875 0.810546875 0.30743408203125
-1.515625 1.271484375 1.09844970703125
-1.546875 0.884765625 0.79571533203125
-1.609375 0.314453125 0.61407470703125
-1.578125 0.533203125 0.49395751953125
-1.609375 0.162109375 -0.11199951171875
-1.578125 0.451171875 0.30743408203125
-1.546875 0.861328125 0.92071533203125
-1.609375 0.154296875 0.19122314453125
-1.578125 0.486328125 0.61407470703125
-1.609375 0.091796875 -0.00018310546875
-1.609375 0.177734375 0.49395751953125
-1.546875 0.626953125 0.30743408203125
-1.515625 0.716796875 -1.22711181640625
-1.640625 -0.193359375 -0.11151123046875
-1.546875 0.701171875 0.79571533203125
-1.578125 0.482421875 0.92071533203125
-1.578125 0.357421875 0.49395751953125
-1.609375 0.119140625 0.61505126953125
-1.609375 -0.021484375 -0.11199951171875
-1.546875 0.666015625 0.92071533203125
-1.578125 0.255859375 0.30743408203125
-1.578125 0.345703125 0.79669189453125
-1.609375 -0.033203125 0.19122314453125
-1.515625 0.912109375 1.10040283203125
-1.609375 -0.013671875 0.49493408203125
-1.609375 -0.107421875 -0.00018310546875
-1.546875 0.529296875 0.79669189453125
-1.578125 0.294921875 0.92169189453125
-1.640625 -0.384765625 -0.11151123046875
-1.484375 1.103515625 1.09844970703125
-1.609375 -0.064453125 0.61505126953125
-1.578125 0.080078125 0.30743408203125
-1.578125 0.173828125 0.79766845703125
-1.515625 0.732421875 1.10040283203125
-1.453125 0.892578125 -1.22930908203125
-1.515625 0.767578125 1.22540283203125
-1.609375 -0.224609375 0.19219970703125
-1.609375 -0.283203125 -0.00018310546875
-1.609375 -0.197265625 0.49493408203125
-1.671875 -0.740234375 -0.11102294921875
-1.578125 0.111328125 0.92169189453125
-1.640625 -0.568359375 -0.11151123046875
-1.609375 -0.251953125 0.61505126953125
-1.578125 -0.103515625 0.30743408203125
-1.640625 -0.580078125 0.19219970703125
-1.515625 0.595703125 1.22540283203125
-1.578125 -0.021484375 0.79766845703125
-1.515625 0.541015625 1.10040283203125
-1.609375 -0.408203125 0.19219970703125
-1.609375 -0.373046875 0.49493408203125
-1.609375 -0.466796875 -0.00018310546875
-1.578125 -0.056640625 0.92266845703125
-1.546875 0.185546875 1.10235595703125
-1.609375 -0.470703125 0.30841064453125
-1.609375 -0.435546875 0.61505126953125
-1.578125 -0.287109375 0.30743408203125
-1.515625 0.373046875 1.10040283203125
-1.515625 0.400390625 1.22735595703125
-1.640625 -0.763671875 0.19219970703125
-1.578125 -0.205078125 0.79864501953125
-1.640625 -0.736328125 0.49591064453125
-1.609375 -0.556640625 0.49591064453125
-1.578125 -0.248046875 0.92266845703125
-1.609375 -0.662109375 -0.00018310546875
-1.640625 -0.787109375 0.61602783203125
-1.609375 -0.619140625 0.61602783203125
-1.515625 0.216796875 1.22735595703125
-1.578125 -0.376953125 0.79864501953125
-1.640625 -0.951171875 0.19317626953125
-1.609375 -0.607421875 0.92364501953125
-1.640625 -0.919921875 0.49591064453125
-1.578125 -0.435546875 0.92266845703125
-1.609375 -0.849609375 -0.00018310546875
-1.515625 0.048828125 1.22735595703125
-1.609375 -0.841796875 0.30841064453125
-1.515625 -0.001953125 1.10235595703125
-1.609375 -0.751953125 0.79962158203125
-1.578125 -0.662109375 0.30841064453125
-1.578125 -0.572265625 0.79962158203125
-1.546875 -0.322265625 1.22930908203125
-1.546875 -0.369140625 1.10430908203125
-1.515625 -0.173828125 1.10235595703125
-1.515625 -0.146484375 1.22735595703125
-1.609375 -1.021484375 0.30841064453125
-1.578125 -0.802734375 0.92364501953125
-1.546875 -0.505859375 1.22930908203125
-1.546875 -0.552734375 1.10430908203125
-1.546875 -0.724609375 1.10430908203125
-1.546875 -0.701171875 1.22930908203125
-1.546875 -0.888671875 1.22930908203125
0.203125 1.435546875 -0.13250732421875
0.359375 1.373046875 -0.44744873046875
0.359375 1.333984375 -0.02166748046875
1.546875 1.443359375 0.17364501953125
1.703125 -1.443359375 0.82305908203125
1.703125 -1.419921875 1.14727783203125
