LARGE_VEHICLE
1.609375 -0.09375 -0.95849609375
1.203125 -0.015625 -0.96044921875
0.796875 0.078125 -0.96240234375
1.109375 -0.828125 1.06494140625
0.890625 -0.71875 -0.55810546875
0.484375 0.21875 -1.37109375
0.421875 0.375 -0.80908203125
0.953125 -0.953125 -0.55810546875
0.765625 -0.53125 -0.40185546875
0.828125 -0.75 -0.15185546875
0.890625 -1.0 -0.15185546875
0.703125 -0.578125 0.00634765625
0.171875 0.578125 -1.2158203125
0.828125 -0.90625 0.66455078125
0.328125 0.15625 -0.96533203125
0.703125 -0.6875 0.25830078125
0.703125 -0.6875 0.82080078125
0.765625 -0.9375 0.25830078125
0.296875 0.09375 -0.55810546875
0.390625 -0.140625 -0.55810546875
0.609375 -0.625 0.41455078125
0.640625 -0.625 1.23095703125
0.484375 -0.40625 0.00634765625
0.671875 -0.765625 1.07275390625
0.671875 -0.734375 1.63720703125
0.609375 -0.71875 0.66650390625
0.515625 -0.609375 -0.55810546875
0.640625 -0.84375 0.41650390625
0.796875 -1.1875 0.66650390625
0.453125 -0.40625 0.41650390625
0.015625 0.5 -1.62744140625
0.484375 -0.515625 0.82275390625
0.015625 0.484375 -0.81005859375
0.390625 -0.421875 -0.40087890625
0.515625 -0.53125 1.63916015625
0.453125 -0.4375 1.23291015625
0.015625 0.3125 -1.3759765625
0.421875 -0.640625 -0.14990234375
0.390625 -0.609375 1.07861328125
-0.234375 0.671875 -1.21923828125
0.484375 -0.859375 1.48876953125
-0.046875 0.21875 -0.55810546875
0.078125 -0.3125 0.01025390625
-0.171875 0.234375 -0.96728515625
0.203125 -0.609375 0.26220703125
0.171875 -0.640625 0.67236328125
0.015625 -0.3125 0.42041015625
0.078125 -0.421875 0.83056640625
0.203125 -0.671875 1.49267578125
-0.421875 0.5625 -1.63330078125
0.078125 -0.484375 1.08447265625
0.015625 -0.328125 1.24072265625
-0.484375 0.5625 -0.81103515625
-0.484375 0.34375 -1.38134765625
-0.734375 0.75 -1.22265625
-0.546875 0.28125 -0.55810546875
-0.609375 0.3125 -0.97021484375
-0.921875 0.640625 -1.63916015625
-0.921875 0.640625 -0.81201171875
-0.921875 0.453125 -1.3857421875
-0.984375 0.4375 -0.97216796875
-1.171875 0.84375 -1.2255859375
-0.984375 0.375 -0.55810546875
-1.421875 0.78125 -1.39013671875
-1.609375 1.1875 -1.228515625
-1.546875 0.75 -0.97412109375
-1.421875 0.1875 -0.39599609375
-1.421875 -0.0625 -0.39599609375
