LARGE_VEHICLE
-1.125 1.89990234375 -0.4658203125
-0.75 1.66552734375 -0.4365234375
-0.75 1.14599609375 -0.4345703125
-0.625 0.87841796875 -0.4619140625
-0.625 1.25341796875 0.4033203125
-0.5 1.25927734375 0.4345703125
-0.375 0.61865234375 -0.4306640625
-0.375 0.34912109375 -0.4580078125
-0.25 0.09130859375 -0.4267578125
-0.25 0.68115234375 0.4404296875
-0.25 0.22412109375 0.4091796875
-0.125 -0.17822265625 -0.4560546875
0.0 0.15380859375 0.4443359375
0.0 -0.32666015625 0.4130859375
0.125 -0.43603515625 -0.4228515625
0.125 -0.70947265625 -0.4541015625
0.25 -0.32275390625 0.4501953125
0.25 -0.86181640625 0.4169921875
0.375 -0.94384765625 -0.4208984375
0.375 -1.24072265625 -0.4521484375
0.5 -0.85791015625 0.4560546875
0.5 -1.36962890625 0.4208984375
0.625 -1.75244140625 -0.4482421875
0.625 -1.38916015625 0.4599609375
0.75 -1.51025390625 -0.4150390625
0.875 -1.93212890625 0.4267578125
0.875 -1.92041015625 0.4658203125
