LARGE_VEHICLE
1.421875 0.0859375 -0.6715240478515625
1.015625 0.1796875 -0.6734771728515625
1.015625 -0.6640625 -0.2672271728515625
1.140625 -0.8359375 1.3646087646484375
0.921875 -0.4921875 -0.1178131103515625
1.046875 -0.6015625 1.9212493896484375
0.703125 -0.0078125 -0.2672271728515625
0.546875 0.2578125 -0.6754302978515625
0.953125 -0.6796875 0.1399993896484375
0.546875 0.2109375 -0.2672271728515625
0.859375 -0.6328125 0.5501556396484375
0.796875 -0.5546875 0.2923431396484375
0.703125 -0.3515625 0.2923431396484375
0.734375 -0.4296875 1.1107025146484375
0.671875 -0.3359375 0.7024993896484375
0.640625 -0.3359375 -0.1168365478515625
0.796875 -0.6484375 0.9603118896484375
0.609375 -0.3046875 -0.2672271728515625
0.828125 -0.6953125 1.3704681396484375
0.796875 -0.6640625 1.1107025146484375
0.671875 -0.3515625 1.5208587646484375
0.859375 -0.9140625 0.5521087646484375
0.859375 -0.8828125 0.9603118896484375
0.734375 -0.4765625 1.9290618896484375
0.671875 -0.5546875 -0.2672271728515625
0.671875 -0.6015625 0.7024993896484375
0.609375 -0.5859375 0.1419525146484375
0.203125 0.3359375 -0.2672271728515625
0.578125 -0.5546875 1.3743743896484375
0.328125 -0.2265625 0.2962493896484375
0.078125 0.3203125 -0.6783599853515625
0.390625 -0.3515625 1.9388275146484375
0.390625 -0.5390625 0.5560150146484375
0.265625 -0.2421875 0.7064056396484375
0.265625 -0.2578125 1.5306243896484375
0.265625 -0.3515625 1.1185150146484375
0.328125 -0.5703125 0.9681243896484375
0.390625 -0.6328125 1.7903900146484375
0.203125 -0.4296875 1.3802337646484375
0.078125 -0.1640625 1.1204681396484375
0.390625 -0.8671875 1.7942962646484375
0.078125 -0.4296875 0.5579681396484375
-0.296875 0.4140625 -0.2672271728515625
0.015625 -0.4453125 0.9720306396484375
-0.546875 0.8046875 -0.9405670166015625
-0.421875 0.3984375 -0.6803131103515625
-0.671875 0.6953125 -0.5279693603515625
-0.921875 0.9140625 -0.9434967041015625
-0.734375 0.4609375 -0.2672271728515625
-0.796875 0.5078125 -1.0992584228515625
-0.859375 0.4921875 -0.6822662353515625
-1.046875 0.8515625 -0.5289459228515625
-1.046875 0.6328125 -0.2672271728515625
-1.296875 0.8359375 -1.1031646728515625
-1.359375 0.8359375 -0.6842193603515625
-1.421875 0.9140625 -1.9388275146484375
